1.065719,1.065099,1.060714,0.979798
0.986667,0.971138,0.979798,0.945017
0.949324,0.952797,0.945017,0.983636
0.978648,0.981651,0.983636,1.012939
0.996364,1.016822,1.012939,1.00365
1.009124,0.998162,1.00365,1.010909
1.014467,1.020258,1.010909,1.05036
1.051693,1.01083,1.05036,0.943493
0.954237,0.982143,0.943493,1.023593
1.003552,1.012727,1.023593,0.987589
0.99115,0.983842,0.987589,1.014363
1.016071,1.021898,1.014363,0.989381
0.984183,0.9875,0.989381,0.987478
0.994643,0.998192,0.987478,0.936594
0.938959,0.934783,0.936594,0.976789
0.965583,0.963178,0.976789,0.930693
0.958416,0.935614,0.930693,0.995745
0.975207,0.995699,0.995745,0.925214
0.923729,0.907127,0.925214,1.039261
1.048165,1.066667,1.039261,0.962222
0.956236,0.953125,0.962222,0.976905
0.977117,0.985948,0.976905,0.971631
0.98829,0.973872,0.971631,1.026764
1.00237,1.017073,1.026764,0.902844
0.903073,0.9,0.902844,1.034121
1.039267,1.026954,1.034121,0.967005
0.962217,0.986877,0.967005,1.062992
1.075916,1.066489,1.062992,1.019753
1.012165,1.01995,1.019753,0.995157
0.987981,0.98044,0.995157,0.970803
0.973236,0.982544,0.970803,1.045113
1.065,1.055838,1.045113,1.1
1.1,1.057692,1.1,0.963362
0.939076,0.990909,0.963362,1.01566
1.024609,1.025229,1.01566,0.92511
0.923581,0.932886,0.92511,1.011905
1.014184,1.009592,1.011905,0.985882
0.988345,0.980998,0.985882,1.02148
1.021226,1.016949,1.02148,1.074766
1.071594,1.059524,1.074766,0.991304
0.99569,1.008989,0.991304,0.991228
1.02381,1.002227,0.991228,1.011062
0.970402,1.002222,1.011062,0.925602
0.978214,0.931264,0.925602,0.969267
0.922049,0.942857,0.969267,0.978049
0.978261,1.005051,0.978049,0.992519
0.992593,0.992462,0.992519,0.997487
0.992537,0.992405,0.997487,1.007557
1.007519,1.015306,1.007557,0.975
0.975124,0.969849,0.975,0.976923
0.979592,0.96114,0.976923,1.010499
1.010417,1.02965,1.010499,1.041558
1.041237,1.044503,1.041558,1.084788
1.091584,1.052632,1.084788,0.981609
0.986395,1.011905,0.981609,1.007026
1.0,0.983529,1.007026,1.018605
1.018391,1.043062,1.018605,1.034247
1.047404,1.029817,1.034247,0.97351
0.961207,0.971047,0.97351,1.002268
0.995516,0.995413,1.002268,0.966063
0.972973,0.974654,0.966063,0.953162
0.967593,0.947991,0.953162,1.02457
0.997608,1.027431,1.02457,0.990408
0.992806,0.985437,0.990408,1.026634
1.028986,1.034483,1.026634,1.004717
1.007042,1.007143,1.004717,1.004695
1.004662,0.992908,1.004695,0.953271
0.948956,0.957143,0.953271,1.031863
1.03912,1.017413,1.031863,0.985748
0.976471,0.997555,0.985748,0.990361
0.99759,1.004902,0.990361,0.948905
0.949275,0.943902,0.948905,1.005128
0.997455,1.0,1.005128,0.989796
0.997449,0.994832,0.989796,0.997423
0.994885,0.994805,0.997423,1.01292
1.010283,1.0,1.01292,0.994898
0.997455,1.013055,0.994898,1.012821
1.010204,1.010309,1.012821,0.98481
0.982323,0.984694,0.98481,0.994859
0.994859,0.994819,0.994859,1.0
1.0,0.992188,1.0,0.937984
0.950904,0.947507,0.937984,0.991736
0.983696,0.966759,0.991736,0.95
0.950276,0.974212,0.95,1.026316
1.023256,1.023529,1.026316,0.962963
0.977273,0.965517,0.962963,0.985207
0.979651,0.985119,0.985207,0.990991
0.991098,0.993958,0.990991,0.981818
0.991018,0.981763,0.981818,0.925926
0.912387,0.919505,0.925926,0.986667
1.0,0.989899,0.986667,1.047297
1.029801,1.044218,1.047297,0.964516
0.974277,0.970684,0.964516,1.070234
1.066007,1.057047,1.070234,1.009375
1.012384,1.015873,1.009375,0.96904
0.963303,0.975,0.96904,0.971246
0.977778,0.967949,0.971246,0.990132
0.977273,0.986755,0.990132,0.983389
0.996678,0.989933,0.983389,1.0
0.993333,0.99661,1.0,0.935811
0.92953,0.92517,0.935811,0.945848
0.963899,0.952206,0.945848,0.98855
0.981273,0.984556,0.98855,1.007722
0.996183,1.007843,1.007722,1.049808
1.072797,1.058366,1.049808,1.058394
1.046429,1.051471,1.058394,0.968966
0.996587,0.975524,0.968966,1.032028
0.993151,1.014337,1.032028,1.02069
1.024138,1.031802,1.02069,0.993243
1.0,1.0,0.993243,1.034014
1.023569,1.020548,1.034014,0.996711
1.0,1.010067,0.996711,1.023102
1.019737,1.003322,1.023102,0.964516
0.967742,0.980132,0.964516,0.976589
0.983333,0.986486,0.976589,0.993151
1.0,0.972603,0.993151,1.024138
1.010169,1.038732,1.024138,1.013468
1.020134,1.016949,1.013468,1.013289
1.003289,1.006667,1.013289,0.937705
0.960656,0.943709,0.937705,1.031469
1.010239,1.024561,1.031469,0.983051
0.986486,0.989726,0.983051,1.017241
1.013699,0.99308,1.017241,0.959322
0.969595,0.986063,0.959322,1.010601
1.006969,1.007067,1.010601,0.951049
0.955017,0.947368,0.951049,1.022059
1.007246,0.996296,1.022059,0.97482
0.985612,1.003717,0.97482,0.98155
0.970803,0.962963,0.98155,1.022556
1.022556,1.034615,1.022556,0.941176
0.944853,0.944238,0.941176,0.996094
1.0,1.003937,0.996094,0.980392
0.980545,0.980392,0.980392,1.012
1.003968,1.0,1.012,1.019763
1.023715,1.02,1.019763,0.976744
0.980695,0.980392,0.976744,0.992063
0.992126,0.996,0.992063,0.992
0.988095,0.983936,0.992,1.020161
1.02008,1.0,1.020161,1.0
0.996063,1.016327,1.0,0.968379
0.968379,0.971888,0.968379,0.991837
0.995918,0.987603,0.991837,1.0
1.008197,1.008368,1.0,1.012346
1.01626,1.012448,1.012346,1.004065
0.992,1.004098,1.004065,0.991903
1.012097,1.0,0.991903,1.028571
1.003984,1.016327,1.028571,0.988095
0.996032,0.995984,0.988095,0.971888
0.972112,0.971774,0.971888,1.024793
1.02459,1.016598,1.024793,0.991935
0.988,0.987755,0.991935,1.02439
1.024291,1.024793,1.02439,1.027778
1.027668,1.008065,1.027778,0.965251
0.984615,0.984,0.965251,1.044
1.023438,1.04065,1.044,1.007663
1.015267,1.015625,1.007663,0.984791
0.996241,0.988462,0.984791,1.03861
1.018868,1.027237,1.03861,1.04461
1.059259,1.049242,1.04461,1.05694
1.041958,1.054152,1.05694,0.993266
0.993289,0.993151,0.993266,1.010169
1.010135,1.013793,1.010169,0.963087
0.966555,0.969388,0.963087,1.0
0.99308,0.992982,1.0,0.972125
0.989547,0.978799,0.972125,0.960573
0.950704,0.956679,0.960573,1.0
0.996296,1.007547,1.0,1.022388
1.018587,1.018727,1.022388,0.981752
1.007299,0.988971,0.981752,0.98513
0.967391,0.981413,0.98513,1.026415
1.022472,1.007576,1.026415,0.974265
0.981685,0.992481,0.974265,1.007547
1.0,1.0,1.007547,1.026217
1.022388,1.022727,1.026217,1.018248
1.018248,1.018519,1.018248,1.039427
1.046595,1.036364,1.039427,0.982759
0.986301,1.0,0.982759,0.97193
0.96875,0.964912,0.97193,0.98917
0.982079,0.981818,0.98917,0.959854
0.967153,0.962963,0.959854,0.942966
0.943396,0.946154,0.942966,1.072581
1.092,1.077236,1.072581,0.969925
0.970696,0.969811,0.969925,1.015504
1.003774,1.015564,1.015504,0.935115
0.93609,0.934866,0.935115,1.004082
0.995984,1.004098,1.004082,1.012195
1.020161,1.004082,1.012195,1.008032
1.023715,1.012195,1.008032,1.1
1.084942,1.1,1.1,1.1
1.1,1.1,1.1,1.1
1.1,1.1,1.1,1.081395
1.1,1.1,1.081395,0.933948
0.956522,0.954323,0.933948,0.927632
0.918495,0.960684,0.927632,0.996454
0.979522,0.975089,0.996454,1.05516
1.045296,1.021898,1.05516,0.9
0.9,0.9,0.9,0.929687
0.976879,0.949698,0.929687,1.044118
1.003945,0.997881,1.044118,0.967807
0.972495,1.0,0.967807,0.948025
0.947475,0.951168,0.948025,1.048246
1.053305,1.066964,1.048246,1.014644
0.997976,1.008368,1.014644,1.096907
1.091278,1.078838,1.096907,1.018797
1.009294,1.011538,1.018797,1.012915
1.012891,0.963878,1.012915,0.952641
0.974545,1.005917,0.952641,0.98088
0.979478,1.001961,0.98088,0.974659
0.973333,0.972603,0.974659,0.962
0.968689,0.965795,0.962,1.029106
1.020202,1.016667,1.029106,1.00404
1.005941,1.016393,1.00404,0.995976
0.974409,0.979839,0.995976,1.060606
1.070707,1.067901,1.060606,0.96
0.971698,0.965318,0.96,0.938492
0.924272,0.926148,0.938492,0.989429
0.997899,1.002155,0.989429,0.90812
0.913684,0.911828,0.90812,1.023529
1.002304,0.990566,1.023529,1.1
1.1,1.1,1.1,0.955466
0.933333,0.930754,0.955466,1.004237
1.006303,1.030635,1.004237,0.978903
0.974948,0.976645,0.978903,0.959052
0.976445,0.965217,0.959052,1.05618
1.050439,1.0,1.05618,0.957447
0.947808,1.004505,0.957447,1.051111
1.048458,1.040359,1.051111,0.976744
0.972689,0.982759,0.976744,0.971861
0.982721,0.982456,0.971861,1.006682
0.995604,0.997768,1.006682,1.00885
1.015453,1.004474,1.00885,0.971491
0.967391,0.973274,0.971491,0.997743
0.997753,1.004577,0.997743,1.0181
1.029279,1.022779,1.0181,0.995556
0.986871,0.973274,0.995556,0.986607
0.984479,1.006865,0.986607,1.020362
1.015766,1.009091,1.020362,1.002217
1.019956,1.015766,1.002217,1.011062
1.0,1.011086,1.011062,1.015317
1.030435,1.004386,1.015317,1.023707
1.014768,1.008734,1.023707,0.978947
0.975052,0.997835,0.978947,1.1
1.1,1.041215,1.1,1.0
1.0,1.0,1.0,1.0
1.0,1.0,1.0,1.0
1.0,1.0,1.0,1.0
1.0,1.0,1.0,1.0
1.0,1.0,1.0,1.0
1.0,1.0,1.0,1.0
1.0,1.0,1.0,1.0
1.0,1.0,1.0,1.0
1.0,1.0,1.0,1.0
1.0,1.0,1.0,1.077358
1.084906,1.1,1.077358,1.007005
1.026087,1.008913,1.007005,1.083478
1.084746,1.056537,1.083478,1.019262
1.040625,1.046823,1.019262,1.1
1.063063,1.025559,1.1,0.929379
0.94774,0.981308,0.929379,0.975684
0.967213,0.996825,0.975684,1.02648
1.05547,1.046178,1.02648,0.963581
0.937226,0.958904,0.963581,0.988976
0.989097,0.987302,0.988976,1.031847
1.050394,1.032154,1.031847,0.970679
0.970015,0.965732,0.970679,1.025437
1.012365,1.035484,1.025437,1.015504
1.006107,1.014019,1.015504,1.022901
1.030349,1.019969,1.022901,0.971642
0.970545,0.975904,0.971642,1.046083
1.050076,1.027778,1.046083,1.073421
1.08237,1.093093,1.073421,1.046512
1.036048,1.037088,1.046512,1.023529
1.014175,1.019868,1.023529,0.988506
0.993647,0.984416,0.988506,1.1
1.1,1.1,1.1,1.072301
1.1,1.1,1.072301,0.954416
0.937273,0.96139,0.954416,0.907463
0.902037,0.9,0.907463,0.980263
0.993548,1.0,0.980263,1.1
1.1,1.086712,1.1,0.936364
0.934761,0.919171,0.936364,1.052859
1.025,1.071026,1.052859,1.056352
1.1,1.076842,1.056352,0.9
0.9,0.9,0.9,0.916115
0.944619,0.921199,0.916115,0.9
0.9,0.9,0.9,1.1
1.1,1.1,1.1,0.939665
0.932388,1.00625,0.939665,0.988109
1.015205,1.016149,0.988109,0.9
0.9,0.9,0.9,1.032033
1.020548,1.03103,1.032033,1.083671
1.1,1.095759,1.083671,0.9
0.9,0.9,0.9,1.091172
1.027174,1.032353,1.091172,1.017241
1.017196,0.921652,1.017241,0.976532
0.980494,1.1,0.976532,0.974633
0.994695,0.98632,0.974633,0.976712
0.968,0.970874,0.976712,0.97756
0.984848,0.985714,0.97756,1.025825
1.006993,1.028986,1.025825,1.064336
1.076389,1.028169,1.064336,0.972405
0.957419,0.993151,0.972405,0.964865
0.969003,0.98069,0.964865,1.039216
1.034771,1.025316,1.039216,1.002695
1.012097,1.00823,1.002695,0.991935
0.985392,1.0,0.991935,0.920054
0.975741,0.912925,0.920054,1.010309
0.964088,1.016393,1.010309,0.972303
0.962751,0.97654,0.972303,1.023988
1.034226,1.024024,1.023988,0.979502
0.965468,0.972141,0.979502,0.96861
0.988077,0.975867,0.96861,0.9
0.9,0.9,0.9,0.9
0.913997,0.904085,0.9,1.033203
0.98524,1.013752,1.033203,0.9
0.9,0.9,0.9,1.008565
1.010549,1.049107,1.008565,0.985138
0.97286,0.96383,0.985138,1.043103
1.051502,1.06181,1.043103,0.979339
0.979592,0.956341,0.979339,1.1
1.1,1.058696,1.1,0.969349
0.954802,1.01848,0.969349,1.01581
1.025641,1.030242,1.01581,0.992218
0.984615,0.986301,0.992218,1.064706
1.082031,1.051587,1.064706,0.959484
0.953069,0.973585,0.959484,1.009597
1.00947,1.017442,1.009597,0.954373
0.947467,0.942857,0.954373,0.978088
0.976238,0.985859,0.978088,1.00611
1.030426,1.010246,1.00611,1.010121
1.005906,1.010142,1.010121,1.02004
1.003914,1.016064,1.02004,0.996071
0.992203,0.996047,0.996071,1.027613
1.02554,1.02381,1.027613,0.988484
0.994253,0.996124,0.988484,0.976699
0.976879,0.976654,0.976699,0.988072
0.994083,0.978088,0.988072,1.026157
1.015873,1.034623,1.026157,1.029412
1.037109,1.015748,1.029412,1.020952
1.015066,1.027132,1.020952,0.975746
0.979592,0.983019,0.975746,1.021033
1.049242,1.023033,1.021033,1.007491
0.987365,0.994371,1.007491,0.977695
0.961609,0.979245,0.977695,1.001901
1.011407,1.00578,1.001901,0.982922
0.979323,0.990421,0.982922,1.005792
1.001919,0.994197,1.005792,1.011516
1.019157,1.019455,1.011516,1.001898
1.00188,1.0,1.001898,0.996212
0.988743,1.0,0.996212,0.973384
0.973435,0.973282,0.973384,1.013672
1.015595,1.007843,1.013672,0.998073
0.998081,1.003891,0.998073,1.009653
1.013462,1.001938,1.009653,0.99044
0.988615,1.0,0.99044,0.992278
0.994242,0.992263,0.992278,1.015564
1.009653,1.003899,1.015564,1.007663
1.01912,1.019417,1.007663,1.007605
1.0,1.0,1.007605,1.009434
1.020638,1.011429,1.009434,0.975701
0.961397,0.975518,0.975701,0.977011
0.975143,0.974903,0.977011,1.003922
1.011765,1.007921,1.003922,1.0
0.994186,0.994106,1.0,1.021484
1.02924,1.029644,1.021484,1.011472
1.015152,1.0,1.011472,1.015123
1.001866,1.015355,1.015123,0.994413
1.003724,1.005671,0.994413,0.994382
0.996289,0.996241,0.994382,1.015066
1.009311,1.009434,1.015066,1.1
1.1,1.1,1.1,1.016667
1.006525,0.981605,1.016667,0.959016
0.954619,0.988075,0.959016,0.965812
0.971138,0.97069,0.965812,0.985841
0.991259,0.98579,0.985841,1.052065
1.044092,1.010811,1.052065,1.006826
1.030405,1.042781,1.006826,1.016949
0.995082,1.022222,1.016949,1.001667
1.016474,0.988294,1.001667,1.008319
0.982172,1.001692,1.008319,0.9967
1.009901,1.008446,0.9967,0.97351
0.962418,0.964824,0.97351,1.013605
1.025467,1.019097,1.013605,1.021812
1.011589,1.027257,1.021812,1.019704
1.018003,1.0199,1.019704,1.006441
1.032154,1.013008,1.006441,0.9904
0.970405,0.988764,0.9904,0.988691
0.993579,0.991883,0.988691,1.027778
1.021002,1.00491,1.027778,1.007949
1.004747,1.009772,1.007949,1.009464
1.007874,1.009677,1.009464,1.040625
1.067187,1.051118,1.040625,1.001502
0.983895,1.007599,1.001502,1.01949
1.022321,1.019608,1.01949,0.969118
0.972344,0.973373,0.969118,1.003035
0.991018,0.984802,1.003035,0.96823
0.971299,0.976852,0.96823,0.996875
0.993779,0.99842,0.996875,1.004702
1.020344,1.006329,1.004702,1.024961
1.016871,1.028302,1.024961,1.001522
0.993967,1.0,1.001522,1.004559
1.004552,0.996942,1.004559,1.012103
1.022659,1.023006,1.012103,1.0
1.001477,0.997001,1.0,1.028401
1.017699,1.007519,1.028401,1.1
1.1,1.1,1.1,1.015228
1.030457,0.98294,1.015228,0.9775
1.004926,1.017356,0.9775,0.959079
0.9375,0.97769,0.959079,1.077333
1.064052,1.040268,1.077333,0.920792
0.923833,0.941935,0.920792,1.002688
1.0,1.005479,1.002688,0.990617
0.996011,1.004087,0.990617,0.962111
0.977303,0.963365,0.962111,0.959212
0.935792,0.949296,0.959212,0.975073
0.981022,0.982196,0.975073,1.076692
1.096726,1.07855,1.076692,0.980447
0.966079,0.971989,0.980447,1.018519
1.016854,1.020173,1.018519,1.05035
1.048343,1.029661,1.05035,0.997337
0.988142,0.989026,0.997337,0.926569
0.937333,0.9043,0.926569,1.007205
0.998578,1.062883,1.007205,1.055794
1.068376,1.053391,1.055794,1.03794
1.029333,1.013699,1.03794,0.981723
0.979275,1.008108,0.981723,0.974734
0.984127,0.978552,0.974734,0.969986
0.958333,0.928767,0.969986,0.991561
1.001403,1.032448,0.991561,1.042553
1.037815,1.03,1.042553,0.991837
1.004049,1.006935,0.991837,0.943759
0.935484,0.932507,0.943759,1.013081
1.005747,1.013294,1.013081,0.959828
0.977143,0.972303,0.959828,1.008969
0.997076,1.011994,1.008969,0.982222
0.975073,0.968889,0.982222,1.015083
1.013534,1.01682,1.015083,0.962853
0.970326,0.969925,0.962853,0.984568
0.992355,0.978295,0.984568,0.952978
0.967643,0.954041,0.952978,0.962171
0.937898,0.950166,0.962171,1.018803
1.01528,1.024476,1.018803,1.003356
1.005017,1.010239,1.003356,1.010033
1.018303,1.02027,1.010033,0.975166
0.965686,0.960265,0.975166,1.040747
1.040609,1.05,1.040747,0.957586
0.96748,0.958949,0.957586,1.005111
0.996639,1.005137,1.005111,0.949153
0.971332,0.950596,0.949153,1.001786
0.982639,1.001792,1.001786,1.0
0.998233,0.998211,1.0,0.942959
0.948673,0.944444,0.942959,0.969754
0.962687,0.967742,0.969754,1.033138
1.02907,1.021569,1.033138,1.020755
1.020716,1.021113,1.020755,0.968577
0.987085,0.975564,0.968577,0.94084
0.925234,0.926782,0.94084,1.046653
1.046465,1.018711,1.046653,1.031008
1.034749,1.077551,1.031008,1.073308
1.067164,1.047348,1.073308,0.947461
0.95979,0.976492,0.947461,1.085028
1.087432,1.033333,1.085028,0.942078
0.953099,0.991039,0.942078,1.007233
0.97891,0.992767,1.007233,0.991023
0.992819,0.990893,0.991023,0.963768
0.987342,0.974265,0.963768,0.984962
0.979853,0.983019,0.984962,0.98855
0.971963,0.975048,0.98855,1.013514
1.011538,1.005906,1.013514,1.011429
1.013308,1.031311,1.011429,1.003766
1.001876,1.001898,1.003766,1.003752
1.026217,0.986742,1.003752,1.013084
0.989051,1.021113,1.013084,1.00738
1.009225,1.011278,1.00738,1.010989
1.021938,1.024164,1.010989,1.028986
1.017889,1.009074,1.028986,1.06338
1.070299,1.070144,1.06338,1.046358
1.070608,1.052101,1.046358,1.1
1.1,1.1,1.1,0.977089
0.950456,0.979196,0.977089,1.002759
1.002743,0.978754,1.002759,1.1
1.1,1.1,1.1,0.942503
0.977452,0.923337,0.942503,1.004785
0.997693,1.008547,1.004785,0.938095
0.954913,0.952785,0.938095,1.024112
0.993947,1.002541,1.024112,0.929368
0.9257,0.9,0.929368,0.984
0.997368,1.056358,0.984,1.00271
0.996042,0.987688,1.00271,1.022973
1.002649,1.012465,1.022973,0.9
0.9,0.9,0.9,0.992236
0.992492,1.022436,0.992236,1.095462
1.071104,1.081505,1.095462,0.974286
1.032486,0.971014,0.974286,1.001466
0.939808,1.010448,1.001466,0.944363
0.946143,0.93353,0.944363,1.055814
1.061538,1.060127,1.055814,1.1
1.1,1.062687,1.1,0.953395
0.931877,0.970506,0.953395,0.9
0.9,0.9,0.9,0.96796
0.960331,0.967742,0.96796,1.031359
1.030981,1.035088,1.031359,0.969595
0.993322,0.971186,0.969595,1.055749
1.02521,1.045375,1.055749,1.008251
1.003279,1.011686,1.008251,1.00982
1.009804,1.00495,1.00982,0.933549
0.936893,0.932677,0.933549,0.987847
0.996546,0.998239,0.987847,1.036907
1.02773,1.017637,1.036907,0.976271
0.998314,0.993068,0.976271,1.005208
0.981419,0.99651,1.005208,1.015544
1.012048,1.005254,1.015544,0.986395
1.010204,1.006969,0.986395,0.951724
0.942761,0.955017,0.951724,1.005435
0.998214,0.998188,1.005435,1.003604
1.0,1.00363,1.003604,1.017953
1.019678,1.014467,1.017953,1.010582
1.017544,1.0,1.010582,1.017452
1.013793,1.033868,1.017452,0.977702
