1.093838,1.090258,1.077356,0.950392
0.951344,0.935611,0.950392,0.965659
0.956931,0.97191,0.965659,0.921764
0.921238,0.927746,0.921764,1.021605
1.018321,1.017134,1.021605,0.983384
0.997001,0.993874,0.983384,1.032258
1.018045,1.013867,1.032258,0.971726
0.973412,0.984802,0.971726,0.984686
0.992413,0.989198,0.984686,1.007776
0.993884,0.99688,1.007776,0.966049
0.964615,0.956182,0.966049,1.011182
1.012759,1.02455,1.011182,0.988942
0.988976,0.992013,0.988942,0.982428
0.987261,0.988728,0.982428,0.910569
0.929032,0.907166,0.910569,1.051786
1.027778,1.010772,1.051786,0.908319
0.929054,0.941385,0.908319,1.035514
1.021818,1.033962,1.035514,0.909747
0.902135,0.9,0.909747,1.045635
1.047337,1.059671,1.045635,0.967742
0.964218,0.978641,0.967742,1.005882
1.011719,1.011905,1.005882,0.982456
1.0,0.984314,0.982456,1.055556
1.034749,1.027888,1.055556,0.984962
0.988806,0.992248,0.984962,1.030534
1.028302,1.027344,1.030534,0.953704
0.952294,0.958175,0.953704,1.058252
1.061657,1.071429,1.058252,1.007339
1.005445,1.009259,1.007339,0.996357
0.987365,0.974312,0.996357,0.952468
0.954296,0.967985,0.952468,1.007678
1.036398,1.01751,1.007678,0.973333
0.948244,0.967495,0.973333,0.988258
0.994152,0.988142,0.988258,1.005941
1.0,1.008,1.005941,0.976378
0.984314,0.982143,0.976378,1.016129
1.00996,1.0,1.016129,1.007937
1.00789,1.006061,1.007937,1.017717
1.019569,1.018072,1.017717,1.069632
1.071017,1.037475,1.069632,0.962025
0.97491,1.005703,0.962025,1.015038
1.001838,0.990548,1.015038,1.0
0.990826,1.013359,1.0,0.977778
1.024074,0.990584,0.977778,0.956439
0.915009,0.942966,0.956439,1.019802
1.029644,1.032258,1.019802,0.982524
0.976967,0.982422,0.982524,1.027668
1.02947,1.003976,1.027668,1.1
1.1,1.1,1.1,0.996516
0.993127,0.99115,0.996516,0.935315
0.937716,0.935714,0.935315,1.013084
1.009225,1.013359,1.013084,1.02583
1.040219,1.043315,1.02583,1.023381
1.012302,0.987365,1.023381,1.073814
1.078125,1.080439,1.073814,0.993453
1.00161,1.018613,0.993453,1.001647
1.004823,1.004983,1.001647,0.996711
0.976,0.985124,0.996711,0.960396
0.962295,0.958054,0.960396,1.02921
1.032368,1.043783,1.02921,0.973289
0.978548,0.974832,0.973289,0.984563
0.988196,0.986231,0.984563,1.0
0.984642,0.994764,1.0,0.991289
0.987868,0.987719,0.991289,1.052724
1.057895,1.017762,1.052724,0.994992
0.996683,1.026178,0.994992,1.005034
1.016639,1.015306,1.005034,0.974958
0.96072,0.966499,0.974958,0.97089
0.974446,0.974003,0.97089,0.987654
0.996503,0.987544,0.987654,1.017857
1.003509,1.005405,1.017857,0.978947
0.98951,0.978495,0.978947,1.0
0.996466,1.018315,1.0,0.996416
0.992908,0.992806,0.996416,0.978417
1.0,0.983696,0.978417,0.957721
0.941071,0.939227,0.957721,1.0
0.996205,1.015686,1.0,1.001919
1.001905,1.001931,1.001919,1.036398
1.032319,1.0,1.036398,0.981516
0.987109,1.011561,0.981516,0.964218
0.964552,0.965714,0.964218,0.970703
0.970986,0.960552,0.970703,0.949698
0.946215,0.963039,0.949698,0.961864
0.974737,0.965885,0.961864,1.088106
1.066955,1.05298,1.088106,1.010121
1.018219,1.010482,1.010121,0.991984
1.0,1.020747,0.991984,1.056566
1.057654,1.056911,1.056566,1.024857
1.011278,0.996154,1.024857,0.955224
0.972119,0.984556,0.955224,1.0
0.99044,0.994118,1.0,1.035156
1.027027,1.033531,1.035156,0.964151
0.973684,0.971374,0.964151,1.064579
1.054054,1.037328,1.064579,1.045956
1.056777,1.068182,1.045956,0.934974
0.939341,0.932624,0.934974,1.007519
0.99631,0.994297,1.007519,1.0
1.003704,1.017208,1.0,0.985075
0.987085,0.977444,0.985075,0.979167
0.971963,0.973077,0.979167,0.943907
0.942308,0.942688,0.943907,1.05123
1.053061,1.054507,1.05123,1.021442
1.023256,1.031809,1.021442,0.967557
0.965909,0.961464,0.967557,0.99211
1.015686,1.002004,0.99211,1.025845
1.0,1.0,1.025845,0.968992
0.998069,0.994,0.968992,0.97
0.943907,0.963783,0.97,1.006186
1.008197,1.014614,1.006186,1.004098
1.004065,1.0,1.004098,1.014286
1.008097,1.012346,1.014286,0.983903
0.981928,0.979675,0.983903,0.95092
0.952965,0.958506,0.95092,0.984946
0.982833,0.978355,0.984946,0.978166
0.991266,0.986726,0.978166,0.944196
0.931718,0.928251,0.944196,0.995272
1.007092,1.012077,0.995272,1.019002
1.00939,1.01432,1.019002,1.013986
1.018605,1.0,1.013986,0.995402
1.002283,1.016471,0.995402,1.018476
1.01139,1.016204,1.018476,0.961451
0.963964,0.963554,0.961451,0.971698
0.971963,0.971631,0.971698,0.992718
0.992788,0.992701,0.992718,1.00489
1.0,1.002451,1.00489,0.951338
0.96368,0.953545,0.951338,1.017903
1.002513,1.010256,1.017903,0.964824
0.987469,0.972081,0.964824,0.96875
0.946701,0.955614,0.96875,1.008065
1.016086,1.005464,1.008065,0.949333
0.952507,0.956522,0.949333,1.050562
1.049861,1.005682,1.050562,0.994652
0.992084,1.045198,0.994652,0.973118
0.965426,0.962162,0.973118,1.024862
1.035813,1.039326,1.024862,0.994609
0.986702,0.986486,0.994609,1.056911
1.061995,1.057534,1.056911,0.969231
0.977157,0.976684,0.969231,1.021164
1.020779,1.002653,1.021164,0.981865
0.969466,0.997354,0.981865,0.926121
0.931759,0.928382,0.926121,1.051282
1.047887,1.028571,1.051282,0.98103
0.997312,1.0,0.98103,1.022099
1.002695,1.016667,1.022099,1.0
0.994624,1.0,1.0,0.975676
1.010811,0.978142,0.975676,1.0
0.967914,0.997207,1.0,0.958449
0.977901,0.960784,0.958449,0.950867
0.943503,0.950437,0.950867,0.987842
0.982036,0.98773,0.987842,0.975385
0.972561,0.978261,0.975385,1.059937
1.056426,1.050794,1.059937,1.020833
1.023739,1.0,1.020833,0.988338
0.997101,1.021148,0.988338,1.023599
1.008721,1.011834,1.023599,1.005764
1.020173,1.01462,1.005764,0.994269
1.00565,0.991354,0.994269,1.034582
1.008427,1.023256,1.034582,0.963788
0.969359,0.977273,0.963788,1.052023
1.048851,1.037791,1.052023,1.027473
1.032877,1.042017,1.027473,0.986631
0.994695,0.989247,0.986631,0.95935
0.954667,0.959239,0.95935,0.997175
0.997207,0.991501,0.997175,0.985836
0.988796,0.991429,0.985836,0.979885
0.968839,0.959654,0.979885,1.020528
1.04386,1.042042,1.020528,1.014368
1.002801,1.011527,1.014368,1.036827
1.027933,1.017094,1.036827,0.953552
0.959239,0.971989,0.953552,1.011461
1.005666,0.997118,1.011461,1.011331
1.033803,1.026012,1.011331,1.019608
0.997275,1.008451,1.019608,1.005495
1.0,1.005587,1.005495,1.013661
1.019126,1.013889,1.013661,0.991914
0.991957,1.00274,0.991914,1.021739
1.045946,1.021858,1.021739,0.957447
0.950904,0.954545,0.957447,0.991667
0.972826,0.988796,0.991667,0.938375
0.952514,0.932011,0.938375,0.931343
0.920821,0.930091,0.931343,0.99359
0.993631,1.009804,0.99359,1.029032
1.048077,1.032362,1.029032,0.962382
0.960245,0.959248,0.962382,1.003257
0.990446,0.996732,1.003257,1.038961
1.038585,1.042623,1.038961,1.034375
1.049536,1.022013,1.034375,0.996979
1.067847,1.0,0.996979,0.972727
0.903315,0.975385,0.972727,1.009346
1.0,1.006309,1.009346,1.003086
1.0,1.003135,1.003086,1.043077
1.055046,1.05,1.043077,1.026549
1.02029,0.982143,1.026549,0.939655
0.946023,0.981818,0.939655,1.003058
0.987988,1.003086,1.003058,1.067073
1.066869,1.064615,1.067073,0.974286
0.980057,0.973988,0.974286,0.985337
1.0,0.988131,0.985337,1.014881
1.0,1.021021,1.014881,0.970674
0.973837,0.967647,0.970674,0.990937
0.98806,0.981763,0.990937,1.015244
1.015106,1.024768,1.015244,1.033033
1.032738,1.006042,1.033033,0.985465
0.985591,1.015015,0.985465,0.982301
0.982456,0.982249,0.982301,0.960961
0.967262,0.960843,0.960961,1.0
0.987692,0.990596,1.0,0.990625
1.006231,0.996835,0.990625,0.946372
0.934985,0.946032,0.946372,0.996667
0.996689,1.0,0.996667,1.013378
1.013289,1.003356,1.013378,0.990099
0.996721,1.0,0.990099,1.01
0.996711,1.0,1.01,1.016502
1.019802,1.023411,1.016502,1.019481
1.022654,1.009804,1.019481,0.974522
0.974684,0.980583,0.974522,1.062092
1.077922,1.059406,1.062092,0.947692
0.927711,0.94704,0.947692,1.003247
1.006494,0.986842,1.003247,1.0
1.003226,1.016667,1.0,0.993528
0.990354,1.0,0.993528,1.029316
1.032468,1.032787,1.029316,0.993671
1.0,0.993651,0.993671,0.974522
0.977987,0.974441,0.974522,1.039216
1.028939,1.009836,1.039216,1.015723
1.021875,1.035714,1.015723,1.003096
0.993884,1.0,1.003096,0.993827
0.996923,0.996865,0.993827,1.0
0.996914,0.996855,1.0,0.981366
0.98452,0.990536,0.981366,0.996835
0.996855,0.996815,0.996835,1.009524
1.012618,1.0,1.009524,1.037736
1.034268,1.041534,1.037736,1.00303
1.009036,1.009202,1.00303,1.02719
1.026866,1.015198,1.02719,0.988235
0.982558,0.997006,0.988235,1.03869
1.032544,1.012012,1.03869,0.994269
1.011461,1.029674,0.994269,1.008646
0.997167,0.994236,1.008646,1.022857
1.022727,1.008696,1.022857,0.97486
0.969444,0.994253,0.97486,0.991404
1.002865,0.971098,0.991404,1.037572
1.031429,1.056548,1.037572,0.991643
0.98892,0.985915,0.991643,1.011236
1.019608,1.008571,1.011236,0.997222
0.989011,1.0,0.997222,0.997214
1.002778,1.008499,0.997214,1.002793
1.00277,1.002809,1.002793,0.988858
0.997238,0.985994,0.988858,0.96338
0.950139,0.96875,0.96338,1.061404
1.06414,1.043988,1.061404,0.991736
1.008219,1.005618,0.991736,1.041667
1.024457,1.03352,1.041667,0.968
0.965517,0.962162,0.968,1.082645
1.082418,1.05618,1.082645,1.1
1.1,1.1,1.1,1.002242
0.974194,1.035294,1.002242,1.1
1.1,1.040909,1.1,0.961616
0.968191,1.002183,0.961616,1.039916
1.026694,1.028322,1.039916,1.006061
1.044,1.052966,1.006061,1.01004
0.967433,0.993964,1.01004,0.952286
0.970297,0.963563,0.952286,0.943633
0.938776,0.945378,0.943633,0.962389
0.976087,0.948889,0.962389,1.1
1.1,1.1,1.1,1.1
1.1,1.1,1.1,1.019856
0.996593,0.983114,1.019856,0.922124
0.909402,0.990458,0.922124,1.005758
0.996241,1.003854,1.005758,1.061069
1.060377,1.055662,1.061069,0.969424
0.967972,0.972727,0.969424,1.1
1.1,1.085981,1.1,1.026891
1.0199,1.024096,1.026891,1.1
1.1,1.1,1.1,1.1
1.1,1.1,1.1,1.048458
1.018614,1.086605,1.048458,0.913866
0.9,0.9,0.913866,0.97931
1.01479,0.998802,0.97931,1.058685
1.014574,1.026379,1.058685,0.95122
1.014365,0.959112,0.95122,1.073427
1.014161,1.08648,1.073427,1.058632
1.068743,1.068386,1.058632,0.9
0.9,0.9,0.9,0.916449
0.908983,0.918848,0.916449,0.964387
0.962289,0.905983,0.964387,1.1
1.07027,1.092767,1.1,0.918471
0.92803,0.997122,0.918471,0.993065
1.036735,1.024531,0.993065,0.9
0.9,0.9,0.9,1.01454
1.011111,1.021523,1.01454,1.1
1.1,1.1,1.1,0.990566
1.036601,0.984529,0.990566,0.9
0.9,0.9,0.9,0.986025
1.004601,1.053082,0.986025,0.977953
0.964885,0.99187,0.977953,0.996779
0.995253,1.008197,0.996779,1.017771
1.038156,1.003252,1.017771,0.953968
0.932619,0.970827,0.953968,1.021631
1.01642,1.013356,1.021631,1.1
1.1,1.087315,1.1,1.019034
1.023022,1.036364,1.019034,0.949713
0.938115,0.951754,0.949713,1.06354
1.062969,1.0553,1.06354,0.951636
0.964739,0.970888,0.951636,1.019432
1.010234,1.013493,1.019432,0.91349
0.956585,0.903846,0.91349,1.001605
0.962179,1.018003,1.001605,0.967949
0.954403,0.96463,0.967949,1.039735
1.062603,1.043333,1.039735,0.995223
0.970543,0.992013,0.995223,0.9888
1.004792,0.991948,0.9888,0.9
0.9,0.9,0.9,0.9
0.9,0.910331,0.9,0.987288
0.939759,0.961456,0.987288,0.9
0.9,0.9,0.9,0.997531
1.012225,1.033333,0.997531,0.992574
0.975845,0.970223,0.992574,1.062344
1.074257,1.076726,1.062344,0.964789
0.958525,0.964371,0.964789,1.06326
1.057692,1.034483,1.06326,0.970252
0.965909,0.990476,0.970252,1.035377
1.054118,1.043269,1.035377,0.990888
0.984375,0.986175,0.990888,1.043678
1.036281,1.023364,1.043678,0.955947
0.960613,0.981735,0.955947,1.018433
1.020501,1.023256,1.018433,0.934389
0.926339,0.920455,0.934389,0.978208
0.980723,0.995062,0.978208,0.99505
1.02457,0.997519,0.99505,0.972637
0.947242,0.970149,0.972637,0.98977
0.982278,0.979487,0.98977,1.0
1.005155,1.010471,1.0,1.02584
1.023077,1.020725,1.02584,0.987406
0.989975,0.989848,0.987406,0.979592
0.977215,0.979487,0.979592,0.994792
1.002591,0.981675,0.994792,1.0
0.992248,1.016,1.0,1.02356
1.026042,1.020997,1.02356,1.086957
1.086294,1.082262,1.086957,0.988235
0.985981,0.988124,0.988235,1.014286
1.054502,1.021635,1.014286,0.995305
0.961798,0.990588,0.995305,1.011792
1.002336,1.0,1.011792,1.062937
1.06993,1.061758,1.062937,0.951754
0.95207,0.961969,0.951754,0.974654
0.970252,0.97907,0.974654,1.002364
1.009434,1.004751,1.002364,0.964623
0.964953,0.964539,0.964623,1.02445
1.021792,1.009804,1.02445,0.990453
1.0,1.004854,0.990453,1.050602
1.037915,1.028986,1.050602,1.1
1.1,1.093897,1.1,1.03675
1.050096,1.1,1.03675,0.95709
0.961468,0.980843,0.95709,1.052632
1.078244,1.021484,1.052632,0.981481
0.950442,0.982792,0.981481,1.1
1.1,1.1,1.1,1.0
0.983416,0.986325,1.0,1.1
1.1,1.1,1.1,1.024854
0.960651,0.994109,1.024854,0.968616
0.981638,0.992593,0.968616,1.1
1.1,1.1,1.1,0.93598
0.944099,0.95,0.93598,1.050616
1.035526,1.055402,1.050616,0.9
0.9,0.9,0.9,0.951735
0.939706,0.93465,0.951735,1.03645
1.034429,1.04878,1.03645,0.996942
1.001513,1.009302,0.996942,1.039877
1.049849,1.03533,1.039877,0.958702
0.965468,0.961424,0.958702,1.089231
1.073025,1.007716,1.089231,1.0
0.997222,1.068913,1.0,1.09887
1.091922,1.081662,1.09887,0.998715
1.015306,1.003974,0.998715,0.985843
0.986181,1.005277,0.985843,0.975196
0.959236,0.96063,0.975196,1.0
1.0,1.0,1.0,1.0
1.0,1.0,1.0,1.0
1.0,1.0,1.0,1.0
1.0,1.0,1.0,1.0
1.0,1.0,1.0,1.0
1.0,1.0,1.0,1.0
1.0,1.0,1.0,1.0
1.0,1.0,1.0,1.0
1.0,1.0,1.0,1.0
1.0,1.0,1.0,1.0
1.0,1.0,1.0,1.0
1.0,1.0,1.0,1.0
1.0,1.0,1.0,1.0
1.0,1.0,1.0,1.0
1.0,1.0,1.0,1.0
1.0,1.0,1.0,1.0
1.0,1.0,1.0,1.0
1.0,1.0,1.0,1.0
1.0,1.0,1.0,1.0
1.0,1.0,1.0,1.1
1.1,1.1,1.1,0.949881
0.954225,0.969363,0.949881,0.972362
0.97048,0.97598,0.972362,0.944444
0.949303,0.945596,0.944444,1.01368
1.00267,1.008219,1.01368,1.00135
0.997337,0.997283,1.00135,0.98248
1.00534,0.989101,0.98248,0.994513
0.969456,0.99449,0.994513,0.964138
0.963014,0.962604,0.964138,1.051502
1.069701,1.035971,1.051502,1.014966
1.017287,1.023611,1.014966,1.1
1.082353,1.1,1.1,0.966061
0.995169,0.975369,0.966061,0.976161
0.987864,0.979798,0.976161,0.904884
0.9,0.9,0.904884,0.991477
0.988764,0.992816,0.991477,0.97851
0.987216,0.985528,0.97851,0.970717
0.968345,0.9721,0.970717,0.954751
0.953938,0.951662,0.954751,1.063191
1.063863,1.052381,1.063191,0.985141
0.98243,0.996983,0.985141,1.039216
1.035768,1.027231,1.039216,1.05225
1.046043,1.054492,1.05225,0.943448
0.943604,0.925978,0.943448,0.9
0.930029,0.9,0.9,1.019967
0.96395,1.025467,1.019967,1.026101
1.035772,1.029801,1.026101,1.023847
1.031397,1.019293,1.023847,0.978261
0.958904,0.977918,0.978261,0.979365
0.995238,0.993548,0.979365,0.918963
0.945774,0.902597,0.918963,1.017637
0.983137,1.034173,1.017637,0.967071
0.975986,0.966957,0.967071,1.001792
0.99297,1.0,1.001792,0.906977
0.922124,0.910072,0.906977,1.1
1.1,1.1,1.1,1.024518
1.018933,1.0,1.024518,0.97094
0.983108,1.0,0.97094,1.024648
1.0,1.010601,1.024648,0.982818
1.015464,1.0,0.982818,0.949301
0.93401,0.940559,0.949301,0.983425
0.990942,0.986989,0.983425,1.001873
0.985375,1.0,1.001873,0.915888
0.910946,0.9,0.915888,1.004082
1.00611,1.006289,1.004082,0.969512
0.975709,0.96875,0.969512,1.037736
1.029046,1.049462,1.037736,1.016162
1.018145,1.008197,1.016162,1.039761
1.045545,1.04878,1.039761,0.977055
0.979167,0.978682,0.977055,1.054795
1.054159,1.053465,1.054795,1.003711
1.042202,1.013158,1.003711,1.042514
1.0,1.040816,1.042514,0.994681
0.991197,0.98574,0.994681,1.02139
1.033748,1.019892,1.02139,0.954625
0.953608,0.966312,0.954625,1.021938
1.009009,0.99633,1.021938,0.996422
0.994643,1.012891,0.996422,0.956912
0.983842,0.969091,0.956912,0.953096
0.937956,0.924953,0.953096,1.009843
1.001946,0.997972,1.009843,1.05848
1.071845,1.093496,1.05848,1.016575
1.005435,1.013011,1.016575,0.972826
0.981982,0.977982,0.972826,1.040968
1.036697,1.043152,1.040968,0.939177
0.962832,0.940647,0.939177,1.005714
0.979779,0.998088,1.005714,0.996212
0.998124,1.005747,0.996212,0.996198
0.99812,0.994286,0.996198,0.980916
0.971751,0.97318,0.980916,1.005837
1.007752,1.005906,1.005837,1.005803
1.001923,0.990215,1.005803,1.030769
1.042226,1.041502,1.030769,1.001866
0.990792,1.00759,1.001866,1.001862
1.016729,1.013183,1.001862,0.996283
0.97989,0.98513,0.996283,1.01306
1.016791,1.011321,1.01306,1.055249
1.06789,1.063433,1.055249,1.04014
1.024055,1.012281,1.04014,1.098993
1.1,1.1,1.098993,0.987786
1.024279,1.012559,0.987786,1.068006
1.047407,1.055814,1.068006,1.013025
1.007072,1.011747,1.013025,0.97
0.957865,0.944848,0.97,1.017673
1.032258,1.056836,1.017673,0.958032
0.946023,0.956395,0.958032,1.08006
1.073574,1.033435,1.08006,0.938462
0.960839,0.983824,0.938462,0.994039
0.983988,0.991031,0.994039,0.910045
0.900888,0.9,0.910045,0.963756
0.995074,1.013913,0.963756,0.977778
0.968647,0.979417,0.977778,1.036713
1.018739,1.031524,1.036713,1.025295
1.06689,1.025467,1.025295,0.998355
0.968652,1.0,0.998355,1.032949
1.022654,1.029801,1.032949,0.982456
0.981013,0.983923,0.982456,1.006494
1.003226,1.00817,1.006494,0.96129
0.96463,0.954619,0.96129,0.994966
0.998333,1.005093,0.994966,1.005059
1.0,0.996622,1.005059,0.958054
0.959933,0.964407,0.958054,0.926445
0.953043,0.927944,0.926445,1.064272
1.041971,1.064394,1.064272,1.0746
1.077058,1.069395,1.0746,0.966942
0.978862,0.966722,0.966942,1.05812
1.043189,1.041308,1.05812,1.038772
1.033439,1.049587,1.038772,0.962675
0.96302,0.968504,0.962675,0.982229
0.9792,0.980488,0.982229,0.988487
1.0,0.995025,0.988487,1.018303
1.001634,1.001667,1.018303,0.995098
1.017945,1.011647,0.995098,0.977011
0.955128,0.962171,0.977011,1.035294
1.041946,1.044444,1.035294,0.967532
0.982287,0.97545,0.967532,0.964765
0.959016,0.963087,0.964765,1.006957
1.005128,1.003484,1.006957,0.986183
0.97449,0.986111,0.986183,0.989492
0.986038,0.978873,0.989492,1.015929
1.017699,1.019784,1.015929,1.02439
1.034783,1.029982,1.02439,0.982993
