1.058632,1.091097,1.075687,0.922167
0.940308,0.922201,0.922167,0.933153
0.912958,0.930727,0.933153,0.931259
0.939068,0.935888,0.931259,1.027195
1.010687,1.024409,1.027195,0.984871
0.996224,0.985396,0.984871,1.052227
1.054587,1.039782,1.052227,0.945985
0.963336,0.969242,0.945985,0.978395
0.958209,0.979876,0.978395,1.012618
1.008567,0.99921,1.012618,0.982866
0.989189,0.980237,0.982866,1.048336
1.050742,1.041935,1.048336,1.02192
1.027489,1.044118,1.02192,0.960059
0.94577,0.948851,0.960059,0.958398
0.983945,0.971094,0.958398,0.94373
0.951049,0.920354,0.94373,1.03833
1.023693,1.023601,1.03833,0.908942
0.901038,0.935098,0.908942,0.923285
0.907883,0.9,0.923285,1.055718
1.061463,1.088296,1.055718,0.959259
0.959559,0.960377,0.959259,1.039575
1.041188,1.051081,1.039575,0.942433
0.975161,0.942056,0.942433,0.99803
0.971698,0.988095,0.99803,0.9
0.9,0.9,0.9,1.065984
1.06271,1.060714,1.065984,1.010672
0.998946,1.013468,1.010672,1.045407
1.07173,1.081949,1.045407,1.058586
1.03937,1.042989,1.058586,1.03626
1.035985,1.025515,1.03626,0.949355
0.946069,0.956938,0.949355,1.035887
1.054106,1.066,1.035887,0.987828
0.983501,0.97561,0.987828,1.023697
1.006524,1.011538,1.023697,1.050926
1.05463,1.046578,1.050926,0.960352
0.978051,0.983651,0.960352,0.97156
0.965889,0.965836,0.97156,0.995279
0.980483,0.98566,0.995279,1.017078
1.018957,1.028128,1.017078,0.976679
0.993488,0.976415,0.976679,1.0468
1.039326,1.018357,1.0468,1.060219
1.058559,1.045541,1.060219,1.01463
1.018723,1.061706,1.01463,0.951654
1.00919,0.944444,0.951654,0.986631
0.918046,0.959276,0.986631,1.018067
1.022543,1.046226,1.018067,0.976043
0.993827,0.981064,0.976043,0.941818
0.920142,0.929228,0.941818,1.054054
1.054966,1.047478,1.054054,0.950549
0.968007,0.96695,0.950549,0.986513
0.978281,0.979492,0.986513,0.979492
0.972973,0.987039,0.979492,1.005982
1.049603,1.007071,1.005982,0.9
0.9,0.9,0.9,1.01812
1.01236,1.004598,1.01812,1.006674
1.011099,1.025172,1.006674,1.01326
1.010977,1.014509,1.01326,1.018539
1.036916,1.023102,1.018539,1.010707
0.990576,0.992473,1.010707,1.029661
1.030655,1.040087,1.029661,1.036008
1.053333,1.00625,1.036008,0.992056
0.996105,1.024845,0.992056,1.006006
0.999022,1.010101,1.006006,0.966169
0.95499,0.958,0.966169,1.025747
1.026639,1.029228,1.025747,1.003012
1.001996,1.0,1.003012,0.994995
1.013944,1.007099,0.994995,0.926559
0.90668,0.910373,0.926559,0.984799
0.984832,0.980088,0.984799,1.024256
1.031903,1.023702,1.024256,0.993541
0.990405,1.005513,0.993541,0.945829
0.959096,0.953947,0.945829,0.972509
0.953984,0.955172,0.972509,1.005889
1.005882,1.004813,1.005889,1.007026
1.038596,0.996407,1.007026,1.04186
1.016892,1.043269,1.04186,0.987723
0.987818,1.012673,0.987723,1.00904
1.017937,1.009101,1.00904,1.014558
1.0,1.012401,1.014558,0.979029
0.984581,0.98441,0.979029,0.952649
0.955257,0.95362,0.952649,0.977515
0.971897,0.965599,0.977515,0.967312
0.968675,0.971744,0.967312,0.978723
0.976368,0.977244,0.978723,1.048593
1.050955,1.051746,1.048593,0.99878
0.997576,0.99508,0.99878,0.992674
1.00486,1.004944,0.992674,0.99631
0.991536,0.99508,0.99631,1.048148
1.039024,1.019778,1.048148,0.969376
0.96831,0.987879,0.969376,1.015796
1.026667,1.01227,1.015796,1.1
1.1,1.061818,1.1,0.972252
0.977366,1.02968,0.972252,1.1
1.062105,1.021064,1.1,1.1
1.1,1.1,1.1,0.948399
0.961739,0.955128,0.948399,0.967167
0.987342,0.976031,0.967167,0.981571
0.942308,0.977407,0.981571,0.933794
0.945578,0.919598,0.933794,0.994709
1.004111,1.019672,0.994709,0.91383
0.9,0.9,0.91383,0.941793
0.956069,0.979038,0.941793,0.907293
0.904474,0.903023,0.907293,0.972752
0.955882,0.947001,0.972752,1.021008
1.1,1.072165,1.021008,1.03155
0.959442,0.997253,1.03155,1.035904
1.043593,1.026171,1.035904,1.028241
1.035443,1.065772,1.028241,1.012484
1.013447,1.006297,1.012484,1.003699
1.001206,1.011264,1.003699,1.056511
1.053012,1.043317,1.056511,1.0
0.988558,0.998814,1.0,1.055814
1.082176,1.072447,1.055814,1.040749
1.010695,0.933555,1.040749,1.0
1.047619,1.1,1.0,1.013757
0.989899,0.978723,1.013757,1.016701
1.007143,1.033696,1.016701,0.965092
0.971631,0.964248,0.965092,0.992553
0.993743,1.003272,0.992553,0.944266
0.945435,0.956522,0.944266,1.023837
1.007769,1.0125,1.023837,0.967849
0.969163,0.974186,0.967849,1.017182
1.0375,1.012673,1.017182,1.022523
1.049288,1.030717,1.022523,0.954846
0.931106,0.954746,0.954846,0.935409
0.919283,0.93526,0.935409,0.988903
1.006098,0.978986,0.988903,0.975062
0.967273,0.97601,0.975062,0.969309
0.952381,0.956016,0.969309,0.980211
0.982895,0.97429,0.980211,0.986541
0.990629,1.0125,0.986541,1.001364
1.002703,0.993141,1.001364,0.995913
1.0,1.008287,0.995913,1.04104
1.026954,1.009589,1.04104,1.03548
1.036745,1.023066,1.03548,0.923858
0.93038,0.956233,0.923858,1.001374
1.017687,1.011096,1.001374,0.960219
0.942513,0.949246,0.960219,1.067143
1.073759,1.052023,1.067143,0.982597
0.984148,1.002747,0.982597,0.96594
0.97047,0.969863,0.96594,1.012694
0.994467,0.983051,1.012694,0.990251
1.0,1.012931,0.990251,1.026723
1.065369,1.028369,1.026723,0.986301
0.950392,0.986207,0.986301,0.979167
0.978022,0.965035,0.979167,1.019858
1.015449,1.037681,1.019858,0.956885
0.964039,0.958101,0.956885,0.981105
1.015782,0.962099,0.981105,0.979259
0.94209,1.0,0.979259,0.950076
0.949025,0.940909,0.950076,1.02707
1.022117,1.017713,1.02707,1.017054
1.017002,0.998418,1.017054,1.016768
1.030395,1.041204,1.016768,1.026987
1.016224,1.033486,1.026987,1.005839
1.015965,1.008837,1.005839,1.005806
1.018571,0.992701,1.005806,1.051948
1.042076,1.048529,1.051948,1.024691
1.02961,1.0,1.024691,1.025435
1.006536,1.030856,1.025435,1.005222
1.006494,1.040816,1.005222,0.98961
0.997419,0.99085,0.98961,0.97769
0.987063,0.972296,0.97769,1.024161
1.005242,1.024423,1.024161,1.036697
1.054759,1.046358,1.036697,0.95196
0.959209,0.949367,0.95196,1.027888
0.997423,1.002667,1.027888,0.925065
0.934109,0.950798,0.925065,0.967877
0.983402,0.967832,0.967877,0.988456
0.992968,0.988439,0.988456,1.010219
0.984419,0.98538,1.010219,0.966763
0.98705,0.985163,0.966763,1.025411
1.0,0.993976,1.025411,1.024781
1.024781,1.051515,1.024781,1.032717
1.038407,1.01585,1.032717,1.027548
1.031507,1.029787,1.027548,0.981233
0.984064,1.00551,0.981233,0.93306
0.946019,0.930137,0.93306,0.973646
0.961484,0.964654,0.973646,0.959398
0.95549,0.952672,0.959398,0.92163
0.937888,0.916667,0.92163,1.032313
1.049669,1.059441,1.032313,1.034596
1.023659,1.029703,1.034596,1.1
1.1,1.1,1.1,0.956835
0.938187,0.936324,0.956835,0.980451
0.976574,1.006182,0.980451,0.996933
0.998501,0.986175,0.996933,1.050769
1.076577,1.056075,1.050769,1.060029
1.015342,1.022124,1.060029,0.958564
1.009615,0.992785,0.958564,1.086455
1.046259,1.055233,1.086455,0.990716
0.976593,0.993113,0.990716,1.024096
1.049268,1.011096,1.024096,1.1
1.1,1.1,1.1,1.030303
0.981934,0.959505,1.030303,1.007625
1.012987,1.057444,1.007625,1.015135
1.009615,0.982262,1.015135,0.9
0.9,0.901806,0.9,0.947304
0.961631,0.957447,0.947304,0.952135
0.932668,0.960784,0.952135,1.0625
1.06016,1.035374,1.0625,0.97954
0.98739,1.0,0.97954,1.063969
1.047254,1.032852,1.063969,0.991411
0.986585,1.010178,0.991411,1.1
1.1,1.083123,1.1,0.9
0.910773,0.927907,0.9,1.008728
0.97491,0.981203,1.008728,1.042027
1.035539,1.049808,1.042027,0.9
0.946746,0.918491,0.9,0.96438
0.945,0.94702,0.96438,1.093023
1.068783,1.083916,1.093023,1.015019
1.02599,1.024516,1.015019,1.070284
1.072376,1.001259,1.070284,1.059908
1.034871,1.055346,1.059908,0.966304
1.013043,1.0441,0.966304,0.96063
0.921674,0.946347,0.96063,1.010539
1.027939,1.032569,1.010539,0.938586
0.929785,0.928738,0.938586,1.055556
1.049939,1.01761,1.055556,0.974269
1.027842,1.02225,0.974269,1.009604
0.951467,0.993954,1.009604,1.033294
1.036773,1.043796,1.033294,1.019563
1.020595,1.018648,1.019563,0.948081
0.960762,0.951945,0.948081,1.016667
0.998833,0.991587,1.016667,1.1
1.1,1.1,1.1,1.063265
1.072874,1.1,1.063265,0.949136
0.971698,0.958864,0.949136,0.973711
0.963107,0.977528,0.973711,1.093458
1.1,1.096134,1.093458,0.983856
0.953594,0.959009,0.983856,0.9
0.9,0.9,0.9,1.017563
1.020742,1.02905,1.017563,1.014024
1.011765,1.008686,1.014024,0.967021
0.966173,0.964478,0.967021,1.0
1.008753,0.99442,1.0,1.018702
1.007592,1.013468,1.018702,1.011879
1.035522,1.036545,1.011879,1.010672
0.988565,1.004274,1.010672,1.014784
1.014721,1.008511,1.014784,1.083247
1.1,1.088608,1.083247,0.976945
0.956808,0.956395,0.976945,1.05703
1.066732,1.075988,1.05703,1.064186
1.067157,0.998117,1.064186,0.964161
0.955172,1.025472,0.964161,1.003626
1.005415,1.00368,1.003626,1.009937
1.013465,1.019248,1.009937,0.968694
0.984942,0.971223,0.968694,0.971376
0.977518,0.950926,0.971376,1.05038
1.018399,1.024343,1.05038,1.095928
1.095754,1.1,1.095928,0.977704
1.008244,0.994078,0.977704,0.94848
0.919052,0.93617,0.94848,1.1
1.1,1.065455,1.1,0.953674
0.963137,1.012799,0.953674,0.976549
0.990228,0.962932,0.976549,1.034305
0.994243,1.036745,1.034305,0.935323
0.971878,0.934177,0.935323,0.987589
0.951489,0.998193,0.987589,0.941652
0.953488,0.935747,0.941652,1.011439
1.025328,1.023211,1.011439,1.032045
1.018298,1.018904,1.032045,1.027397
1.026056,1.038961,1.027397,1.042667
1.044658,1.028571,1.042667,0.974425
0.997485,0.982639,0.974425,1.056868
1.022689,1.055654,1.056868,1.006623
1.013969,1.007531,1.006623,1.009046
1.002431,1.005814,1.009046,0.991035
1.028294,0.999174,0.991035,1.043586
0.998428,1.02562,1.043586,1.056738
1.070079,1.06527,1.056738,1.002983
0.992642,1.003782,1.002983,1.1
1.1,1.1,1.1,0.970941
0.957249,0.95871,0.970941,0.994795
1.005825,1.001346,0.994795,1.022891
1.012227,1.028226,1.022891,1.015345
1.05213,1.030719,1.015345,0.926322
0.9,0.906785,0.926322,1.076139
1.1,1.094406,1.076139,1.1
1.1,1.1,1.1,0.987691
1.012309,1.046436,0.987691,1.0668
1.087549,1.073271,1.0668,1.1
1.1,1.1,1.1,0.9
0.9,0.9,0.9,0.929815
0.931919,0.929815,0.929815,0.9
0.9,0.9,0.9,0.958124
0.9,0.9,0.958124,1.1
1.1,1.1,1.1,1.1
1.1,1.1,1.1,0.939414
0.9,0.923077,0.939414,0.982991
0.950103,0.95942,0.982991,1.1
1.1,1.1,1.1,0.9
0.9,0.9,0.9,0.947917
0.9,0.9,0.947917,0.9
0.968677,0.920308,0.9,1.1
1.1,1.1,1.1,0.902493
0.916364,0.914681,0.902493,1.015435
1.046825,1.0,1.015435,1.012
0.983321,1.057143,1.012,1.059289
1.037779,1.031797,1.059289,1.1
1.099554,1.098613,1.1,0.958023
0.966216,0.967742,0.958023,1.0
1.004895,0.995652,1.0,1.05371
1.0508,1.06623,1.05371,1.065057
1.1,1.078498,1.065057,1.1
1.1,1.1,1.1,0.9
0.974974,0.956349,0.9,0.977634
0.90107,0.966212,0.977634,0.94702
0.965579,0.958896,0.94702,1.064844
1.051014,1.056942,1.064844,1.069851
1.07193,1.063559,1.069851,0.982143
0.98036,0.984064,0.982143,0.9
0.9,0.9,0.9,0.9
0.910053,0.964778,0.9,1.068643
1.023983,1.034127,1.068643,0.9
0.9,0.9,0.9,1.1
1.1,1.1,1.1,1.007862
0.98627,0.973995,1.007862,1.031981
1.040217,1.054207,1.031981,0.9
0.917472,0.9,0.9,0.932261
0.957861,0.952007,0.932261,1.010899
0.956007,1.0,1.010899,1.1
1.1,1.1,1.1,1.096413
1.098083,1.1,1.096413,1.1
1.1,1.1,1.1,1.046539
1.037736,1.035517,1.046539,1.015393
0.998898,1.045535,1.015393,0.919708
0.918367,0.9,0.919708,1.1
1.1,1.1,1.1,1.061432
1.1,1.1,1.061432,1.000503
0.968165,0.979798,1.000503,1.003521
0.966151,0.978866,1.003521,0.957393
0.973473,0.977357,0.957393,1.05445
1.084319,1.083513,1.05445,1.036246
1.004267,0.993536,1.036246,0.949689
1.027856,0.979479,0.949689,0.959637
0.9,0.919775,0.959637,0.966877
0.95748,1.013889,0.966877,1.035345
1.028892,1.035616,1.035345,0.948529
0.958398,0.953439,0.948529,1.003876
1.0,1.002775,1.003876,0.9
0.9,0.9,0.9,0.989382
1.006799,1.003812,0.989382,1.042929
1.031308,1.022785,1.042929,1.058717
1.091667,1.070545,1.058717,1.018296
0.97928,1.012139,1.018296,0.967434
1.052339,0.969732,0.967434,0.936738
0.9,0.946996,0.936738,0.938662
0.929867,0.940299,0.938662,1.005941
1.004551,1.005291,1.005941,1.002625
0.99288,0.986842,1.002625,1.04123
1.046936,1.023333,1.04123,0.996857
0.991283,1.02671,0.996857,0.997478
1.003141,0.995558,0.997478,0.97914
0.993112,0.985978,0.97914,0.995481
0.98802,0.995475,0.995481,0.994812
0.981493,0.974026,0.994812,0.996741
1.005852,1.016,0.996741,0.995422
0.985779,0.984252,0.995422,0.986202
1.016393,1.0,0.986202,0.957362
0.935484,0.954667,0.957362,0.958942
0.971034,0.953212,0.958942,0.995646
1.012784,0.994872,0.995646,0.973032
0.951613,0.976436,0.973032,1.026217
1.030214,1.031674,1.026217,0.975912
0.983548,0.97076,0.975912,0.987285
0.965818,0.981175,0.987285,1.025
1.03012,1.028396,1.025,0.997044
0.999269,0.997015,0.997044,1.009637
1.006584,1.017964,1.009637,1.001468
1.014535,1.000735,1.001468,1.034457
1.012894,1.023512,1.034457,1.006378
1.009901,0.992103,1.006378,1.002817
1.011905,1.018813,1.002817,0.994382
0.998616,1.004972,0.994382,1.047316
1.031185,1.032509,1.047316,0.945381
0.954301,0.951403,0.945381,1.068474
1.084507,1.046763,1.068474,0.991989
1.001299,1.017182,0.991989,0.925976
0.9,0.920946,0.925976,0.983285
0.984046,0.977256,0.983285,1.005913
1.016949,1.009009,1.005913,0.931668
0.922464,0.932292,0.931668,1.025237
1.033778,1.024741,1.025237,0.989231
0.983283,0.993769,0.989231,0.986781
0.982226,0.971787,0.986781,1.048857
1.060582,1.058871,1.048857,1.001503
0.997033,1.009901,1.001503,0.970743
0.973214,0.954751,0.970743,1.027821
1.018349,1.036335,1.027821,1.02406
1.022523,1.026677,1.02406,0.965492
0.979442,0.974759,0.965492,0.962738
0.950525,0.955826,0.962738,1.009479
1.020505,1.015936,1.009479,1.028951
1.028594,1.022745,1.028951,0.978707
0.979715,0.983896,0.978707,1.034188
1.054448,1.036633,1.034188,0.9
0.9,0.9,0.9,0.99226
0.996923,1.0176,0.99226,1.00312
1.003086,1.001572,1.00312,1.080871
1.070769,1.069074,1.080871,0.995683
1.0,1.008811,0.995683,0.975434
0.978448,0.97671,0.975434,1.014815
1.029369,1.014903,1.014815,0.99562
0.974322,0.989721,0.99562,0.957478
0.956076,0.956973,0.957478,0.983155
0.995406,0.993798,0.983155,0.945483
0.947692,0.942278,0.945483,1.028007
1.016234,1.018212,1.028007,0.953526
0.99361,0.943089,0.953526,0.957983
0.921222,0.968966,0.957983,0.973684
0.975567,0.983986,0.973684,0.969369
0.964222,0.962025,0.969369,0.988848
0.990724,0.992481,0.988848,0.977444
0.988764,0.981061,0.977444,0.980769
0.973485,0.980695,0.980769,1.037255
1.035019,1.033465,1.037255,0.994329
0.994361,0.998095,0.994329,0.942966
0.943289,0.937023,0.942966,1.1
1.1,1.1,1.1,0.9
0.9,0.9,0.9,0.927386
0.917339,0.962222,0.927386,1.04698
1.072527,1.046189,1.04698,1.021368
0.983607,1.04415,1.021368,1.075314
1.09375,1.031712,1.075314,0.984436
0.973333,1.028689,0.984436,1.06917
1.058708,0.978088,1.06917,0.9
0.942699,0.949084,0.9,1.1
1.068627,1.1,1.1,0.968045
0.970642,0.977099,0.968045,1.021359
1.011342,1.007812,1.021359,0.922053
0.940187,0.937984,0.922053,0.995876
0.974155,0.989669,0.995876,0.979296
0.977551,0.985386,0.979296,1.052854
1.079332,1.04661,1.052854,0.96988
0.941973,0.97166,0.96988,0.987578
0.995893,0.989583,0.987578,0.964361
0.96701,0.96,0.964361,0.971739
0.98081,0.973684,0.971739,0.966443
0.965217,0.968468,0.966443,0.9
0.9,0.9,0.9,1.037333
1.034483,1.019178,1.037333,0.969152
0.984615,0.989247,0.969152,1.023873
1.007812,1.032609,1.023873,0.997409
0.997416,0.994737,0.997409,1.051948
1.056995,1.055556,1.051948,0.960494
0.965686,0.962406,0.960494,0.994859
0.98731,0.997396,0.994859,0.96124
0.974293,0.958225,0.96124,0.973118
0.968338,0.983651,0.973118,0.994475
1.008174,0.98338,0.994475,0.988889
0.978378,1.0,0.988889,0.974719
0.975138,0.969014,0.974719,1.014409
1.002833,1.014535,1.014409,0.985795
0.988701,0.991404,0.985795,0.971182
0.98,0.965318,0.971182,0.9
0.9,0.9,0.9,0.972125
0.924342,0.945455,0.972125,1.071685
1.071174,1.1,1.071685,1.043478
1.043189,1.03367,1.043478,1.016026
1.028662,1.032573,1.016026,1.1
1.1,1.1,1.1,1.075881
1.1,1.1,1.075881,0.914358
0.9,0.9,0.914358,0.958678
0.959677,0.982405,0.958678,1.005747
1.005602,0.997015,1.005747,0.997143
1.0,1.04491,0.997143,0.951289
0.947075,0.948424,0.951289,1.051205
1.055882,1.0,1.051205,1.040115
1.022284,1.081571,1.040115,0.986226
0.99455,0.988827,0.986226,1.075419
1.054795,0.985876,1.075419,1.007792
1.067532,1.031519,1.007792,1.030928
0.985401,1.075,1.030928,1.0025
1.014815,1.036176,1.0025,1.1
1.1,1.077307,1.1,0.986696
0.984615,1.009259,0.986696,1.076404
1.1,1.084862,1.076404,1.075157
1.039448,1.035941,1.075157,1.029126
1.036053,1.046939,1.029126,0.924528
0.901099,0.9,0.924528,1.1
1.1,1.1,1.1,0.938959
0.922807,0.956767,0.938959,0.984704
0.980989,0.988212,0.984704,0.9
0.934109,0.920477,0.9,0.967603
0.941909,0.937365,0.967603,0.991071
0.984581,1.0,0.991071,0.981982
1.01566,0.990783,0.981982,0.940367
0.933921,0.948837,0.940367,1.017073
0.997642,1.004902,1.017073,0.923261
0.945626,0.931707,0.923261,1.041558
1.0225,1.041885,1.041558,1.049875
1.036675,1.037688,1.049875,0.966746
0.992925,0.98063,0.966746,1.009828
0.985748,1.007407,1.009828,0.946472
0.946988,0.943627,0.946472,1.023136
1.025445,1.023377,1.023136,0.992462
0.98263,0.992386,0.992462,0.959494
0.972222,0.959079,0.959494,0.94723
0.948052,0.952,0.94723,1.0
0.99726,0.994398,1.0,1.058496
1.057692,1.056338,1.058496,1.018421
1.028571,1.010667,1.018421,1.020672
1.017677,1.034301,1.020672,1.04557
1.027295,1.035714,1.04557,0.987893
1.0,1.0,0.987893,0.965686
0.956522,0.94335,0.965686,0.997462
1.012626,1.023499,0.997462,1.015267
1.004988,1.012755,1.015267,0.982456
0.997519,0.982368,0.982456,1.028061
1.004975,1.020513,1.028061,0.942928
0.95297,0.939698,0.942928,0.960526
0.968831,0.962567,0.960526,0.939726
0.946381,0.938889,0.939726,1.029155
1.011331,1.035503,1.029155,0.974504
0.983193,0.98,0.974504,1.055233
1.034188,1.03207,1.055233,1.00551
1.008264,1.011299,1.00551,1.024658
1.046448,1.039106,1.024658,0.994652
