1.1,1.084746,1.1,0.929773
0.951533,0.95625,0.929773,0.969149
0.956341,0.954248,0.969149,0.970362
0.983696,0.993151,0.970362,1.011312
0.99337,1.02069,1.011312,1.0
1.0,1.0,1.0,1.049217
1.058954,1.052928,1.049217,0.987207
0.983193,0.973262,0.987207,0.988121
1.009615,1.003297,0.988121,1.032787
1.007407,1.017525,1.032787,0.987302
0.981092,0.978471,0.987302,1.049303
1.06531,1.064906,1.049303,1.051073
1.043216,1.022727,1.051073,1.023324
1.061657,1.042424,1.023324,0.958215
0.932849,0.962209,0.958215,0.9
0.9,0.9,0.9,0.97433
0.979098,0.955682,0.97433,0.946163
0.930337,0.951249,0.946163,0.92615
0.931159,0.9,0.92615,1.05098
1.068742,1.1,1.05098,0.939055
0.925971,0.92875,0.939055,1.095364
1.1,1.1,1.095364,0.950423
0.963785,0.947752,0.950423,1.040712
1.01697,1.033333,1.040712,0.9
0.9,0.9,0.9,1.065369
1.056319,1.088496,1.065369,0.9
0.9,0.9,0.9,1.1
1.1,1.1,1.1,1.016949
1.022504,1.020115,1.016949,1.034722
1.024759,1.019718,1.034722,0.971812
0.974497,0.977901,0.971812,1.052486
1.07438,1.063559,1.052486,0.97769
0.960256,0.976096,0.97769,1.044295
1.056075,1.039456,1.044295,0.997429
0.986094,0.986911,0.997429,0.945876
0.958974,0.969496,0.945876,0.979564
0.971925,0.978112,0.979564,1.004172
0.995873,0.986014,1.004172,1.026316
1.035912,1.02695,1.026316,0.99865
1.001333,1.009669,0.99865,1.036486
1.037284,1.042408,1.036486,1.013038
1.001284,0.997375,1.013038,1.1
1.1,1.1,1.1,0.9
0.923913,0.904706,0.9,1.016667
0.935294,0.993498,1.016667,0.989912
1.016352,1.020942,0.989912,1.052229
1.042079,1.04359,1.052229,1.003632
0.992874,0.984029,1.003632,1.1
1.1,1.1,1.1,0.9
0.900771,0.9,0.9,1.010067
0.974332,1.00565,1.010067,1.008859
1.029638,1.013483,1.008859,0.946213
0.940299,0.950111,0.946213,0.937355
0.931973,0.917153,0.937355,1.02104
1.007299,1.031807,1.02104,1.007273
1.014493,1.018496,1.007273,1.067389
1.064286,1.01816,1.067389,1.019166
1.05481,1.070155,1.019166,1.007743
0.970308,0.988889,1.007743,1.01427
1.010929,1.011236,1.01427,1.020563
1.032432,1.038889,1.020563,1.055143
1.079581,1.063102,1.055143,1.01407
1.00194,1.006036,1.01407,0.956392
0.943853,0.932,0.956392,1.017617
1.015385,1.046137,1.017617,1.03666
1.032323,1.020513,1.03666,1.064833
1.1,1.077387,1.064833,0.9
0.9,0.9,0.9,0.965909
0.97732,0.986066,0.965909,1.034225
1.047468,1.038043,1.034225,1.076525
1.057402,1.032461,1.076525,0.9
0.9,0.9,0.9,1.026005
0.979753,1.015625,1.026005,0.975806
0.988519,0.982249,0.975806,0.940968
0.972125,0.955422,0.940968,1.089084
1.04779,1.06053,1.089084,1.008065
1.012543,1.034483,1.008065,0.9
0.9,0.9,0.9,1.01671
1.017926,1.023622,1.01671,0.969659
0.973585,0.976923,0.969659,0.937419
0.947028,0.939633,0.937419,0.986092
0.976808,0.977654,0.986092,0.994358
0.997207,0.978571,0.994358,1.1
1.1,1.1,1.1,0.968828
0.961446,0.979434,0.968828,0.904762
0.902256,0.91601,0.904762,0.981508
0.980556,0.974212,0.981508,0.994203
0.992918,1.005882,0.994203,0.963557
0.951498,0.944444,0.963557,0.927383
0.928036,0.911765,0.927383,1.021207
1.045234,1.039049,1.021207,1.041534
1.017002,1.04902,1.041534,0.930982
0.933131,0.937695,0.930982,1.082372
1.083062,1.064784,1.082372,1.065449
1.1,1.079563,1.065449,0.94
0.911805,0.947977,0.94,0.955927
0.974702,0.952744,0.955927,0.984102
0.960305,0.9888,0.984102,0.988691
0.993641,0.980583,0.988691,0.982026
0.9744,0.983498,0.982026,0.9
0.9,0.9,0.9,0.979323
1.02439,0.959302,0.979323,1.005758
0.96337,1.040404,1.005758,0.931298
0.929658,0.908738,0.931298,1.040984
1.079755,1.07265,1.040984,1.055118
1.022727,1.053785,1.055118,0.985075
1.009259,0.996219,0.985075,1.028409
0.99633,1.00759,1.028409,1.025783
1.042357,1.039548,1.025783,1.007181
1.010601,1.003623,1.007181,1.049911
1.038462,1.028881,1.049911,1.001698
1.001684,1.014035,1.001698,1.00678
1.0,1.00173,1.00678,0.981481
0.983193,0.963731,0.981481,0.982847
1.034188,1.017921,0.982847,0.933682
0.905785,0.940141,0.933682,1.031776
1.010949,1.018727,1.031776,1.050725
1.074007,1.03125,1.050725,1.003448
0.988235,1.02139,1.003448,0.987973
1.011905,0.998255,0.987973,0.987826
0.971429,0.973776,0.987826,0.980634
0.980969,0.996409,0.980634,0.969479
0.973545,0.972973,0.969479,0.992593
0.994565,0.977778,0.992593,1.018657
1.016393,1.034091,1.018657,0.946886
0.94086,0.93956,0.946886,1.009671
1.00381,1.005848,1.009671,0.971264
0.97723,0.978682,0.971264,0.940828
0.930097,0.914851,0.940828,0.966457
0.966597,0.969697,0.966457,0.991323
0.993521,1.004464,0.991323,1.004376
1.043478,0.988889,1.004376,0.95207
0.927083,0.970787,0.95207,1.006865
0.991011,0.997685,1.006865,1.045455
1.072562,1.058005,1.045455,0.980435
0.961945,0.980263,0.980435,0.973392
0.993407,0.977629,0.973392,0.954442
0.931416,0.949657,0.954442,1.078759
1.1,1.036145,1.078759,0.99115
0.972222,1.030233,0.99115,0.935268
0.934066,0.939052,0.935268,1.002387
0.990588,0.985577,1.002387,0.997619
1.002375,1.014634,0.997619,1.02864
1.042654,1.021635,1.02864,1.011601
1.009091,1.021176,1.011601,0.958716
0.990991,0.963134,0.958716,1.023923
0.977273,1.009569,1.023923,0.96028
0.960465,0.969194,0.96028,0.963504
0.983051,0.96088,0.963504,1.012626
0.995074,1.010178,1.012626,0.945137
0.94802,0.906801,0.945137,1.065963
1.073107,1.091667,1.065963,1.027228
1.038929,1.010178,1.027228,1.06747
1.056206,1.098237,1.06747,1.004515
0.993348,0.990826,1.004515,0.993258
1.015625,1.018519,0.993258,0.993213
0.993407,0.993182,0.993213,1.063781
1.050885,1.043478,1.063781,0.93576
0.930526,0.951754,0.93576,1.016018
1.011312,1.011521,1.016018,1.011261
1.011186,1.018223,1.011261,1.013363
1.019912,1.006711,1.013363,0.995604
1.006508,1.0,0.995604,1.002208
0.982759,0.991111,1.002208,0.986784
1.008772,0.993274,0.986784,0.948661
0.943478,0.950339,0.948661,1.014118
1.006912,1.016627,1.014118,0.955916
0.947368,0.953271,0.955916,0.980583
0.995169,0.990196,0.980583,0.962871
0.963592,0.960396,0.962871,1.025707
1.010076,1.015464,1.025707,0.974937
1.024938,0.979695,0.974937,1.03599
0.995134,1.010363,1.03599,1.019851
1.012225,1.033333,1.019851,1.043796
1.050725,1.014888,1.043796,1.074592
1.075862,1.08313,1.074592,1.0
1.0,1.0,1.0,0.915401
0.940171,0.945824,0.915401,1.00237
0.963636,0.983294,1.00237,0.966903
0.981132,0.966019,0.966903,0.9
0.9,0.9,0.9,1.008671
1.011429,1.039157,1.008671,1.017192
1.025424,1.014493,1.017192,0.943662
0.950413,0.957143,0.943662,1.041791
1.037681,1.035821,1.041791,1.005731
0.99162,1.0,1.005731,1.025641
1.014085,1.011527,1.025641,0.997222
1.041667,1.017094,0.997222,0.994429
0.970667,0.988796,0.994429,1.072829
1.054945,1.045326,1.072829,0.986945
0.986979,1.01084,0.986945,1.013228
1.034301,1.021448,1.013228,0.984334
0.971939,0.984252,0.984334,0.981432
0.984252,0.984,0.981432,1.010811
1.002667,0.99729,1.010811,1.029412
1.023936,1.024457,1.029412,1.0
1.015584,1.007958,1.0,0.974026
0.974425,0.978947,0.974026,0.954667
0.947507,0.954301,0.954667,1.011173
1.01385,1.002817,1.011173,1.01105
1.013661,1.008427,1.01105,1.010929
1.005391,1.027855,1.010929,1.02973
1.02681,1.01626,1.02973,1.002625
1.018277,1.016,1.002625,1.054974
1.064103,1.03937,1.054974,0.923077
0.913253,0.931818,0.923077,0.983871
0.970976,0.9729,0.983871,0.980874
1.008152,0.997214,0.980874,0.972145
0.97035,0.97486,0.972145,1.014327
0.997222,1.014327,1.014327,1.039548
1.027855,1.014124,1.039548,0.98913
0.99729,1.008357,0.98913,1.021978
1.01087,0.994475,1.021978,1.021505
1.024194,1.038889,1.021505,0.994737
1.010499,0.997326,0.994737,0.973545
0.958442,0.959786,0.973545,1.024457
1.051491,1.047486,1.024457,0.954907
0.943299,0.949333,0.954907,1.030556
1.016393,1.008427,1.030556,1.018868
1.043011,1.047354,1.018868,1.015873
0.992268,0.99734,1.015873,1.039062
1.075325,1.042667,1.039062,1.1
1.1,1.1,1.1,1.009747
1.040936,1.098291,1.009747,0.96139
0.951311,0.947471,0.96139,0.943775
0.966535,0.934292,0.943775,1.017021
1.00611,1.024176,1.017021,0.953975
0.92915,0.961373,0.953975,0.989035
0.991285,0.986607,0.989035,1.053215
1.048352,1.054299,1.053215,0.997895
1.010482,0.984979,0.997895,0.970464
0.970954,0.980392,0.970464,1.032609
1.021368,1.033333,1.032609,1.092632
1.1,1.1,1.092632,1.038536
1.033962,1.029014,1.038536,0.979592
0.978102,0.964286,0.979592,1.017045
1.01306,1.017544,1.017045,1.03352
1.062615,1.04023,1.03352,0.974775
0.951473,0.987109,0.974775,1.073937
1.074681,1.024254,1.073937,0.984509
0.983051,1.021858,0.984509,0.937063
0.924138,0.939394,0.937063,1.044776
1.044776,1.051233,1.044776,1.028571
1.028571,1.019856,1.028571,0.996528
1.001736,0.99646,0.996528,1.013937
1.010399,1.015986,1.013937,1.001718
1.006861,1.01049,1.001718,1.003431
1.013629,1.00692,1.003431,0.969231
0.991597,0.965636,0.969231,0.962963
0.928814,0.953737,0.962963,1.071429
1.1,1.080224,1.071429,1.064957
1.057851,1.069085,1.064957,0.980738
0.973438,0.970921,0.980738,1.042553
1.025682,1.03827,1.042553,0.987441
1.00939,0.995192,0.987441,0.971383
0.993798,0.958132,0.971383,1.040917
1.00156,1.057143,1.040917,0.993711
1.003115,0.969793,0.993711,0.977848
0.96118,0.995082,0.977848,0.972492
0.991922,0.980231,0.972492,1.018303
1.040717,1.026891,1.018303,0.978758
0.942097,0.97054,0.978758,0.984975
0.991694,0.989882,0.984975,1.033898
1.038526,1.030664,1.033898,0.937705
0.951613,0.943802,0.937705,1.054196
1.037288,1.043783,1.054196,1.008292
1.003268,1.018456,1.008292,1.027961
1.027687,1.021417,1.027961,1.1
1.1,1.05,1.1,0.991429
0.973501,1.036866,0.991429,1.0
1.0,1.0,1.0,1.0
1.0,1.0,1.0,1.1
1.1,1.1,1.1,0.998986
0.970874,1.013072,0.998986,1.1
1.1,1.1,1.1,0.9
0.909028,0.932584,0.9,1.028169
1.030326,1.0,1.028169,0.9
0.9,0.911647,0.9,1.1
1.1,1.1,1.1,1.1
1.1,1.1,1.1,0.937302
0.907738,0.9,0.937302,1.035135
1.07541,1.1,1.035135,1.044386
1.0,1.006032,1.044386,0.938125
1.012195,0.999334,0.938125,0.9
0.9,0.9,0.9,0.9
0.9,0.9,0.9,1.094092
1.001001,1.039387,1.094092,1.033
1.055,1.005263,1.033,1.036786
1.1,1.1,1.036786,0.9
0.9,0.9,0.9,1.074971
1.032823,1.054762,1.074971,1.1
1.1,1.1,1.1,0.920535
0.960061,0.9,0.920535,0.915385
0.9,0.9,0.915385,0.9
0.9,0.9,0.9,1.1
1.1,1.1,1.1,0.9
0.9,0.9,0.9,1.008511
0.988119,1.012075,1.008511,0.969409
0.943888,0.982646,0.969409,1.052231
1.061571,1.048565,1.052231,1.1
1.1,1.085263,1.1,0.911275
0.9,0.931135,0.911275,1.043611
1.071573,1.04375,1.043611,1.026239
1.020696,1.01497,1.026239,1.079545
1.085714,1.099312,1.079545,1.035088
1.025467,1.037567,1.035088,0.922034
1.001656,0.937931,0.922034,0.98989
0.91405,0.974265,0.98989,0.961003
0.94575,0.943396,0.961003,1.1
1.1,1.1,1.1,1.02807
1.00678,1.004452,1.02807,1.049488
1.083333,1.089539,1.049488,1.000813
1.003108,0.9,1.000813,0.9
0.9,0.9,0.9,1.051525
0.970192,1.026596,1.051525,1.039
1.04559,1.025907,1.039,0.990375
1.041706,1.036364,0.990375,0.992225
0.939035,0.950292,0.992225,1.1
1.1,1.1,1.1,1.026596
1.015424,0.986376,1.026596,1.072539
1.07173,1.1,1.072539,0.9
0.9,0.901585,0.9,1.038704
1.042819,1.032377,1.038704,1.011265
1.017964,1.021505,1.011265,0.994859
0.996639,1.001754,0.994859,0.966408
0.961214,0.971103,0.966408,1.054367
1.039474,1.040577,1.054367,0.9
0.9,0.9,0.9,1.0
1.000947,1.021611,1.0,0.97042
1.002838,0.975,0.97042,0.933137
0.910377,0.930966,0.933137,0.969442
0.956477,0.942797,0.969442,1.011957
1.028169,1.037079,1.011957,1.031149
1.02529,1.021668,1.031149,0.985417
0.984584,1.0,0.985417,0.9
0.9,0.9,0.9,0.998542
0.99711,0.967647,0.998542,1.00292
1.005797,1.041033,1.00292,1.088792
1.099424,1.084672,1.088792,1.006684
0.996068,1.004038,1.006684,0.99336
0.990789,0.983914,0.99336,0.93984
0.949535,0.953678,0.93984,1.039829
1.036364,1.021429,1.039829,1.0342
1.02834,1.022378,1.0342,1.013228
1.019685,1.039672,1.013228,1.073107
1.068211,1.032895,1.073107,0.997567
1.021687,1.042038,0.997567,1.05
1.036557,1.013447,1.05,1.042973
1.05802,1.069964,1.042973,1.1
1.1,1.1,1.1,0.937269
0.912,0.948113,0.937269,1.059055
1.062378,1.010945,1.059055,1.042751
1.056881,1.086614,1.042751,0.944742
0.944444,0.95471,0.944742,1.0
0.981618,0.978178,1.0,0.95566
0.973783,0.976722,0.95566,1.002962
1.003846,0.967229,1.002962,0.978346
0.964559,1.017454,0.978346,1.013078
1.011917,1.0,1.013078,1.096326
1.1,1.1,1.096326,1.023551
1.017241,1.012704,1.023551,0.906195
0.9,0.905018,0.906195,1.022461
1.03861,1.028713,1.022461,0.959885
0.937732,0.962464,0.959885,0.999005
1.004955,0.998,0.999005,0.934263
0.945759,0.93988,0.934263,0.996802
0.980188,0.98081,0.996802,1.047059
1.05,1.054348,1.047059,0.989785
1.001013,0.996907,0.989785,1.070175
1.071862,1.038263,1.070175,0.95757
0.952786,0.981076,0.95757,1.012085
1.010902,1.015228,1.012085,0.98209
0.97451,0.984,0.98209,1.033435
1.042254,1.031504,1.033435,1.015686
1.029923,1.019704,1.015686,1.060811
1.037488,1.029952,1.060811,0.944495
0.971093,0.966229,0.944495,1.1
1.1,1.1,1.1,1.088284
1.083933,1.089721,1.088284,1.009856
1.032448,1.056755,1.009856,1.053303
1.017857,1.014372,1.053303,1.015681
1.049123,1.061148,1.015681,0.906667
0.9,0.9,0.906667,1.020124
1.033359,1.033202,1.020124,0.974203
0.965517,0.975516,0.974203,1.049065
1.037234,0.992941,1.049065,0.994803
1.010256,1.042654,0.994803,0.98806
0.984046,0.993182,0.98806,1.055136
1.053795,1.031274,1.055136,1.092341
1.067832,1.1,1.092341,0.9
0.9,0.9,0.9,0.985482
0.970174,0.985281,0.985482,0.9
0.9,0.9,0.9,1.010827
0.993269,1.0,1.010827,1.046738
1.07454,1.064484,1.046738,1.1
1.1,1.1,1.1,1.061309
1.062948,1.068908,1.061309,1.010148
0.978261,0.992925,1.010148,1.1
1.1,1.1,1.1,0.935393
0.951456,0.944644,0.935393,0.998498
0.985423,1.008371,0.998498,0.938346
0.955621,0.935094,0.938346,1.028846
1.001548,1.008878,1.028846,1.000779
1.006955,1.012,1.000779,1.011673
1.001535,0.992885,1.011673,0.940769
0.937931,0.95621,0.940769,1.003271
1.030229,1.01582,1.003271,0.9
0.900079,0.9,0.9,1.058341
1.035242,1.01108,1.058341,0.929371
0.965957,0.96347,0.929371,1.014829
0.979736,1.02654,1.014829,1.008219
1.0,1.010157,1.008219,0.956522
0.956835,0.95521,0.956522,1.006629
1.003759,0.980861,1.006629,0.976482
0.987828,1.010732,0.976482,1.027938
1.020853,0.991313,1.027938,1.044986
1.056639,1.062317,1.044986,0.974888
0.970123,0.995417,0.974888,0.9
0.9,0.9,0.9,0.99778
0.990185,1.003356,0.99778,0.983315
0.977974,0.953177,0.983315,0.927602
0.975225,0.953216,0.927602,1.05
0.996536,1.03681,1.05,1.046458
1.075319,1.062722,1.046458,0.99556
0.979526,0.997773,0.99556,1.056856
1.056106,1.030134,1.056856,0.9673
0.976042,0.991333,0.9673,0.901854
0.93063,0.9,0.901854,1.1
1.061927,1.066991,1.1,1.025164
1.014039,1.041096,1.025164,0.976521
0.988285,0.996711,0.976521,0.91694
0.946121,0.921892,0.91694,1.002384
0.962415,0.980907,1.002384,0.989298
0.991716,1.007299,0.989298,0.995192
1.005967,0.997585,0.995192,1.019324
1.008304,1.010896,1.019324,0.9
0.9,0.9,0.9,0.928687
0.931854,0.921951,0.928687,0.949389
0.954082,0.952381,0.949389,0.9
0.918004,0.9,0.9,1.01232
0.961165,0.96281,1.01232,0.971602
0.969697,0.982833,0.971602,0.968685
0.985417,0.995633,0.968685,1.006466
0.997886,1.019737,1.006466,0.976445
0.972458,0.954839,0.976445,1.1
1.1,1.1,1.1,0.953216
0.936449,0.947162,0.953216,1.1
1.1,1.1,1.1,0.95064
0.967684,0.960894,0.95064,1.003846
0.985158,1.011628,1.003846,0.9
0.9,0.9,0.9,0.972222
0.964211,0.96129,0.972222,1.013187
1.041485,1.03132,1.013187,1.023861
0.989518,1.006508,1.023861,0.976695
0.980932,0.982759,0.976695,0.995662
1.017279,0.982456,0.995662,0.9
0.9,0.9,0.9,0.952854
0.943902,0.971129,0.952854,1.03125
1.03876,1.059459,1.03125,1.020202
1.007463,1.010204,1.020202,0.990099
0.997531,1.005051,0.990099,1.0675
1.071782,1.065327,1.0675,0.941452
0.969977,0.945755,0.941452,0.99005
0.957143,0.977556,0.99005,1.042714
1.032338,1.017857,1.042714,0.959036
0.980723,0.994987,0.959036,0.962312
0.960688,0.962217,0.962312,0.939948
0.938619,0.942408,0.939948,1.025
1.019074,0.983333,1.025,1.00813
1.0,1.045198,1.00813,1.016129
1.010695,1.002703,1.016129,0.992063
1.015873,1.008086,0.992063,0.965333
0.945312,0.949198,0.965333,1.024862
1.024793,1.022535,1.024862,1.024259
1.034946,1.041322,1.024259,1.047368
1.036364,1.037037,1.047368,1.077889
1.085213,1.071429,1.077889,1.081585
1.1,1.097619,1.081585,1.012931
0.961616,1.004338,1.012931,1.017021
1.012605,1.012959,1.017021,0.987448
0.985477,0.968017,0.987448,1.059322
1.065263,1.068282,1.059322,0.972
0.970356,0.989691,0.972,1.018519
1.01222,1.010417,1.018519,0.90303
0.911469,0.915464,0.90303,1.033557
1.05298,0.975225,1.033557,0.911255
0.9,0.933025,0.911255,0.954869
0.983452,0.987624,0.954869,0.965174
0.947115,0.972431,0.965174,1.033505
1.025381,1.030928,1.033505,0.985037
0.987624,0.985,0.985037,0.9
0.9,0.9,0.9,1.033435
1.020833,1.021341,1.033435,0.964706
0.973761,0.973134,0.964706,0.993902
0.982036,0.993865,0.993902,0.969325
0.97561,0.972222,0.969325,0.990506
0.99375,0.993651,0.990506,0.99361
0.981132,0.98722,0.99361,0.974277
0.980769,0.980583,0.974277,0.950495
0.96732,0.947195,0.950495,0.975694
0.952703,0.968641,0.975694,1.021352
1.031915,1.021583,1.021352,0.996516
1.010309,1.003521,0.996516,1.048951
1.030612,1.049123,1.048951,1.013333
1.006601,1.006689,1.013333,0.976974
0.980328,0.980066,0.976974,0.956229
0.953177,0.952542,0.956229,1.0
1.0,1.003559,1.0,1.014085
1.014035,1.010638,1.014085,0.975694
0.986159,0.982456,0.975694,1.003559
0.992982,0.992857,1.003559,0.968085
0.964664,0.967626,0.968085,0.945055
0.959707,0.959108,0.945055,0.949612
0.950382,0.949612,0.949612,1.093878
1.096386,1.085714,1.093878,1.0
0.996337,1.0,1.0,0.988806
0.981618,0.988722,0.988806,1.022642
1.018727,1.015209,1.022642,1.04797
1.058824,1.059925,1.04797,0.982394
