1.09187,1.1,1.096059,0.922846
0.95309,0.938462,0.922846,0.969968
0.957031,0.967213,0.969968,0.938912
0.946122,0.936441,0.938912,1.04902
1.026747,1.044344,1.04902,1.002549
0.998319,1.013865,1.002549,1.060169
1.056397,1.047009,1.060169,0.952838
0.968924,0.96,0.952838,0.990772
0.980263,0.987245,0.990772,1.00508
1.002517,1.013781,1.00508,1.033698
1.028452,0.996602,1.033698,1.054605
1.083808,1.1,1.054605,1.057187
1.032282,0.996127,1.057187,0.9
0.9,0.917574,0.9,1.015715
1.007371,0.992373,1.015715,0.919381
0.922764,0.918019,0.919381,0.917626
0.979736,0.96093,0.917626,0.955598
0.903777,0.9303,0.955598,0.980808
0.970149,0.937565,0.980808,1.033986
1.042051,1.097669,1.033986,0.944223
0.937008,0.926188,0.944223,1.051688
1.066176,1.069869,1.051688,0.929789
0.973399,0.937755,0.929789,1.014024
0.961538,1.002176,1.014024,0.9
0.9,0.9,0.9,1.057554
1.044706,1.043157,1.057554,0.965986
0.970721,0.985816,0.965986,1.1
1.1,1.1,1.1,1.020747
0.992944,1.034446,1.020747,1.080285
1.091371,1.067638,1.080285,0.979304
0.972093,0.98538,0.979304,1.019212
1.044976,1.03363,1.019212,0.975495
0.958791,0.974163,0.975495,1.083092
1.082139,1.08055,1.083092,1.005352
1.000883,1.001818,1.005352,0.948536
0.960317,0.952813,0.948536,0.997194
0.982553,0.990476,0.997194,1.016886
1.016822,1.005769,1.016886,1.02214
1.019301,1.024857,1.02214,0.986462
1.022543,1.000933,0.986462,1.005489
0.982363,0.994408,1.005489,1.029117
1.026032,1.042174,1.029117,1.020336
1.010499,1.004496,1.020336,1.036395
1.1,1.061773,1.036395,1.035117
0.971831,0.994098,1.035117,1.1
1.1,1.1,1.1,0.942775
0.967583,1.008481,0.942775,1.04173
1.012382,0.993884,1.04173,1.014567
1.027338,1.065385,1.014567,0.933238
0.95098,0.927076,0.933238,1.006923
0.968336,1.001558,1.006923,0.985485
1.00076,0.989114,0.985485,0.95814
0.947568,0.961478,0.95814,0.924757
0.920609,0.910057,0.924757,1.030621
1.034843,1.04133,1.030621,1.00764
1.01431,1.012079,1.00764,1.029486
1.024896,1.037511,1.029486,0.983633
0.996761,0.986031,0.983633,0.987521
0.965881,0.954167,0.987521,0.990733
0.992431,1.00262,0.990733,1.027211
1.042373,1.045296,1.027211,1.039735
1.043902,1.030833,1.039735,0.98965
0.985202,0.99515,0.98965,0.924377
0.912253,0.924452,0.924377,1.00087
0.999133,0.984183,1.00087,0.972174
0.97745,0.992857,0.972174,0.988372
0.99024,0.991007,0.988372,0.915837
0.914875,0.9,0.915837,0.975296
0.974535,0.977597,0.975296,1.072948
1.069347,1.044792,1.072948,1.016997
1.015038,1.01994,1.016997,0.94429
0.958333,0.946237,0.94429,0.987217
0.977778,1.012397,0.987217,1.015936
1.008893,1.011224,1.015936,0.983333
0.988247,1.005045,0.983333,1.07677
1.1,1.041165,1.07677,1.005556
0.996396,1.046287,1.005556,1.008287
0.997288,0.996313,1.008287,0.996347
0.990027,0.981499,0.996347,0.966086
0.977106,0.986805,0.966086,1.020873
1.029053,1.013372,1.020873,0.948885
0.945355,0.951932,0.948885,0.943193
0.939306,0.939604,0.943193,1.064382
1.064615,0.988409,1.064382,1.014634
1.026975,1.1,1.014634,0.9375
0.93152,0.937076,0.9375,0.955897
0.954683,0.952479,0.955897,1.040773
1.043249,1.030369,1.040773,0.936082
0.932255,0.946316,0.936082,0.944934
0.941432,0.941046,0.944934,0.983683
0.99424,0.989362,0.983683,0.983412
0.986095,0.982079,0.983412,0.925301
0.936545,0.925791,0.925301,1.082031
1.055207,1.07753,1.082031,1.064982
1.077289,1.067073,1.064982,0.970621
0.962472,0.978286,0.970621,0.956927
0.977064,0.956776,0.956927,1.037713
1.00939,1.029304,1.037713,0.9
0.919767,0.9,0.9,0.930355
0.91024,0.914021,0.930355,0.967514
0.954167,0.956585,0.967514,0.969343
0.982533,0.992436,0.969343,1.001506
1.0,0.987805,1.001506,0.915789
0.903704,0.91821,0.915789,1.034483
1.07377,1.042017,1.034483,1.065079
1.027481,1.058065,1.065079,0.980626
1.001486,0.995427,0.980626,1.030395
1.010386,0.977029,1.030395,1.026549
1.041116,1.081505,1.026549,1.033046
1.047955,1.034783,1.033046,1.030598
0.998654,1.015406,1.030598,1.009447
1.016173,1.002759,1.009447,1.036096
1.041114,1.049519,1.036096,0.981935
0.975796,0.964613,0.981935,1.010512
1.011749,1.016304,1.010512,0.942783
0.950968,0.955882,0.942783,1.042759
1.04749,1.048951,1.042759,1.030423
1.020725,1.026667,1.030423,1.007702
1.010152,0.997403,1.007702,0.961783
0.977387,0.981771,0.961783,1.038411
1.010283,1.026525,1.038411,1.0
1.02799,1.011628,1.0,0.955357
0.993812,0.925926,0.955357,0.979973
0.92528,0.997241,0.979973,1.03406
1.036339,1.034578,1.03406,0.9
0.9,0.9,0.9,1.016071
0.976311,1.007194,1.016071,1.001757
1.003466,1.008929,1.001757,0.950877
0.937824,0.938053,0.950877,0.950185
0.957643,0.939623,0.950185,1.007767
1.011538,1.034137,1.007767,1.0
1.01711,1.005825,1.0,0.980732
0.962617,0.978764,0.980732,0.998035
1.03301,0.962525,0.998035,1.082677
1.071429,1.1,1.082677,0.92
0.9,0.910584,0.92,0.968379
0.986193,0.977956,0.968379,0.985714
0.972,0.981557,0.985714,1.041408
1.047325,1.020877,1.041408,0.982107
0.992141,1.0,0.982107,0.923077
0.914851,0.93047,0.923077,1.002193
0.989177,0.98022,1.002193,0.993435
1.004376,1.008969,0.993435,1.004405
1.010893,1.004444,1.004405,1.008772
1.0,1.004425,1.008772,0.943478
0.969828,0.949339,0.943478,1.025346
0.995556,1.016241,1.025346,0.950562
0.953125,0.961187,0.950562,0.957447
0.964871,0.942993,0.957447,1.002469
1.007282,1.007557,1.002469,0.913793
0.903614,0.915,0.913793,1.086253
1.096,1.071038,1.086253,1.034739
1.017032,1.015306,1.034739,1.028777
1.04067,1.065327,1.028777,1.013986
1.009195,1.004717,1.013986,0.995402
1.015945,1.00939,0.995402,0.997691
1.020179,1.0,0.997691,1.055556
1.004396,1.044186,1.055556,0.942982
0.945295,0.948775,0.942982,1.025581
1.039352,1.014085,1.025581,1.015873
1.002227,1.018519,1.015873,1.026786
1.037778,1.025,1.026786,0.971739
0.972163,0.986696,0.971739,1.004474
0.993392,0.995506,1.004474,1.013363
1.028825,1.015801,1.013363,1.024176
1.028017,1.024444,1.024176,0.982833
0.968553,0.982646,0.982833,0.9
0.911255,0.907285,0.9,0.978155
0.966746,0.978102,0.978155,1.012407
1.02457,1.0,1.012407,1.009804
0.990408,1.00995,1.009804,0.924757
0.949153,0.935961,0.924757,1.041995
1.02551,1.013158,1.041995,1.015113
1.007463,1.007792,1.015113,1.007444
1.004938,1.028351,1.007444,1.022167
1.027027,1.022556,1.022167,0.992771
0.997608,1.004902,0.992771,0.932039
0.94964,0.934146,0.932039,0.971354
0.94697,0.966057,0.971354,0.932976
0.936,0.927027,0.932976,0.9
0.905983,0.9,0.9,1.061093
1.075472,1.078689,1.061093,1.060606
1.070175,1.051672,1.060606,0.96
0.959016,0.965318,0.96,0.994048
0.965812,0.994012,0.994048,0.991018
0.985251,0.98494,0.991018,1.063444
1.068862,1.067278,1.063444,1.1
1.1,1.1,1.1,1.005025
1.0,1.005141,1.005025,0.9825
0.940191,0.982097,0.9825,1.07888
1.1,1.065104,1.07888,1.018868
1.020785,1.0489,1.018868,0.956019
0.941176,0.95338,0.956019,1.012107
1.009615,1.01467,1.012107,1.002392
1.007143,0.995181,1.002392,1.062053
1.068558,1.065375,1.062053,1.008989
1.002212,1.0,1.008989,0.946548
1.011038,0.934091,0.946548,0.976471
0.914847,0.997567,0.976471,1.031325
1.042959,1.029268,1.031325,0.983645
0.974828,0.978673,0.983645,1.021378
1.035211,1.038741,1.021378,1.013953
0.993197,1.009324,1.013953,0.997706
1.002283,0.995381,0.997706,0.988506
0.981777,0.981439,0.988506,0.988372
1.00464,0.990544,0.988372,1.1
1.1,1.1,1.1,0.98994
0.957611,1.004158,0.98994,0.9
0.9,0.9,0.9,1.012019
0.981609,1.047382,1.012019,1.047506
1.042155,1.030952,1.047506,0.961451
0.966292,0.967667,0.961451,1.016509
1.002326,0.997613,1.016509,1.046404
1.055684,1.062201,1.046404,1.02439
1.050549,1.024775,1.02439,0.965368
0.937238,0.945055,0.965368,0.943946
0.966518,0.976744,0.943946,1.007126
0.983834,0.978571,1.007126,0.995283
0.995305,0.995134,0.995283,0.985782
0.995283,1.01467,0.985782,1.026442
1.014218,1.016867,1.026442,1.021077
1.023364,1.016588,1.021077,1.034404
1.041096,1.027972,1.034404,0.97561
1.002193,0.993197,0.97561,0.9
0.9,0.9,0.9,1.025316
1.035176,1.025641,1.025316,1.014815
1.002427,1.0,1.014815,1.012165
1.029056,1.0325,1.012165,1.007212
1.002353,1.012107,1.007212,0.959427
0.953052,0.956938,0.959427,1.0
0.992611,0.9825,1.0,0.942786
0.950372,0.954198,0.942786,1.021108
1.018277,1.016,1.021108,1.002584
1.010256,1.018373,1.002584,0.987113
0.972081,0.974227,0.987113,1.010444
1.015666,1.013228,1.010444,1.018088
1.015424,1.015666,1.018088,1.017766
1.035443,1.030848,1.017766,1.007481
0.987775,0.997506,1.007481,1.024752
1.027228,1.02,1.024752,1.012077
1.009639,1.012255,1.012077,0.973747
0.973747,0.968523,0.973747,1.041667
1.046569,1.055,1.041667,1.037647
1.035129,1.004739,1.037647,1.022676
1.027149,1.049528,1.022676,1.015521
1.024229,1.020225,1.015521,1.010917
1.004301,1.011013,1.010917,1.0
1.004283,1.002179,1.0,0.967603
0.972281,0.952174,0.967603,0.96875
0.958333,0.981735,0.96875,1.064516
1.059497,1.051163,1.064516,1.0
1.028078,1.011062,1.0,1.021645
1.006303,1.017505,1.021645,1.002119
0.993737,1.008602,1.002119,1.031712
1.042017,1.031983,1.031712,1.002049
1.028226,1.004132,1.002049,1.071575
1.035294,1.047325,1.071575,0.971374
0.977273,0.984283,0.971374,0.984283
0.972868,0.988024,0.984283,0.954092
0.956175,0.951515,0.954092,1.016736
1.033333,1.029724,1.016736,0.977366
0.957661,0.96701,0.977366,1.004211
1.021053,1.010661,1.004211,1.039832
1.045361,1.046414,1.039832,0.953629
0.95858,0.947581,0.953629,1.038055
1.018519,1.034043,1.038055,1.010183
1.010101,1.016461,1.010183,1.024194
1.02,1.01417,1.024194,1.017717
1.035294,1.021956,1.017717,1.044487
1.045455,1.052734,1.044487,1.081481
1.074275,1.068646,1.081481,1.053082
1.060708,1.012153,1.053082,1.1
1.08744,1.1,1.1,1.070796
1.064327,1.073095,1.070796,0.953168
0.968407,0.997101,0.953168,1.043353
1.032624,1.027616,1.043353,0.984765
0.994505,1.004243,0.984765,0.931083
0.917127,0.9,0.931083,1.1
1.1,1.1,1.1,1.1
1.1,1.078042,1.1,1.00547
1.045952,1.003681,1.00547,1.1
1.1,1.1,1.1,1.1
1.1,1.099038,1.1,0.919901
0.969697,0.974628,0.919901,0.9
0.9,0.9,0.9,0.9
0.9,0.9,0.9,0.9
0.9,0.9,0.9,1.1
1.1,1.1,1.1,1.057971
1.1,1.1,1.057971,0.9
0.9,0.9,0.9,1.057878
1.027907,1.037705,1.057878,1.1
1.1,1.1,1.1,0.9
0.9,0.9,0.9,0.944359
0.911374,0.920761,0.944359,0.9
0.9,0.9,0.9,1.1
1.051661,1.1,1.1,0.927176
0.924561,0.927273,0.927176,1.007663
1.037951,1.019608,1.007663,0.998099
0.968921,1.005769,0.998099,1.051429
1.049057,1.030593,1.051429,1.092391
1.091727,1.089054,1.092391,1.001658
1.0,0.991482,1.001658,1.008278
1.019769,1.022337,1.008278,1.082102
1.095315,1.087395,1.082102,0.954476
0.951327,0.964451,0.954476,1.046105
1.021705,1.025641,1.046105,0.983283
1.068285,0.984375,0.983283,1.046368
0.984375,1.068254,1.046368,1.087149
1.085137,1.053492,1.087149,1.008152
1.013298,1.040903,1.008152,0.994609
0.968504,0.98645,0.994609,0.96206
0.99729,0.972527,0.96206,0.9
0.9,0.9,0.9,0.9
0.923445,0.929432,0.9,1.011029
0.958549,0.992593,1.011029,0.936364
0.936937,0.923507,0.936364,1.013592
1.025,1.052525,1.013592,0.98659
0.973734,0.959693,0.98659,1.060194
1.05395,1.062,1.060194,0.923077
0.939671,0.926554,0.923077,0.984127
0.998054,0.99187,0.984127,0.971774
0.94347,0.956967,0.971774,1.056017
1.059917,1.053533,1.056017,1.011788
1.005848,1.03252,1.011788,1.009709
1.00969,1.003937,1.009709,1.038462
1.040307,1.015686,1.038462,1.025926
1.023985,1.054054,1.025926,0.929603
0.931532,0.919414,0.929603,1.021359
1.030948,1.041833,1.021359,0.980989
1.013133,0.984704,0.980989,0.97093
0.938889,0.96699,0.97093,1.043912
1.04931,1.022088,1.043912,1.045889
1.043233,1.066798,1.045889,1.045704
1.072072,1.051565,1.045704,0.958042
0.951261,0.954466,0.958042,0.987226
0.975265,0.977982,0.987226,1.016636
1.027174,1.013133,1.016636,1.018182
1.008818,1.02963,1.018182,1.001786
0.98951,1.007194,1.001786,1.02139
1.017668,1.014286,1.02139,0.989529
1.006944,0.996479,0.989529,0.985891
0.968966,0.966431,0.985891,1.005367
1.007117,1.025594,1.005367,1.035587
1.033569,1.026738,1.035587,1.056701
1.061538,1.059028,1.056701,0.972358
0.996779,0.97541,0.972358,1.098662
1.077544,1.062185,1.098662,1.006088
1.004498,1.036392,1.006088,1.068079
1.071642,1.062595,1.068079,1.007082
0.994429,1.007184,1.007082,1.046414
1.067227,1.007133,1.046414,1.008065
0.988189,1.035411,1.008065,0.993333
0.99336,1.005472,0.993333,0.991946
0.995989,0.965986,0.991946,1.023004
1.020134,1.04507,1.023004,1.003968
1.006579,1.006739,1.003968,1.056653
1.052288,1.044177,1.056653,1.01995
1.029814,1.033333,1.01995,1.061125
1.053076,1.037221,1.061125,0.965438
0.967927,0.973684,0.965438,0.997613
1.0,1.02457,0.997613,1.001196
0.991716,0.971223,1.001196,0.9773
0.995227,0.995062,0.9773,1.06846
1.055156,1.054591,1.06846,1.0
1.020455,1.012941,1.0,0.964531
0.957684,0.953542,0.964531,0.992883
0.981395,0.995128,0.992883,0.996416
0.989336,0.997552,0.996416,0.982014
0.994012,1.004908,0.982014,1.002442
0.995181,0.997558,1.002442,1.002436
1.01816,0.997552,1.002436,1.012151
0.998811,1.01227,1.012151,0.95078
0.947619,0.932121,0.95078,0.996212
0.992462,1.006502,0.996212,1.011407
1.020253,1.016796,1.011407,0.991228
0.98263,0.997459,0.991228,0.99115
0.991162,0.980892,0.99115,1.003827
1.006369,1.006494,1.003827,0.925032
0.943038,0.936774,0.925032,0.986264
0.965101,0.961433,0.986264,0.990251
0.993046,1.008596,0.990251,0.983122
0.984594,0.984375,0.983122,0.957082
0.963016,0.955267,0.957082,0.995516
0.985229,0.993958,0.995516,0.993994
1.004498,0.993921,0.993994,0.996979
0.986567,0.993884,0.996979,0.904545
0.974281,0.9,0.904545,0.968174
0.90528,1.0,0.968174,1.008651
1.008576,0.996522,1.008651,1.010292
1.015306,1.020942,1.010292,0.994907
0.9866,0.989744,0.994907,0.96587
0.962649,0.967185,0.96587,0.991166
0.992945,0.994643,0.991166,0.996435
0.994671,1.0,0.996435,0.994633
0.994643,0.985637,0.994633,1.001799
1.019749,1.010929,1.001799,1.017953
1.0,1.012613,1.017953,0.998236
1.003521,0.991103,0.998236,1.015901
1.012281,1.023339,1.015901,1.017391
1.019064,1.022807,1.017391,0.998291
0.994898,0.986278,0.998291,1.023973
1.034188,1.033043,1.023973,1.011706
1.004959,1.003367,1.011706,0.991736
1.009868,0.996644,0.991736,0.975
0.957655,0.976431,0.975,0.991453
0.993197,0.991379,0.991453,0.987931
0.984589,0.987826,0.987931,0.986038
0.982609,0.982394,0.986038,0.99469
0.99469,1.001792,0.99469,1.003559
1.016014,0.998211,1.003559,0.998227
0.985989,0.998208,0.998227,1.005329
1.010657,1.012567,1.005329,0.992933
0.989455,0.989362,0.992933,1.0
0.998224,0.998208,1.0,0.994662
0.998221,1.0,0.994662,1.0
0.996435,0.998205,1.0,1.007156
1.008945,1.0,1.007156,1.030195
1.04078,1.039568,1.030195,0.974138
0.969336,0.960208,0.974138,0.99292
0.98594,1.005405,0.99292,1.001783
1.00713,0.9,1.001783,0.97153
0.971681,1.017964,0.97153,0.994505
1.0,1.052941,0.994505,1.046041
1.045537,1.024209,1.046041,1.1
1.1,1.065455,1.1,0.976153
0.954969,1.022184,0.976153,0.982085
0.99187,0.998331,0.982085,0.958541
0.965574,0.926421,0.958541,1.058824
1.059423,1.088448,1.058824,1.02451
1.020833,1.024876,1.02451,1.007974
1.00471,1.012945,1.007974,0.960443
0.970312,0.963259,0.960443,0.93575
0.929147,0.905473,0.93575,1.005282
1.008666,1.034799,1.005282,0.992995
0.975945,0.985841,0.992995,0.9806
0.982394,0.987433,0.9806,0.996403
0.994624,0.996364,0.996403,0.978339
0.978378,0.978102,0.978339,0.99262
0.996317,0.996269,0.99262,0.9
0.9,0.9,0.9,1.0
1.0,1.0,1.0,0.9
0.9,0.9,0.9,0.9
0.9,0.9,0.9,1.047468
1.03096,1.042623,1.047468,1.018127
1.045045,1.025157,1.018127,1.053412
1.045977,1.079755,1.053412,0.929577
0.923077,0.928977,0.929577,0.993939
0.991071,0.993884,0.993939,0.954268
0.960961,0.950769,0.954268,0.964856
0.95,0.967638,0.964856,1.009934
1.019737,1.010033,1.009934,1.029508
1.025806,1.019868,1.029508,0.996815
0.996855,1.012987,0.996815,1.022364
1.015773,1.012821,1.022364,0.984375
0.981366,0.984177,0.984375,0.987302
1.003165,0.990354,0.987302,0.9
0.9,0.9,0.9,0.945055
0.935018,0.953488,0.945055,1.073643
1.084942,1.1,1.073643,1.043321
1.032028,1.029091,1.043321,1.00346
1.010345,1.010601,1.00346,1.086207
1.085324,1.083916,1.086207,0.920635
0.974843,0.935484,0.920635,1.0
0.93871,0.962069,1.0,1.0
1.010309,1.032258,1.0,0.955172
0.972789,0.954861,0.955172,0.971119
0.947552,0.970909,0.971119,0.98513
0.98893,0.981273,0.98513,1.05283
1.044776,1.003817,1.05283,1.053763
1.05,1.091255,1.053763,1.003401
1.010204,1.010453,1.003401,0.983051
0.996633,1.0,0.983051,0.968966
0.952703,0.944828,0.968966,1.032028
1.035461,1.025547,1.032028,1.037931
1.034247,1.05694,1.037931,1.099668
1.1,1.074074,1.099668,1.030211
1.032738,1.056426,1.030211,1.052786
1.1,1.065282,1.052786,1.011142
0.953368,0.994429,1.011142,1.057851
1.043478,1.053221,1.057851,0.966146
0.96875,0.93883,0.966146,1.067385
1.094086,1.1,1.067385,1.0
0.982801,0.977041,1.0,0.984848
0.975,0.994778,0.984848,0.9
0.930769,0.918635,0.9,0.951429
0.922865,0.928571,0.951429,0.972973
0.979104,0.96,0.972973,1.015432
1.067073,1.048077,1.015432,0.93617
0.9,0.932722,0.93617,1.019481
1.016077,1.016393,1.019481,0.964968
0.981013,0.974194,0.964968,1.026403
1.03871,1.02649,1.026403,1.064309
1.034161,1.048387,1.064309,0.975831
0.987988,0.987692,0.975831,1.052632
1.039514,1.043614,1.052632,0.979412
0.98538,0.991045,0.979412,1.024024
1.038576,1.027108,1.024024,0.994135
0.977143,0.991202,0.994135,0.970501
0.961988,0.943787,0.970501,0.948328
0.963526,0.974922,0.948328,1.032051
1.025237,1.009646,1.032051,1.065217
1.067692,1.082803,1.065217,0.96793
0.985591,0.970588,0.96793,1.027108
1.011696,1.021212,1.027108,1.008798
0.99422,1.008902,1.008798,0.991279
1.005814,0.997059,0.991279,0.944282
0.936416,0.943953,0.944282,0.987578
0.993827,0.9875,0.987578,1.018868
1.015528,1.012658,1.018868,1.003086
1.027523,1.0,1.003086,1.04
1.014881,1.0125,1.04,0.997041
0.994135,1.021605,0.997041,1.005935
1.020649,1.015106,1.005935,0.979351
0.982659,0.988095,0.979351,0.993976
0.985294,0.981928,0.993976,1.0
0.991045,1.006135,1.0,1.015152
1.021084,1.0,1.015152,1.008955
1.0,1.012195,1.008955,1.017751
1.044248,1.033133,1.017751,1.034884
