1.092561,1.081247,1.087841,1.054097
1.078143,1.071487,1.054097,1.048679
1.018299,0.991281,1.048679,0.935588
0.968288,0.984704,0.935588,1.056923
1.022562,1.064466,1.056923,0.99163
0.985765,0.971908,0.99163,1.046972
1.057762,1.054805,1.046972,0.955836
0.950512,0.969039,0.955836,0.960396
0.958348,0.96144,0.960396,1.006491
0.999625,0.997708,1.006491,0.979135
0.976762,0.980092,0.979135,1.055792
1.07099,1.062891,1.055792,0.998532
0.978861,0.986402,0.998532,1.032709
1.040264,1.043219,1.032709,1.045196
1.076003,1.037857,1.045196,0.953354
0.955199,0.962491,0.953354,1.09
1.056145,1.020737,1.09,1.016055
1.00778,1.033625,1.016055,0.944212
0.948858,0.962386,0.944212,1.1
1.1,1.091549,1.1,1.004843
0.985294,1.051613,1.004843,0.960843
0.984179,0.976074,0.960843,0.9
0.9,0.9,0.9,1.015597
0.988388,1.031054,1.015597,0.900714
0.909122,0.9,0.900714,1.064631
1.030787,1.096121,1.064631,0.98622
0.9941,0.992308,0.98622,1.1
1.1,1.1,1.1,1.021804
1.015405,1.02013,1.021804,1.038151
1.055197,1.062542,1.038151,1.090003
1.079841,1.062008,1.090003,0.946286
0.973371,0.954653,0.946286,1.009058
0.972934,1.015213,1.009058,0.998504
1.016452,1.015291,0.998504,1.039257
1.022366,0.994277,1.039257,0.974048
0.989062,0.999697,0.974048,0.973949
0.974971,0.990303,0.973949,1.059574
1.047761,1.049572,1.059574,1.048766
1.048148,1.03207,1.048766,0.9
0.917369,0.912429,0.9,1.015716
0.982222,1.003096,1.015716,1.043993
1.046757,1.037963,1.043993,1.053182
1.062536,1.046685,1.053182,1.048841
1.076214,1.058523,1.048841,1.1
1.067288,1.042136,1.1,1.037019
1.045573,1.1,1.037019,0.945309
0.954833,0.959813,0.945309,1.025176
1.012299,0.998053,1.025176,0.970012
0.96028,0.986829,0.970012,0.952532
0.963504,0.944142,0.952532,1.041656
1.030051,1.018325,1.041656,0.983808
0.987987,1.000257,0.983808,0.929426
0.947643,0.950912,0.929426,0.949557
0.942655,0.946216,0.949557,0.972591
0.971944,0.976292,0.972591,1.065078
1.0503,1.041837,1.065078,1.009002
1.027211,1.031452,1.009002,1.013517
1.01457,1.018786,1.013517,0.979995
0.964752,0.954035,0.979995,0.976864
0.971583,0.971989,0.976864,1.073001
1.096936,1.074928,1.073001,1.021033
0.999238,1.018767,1.021033,0.974568
0.988056,1.005263,0.974568,0.948069
0.941358,0.942408,0.948069,1.07019
1.071585,0.982222,1.07019,1.001029
1.00204,1.084559,1.001029,1.024152
1.03944,1.03781,1.024152,0.948821
0.937332,0.927136,0.948821,1.075093
1.085401,1.083469,1.075093,0.991884
0.981713,0.994247,0.991884,1.055294
1.052941,1.061635,1.055294,0.926927
0.929935,0.927251,0.926927,1.030418
1.031289,1.016611,1.030418,1.003936
1.015777,1.000503,1.003936,0.958099
0.953405,0.978643,0.958099,1.027621
1.022055,1.014377,1.027621,1.019662
1.010054,1.031638,1.019662,1.015621
1.036174,1.020608,1.015621,1.072338
1.054358,1.037981,1.072338,0.997311
1.004,1.023159,0.997311,0.986966
0.981629,0.984608,0.986966,1.022313
1.027057,1.001149,1.022313,1.024944
1.019978,1.052124,1.024944,0.962408
0.957383,0.949804,0.962408,1.016031
1.01821,1.027114,1.016031,0.953333
0.953411,0.937808,0.953333,0.994406
0.996295,1.009781,0.994406,0.981716
0.991632,0.982282,0.981716,0.976361
0.967651,0.969216,0.976361,0.969919
0.968992,0.967742,0.969919,1.014372
1.01,0.997692,1.014372,1.013423
1.023267,1.043691,1.013423,0.951435
0.94775,0.93967,0.951435,1.074762
1.084737,1.082285,1.074762,1.041017
1.046588,1.041404,1.041017,1.01129
0.995054,1.014183,1.01129,0.982456
0.989381,0.981201,0.982456,1.04731
1.043161,1.046729,1.04731,1.005536
0.998249,0.989509,1.005536,0.945827
0.95614,0.945409,0.945827,0.97858
0.970183,0.981627,0.97858,1.030217
1.028369,1.04035,1.030217,0.968591
0.967126,0.967523,0.968591,0.917263
0.917518,0.9,0.917263,1.008318
1.032902,1.03302,1.008318,0.986079
0.965889,0.912422,0.986079,0.95634
0.997144,1.03959,0.95634,1.001093
0.959375,0.983014,1.001093,1.026761
1.032302,1.042642,1.026761,1.031383
1.032606,1.034483,1.031383,1.03017
1.017316,1.018605,1.03017,0.97597
0.979975,0.971588,0.97597,0.992562
0.99106,0.990601,0.992562,1.088889
1.087371,1.087507,1.088889,0.923113
0.92913,0.936258,0.923113,0.910797
0.917857,0.905514,0.910797,1.015241
1.009172,1.014294,1.015241,1.029191
1.033875,1.034386,1.029191,0.991626
0.980288,0.992098,0.991626,1.025879
1.036685,1.029937,1.025879,1.051514
1.045872,1.034933,1.051514,0.985101
0.992481,1.002834,0.985101,0.958472
0.954545,0.960432,0.958472,1.005349
1.010582,1.00321,1.005349,1.063847
1.048691,1.034667,1.063847,1.00025
1.003495,1.018299,1.00025,1.07
1.072139,1.071881,1.07,0.981308
0.979118,0.976387,0.981308,1.040952
1.052133,1.048851,1.040952,1.042772
1.035586,1.010376,1.042772,1.010748
1.010222,1.018941,1.010748,1.020616
1.021744,1.041433,1.020616,0.956623
0.978719,0.95914,0.956623,1.068237
1.040904,1.061659,1.068237,1.053683
1.063082,1.068849,1.053683,0.968207
0.97179,0.954357,0.968207,1.030186
1.018619,1.035197,1.030186,0.974065
0.971108,0.9502,0.974065,1.040244
1.052014,1.05241,1.040244,1.014068
1.013851,1.024,1.014068,0.967437
0.966793,0.974805,0.967437,1.024497
1.010599,1.007814,1.024497,0.999806
1.010682,1.013917,0.999806,1.004083
1.017487,1.007843,1.004083,1.022463
1.023607,1.025097,1.022463,0.977652
0.958303,0.960334,0.977652,1.005812
1.017135,1.019565,1.005812,0.959746
0.965171,0.963171,0.959746,1.040939
1.022946,1.018515,1.040939,0.98689
0.983512,0.996048,0.98689,0.974214
0.975049,0.949216,0.974214,1.018247
1.019592,1.048067,1.018247,1.033675
1.035294,1.010768,1.033675,0.964946
0.965909,0.98047,0.964946,1.087463
1.08098,1.080483,1.087463,0.936456
0.989479,0.954935,0.936456,1.068244
1.014299,1.049337,1.068244,1.060617
1.067233,1.061327,1.060617,1.005476
0.999661,1.001576,1.005476,0.976685
0.982382,0.995105,0.976685,1.045478
1.051388,1.027934,1.045478,0.987167
0.989831,0.996924,0.987167,1.021442
1.035957,1.036516,1.021442,1.049917
1.019994,1.03126,1.049917,1.024402
1.06006,1.03753,1.024402,1.077148
1.053402,1.05766,1.077148,1.010415
0.99663,1.023093,1.010415,0.987715
0.988587,0.987143,0.987715,0.939957
0.964225,0.950796,0.939957,0.993156
0.974723,0.979148,0.993156,1.059571
1.06051,1.069175,1.059571,1.07689
1.075361,1.052632,1.07689,1.076366
1.071144,1.08826,1.076366,0.982918
0.990565,0.981089,0.982918,1.019409
1.021181,1.034929,1.019409,0.9
0.9,0.9,0.9,0.996475
1.002568,1.022502,0.996475,0.911321
0.915017,0.902982,0.911321,1.043219
1.037913,1.027778,1.043219,0.982387
0.975729,0.981132,0.982387,0.988636
1.000251,1.001299,0.988636,1.1
1.1,1.1,1.1,1.06987
1.081448,1.04186,1.06987,1.007811
1.006904,1.035714,1.007811,1.021529
1.027841,1.018319,1.021529,0.983983
0.970285,0.977354,0.983983,0.969801
0.957292,0.972499,0.969801,0.92712
0.968444,0.92407,0.92712,1.058361
1.013483,1.050843,1.058361,0.956336
0.964523,0.967439,0.956336,0.99294
0.976322,0.978905,0.99294,0.994548
0.988462,0.98063,0.994548,1.045281
1.0505,1.049383,1.045281,1.021888
1.031293,1.042353,1.021888,1.004462
1.002639,0.997968,1.004462,0.968458
0.964474,0.981226,0.968458,0.972936
0.977717,0.963578,0.972936,0.980669
0.998605,0.983014,0.980669,0.973558
0.952026,0.975907,0.973558,0.935062
0.936399,0.937656,0.935062,1.054661
1.057994,1.053191,1.054661,1.001002
1.002963,1.005051,1.001002,1.06003
1.056376,1.030151,1.06003,0.973101
0.979958,0.995122,0.973101,0.991028
0.983353,0.990196,0.991028,1.019819
1.021524,1.023515,1.019819,1.034789
1.030777,1.035067,1.034789,1.0524
1.051677,1.037617,1.0524,1.002423
1.047172,1.024319,1.002423,0.970769
0.9439,0.967246,0.970769,1.033733
1.021653,1.03,1.033733,0.982041
0.990917,0.986761,0.982041,0.975022
0.9701,0.961091,0.975022,0.979414
0.966704,0.976035,0.979414,1.069827
1.078892,1.068415,1.069827,0.979699
0.987921,0.981928,0.979699,0.924465
0.917031,0.918655,0.924465,1.013015
1.009524,1.029434,1.013015,0.965263
0.957547,0.952667,0.965263,0.982992
0.993103,0.993947,0.982992,0.958124
0.951389,0.959401,0.958124,1.075635
1.081595,1.06083,1.075635,0.983455
0.993492,1.003241,0.983455,0.903513
0.909995,0.9,0.903513,1.027108
1.007731,1.00939,1.027108,0.991736
0.993386,1.012312,0.991736,0.994086
0.99281,0.989189,0.994086,0.994862
0.98927,0.997814,0.994862,1.019027
1.027115,1.014513,1.019027,1.0
1.0,1.0,1.0,1.0
1.0,1.0,1.0,1.033876
1.027983,1.033738,1.033876,1.01677
1.014124,1.023499,1.01677,0.96879
0.982527,0.971939,0.96879,0.950498
0.949742,0.949606,0.950498,1.054009
1.058073,1.030956,1.054009,1.011765
1.002308,1.026273,1.011765,1.04186
1.052456,1.044932,1.04186,0.980903
0.968879,0.979,0.980903,1.011125
1.006274,1.006129,1.011125,0.990998
0.992519,0.997462,0.990998,0.963159
0.96206,0.963613,0.963159,1.028294
1.038391,1.030367,1.028294,0.996433
0.984658,0.99308,0.996433,1.034518
1.041379,1.029935,1.034518,1.016807
1.02183,0.994738,1.016807,1.010695
1.003361,1.035768,1.010695,1.032227
1.047129,1.042802,1.032227,1.006291
0.988348,0.981343,1.006291,0.939106
0.941748,0.956749,0.939106,1.016519
1.027246,1.018132,1.016519,0.961921
0.962963,0.962674,0.961921,1.048664
1.034988,1.013685,1.048664,0.971387
0.970511,0.99775,0.971387,0.99703
1.000494,0.993235,0.99703,1.028054
1.049383,1.017407,1.028054,1.011108
1.014118,1.03149,1.011108,0.976833
0.954988,0.975481,0.976833,0.995844
0.990525,0.988172,0.995844,1.009084
1.027716,0.983042,1.009084,1.042092
1.057279,1.079401,1.042092,1.011207
0.991648,1.008226,1.011207,1.021704
1.021398,1.022844,1.021704,1.00113
1.0,0.995214,1.00113,0.954402
0.972587,0.959469,0.954402,1.042337
1.015124,1.046539,1.042337,1.003857
1.011287,0.99886,1.003857,0.995027
0.996652,1.002283,0.995027,0.999091
0.997088,0.992483,0.999091,0.998181
0.989668,1.00023,0.998181,1.046241
1.054017,1.041762,1.046241,1.043762
1.038114,1.04185,1.043762,1.025657
1.029454,1.026427,1.025657,1.013016
1.014104,0.984758,1.013016,0.990765
0.992847,1.005438,0.990765,1.014792
1.012007,1.005409,1.014792,0.957069
0.958671,0.98593,0.957069,0.990611
0.980611,0.976076,0.990611,1.005687
1.013042,1.01376,1.005687,1.05445
1.052741,1.032874,1.05445,1.096127
1.093886,1.072074,1.096127,0.988947
0.997115,1.018962,0.988947,0.986808
0.985353,1.0,0.986808,0.93873
0.970637,0.948308,0.93873,0.9
0.935905,0.9,0.9,0.977045
0.942626,0.93626,0.977045,1.053832
0.997428,0.951916,1.053832,1.045887
1.05694,1.1,1.045887,0.951987
0.965643,0.95037,0.951987,0.920652
0.9,0.908889,0.920652,1.030933
1.044319,1.057457,1.030933,0.980073
0.980813,0.986821,0.980073,0.905118
0.931876,0.904405,0.905118,0.929512
0.9,0.9,0.929512,1.003889
1.00083,0.994792,1.003889,0.962922
0.989221,1.010471,0.962922,1.008908
0.996088,1.000288,1.008908,0.96041
0.980926,0.964604,0.96041,0.983393
0.959394,0.97852,0.983393,1.055489
1.048286,1.04878,1.055489,1.039143
1.044925,1.040698,1.039143,1.060214
1.050884,1.053073,1.060214,0.952541
0.962714,0.96366,0.952541,1.045739
1.038731,1.03771,1.045739,1.009373
1.020715,1.022546,1.009373,0.974981
0.968798,0.976654,0.974981,0.964286
0.99005,0.953519,0.964286,1.004938
0.982809,1.018106,1.004938,1.040404
1.034715,1.034473,1.040404,1.041459
1.037711,1.030944,1.041459,1.05543
1.063158,1.047973,1.05543,0.976844
0.97124,0.99388,0.976844,0.9
0.9,0.9,0.9,0.967635
0.975305,0.995397,0.967635,1.005718
0.996383,1.00578,1.005718,0.944287
0.935772,0.916954,0.944287,1.025888
1.053417,1.06581,1.025888,1.00088
0.98017,0.980006,1.00088,1.059513
1.060694,1.081608,1.059513,0.962922
0.953134,0.938974,0.962922,1.000287
1.010292,1.001773,1.000287,0.972134
0.958404,0.982896,0.972134,1.1
1.1,1.1,1.1,1.02498
1.018961,1.016845,1.02498,1.011667
0.995667,1.003418,1.011667,0.97796
0.988223,0.995807,0.97796,0.996331
0.99171,0.996842,0.996331,0.966334
0.963166,0.959609,0.966334,0.958356
0.967724,0.957359,0.958356,1.00426
1.011771,1.014655,1.00426,1.00509
0.995845,0.997451,1.00509,1.014913
1.006398,1.016752,1.014913,0.984475
0.989221,0.988551,0.984475,1.027316
1.024867,1.014407,1.027316,0.987116
0.990731,1.001392,0.987116,0.965287
0.968079,0.959956,0.965287,0.993383
1.002558,0.992178,0.993383,1.027512
1.020697,1.030657,1.027512,1.023675
1.013889,1.020113,1.023675,1.082048
1.081918,1.063871,1.082048,1.004326
1.017979,1.018011,1.004326,1.039017
1.027612,1.043077,1.039017,0.959766
0.970709,0.963618,0.959766,1.010417
0.994763,1.004592,1.010417,0.987931
0.987215,0.985272,0.987931,1.015017
1.015998,1.022165,1.015017,1.056169
1.054236,1.002269,1.056169,1.041548
1.073495,1.097358,1.041548,0.977661
0.960689,0.977992,0.977661,1.003031
0.997241,1.003282,1.003031,0.980474
0.977178,0.969626,0.980474,1.03082
1.028544,1.015904,1.03082,1.00322
1.004587,1.011622,1.00322,0.944979
0.950228,0.951934,0.944979,0.989083
0.986545,0.993842,0.989083,0.999509
0.999756,1.005452,0.999509,0.997791
1.002923,0.994824,0.997791,0.991884
0.987127,0.997522,0.991884,1.013142
1.034941,1.012668,1.013142,1.003916
0.98407,0.998283,1.003916,1.039249
1.035274,1.027273,1.039249,0.971147
0.979463,0.947142,0.971147,1.015459
1.012152,1.057828,1.015459,0.986917
0.979049,0.978993,0.986917,0.974452
0.977879,0.972933,0.974452,0.976255
0.975412,0.972431,0.976255,1.016975
1.01941,1.026804,1.016975,0.996263
0.989367,0.998494,0.996263,0.977744
0.99925,0.980392,0.977744,0.984399
0.964232,0.978462,0.984399,0.970902
0.982879,0.977987,0.970902,1.023281
1.017155,1.021972,1.023281,1.000785
0.998962,0.999738,1.000785,1.016462
1.011429,1.004458,1.016462,1.017995
1.037237,1.02611,1.017995,1.010354
0.996286,1.010178,1.010354,0.9985
1.000994,0.996474,0.9985,1.017772
1.021351,1.026036,1.017772,0.992376
0.98177,0.979552,0.992376,1.050805
1.051498,1.041247,1.050805,0.98467
0.993172,0.993961,0.98467,0.995689
0.986012,0.987849,0.995689,0.958383
0.963453,0.97663,0.958383,1.014558
1.01697,1.007557,1.014558,0.987135
0.996564,0.99725,0.987135,0.997494
0.986457,0.970168,0.997494,1.010302
1.009735,1.022222,1.010302,0.982094
0.988875,0.993933,0.982094,1.046088
1.0345,1.026958,1.046088,1.005568
1.005317,1.014859,1.005568,0.94728
0.957933,0.949,0.94728,0.987039
0.983187,0.992029,0.987039,0.974768
0.977284,0.980301,0.974768,0.993397
0.986942,0.987573,0.993397,1.002393
0.997883,1.000535,1.002393,1.002918
1.011668,1.008295,1.002918,1.024332
1.018873,1.016189,1.024332,0.983734
0.981477,0.988509,0.983734,1.001575
1.005505,0.998943,1.001575,0.975105
0.977059,0.981222,0.975105,1.002687
1.000534,1.001617,1.002687,0.933262
0.941067,0.9338,0.933262,1.009477
0.9983,1.004899,1.009477,1.023898
1.027817,1.011758,1.023898,1.004168
1.002486,1.019558,1.004168,0.995573
1.002755,0.99722,0.995573,1.046971
1.039011,1.0276,1.046971,0.999735
1.001586,1.001085,0.999735,1.018322
1.013728,1.014363,1.018322,1.011473
1.010938,0.998664,1.011473,0.991493
0.995878,1.007223,0.991493,0.956578
0.95939,0.969987,0.956578,1.02093
1.017255,1.024096,1.02093,0.968051
0.96581,0.960428,0.968051,1.00055
1.01674,1.002506,1.00055,0.97801
0.963563,0.979728,0.97801,1.011804
1.013445,1.018707,1.011804,1.039444
1.038695,1.030885,1.039444,0.97675
1.001064,0.985695,0.97675,1.011491
1.000266,1.009036,1.011491,0.95023
0.953495,0.941113,0.95023,0.938514
0.944816,0.941753,0.938514,1.027298
1.013569,1.028781,1.027298,1.020667
1.00844,1.01994,1.020667,1.01996
1.033478,1.027137,1.01996,1.098128
1.095783,1.043466,1.098128,1.038223
1.048675,1.077866,1.038223,1.024129
1.024058,1.015408,1.024129,1.1
1.086853,1.069652,1.1,0.953427
0.99345,1.004651,0.953427,1.011751
1.001099,1.007176,1.011751,1.00205
0.983974,0.99977,1.00205,1.012045
1.01071,1.011724,1.012045,1.047159
1.03532,1.01227,1.047159,0.919794
0.982516,0.960718,0.919794,0.99557
0.931641,0.974299,0.99557,0.979391
0.987188,0.995204,0.979391,0.968675
1.000236,0.958795,0.968675,0.9
0.9,0.9,0.9,0.94849
0.932762,0.955867,0.94849,0.980899
0.968371,0.948949,0.980899,0.985872
0.98177,0.978244,0.985872,0.923703
0.940812,0.929236,0.923703,1.1
1.1,1.1,1.1,0.969282
0.950903,0.966242,0.969282,0.974418
0.987092,0.980202,0.974418,0.908699
0.919615,0.917624,0.908699,0.941785
0.914262,0.9,0.941785,0.951465
0.978042,0.992326,0.951465,1.08999
1.071562,1.083132,1.08999,0.975717
0.989088,0.985721,0.975717,1.038462
1.023831,1.018108,1.038462,0.926797
0.933621,0.938195,0.926797,1.055477
1.042936,1.020379,1.055477,1.019154
1.015494,1.050163,1.019154,0.971154
0.986486,0.973021,0.971154,0.936994
0.931065,0.923182,0.936994,0.96878
0.963455,0.9,0.96878,0.982152
1.002463,1.082508,0.982152,1.094902
1.071253,1.047256,1.094902,1.005071
1.013761,1.043668,1.005071,1.018349
1.021719,1.02278,1.018349,0.963063
0.990257,0.970909,0.963063,0.985033
0.943202,0.970506,0.985033,0.956315
0.993362,0.962373,0.956315,0.972195
0.955609,0.97995,0.972195,0.964249
0.964036,0.952941,0.964249,1.016949
1.002073,1.016103,1.016949,0.911458
0.90848,0.9,0.911458,1.028
1.032442,1.048824,1.028,1.037799
1.033076,1.023556,1.037799,0.984467
0.996798,0.997808,0.984467,1.012514
0.996788,0.993959,1.012514,1.033315
1.033298,1.022099,1.033315,1.01196
1.035863,1.045405,1.01196,0.996917
0.975916,0.978283,0.996917,1.067526
1.083805,1.081395,1.067526,1.076775
1.098197,1.086022,1.076775,1.023318
1.021598,1.013051,1.023318,1.002191
0.979704,0.999556,1.002191,0.984696
0.971946,0.969333,0.984696,1.059503
1.071048,1.083448,1.059503,0.963118
0.974295,0.964029,0.963118,1.020888
1.002128,1.016681,1.020888,0.94416
0.957113,0.951209,0.94416,0.989616
0.992902,0.986382,0.989616,0.931113
0.919124,0.909342,0.931113,0.957864
0.992222,0.981781,0.957864,0.956522
0.933366,0.958763,0.956522,0.981818
0.981102,0.983871,0.981818,0.9
0.9,0.9,0.9,1.009913
1.023766,1.0233,1.009913,1.033742
1.008333,1.028308,1.033742,0.982196
0.995277,0.986236,0.982196,1.029003
1.020166,1.022451,1.029003,1.027011
1.02093,1.0,1.027011,0.95426
0.958428,0.983976,0.95426,0.981426
0.977421,0.97889,0.981426,0.960928
0.972036,0.965496,0.960928,0.985388
1.006879,0.940651,0.985388,1.081238
1.047826,1.090909,1.081238,1.024448
1.030824,1.034826,1.024448,0.989523
1.021852,1.019231,0.989523,1.005882
0.974676,1.002948,1.005882,1.026316
1.023095,1.022928,1.026316,0.973789
0.967833,0.971264,0.973789,0.910474
0.911953,0.913018,0.910474,1.001285
1.006394,1.005833,1.001285,1.020539
1.013977,1.014175,1.020539,0.971698
0.993108,0.981576,0.971698,0.972168
0.95205,0.963107,0.972168,0.985353
0.981445,0.975134,0.985353,1.036486
1.049966,1.053756,1.036486,0.971969
0.974277,0.972531,0.971969,1.034205
1.032343,1.020847,1.034205,0.989624
1.004476,1.002635,0.989624,0.979685
0.956079,0.976347,0.979685,1.002007
1.002663,1.003365,1.002007,1.036716
1.051793,1.040241,1.036716,0.973599
