1.086796,1.1,1.075786,0.950172
0.956669,0.931602,0.950172,0.975588
0.976021,0.991636,0.975588,0.984245
0.988171,0.985942,0.984245,1.032015
1.015654,1.032319,1.032015,1.02646
1.037171,1.009208,1.02646,1.041778
1.030594,1.031022,1.041778,0.995734
1.001696,1.010619,0.995734,0.970865
0.966977,0.982487,0.970865,1.047661
1.058669,1.045455,1.047661,1.00337
1.001654,0.98977,1.00337,1.020151
1.01569,1.033592,1.020151,1.060905
1.04878,1.034167,1.060905,1.040341
1.084496,1.071716,1.040341,1.096197
1.063617,1.06015,1.096197,0.9
0.9,0.9,0.9,0.992985
1.012232,1.05,0.992985,0.919937
0.906344,0.920635,0.919937,0.946246
0.925,0.9,0.946246,1.071235
1.072072,1.1,1.071235,1.026094
1.02521,1.023377,1.026094,1.041838
1.077869,1.068528,1.041838,0.91811
0.935361,0.918448,0.91811,1.0506
1.030081,1.050862,1.0506,0.9
0.9,0.9,0.9,1.098441
1.059869,1.092929,1.098441,0.959184
0.954987,0.965804,0.959184,1.043478
1.048983,1.064115,1.043478,1.019504
1.027313,1.02518,1.019504,1.075652
1.066895,1.046491,1.075652,0.948262
0.946141,0.955574,0.948262,1.005968
1.04418,1.033333,1.005968,1.09661
1.061839,1.055178,1.09661,0.998454
1.005364,0.998391,0.998454,0.975232
0.966463,0.983078,0.975232,0.973016
0.97082,0.977049,0.973016,0.983687
0.997563,0.994128,0.983687,1.011609
0.999186,1.008439,1.011609,1.013934
1.01304,1.010879,1.013934,0.953921
0.979083,0.97351,0.953921,1.1
1.1,1.088435,1.1,0.95997
0.956231,0.969531,0.95997,1.014949
1.003103,1.023368,1.014949,0.949612
1.040217,0.962205,0.949612,0.995102
0.907063,0.97054,0.995102,1.040197
1.04918,1.037099,1.040197,0.947161
0.969531,0.97561,0.947161,0.990008
0.960516,0.973333,0.990008,1.063919
1.063758,1.057363,1.063919,0.980237
0.989748,0.981377,0.980237,1.004839
1.00239,1.009901,1.004839,1.008828
1.021463,1.019608,1.008828,1.009547
1.015564,1.014423,1.009547,1.030733
1.018391,0.99921,1.030733,1.022171
1.012792,1.007905,1.022171,0.994016
1.005201,1.038431,0.994016,1.010534
1.02439,1.01284,1.010534,1.032762
1.030303,1.0261,1.032762,0.953857
0.936975,0.948401,0.953857,1.0
0.991031,0.992337,1.0,0.989418
1.003771,1.010039,0.989418,0.968678
0.974455,0.968654,0.968678,0.983438
0.96916,0.981058,0.983438,0.968725
0.961018,0.955752,0.968725,1.005795
1.005795,1.010101,1.005795,1.012346
1.026337,1.02,1.012346,0.982927
0.977546,0.984477,0.982927,0.917287
0.910582,0.901245,0.917287,0.992786
1.005405,1.002762,0.992786,1.014532
1.002688,0.998163,1.014532,0.989257
1.003575,1.01196,0.989257,0.938462
1.0187,0.937273,0.938462,0.940212
0.9,0.935015,0.940212,1.020513
1.02238,1.012448,1.020513,0.952764
0.975124,0.967213,0.952764,1.016878
0.989796,0.994703,1.016878,1.023859
1.018557,1.028754,1.023859,1.031408
1.041498,1.047619,1.031408,1.023576
1.013605,1.016798,1.023576,1.007678
1.024928,1.015549,1.007678,0.949524
0.949486,0.949282,0.949524,1.039117
1.026601,1.009073,1.039117,1.068533
1.084453,1.095904,1.068533,0.921409
0.90885,0.912489,0.921409,1.020588
1.020448,1.025974,1.020588,0.951969
0.98187,0.952288,0.951969,0.960646
0.941691,0.97137,0.960646,0.991597
0.990712,0.989474,0.991597,0.956568
0.946875,0.942553,0.956568,0.93134
0.935094,0.944695,0.93134,0.998811
1.0,1.001195,0.998811,1.028571
1.029412,1.02506,1.028571,1.034722
1.037714,0.996508,1.034722,1.03915
1.045154,1.067757,1.03915,0.997847
0.982086,0.995624,0.997847,0.980583
0.986052,0.991209,0.980583,0.943894
0.972797,0.949002,0.943894,1.054779
1.050336,1.053738,1.054779,0.917127
0.909478,0.911308,0.917127,0.968675
0.948478,0.970803,0.968675,0.900498
0.9,0.9,0.900498,0.946133
0.950345,0.952722,0.946133,0.973723
0.970972,0.989474,0.973723,0.928036
0.926756,0.920973,0.928036,1.067851
1.1,1.084158,1.067851,1.025719
0.995614,1.019787,1.025719,0.9941
1.010279,1.001493,0.9941,1.023739
1.005814,1.004471,1.023739,1.02029
1.018786,1.029674,1.02029,1.03267
1.038298,1.036023,1.03267,1.049519
1.047814,1.031989,1.049519,1.017038
1.018253,1.032345,1.017038,1.041237
1.038412,1.01436,1.041237,1.030941
1.027127,0.971686,1.030941,0.942377
0.977191,1.02649,0.942377,0.901911
0.9,0.910968,0.901911,1.049435
1.037139,1.033994,1.049435,1.02288
1.013263,1.028767,1.02288,1.1
1.1,1.1,1.1,0.901982
0.9,0.917919,0.901982,1.008547
0.996441,1.021411,1.008547,0.98184
0.986905,0.996301,0.98184,0.965475
0.974668,0.966584,0.965475,1.012771
1.017327,1.007682,1.012771,1.037831
1.013382,1.034307,1.037831,0.996355
1.026411,1.002457,0.996355,0.987805
0.960234,0.980392,0.987805,0.959259
0.979294,0.97,0.959259,0.936937
0.926617,0.9,0.936937,0.96978
0.955705,1.00292,0.96978,1.018414
1.021067,1.029112,1.018414,0.9
0.900963,0.902405,0.9,0.965571
0.961832,0.965517,0.965571,0.949757
0.933333,0.926948,0.949757,1.1
1.1,1.1,1.1,0.919825
0.934402,0.973312,0.919825,0.966719
0.99376,0.980645,0.966719,0.963934
0.926217,0.950658,0.963934,1.061224
1.064407,1.039792,1.061224,0.987179
0.990446,1.011647,0.987179,0.913961
0.921222,0.924342,0.913961,1.010657
0.994764,0.987544,1.010657,0.99297
1.005263,1.012613,0.99297,1.031858
1.04014,1.02847,1.031858,1.020583
1.003356,1.020761,1.020583,0.976471
1.026756,0.977966,0.976471,1.024096
0.970684,1.008666,1.024096,0.979832
0.988255,0.996564,0.979832,0.960549
0.955857,0.948276,0.960549,1.019643
1.033748,1.021818,1.019643,1.047285
1.036082,1.008897,1.047285,1.008361
1.003317,1.044092,1.008361,1.006633
1.003306,0.972973,1.006633,0.983526
0.998353,1.029514,0.983526,1.031826
1.024752,1.033727,1.031826,1.011364
1.006441,1.003263,1.011364,0.969502
1.0,0.980488,0.969502,1.043046
1.0144,1.033167,1.043046,0.968254
0.976341,0.972713,0.968254,1.019672
1.009693,1.009901,1.019672,1.012862
1.016,1.02451,1.012862,1.009524
1.009449,1.001595,1.009524,0.984277
0.985959,0.990446,0.984277,1.001597
0.992089,0.996785,1.001597,1.019139
1.035088,1.019355,1.019139,0.984351
0.979969,0.984177,0.984351,0.976153
0.971698,0.9791,0.976153,0.982085
0.982201,0.978654,0.982085,0.978441
0.998353,0.988255,0.978441,0.991525
0.975248,0.991511,0.991525,1.003419
1.003384,0.988014,1.003419,0.960818
0.969646,0.970537,0.960818,1.015957
1.0,1.008929,1.015957,1.012216
1.010435,1.010619,1.012216,1.025862
1.027539,1.028021,1.025862,1.003361
1.001675,1.005111,1.003361,1.038526
1.048495,1.044068,1.038526,1.037097
1.043062,1.006494,1.037097,0.967341
0.958716,0.977419,0.967341,1.0
1.004785,1.00495,1.0,0.9
0.9,0.9,0.9,1.013359
1.007519,1.021318,1.013359,1.026365
1.027985,1.018975,1.026365,0.950459
0.969147,0.964618,0.950459,1.027027
1.001873,1.017375,1.027027,1.020677
1.02243,1.024668,1.020677,1.018416
1.027422,1.012963,1.018416,0.983725
0.994662,0.987203,0.983725,1.045956
1.025045,1.027778,1.045956,1.035149
1.04363,1.041441,1.035149,0.993209
0.98495,0.99481,0.993209,1.044444
1.044143,1.04,1.044444,0.98527
0.98374,0.9699,0.98527,0.981728
0.978512,1.005172,0.981728,1.001692
1.010135,1.012007,1.001692,1.035473
1.028428,1.027119,1.035473,1.004894
1.011382,1.009901,1.004894,0.957792
0.963023,0.955882,0.957792,0.983051
0.974958,0.984615,0.983051,1.012069
1.010274,0.998264,1.012069,1.045997
1.049153,1.046957,1.045997,1.001629
1.004847,1.009967,1.001629,1.006504
0.996785,1.009868,1.006504,0.98546
0.985484,0.985342,0.98546,1.001639
1.00491,1.0,1.001639,0.96072
0.972313,0.961983,0.96072,1.005111
0.99665,0.998282,1.005111,1.013559
1.008403,1.015491,1.013559,0.938127
0.948333,0.933898,0.938127,1.033868
1.047452,1.047187,1.033868,1.043103
1.020134,1.032929,1.043103,0.98843
0.991776,1.003356,0.98843,1.008361
1.004975,0.998328,1.008361,1.033167
1.028053,1.026801,1.033167,1.067416
1.088283,1.065253,1.067416,0.986466
0.979351,0.954058,0.986466,1.015244
1.004518,1.043339,1.015244,0.938438
0.958021,0.953846,0.938438,1.0656
1.043818,1.033871,1.0656,0.957958
0.971514,0.982839,0.957958,1.00627
0.992284,1.006349,1.00627,1.035826
1.046656,1.039432,1.035826,1.07218
1.1,1.028832,1.07218,0.9
0.9,0.935103,0.9,1.006299
0.978593,0.985804,1.006299,1.00313
1.003125,1.0032,1.00313,1.00624
1.017134,1.014354,1.00624,1.066667
1.058193,1.037736,1.066667,1.034884
1.065123,1.063636,1.034884,1.050562
1.052989,1.05698,1.050562,0.941176
0.922581,0.936658,0.941176,0.950284
0.93986,0.935252,0.950284,1.010463
1.005952,1.016923,1.010463,0.997041
1.005917,1.013616,0.997041,0.989614
0.980882,0.976119,0.989614,1.017991
1.022489,1.025994,1.017991,1.004418
1.0,0.997019,1.004418,1.021994
1.049853,1.037369,1.021994,1.030129
1.006983,1.023055,1.030129,1.020891
1.018031,1.01831,1.020891,1.062756
1.1,1.04426,1.062756,0.992298
0.95679,0.981457,0.992298,1.054334
1.055484,1.08637,1.054334,1.022086
1.022005,1.001242,1.022086,1.093637
1.093301,1.080645,1.093637,1.054885
1.057987,1.076923,1.054885,1.03538
1.041365,1.036247,1.03538,0.943719
0.946375,0.946502,0.943719,0.976571
0.965373,0.948913,0.976571,0.960742
0.976087,1.004582,0.960742,1.062429
1.063474,1.04561,1.062429,1.004274
1.017801,1.02072,1.004274,0.992553
0.97428,0.982906,0.992553,1.087889
1.083421,1.088043,1.087889,0.951724
0.979532,0.958042,0.951724,0.949275
0.966169,0.947862,0.949275,1.009815
0.959835,1.011001,1.009815,0.993521
0.98927,0.979325,0.993521,0.996739
1.024946,1.006667,0.996739,0.992366
0.966138,0.972406,0.992366,1.041758
1.064622,1.057889,1.041758,1.048523
1.044239,1.059013,1.048523,0.976861
0.973399,0.978723,0.976861,1.014418
1.017206,1.014493,1.014418,1.014213
1.068657,1.012245,1.014213,1.028028
0.962756,1.023185,1.028028,1.005842
1.009671,1.011823,1.005842,1.009681
1.000958,0.987342,1.009681,1.029722
1.062201,1.051282,1.029722,1.010242
0.987387,1.003752,1.010242,1.1
1.089416,1.094393,1.1,1.020101
1.024288,1.015371,1.020101,1.078818
1.080948,1.05635,1.078818,0.991629
0.994705,1.003185,0.991629,1.024559
1.01673,1.02381,1.024559,1.053933
1.057592,1.050388,1.053933,0.969439
0.968883,0.97417,0.969439,0.914956
0.919708,0.92197,0.914956,1.048878
1.084127,1.05834,1.048878,1.1
1.1,1.1,1.1,0.956242
0.954373,0.922563,0.956242,1.1
1.1,1.1,1.1,0.979952
0.996786,0.994486,0.979952,0.9
0.9,0.9,0.9,0.9
0.9,0.9,0.9,0.9
0.9,0.9,0.9,0.9
0.9,0.9,0.9,1.1
1.1,1.1,1.1,1.1
1.1,1.1,1.1,0.9
0.9,0.9,0.9,1.1
1.1,1.1,1.1,1.098191
1.095482,1.092692,1.098191,0.985882
1.063813,1.025285,0.985882,0.9
0.9,0.9,0.9,0.9
0.9,0.9,0.9,1.1
1.1,1.1,1.1,0.984314
0.988462,0.983903,0.984314,1.005976
1.044747,1.023517,1.005976,0.990099
0.952514,0.965035,0.990099,1.099
1.1,1.07764,1.099,1.1
1.1,1.1,1.1,1.040752
1.031857,1.01855,1.040752,1.044428
1.088102,1.1,1.044428,1.1
1.083737,1.093773,1.1,0.948119
0.962963,0.987654,0.948119,1.1
1.092838,1.1,1.1,0.9
1.004854,0.915254,0.9,1.01166
0.905797,0.984911,1.01166,1.063051
1.052667,1.068942,1.063051,1.002551
1.024066,1.013681,1.002551,1.1
1.1,1.086761,1.1,0.965098
0.987308,1.072738,0.965098,0.9
0.9,0.9,0.9,0.9
0.9,0.9,0.9,1.1
1.1,1.1,1.1,0.900289
0.9,0.9,0.900289,1.055377
1.064133,1.1,1.055377,1.024335
1.011905,0.944615,1.024335,0.99703
1.002941,1.062704,0.99703,0.956069
0.964076,0.970881,0.956069,0.953271
0.987072,0.951066,0.953271,0.957516
0.932974,0.956846,0.957516,1.1
1.1,1.1,1.1,1.009894
1.014512,1.05117,1.009894,0.930111
0.936281,0.965229,0.930111,1.1
1.1,1.1,1.1,1.094185
1.093226,1.053247,1.094185,0.90699
0.904491,0.942663,0.90699,1.1
1.1,1.1,1.1,0.9
0.952249,0.9,0.9,0.9
0.9,0.9,0.9,0.99537
0.975922,0.959533,0.99537,1.018605
1.023901,1.041363,1.018605,1.063927
1.076807,1.066199,1.063927,0.994278
0.977622,0.993426,0.994278,0.978417
1.01073,0.969853,0.978417,0.935294
0.922859,0.925701,0.935294,1.037736
1.025307,1.076986,1.037736,1.045455
1.039641,1.045627,1.045455,1.006522
1.010072,1.004364,1.006522,0.986321
1.002849,0.991311,0.986321,0.957664
0.9375,0.949598,0.957664,0.99314
0.992424,0.997692,0.99314,1.001535
0.996183,0.989977,1.001535,1.029885
1.038314,1.042835,1.029885,1.002232
1.006642,0.995519,1.002232,1.008909
1.006598,1.005251,1.008909,1.012509
1.018937,1.023134,1.012509,0.950581
0.951394,0.950401,0.950581,1.08104
1.083396,1.065234,1.08104,1.006365
0.991678,1.006484,1.006365,1.008433
1.008392,1.015032,1.008433,1.018118
1.024272,1.01622,1.018118,1.006845
1.014895,1.006246,1.006845,1.00136
0.999333,1.012414,1.00136,1.047522
1.044726,1.044278,1.047522,1.036293
1.022364,0.998043,1.036293,1.021263
1.02875,1.041176,1.021263,0.964483
0.965371,0.966729,0.964483,0.972063
1.006293,0.992208,0.972063,0.996081
0.963102,0.991492,0.996081,0.983607
0.97987,0.943234,0.983607,1.026667
1.026508,1.049685,1.026667,1.00974
1.016785,1.03,1.00974,1.022508
1.038095,1.022006,1.022508,0.948428
0.957187,0.949968,0.948428,0.979443
0.950799,0.955333,0.979443,1.026405
1.030242,1.050244,1.026405,1.004617
0.996086,0.988704,1.004617,1.027577
1.033399,1.034946,1.027577,0.996166
1.0,0.99026,0.996166,0.974984
0.968314,0.982295,0.974984,0.980921
0.98822,0.989319,0.980921,0.991281
0.993377,0.995277,0.991281,1.006089
1.002,1.002712,1.006089,0.989913
0.986028,0.990534,0.989913,0.919158
0.921053,0.903072,0.919158,1.007391
1.023443,1.027967,1.007391,0.927366
0.939871,0.917647,0.927366,0.9
0.9,0.9,0.9,0.974382
0.967854,0.986364,0.974382,0.954669
0.985637,0.967742,0.954669,0.941121
0.915301,0.924762,0.941121,1.031282
1.031841,1.050463,1.031282,0.95499
0.952748,0.933333,0.95499,0.943648
0.935223,0.934874,0.943648,1.060803
1.059524,1.077528,1.060803,1.015353
1.028601,1.021898,1.015353,0.99496
0.994042,0.985714,0.99496,1.027356
1.047952,1.004141,1.027356,1.025641
1.004766,1.061856,1.025641,0.973077
0.963947,0.973786,0.973077,0.971344
0.979331,0.969093,0.971344,1.1
1.1,1.1,1.1,0.980018
0.956599,0.973346,0.980018,0.999073
1.038889,1.010387,0.999073,0.962894
0.951872,0.959813,0.962894,1.028902
1.003745,1.016553,1.028902,1.020599
1.021455,1.029693,1.020599,1.001835
1.008219,1.005581,1.001835,0.981685
0.977355,0.986124,0.981685,0.981343
0.985171,0.974672,0.981343,0.988593
0.983067,0.971126,0.988593,1.002885
1.004785,1.02775,1.002885,1.022052
1.02381,1.014465,1.022052,0.95591
0.952558,0.957224,0.95591,0.980373
1.005859,0.984111,0.980373,0.955956
0.93301,0.958628,0.955956,1.02199
1.029136,1.012632,1.02199,0.921107
0.954499,0.931393,0.921107,0.965517
0.929025,0.955357,0.965517,1.021889
1.022805,0.992991,1.021889,1.033822
1.035674,1.063529,1.033822,1.026172
1.018299,1.034292,1.026172,1.01594
1.019027,0.976471,1.01594,0.949791
0.951245,0.985761,0.949791,1.038546
1.079607,1.027778,1.038546,0.950159
0.919192,0.967568,0.950159,0.998884
0.996703,0.986592,0.998884,0.992179
0.98677,0.998867,0.992179,0.949324
0.958659,0.912698,0.949324,0.9
0.9,0.9,0.9,1.027378
1.008463,1.030702,1.027378,1.030856
1.039161,1.015603,1.030856,1.035374
1.033647,1.051676,1.035374,1.021025
1.014323,1.014608,1.021025,1.007722
1.014121,1.014398,1.007722,0.942529
1.002532,0.936774,0.942529,1.063686
1.0,1.071625,1.063686,0.985987
0.988636,0.988432,0.985987,1.011628
1.028097,1.015605,1.011628,1.1
1.1,1.069142,1.1,0.918578
0.926637,0.926946,0.918578,0.992509
0.969549,1.0,0.992509,1.028931
1.052764,1.055556,1.028931,1.050122
1.027446,1.0306,1.050122,1.015134
1.031359,1.02019,1.015134,0.940367
0.961712,0.942957,0.940367,0.969512
0.949649,0.97037,0.969512,0.9
0.918619,0.9,0.9,0.914773
0.9,0.9,0.914773,1.01087
1.012403,1.017713,1.01087,0.949309
0.95559,0.949367,0.949309,1.035599
1.027244,1.041667,1.035599,1.023438
1.023401,1.0272,1.023438,1.038168
1.054878,1.037383,1.038168,0.901471
0.910405,0.918919,0.901471,1.030995
1.009524,1.021242,1.030995,0.962025
0.987421,0.9664,0.962025,1.014803
0.988854,1.009934,1.014803,1.0
0.99839,0.990164,1.0,0.97731
0.982258,0.993377,0.97731,1.0
0.996716,0.996667,1.0,1.016584
1.018122,1.013378,1.016584,1.029364
1.022654,1.00165,1.029364,0.971474
0.987342,1.003295,0.971474,0.907015
0.9,0.9,0.907015,0.960432
0.96595,0.947566,0.960432,1.073034
1.083488,1.1,1.073034,1.073298
1.068493,1.065141,1.073298,1.001626
1.0,1.014876,1.001626,1.064935
1.067308,1.052117,1.064935,0.974085
1.028529,0.97678,0.974085,1.017214
0.981022,1.009509,1.017214,1.08
1.053571,1.069074,1.08,0.975783
0.998588,0.998532,0.975783,0.957664
0.947666,0.952941,0.957664,0.958841
0.965672,0.969136,0.958841,1.046105
1.023184,0.980892,1.046105,1.057751
1.069486,1.1,1.057751,1.048851
1.042373,1.041727,1.048851,0.979452
0.982385,0.966851,0.979452,0.988811
0.975172,0.987143,0.988811,1.004243
1.007072,1.002894,1.004243,1.002817
1.01264,1.025974,1.002817,1.066011
1.065187,1.0,1.066011,1.038208
1.03125,1.098453,1.038208,0.961929
1.002525,0.962868,0.961929,1.08971
1.066751,1.089096,1.08971,1.038741
1.012987,1.025641,1.038741,1.008159
1.018648,0.99881,1.008159,1.1
1.1,1.084625,1.1,0.9182
0.924319,0.969231,0.9182,0.993318
0.990175,1.002268,0.993318,0.912556
0.920617,0.90724,0.912556,1.002457
0.978443,0.941397,1.002457,0.968137
0.988984,1.013245,0.968137,1.005063
1.038366,1.028758,1.005063,0.967254
0.917759,0.950445,0.967254,1.044271
1.054545,1.066845,1.044271,0.953865
0.970443,0.951128,0.953865,1.039216
1.008883,1.023715,1.039216,0.992453
1.016352,1.007722,0.992453,0.986058
0.983911,0.985951,0.986058,1.053985
1.036478,1.051813,1.053985,0.947561
0.947816,0.945813,0.947561,0.985843
0.987196,0.992188,0.985843,0.983029
0.979248,0.975066,0.983029,0.958831
0.97351,0.951548,0.958831,0.9
0.915646,0.905233,0.9,1.023256
1.004458,1.007812,1.023256,1.034848
1.014793,1.043411,1.034848,0.992679
1.029155,1.001486,0.992679,1.051622
1.014164,1.048961,1.051622,1.007013
1.00419,0.998586,1.007013,1.008357
1.018081,1.014164,1.008357,0.980663
0.979508,0.942737,0.980663,0.990141
0.988842,1.014815,0.990141,0.978663
0.987306,0.99562,0.978663,0.940407
0.952857,0.939883,0.940407,1.041731
1.013493,1.031201,1.041731,1.002967
1.004438,0.980333,1.002967,0.954142
0.969072,0.99537,0.954142,0.968992
0.966565,0.968992,0.968992,0.9936
0.987421,0.9856,0.9936,0.993559
0.984076,0.980519,0.993559,1.019449
1.019417,1.028146,1.019449,1.014308
1.014286,1.014493,1.014308,1.025078
1.031299,1.028571,1.025078,0.992355
