1.058014,1.071283,1.051282,1.015947
1.04368,0.973384,1.015947,0.9
0.9,0.922852,0.9,0.963312
0.964103,0.966138,0.963312,1.031556
1.011702,1.029573,1.031556,1.003165
1.011567,1.005319,1.003165,1.026288
1.022869,1.024339,1.026288,1.02459
1.030488,1.002066,1.02459,0.96
0.967456,0.985567,0.96,1.040625
1.034659,1.036611,1.040625,0.997998
0.993103,0.971746,0.997998,1.021063
1.019841,1.049844,1.021063,1.026523
1.021401,1.014837,1.026523,1.02201
1.032381,1.031189,1.02201,1.008427
1.037823,1.009452,1.008427,0.9
0.9,0.9,0.9,0.917998
0.9,0.942668,0.917998,0.984919
0.973003,0.964912,0.984919,0.9
0.9,0.9,0.9,1.068056
1.085873,1.1,1.068056,0.928479
0.947704,0.936842,0.928479,1.1
1.1,1.1,1.1,0.973494
0.972382,0.972121,0.973494,1.001238
0.972781,0.987531,1.001238,0.9
0.9,0.9,0.9,1.071118
1.070402,1.1,1.071118,1.031165
1.022819,1.02514,1.031165,1.051248
1.072178,1.073569,1.051248,1.02125
1.008568,1.02665,1.02125,1.028152
1.031553,1.0,1.028152,0.996429
0.985882,1.002472,0.996429,1.007168
1.02864,1.02836,1.007168,1.022539
1.012761,1.022782,1.022539,1.029002
1.044674,1.003517,1.029002,1.027057
1.010965,1.028037,1.027057,0.964874
0.982646,0.994318,0.964874,0.972696
0.954746,0.962286,0.972696,0.994152
0.987283,0.994062,0.994152,1.021176
1.02459,1.017921,1.021176,0.982719
1.001143,0.995305,0.982719,1.046893
1.025114,1.027123,1.046893,1.012318
1.007795,1.010333,1.012318,1.057522
1.077348,1.047727,1.057522,0.9
0.958974,0.914317,0.9,1.023613
0.944385,0.994069,1.023613,1.049596
1.046433,1.072792,1.049596,0.961538
0.971861,0.958843,0.961538,1.009143
0.994432,0.976798,1.009143,1.003398
1.004479,1.045131,1.003398,0.946953
0.956522,0.945455,0.946953,1.040524
1.025641,1.014423,1.040524,0.997709
0.994318,1.018957,0.997709,0.934558
0.955429,0.94186,0.934558,0.957002
0.94378,0.948148,0.957002,0.997433
0.991128,0.997396,0.997433,1.009009
1.005115,1.015666,1.009009,1.03699
1.040712,1.028278,1.03699,1.00246
1.007335,1.01,1.00246,1.068712
1.067961,1.053218,1.068712,1.1
1.1,1.1,1.1,0.953722
0.943907,0.953157,0.953722,0.976793
0.957992,0.981838,0.976793,1.011879
1.012834,1.010881,1.011879,0.96158
0.955649,0.949408,0.96158,1.013319
1.01547,1.022676,1.013319,1.016429
1.015234,1.007761,1.016429,0.998922
1.001072,1.005501,0.998922,0.9
0.9,0.9,0.9,1.015588
1.045509,1.030941,1.015588,1.0
0.973654,0.995198,1.0,1.021251
1.030588,1.028951,1.021251,0.90289
0.940639,0.91442,0.90289,1.011524
0.968447,0.996154,1.011524,0.993671
1.005013,0.997426,0.993671,1.028025
1.043641,1.012903,1.028025,0.990087
0.962963,0.979618,0.990087,1.006258
1.006203,1.040312,1.006258,1.007463
1.01233,1.00875,1.007463,1.025926
1.019488,1.022305,1.025926,0.962696
0.962963,0.964848,0.962696,0.95375
0.959057,0.954774,0.95375,1.002621
0.998706,1.0,1.002621,0.99085
0.992228,0.973684,0.99085,0.989446
0.98564,0.986486,0.989446,1.006667
1.003974,1.019178,1.006667,0.954967
0.973615,0.965054,0.954967,0.993065
0.98103,0.991643,0.993065,1.0
0.998619,1.002809,1.0,0.977654
0.968188,0.953782,0.977654,0.948571
0.954286,0.961821,0.948571,1.003012
1.013473,1.016794,1.003012,1.076577
1.069424,1.061562,1.076577,0.959554
0.961326,0.964639,0.959554,1.049419
1.060345,1.045455,1.049419,1.023546
1.01355,1.023843,1.023546,0.972936
0.966578,0.972603,0.972936,0.952712
0.975104,0.960563,0.952712,0.989781
0.977305,0.98827,0.989781,1.050147
1.085631,1.041543,1.050147,0.925562
0.90508,0.935897,0.925562,0.943854
0.920236,0.913242,0.943854,0.921222
0.930979,0.94,0.921222,0.958115
0.955172,0.960993,0.958115,0.925319
0.918773,0.907749,0.925319,1.045276
1.090373,1.067073,1.045276,1.045198
1.009009,1.032381,1.045198,0.992793
0.998214,1.009225,0.992793,1.034483
1.026834,1.025594,1.034483,1.012281
1.012195,1.016043,1.012281,1.043328
1.037866,1.033333,1.043328,1.018272
1.021559,1.023769,1.018272,1.013051
1.019481,1.004975,1.013051,1.032206
1.022293,1.044554,1.032206,0.965679
0.965732,0.949447,0.965679,0.969305
0.996774,0.993344,0.969305,0.9
0.906149,0.9,0.9,1.038889
1.014286,1.084314,1.038889,1.1
1.1,1.047016,1.1,1.020312
1.045313,1.1,1.020312,1.038285
1.026906,1.026521,1.038285,0.958702
0.970888,0.984802,0.958702,1.0
0.997001,0.99537,1.0,0.929231
0.944361,0.933333,0.929231,0.993377
0.984076,0.993355,0.993377,1.025
1.012945,1.026756,1.025,0.925203
0.93131,0.923453,0.925203,1.052724
1.03259,1.037037,1.052724,0.964942
0.990033,0.979592,0.964942,0.974048
0.949664,0.940972,0.974048,1.012433
1.014134,1.016605,1.012433,0.973684
0.982578,1.001815,0.973684,1.063063
1.090426,1.067029,1.063063,0.935593
0.912195,0.935484,0.935593,0.990942
0.97861,0.974592,0.990942,1.04936
1.065574,1.061453,1.04936,0.972125
0.955556,0.963158,0.972125,0.996416
1.007156,1.005464,0.996416,1.003597
1.0,1.0,1.003597,1.055556
1.049734,1.038043,1.055556,0.972835
0.98308,0.993019,0.972835,0.940663
0.938038,0.934974,0.940663,0.996289
0.990826,0.994361,0.996289,1.003724
1.001852,1.007561,1.003724,1.074212
1.1,1.078799,1.074212,0.981002
0.938211,0.977391,0.981002,0.952465
0.970537,0.951957,0.952465,1.033272
1.003571,1.029907,1.033272,0.9678
0.964413,0.963702,0.9678,0.981516
0.987085,0.988701,0.981516,0.990584
0.990654,0.994286,0.990584,0.937262
0.937736,0.931034,0.937262,1.024341
1.022133,1.016461,1.024341,1.031683
1.025591,1.002024,1.031683,0.998081
1.011516,1.044444,0.998081,1.044231
1.034156,1.021277,1.044231,0.990792
1.0,1.013258,0.990792,0.998141
1.020183,0.996262,0.998141,1.050279
1.017986,1.037523,1.050279,0.966312
0.971731,0.965642,0.966312,1.1
1.1,1.1,1.1,0.938356
0.925134,1.013616,0.938356,1.014599
1.010116,1.016418,1.014599,0.97554
1.010014,0.986784,0.97554,1.1
1.1,1.099702,1.1,0.97914
1.015248,1.00406,0.97914,1.095872
1.065081,1.026954,1.095872,0.993925
0.984724,1.055118,0.993925,0.9
0.9,0.901741,0.9,1.045455
1.052349,1.034483,1.045455,0.943347
0.946429,0.949333,0.943347,1.1
1.1,1.060393,1.1,1.016477
1.030414,1.049007,1.016477,0.928928
0.9,0.924242,0.928928,1.1
1.1,1.1,1.1,1.084123
1.091228,1.1,1.084123,1.024044
1.017149,1.005568,1.024044,0.973319
0.989463,1.002215,0.973319,0.948465
0.926518,0.932597,0.948465,0.978035
0.975862,0.978673,0.978035,0.93026
0.95053,0.910412,0.93026,0.959339
0.952912,0.977394,0.959339,1.051656
1.062419,1.072109,1.051656,1.044081
1.039168,1.022843,1.044081,0.989144
1.030624,1.009926,0.989144,0.996341
0.955429,0.992629,0.996341,1.01224
1.050239,1.022277,1.01224,0.986699
0.946469,0.98063,0.986699,1.008578
1.046931,1.012346,1.008578,1.020656
1.0,1.002439,1.020656,1.072619
1.086207,1.086375,1.072619,0.982242
0.939683,0.954087,0.982242,1.013559
1.036036,1.032864,1.013559,0.973244
0.954348,0.979545,0.973244,1.1
1.1,1.088167,1.1,1.028571
1.040609,1.03838,1.028571,1.010913
1.0,1.004107,1.010913,1.025515
1.03122,1.034765,1.025515,0.9
0.932829,0.91502,0.9,0.937033
0.912779,0.927646,0.937033,0.952164
0.957778,0.958091,0.952164,1.027512
1.009281,1.018226,1.027512,1.066356
1.062069,1.058473,1.066356,1.014192
1.015152,1.040586,1.014192,1.04521
1.065032,1.043337,1.04521,0.973223
0.950951,0.956386,0.973223,0.933333
0.967368,0.953312,0.933333,1.010204
0.985854,1.0,1.010204,1.01459
1.022075,1.028474,1.01459,0.949115
0.981641,0.946844,0.949115,0.984848
0.964796,0.982456,0.984848,1.094675
1.069555,1.071429,1.094675,1.019459
1.02452,1.028889,1.019459,1.059385
1.048907,1.008639,1.059385,1.034034
1.027778,1.051392,1.034034,1.1
1.1,1.1,1.1,1.1
1.1,1.082273,1.1,0.980945
0.94733,0.980408,0.980945,0.964258
0.973745,0.944045,0.964258,0.991136
0.976209,0.966977,0.991136,0.941463
0.990252,1.007881,0.941463,0.908463
0.9,0.9,0.908463,1.018061
1.029412,1.032039,1.018061,1.022409
1.01106,1.015052,1.022409,0.9
0.927074,0.9,0.9,1.044932
0.986234,1.020085,1.044932,1.033
1.055833,1.051813,1.033,1.008712
0.996223,1.004926,1.008712,1.06334
1.051185,1.048039,1.06334,1.051444
1.06853,1.056127,1.051444,1.080687
1.068354,1.08946,1.080687,0.953137
0.951027,0.941463,0.953137,0.970833
0.976744,0.984456,0.970833,0.977682
0.977041,0.986842,0.977682,1.061457
1.060052,1.058667,1.061457,0.965261
0.960591,0.958018,0.965261,1.043702
1.073504,1.05872,1.043702,1.011494
0.994427,0.97351,1.011494,0.974026
0.995997,1.017007,0.974026,1.076667
1.053055,1.064381,1.076667,1.010062
0.996947,1.000786,1.010062,1.0659
1.096478,1.022763,1.0659,0.933142
0.909916,0.984651,0.933142,1.069337
1.079048,1.06703,1.069337,1.005764
0.99431,1.001461,1.005764,1.017192
1.027897,1.019694,1.017192,1.060563
1.061239,1.028612,1.060563,0.979416
0.981639,1.019471,0.979416,1.009492
1.02338,1.003411,1.009492,1.031565
1.010444,1.006118,1.031565,1.042318
1.044574,1.027703,1.042318,0.987508
0.993197,1.024984,0.987508,0.936749
0.93213,0.935856,0.936749,0.961512
0.9666,0.973269,0.961512,1.025983
1.015895,1.021127,1.025983,1.073922
1.078231,1.075172,1.073922,1.044614
1.057413,0.978191,1.044614,1.014643
1.00179,1.051803,1.014643,1.027661
1.058964,1.047382,1.027661,0.9
0.9,0.9,0.9,0.9
0.9,0.9,0.9,1.010164
1.015516,1.019763,1.010164,0.99613
0.987013,0.983721,0.99613,1.03885
1.047214,1.048857,1.03885,0.988781
1.003695,0.991736,0.988781,0.995461
0.989691,0.984848,0.995461,1.039514
1.029762,1.050769,1.039514,1.024123
1.029624,1.01757,1.024123,1.015703
1.007018,1.005036,1.015703,1.019677
1.05993,1.038654,1.019677,1.035148
0.998028,1.019986,1.035148,1.093875
1.094862,1.1,1.093875,0.974437
0.968712,0.969902,0.974437,1.042473
1.042236,1.032932,1.042473,0.989215
0.992849,0.984672,0.989215,0.970321
0.977191,0.986301,0.970321,1.1
1.1,1.1,1.1,0.963085
0.966147,0.980682,0.963085,1.1
1.098443,1.045771,1.1,1.098734
1.1,1.1,1.098734,1.097235
1.089812,1.1,1.097235,0.923562
0.933989,0.906494,0.923562,1.1
1.1,1.1,1.1,1.025611
1.017716,1.05044,1.025611,0.9
0.955556,0.90282,0.9,0.9
0.9,0.9,0.9,0.9
0.9,0.9,0.9,0.9
0.9,0.9,0.9,1.1
1.1,1.1,1.1,0.9
0.914304,0.938053,0.9,0.9
0.9,0.9,0.9,1.1
1.043922,1.085863,1.1,1.066917
1.1,1.1,1.066917,1.05074
1.078841,0.970984,1.05074,0.9
0.9,0.9,0.9,0.9
0.9,0.9,0.9,1.1
1.1,1.1,1.1,0.964602
0.964602,0.966894,0.964602,1.020183
1.1,1.1,1.020183,0.995504
0.941812,0.990909,0.995504,1.069557
1.072374,1.062385,1.069557,1.1
1.1,1.1,1.1,1.1
1.1,1.1,1.1,0.966574
0.999451,0.945017,0.966574,1.1
1.097802,1.1,1.1,0.999485
0.995996,0.997275,0.999485,1.016503
0.994975,1.030601,1.016503,0.9
0.954545,0.9,0.9,0.997615
0.9,0.995175,0.997615,0.966527
0.976964,0.956364,0.966527,1.061843
1.059855,1.080482,1.061843,0.999418
0.989732,0.99824,0.999418,0.982517
0.994813,0.978261,0.982517,0.9
0.9,0.9,0.9,0.9
0.9,0.911939,0.9,1.1
1.1,1.1,1.1,0.9
0.9,0.9,0.9,1.059609
1.090989,1.1,1.059609,0.992443
0.97085,0.938655,0.992443,1.099831
1.1,1.1,1.099831,0.92
0.922556,0.904429,0.92,1.005017
1.036675,1.013746,1.005017,0.988353
0.945755,0.981356,0.988353,1.090909
1.080632,1.064767,1.090909,1.036265
1.035385,1.064882,1.036265,1.032762
1.058692,1.035796,1.032762,0.996395
0.973333,0.986029,0.996395,1.063676
1.079308,1.050708,1.063676,0.9
0.9,0.902768,0.9,0.990833
1.003817,1.012579,0.990833,0.969931
1.021293,0.975155,0.969931,0.929253
0.9,0.920382,0.929253,0.996578
0.980656,0.975779,0.996578,1.00515
1.010292,1.025709,1.00515,1.064902
1.06961,1.069144,1.064902,0.998396
0.995238,0.995958,0.998396,0.983133
1.002392,0.989448,0.983133,0.980392
0.988067,0.959803,0.980392,1.031667
1.020934,1.05641,1.031667,1.031502
1.025237,1.026699,1.031502,1.038371
1.033077,1.041765,1.038371,0.9
0.9,0.9,0.9,0.957814
0.980114,0.972576,0.957814,0.980981
0.969082,0.985901,0.980981,1.007143
0.986042,0.989785,1.007143,1.052685
1.065723,1.067079,1.052685,0.971126
0.979127,0.969052,0.971126,0.996036
0.987403,0.994012,0.996036,1.000995
1.011776,1.009036,1.000995,0.966203
0.969932,0.964179,0.966203,1.0
1.0,1.0,1.0,0.9
0.9,0.9,0.9,1.022067
1.019676,1.005841,1.022067,1.010227
1.011351,1.02439,1.010227,1.003375
1.017957,1.002268,1.003375,0.976457
0.975744,0.984163,0.976457,1.026406
1.021469,1.016092,1.026406,1.019016
1.00885,1.019231,1.019016,0.997805
1.007675,1.007769,0.997805,0.9978
0.989119,0.984581,0.9978,0.970232
0.992299,0.983221,0.970232,0.998864
0.981153,0.996587,0.998864,0.972696
0.974011,0.949772,0.972696,1.014035
1.037123,1.03726,1.014035,0.991926
0.969799,0.991889,0.991926,1.037209
1.031142,1.018692,1.037209,0.929372
0.946309,0.949541,0.929372,0.974668
0.958629,0.957729,0.974668,1.00495
1.003699,1.018916,1.00495,0.995074
0.998771,0.99505,0.995074,1.05198
1.050431,1.049751,1.05198,1.003529
1.022248,1.007109,1.003529,1.028136
1.005727,1.007059,1.028136,0.973774
0.981777,0.994159,0.973774,1.01171
1.020882,1.014101,1.01171,0.994213
0.995455,0.994206,0.994213,0.976717
0.961187,0.970862,0.976717,0.982122
0.996437,0.981993,0.982122,1.010922
1.003576,1.00978,1.010922,0.969988
0.97981,0.974576,0.969988,0.946782
0.930909,0.944099,0.946782,0.951634
0.949219,0.948684,0.951634,1.0
1.019204,1.006935,1.0,0.973901
0.963661,0.9573,0.973901,1.005642
1.00419,1.018705,1.005642,0.950912
0.94993,0.954802,0.950912,0.970501
0.97511,0.945266,0.970501,1.039514
1.04955,1.048513,1.039514,1.0
0.994278,1.016418,1.0,0.995614
0.992806,0.983847,0.995614,1.017621
1.007246,1.025373,1.017621,1.01443
1.014388,1.010189,1.01443,1.01138
1.017021,1.01585,1.01138,0.987342
0.997211,0.980142,0.987342,1.014245
1.008392,1.024602,1.014245,1.018258
1.0319,1.015537,1.018258,0.990345
0.99328,0.995828,0.990345,1.094708
1.070365,1.075419,1.094708,0.970738
0.970923,0.977922,0.970738,1.0
0.996094,1.001328,1.0,1.035387
1.037908,1.03183,1.035387,0.96962
0.978589,0.98329,0.96962,1.058747
1.050193,1.040523,1.058747,0.961776
0.958333,0.96608,0.961776,1.025641
1.034527,1.015605,1.025641,1.02
1.038319,1.040973,1.02,0.970588
0.946429,0.95326,0.970588,0.972222
0.989937,0.988387,0.972222,0.919481
0.926302,0.913838,0.919481,1.04661
1.02332,1.03,1.04661,0.923077
0.961126,0.943135,0.923077,0.98538
0.944212,0.983824,0.98538,1.017804
1.016248,1.011958,1.017804,0.98105
0.981105,0.980798,0.98105,1.016345
1.020741,1.009036,1.016345,0.979532
0.976778,0.991045,0.979532,0.992537
0.988113,0.993976,0.992537,1.030075
1.033083,1.015152,1.030075,0.983942
0.989811,1.004478,0.983942,0.965875
0.964706,0.962853,0.965875,1.095238
1.1,1.023148,1.095238,0.9
0.9,0.9,0.9,0.904918
0.92144,0.942708,0.904918,1.028986
1.015986,1.038674,1.028986,1.014085
1.015734,1.019504,1.014085,1.050347
1.055077,1.041739,1.050347,1.029752
1.019576,1.023372,1.029752,1.001605
1.0288,0.991843,1.001605,0.974359
0.986003,0.976974,0.974359,1.060855
1.028391,1.072391,1.060855,0.976744
0.993865,0.987441,0.976744,1.066667
1.060185,1.023847,1.066667,0.96131
0.982533,1.0,0.96131,1.03096
1.031111,1.029503,1.03096,0.959459
0.936782,0.959276,0.959459,1.028169
1.033742,1.031447,1.028169,0.99239
0.97181,0.984756,0.99239,0.964724
0.998473,0.972136,0.964724,0.942766
0.922018,0.937898,0.942766,0.983137
0.995025,0.988115,0.983137,0.950257
0.955,0.946735,0.950257,0.9
0.9,0.9,0.9,1.036217
1.040161,1.056842,1.036217,0.982524
0.986486,0.976096,0.982524,1.023715
1.021526,1.05102,1.023715,1.013514
1.007663,0.992233,1.013514,1.030476
1.041825,1.048924,1.030476,0.942699
0.941606,0.938433,0.942699,1.02549
1.01938,1.027833,1.02549,0.950287
0.977186,0.961315,0.950287,1.008048
0.98249,0.991952,1.008048,0.98004
0.982178,0.989858,0.98004,0.985743
0.991935,0.987705,0.985743,0.989669
0.985772,0.993776,0.989669,1.008351
0.997938,0.993737,1.008351,0.977226
0.981405,0.985294,0.977226,0.970339
0.989474,0.974414,0.970339,0.9
0.9,0.9,0.9,1.004988
0.9642,0.994845,1.004988,1.032258
1.044554,1.072539,1.032258,1.057692
1.047393,1.038647,1.057692,1.1
1.1,1.1,1.1,1.1
1.1,1.1,1.1,0.9
0.9,0.9,0.9,0.951938
0.921053,0.920807,0.951938,0.934853
0.934921,0.964587,0.934853,0.95122
0.998302,0.944056,0.95122,1.054945
1.013605,1.053704,1.054945,1.050347
1.035235,1.022847,1.050347,1.003306
0.998379,0.984536,1.003306,1.01318
1.00974,1.059337,1.01318,1.004878
1.017685,1.009885,1.004878,0.925566
0.955766,0.931485,0.925566,0.914336
0.9,0.9,0.914336,1.030593
1.028571,1.039526,1.030593,1.064935
1.081481,1.08365,1.064935,1.1
1.1,1.049123,1.1,1.046225
1.063077,1.1,1.046225,1.004418
1.05644,1.010526,1.004418,1.1
1.1,1.1,1.1,1.1
1.1,1.1,1.1,0.9
0.9,0.9,0.9,1.1
1.1,1.1,1.1,0.971578
0.937102,0.980575,0.971578,1.0
1.012066,1.014263,1.0,0.9
0.9,0.9,0.9,0.941124
0.903361,0.916071,0.941124,0.999052
0.991628,0.955166,0.999052,1.1
1.1,1.1,1.1,0.973872
1.013534,1.010682,0.973872,1.030081
0.984421,1.02439,1.030081,0.9
0.904295,0.9,0.9,1.043876
0.996667,1.04977,1.043876,1.048161
1.008361,1.028095,1.048161,0.93066
0.952736,0.935098,0.93066,1.001795
0.983464,1.0,1.001795,0.953405
0.960177,0.939726,0.953405,1.004699
1.00553,1.031098,1.004699,0.903648
0.9,0.904807,0.903648,0.905797
0.914286,0.9,0.905797,0.955429
0.965402,0.982374,0.955429,1.019139
0.993064,1.007177,1.019139,1.055164
1.077998,1.058195,1.055164,0.978865
0.993521,0.979798,0.978865,1.064773
1.036957,1.059565,1.064773,1.060832
1.069182,1.064865,1.060832,0.950704
0.939216,0.956345,0.950704,0.912169
0.913361,0.91189,0.912169,0.967517
0.990857,0.96624,0.967517,1.047962
1.021915,1.037349,1.047962,0.965675
0.987585,0.972125,0.965675,1.03673
1.008,1.005974,1.03673,1.065143
1.058957,1.046318,1.065143,0.93133
0.93576,0.976163,0.93133,0.935484
0.959954,0.943023,0.935484,1.004926
0.989273,1.004932,1.004926,0.971814
0.968675,0.969325,0.971814,1.030265
1.022388,1.029114,1.030265,1.013464
1.008516,1.00615,1.013464,1.021739
1.04222,1.03423,1.021739,1.085106
