1.068276,1.06383,1.049655,1.015769
1.000646,0.986667,1.015769,0.9
0.9,0.9,0.9,0.966038
0.974963,0.967914,0.966038,1.046094
1.015861,1.038674,1.046094,0.991785
1.002974,1.003799,0.991785,1.067018
1.05189,1.036336,1.067018,1.071277
1.077519,1.051863,1.071277,0.920949
0.938522,0.970139,0.920949,1.055079
1.034843,1.040802,1.055079,0.99322
1.0,0.963549,0.99322,1.009556
1.006061,1.050678,1.009556,0.985125
0.982597,0.978261,0.985125,0.980782
0.99455,0.979861,0.980782,0.9
0.9,0.900071,0.9,0.9
0.929339,0.9,0.9,0.9
0.9,0.9,0.9,1.050098
1.037321,1.034965,1.050098,0.9
0.9,0.9,0.9,1.059701
1.087738,1.1,1.059701,0.964789
0.937804,0.921212,0.964789,1.002086
1.020725,1.052632,1.002086,0.956296
0.977665,0.952083,0.956296,1.035909
1.021807,1.02954,1.035909,0.9
0.9,0.9,0.9,1.1
1.1,1.1,1.1,1.025432
1.012024,1.014675,1.025432,1.05754
1.079208,1.054752,1.05754,1.027205
1.025688,1.03428,1.027205,0.975342
0.957066,0.96875,0.975342,0.999064
0.998131,1.00782,0.999064,1.010309
1.053371,1.039767,1.010309,1.087199
1.055111,1.070896,1.087199,1.003413
1.0,0.979094,1.003413,0.953231
0.969671,0.980427,0.953231,1.049063
1.042572,1.025408,1.049063,1.07568
1.080833,1.055752,1.07568,0.958893
0.93909,0.979044,0.958893,1.011542
1.013136,1.028253,1.011542,1.098615
1.1,1.04746,1.098615,1.02003
1.041758,1.08744,1.02003,1.026909
0.998594,0.976608,1.026909,1.092776
1.1,1.1,1.092776,0.9
0.901875,0.9,0.9,0.964341
0.9,0.932558,0.964341,1.036174
1.058635,1.058188,1.036174,0.906905
0.9,0.903378,0.906905,0.958939
0.951055,0.953043,0.958939,1.081178
1.1,1.094891,1.081178,0.925743
0.919586,0.929167,0.925743,0.986631
0.960173,0.953363,0.986631,1.023487
1.045086,1.057385,1.023487,0.9391
0.939603,0.94306,0.9391,1.057331
1.046832,1.003774,1.057331,0.950222
0.95,0.991541,0.950222,1.028064
1.021237,1.009479,1.028064,1.063694
1.086799,1.059155,1.063694,1.017109
1.003328,1.042553,1.017109,1.029437
1.024046,0.991497,1.029437,1.012255
1.008097,1.025729,1.012255,1.03067
1.050602,1.056856,1.03067,1.009397
0.998471,0.993671,1.009397,1.00931
1.007657,1.030255,1.00931,0.945427
0.940729,0.918856,0.945427,1.00813
1.033926,1.035324,1.00813,0.96371
0.9375,0.963444,0.96371,0.985774
0.9975,0.989039,0.985774,0.916808
0.903091,0.903666,0.916808,1.001852
1.015726,1.00566,1.001852,1.014787
1.000911,1.00469,1.014787,0.976321
0.989081,0.997199,0.976321,0.901119
0.932843,0.9,0.901119,1.005176
0.963511,0.986458,1.005176,1.012358
1.019447,0.991552,1.012358,0.984741
1.021084,1.023429,0.984741,1.015496
0.971485,0.989594,1.015496,1.014242
1.025304,1.046267,1.014242,1.007021
1.003949,1.00402,1.007021,1.020916
1.010816,1.013013,1.020916,1.022439
1.043774,1.029644,1.022439,0.935115
0.930103,0.93858,0.935115,0.959184
0.955912,0.95092,0.959184,0.97766
0.972746,0.952688,0.97766,0.920566
0.919181,0.926637,0.920566,1.1
1.1,1.085262,1.1,0.948936
0.973461,0.998878,0.948936,0.977578
0.976009,0.978652,0.977578,0.983945
0.976536,0.985075,0.983945,0.975524
0.961098,0.958042,0.975524,0.972521
0.97381,0.96837,0.972521,0.9914
1.003667,1.011307,0.9914,1.05948
1.066991,1.053416,1.05948,0.940351
0.922374,0.932783,0.940351,1.072139
1.070545,1.070796,1.072139,1.034803
1.047399,1.047226,1.034803,0.977578
0.985651,0.972943,0.977578,1.018349
1.0,1.003476,1.018349,1.011261
1.012318,1.010393,1.011261,0.9
0.931416,0.917714,0.9,0.98882
0.95962,0.98132,0.98882,0.9
0.9,0.9,0.9,0.953846
0.96648,0.957143,0.953846,0.979472
0.979769,0.98806,0.979472,0.941617
0.933628,0.92145,0.941617,1.050874
1.083728,1.07377,1.050874,1.018154
0.989796,1.01374,1.018154,0.998514
1.008837,1.003012,0.998514,1.035714
1.017518,1.027027,1.035714,1.011494
1.021521,1.019006,1.011494,1.022727
1.021067,1.025825,1.022727,1.0375
1.034388,1.018182,1.0375,1.002677
0.99734,1.006868,1.002677,1.1
1.1,1.1,1.1,0.93932
0.921708,0.916972,0.93932,0.956072
0.992278,0.976032,0.956072,0.912162
0.9,0.914052,0.912162,1.047407
1.052863,1.031343,1.047407,1.094767
1.09484,1.1,1.094767,1.009044
1.008917,0.985621,1.009044,1.066581
1.099747,1.092838,1.066581,0.989196
1.019518,0.997573,0.989196,0.953883
0.90991,0.952555,0.953883,0.966921
0.981436,0.969349,0.966921,0.990789
0.965952,0.985507,0.990789,1.034529
1.04047,1.033422,1.034529,0.924262
0.925972,0.930142,0.924262,1.018056
1.00542,1.004172,1.018056,0.976808
0.98248,0.990305,0.976808,0.97067
0.954733,0.946853,0.97067,0.997122
0.997126,1.002954,0.997122,0.972583
0.989914,0.989691,0.972583,1.1
1.1,1.1,1.1,0.9
0.913317,0.9,0.9,1.002882
0.968363,0.975073,1.002882,1.033046
1.078125,1.06015,1.033046,0.962448
0.928854,0.971631,0.962448,0.99711
1.014184,1.005839,0.99711,0.96087
0.935664,0.955007,0.96087,1.060332
1.058296,1.041033,1.060332,0.998578
1.007062,1.016058,0.998578,0.960114
0.962132,0.948276,0.960114,0.992582
0.978134,1.0,0.992582,0.995516
1.005961,1.009091,0.995516,1.028529
1.020741,1.013514,1.028529,1.011679
1.036284,1.025185,1.011679,0.961039
0.948179,0.956647,0.961039,1.033033
1.017725,1.018127,1.033033,0.969477
0.997097,0.973294,0.969477,0.971514
0.949054,0.97561,0.971514,1.010802
1.01227,1.010937,1.010802,0.90229
0.9,0.9,0.90229,1.035533
1.033727,1.031142,1.035533,1.037582
1.03752,1.015101,1.037582,1.014173
1.040881,1.059504,1.014173,1.051242
1.028701,1.029641,1.051242,0.998523
1.002937,1.015152,0.998523,0.976331
1.005857,0.98209,0.976331,1.04697
1.005822,1.034954,1.04697,0.976845
0.992764,0.982379,0.976845,1.034074
1.020408,1.03438,1.034074,1.017192
1.018571,1.020231,1.017192,0.998592
1.0,1.002833,0.998592,1.00141
1.001403,0.988701,1.00141,1.029577
1.026611,1.028571,1.029577,0.982216
1.017735,0.988889,0.982216,0.948468
0.928954,0.948034,0.948468,1.030837
1.021645,1.034074,1.030837,1.001425
1.021186,0.979943,1.001425,1.029872
1.026279,1.045322,1.029872,0.982044
0.971698,0.977622,0.982044,1.077356
1.084605,1.077253,1.077356,0.95953
0.994885,0.97344,0.95953,1.021769
0.973008,1.005457,1.021769,0.977364
0.97358,0.987788,0.977364,1.050409
1.062415,1.039835,1.050409,0.992218
0.980843,1.001321,0.992218,1.019608
1.053385,1.019789,1.019608,0.979487
0.97157,0.958603,0.979487,0.963351
0.950382,0.982456,0.963351,0.940217
0.947791,0.931319,0.940217,0.900289
0.90113,0.9,0.900289,1.1
1.1,1.1,1.1,0.959384
0.966988,1.002937,0.959384,0.943066
0.957326,0.937042,0.943066,1.018576
0.986627,1.010937,1.018576,0.99848
0.998494,1.01391,0.99848,1.027397
1.024133,1.012195,1.027397,1.020741
1.063328,1.034639,1.020741,1.089985
1.092798,1.058224,1.089985,1.1
1.1,1.1,1.1,1.067416
1.1,1.063455,1.067416,0.998947
1.00501,1.039779,0.998947,0.969442
0.937188,0.959617,0.969442,1.011957
1.03617,1.008859,1.011957,1.013963
0.980493,0.987925,1.013963,1.069915
1.078534,1.045556,1.069915,0.916832
0.936893,0.973433,0.916832,0.938445
0.946114,0.934498,0.938445,0.993096
0.953998,0.981308,0.993096,0.96292
0.971297,0.97381,0.96292,1.004813
1.00591,0.997555,1.004813,1.027545
1.030552,1.04902,1.027545,1.02331
1.006842,1.022196,1.02331,0.986333
0.988675,0.982857,0.986333,1.013857
1.009164,1.010465,1.013857,1.056948
1.072645,1.01496,1.056948,0.90194
0.9,0.935374,0.90194,0.998805
1.015421,1.007273,0.998805,0.97488
0.981308,0.975933,0.97488,0.991411
0.979762,0.993835,0.991411,1.058168
1.046173,1.040943,1.058168,1.022222
1.031359,1.035757,1.022222,1.006865
0.994369,0.990794,1.006865,1.063636
1.08607,1.068525,1.063636,0.957265
0.96976,0.955435,0.957265,0.941964
0.907527,0.930603,0.941964,1.018957
1.041469,1.050122,1.018957,0.984884
0.973834,0.968568,0.984884,1.064935
1.066589,1.024038,1.064935,0.985588
1.014239,1.039906,0.985588,1.005624
0.967603,0.994357,1.005624,1.00783
1.011161,1.015891,1.00783,1.021088
1.01766,1.011173,1.021088,0.913043
0.94577,0.925967,0.913043,1.034524
1.030963,1.013126,1.034524,0.979287
0.967742,0.992933,0.979287,1.0047
0.986207,1.004745,1.0047,1.018713
1.018648,1.012987,1.018713,1.004592
1.008009,1.012821,1.004592,1.005714
1.005675,1.009206,1.005714,1.015909
1.014673,1.011403,1.015909,0.94519
0.945495,0.941375,0.94519,1.040237
1.036471,1.035928,1.040237,1.040956
1.056754,1.046243,1.040956,0.984699
0.972073,0.979006,0.984699,1.027747
1.027624,1.006772,1.027747,0.976242
0.975269,1.006726,0.976242,1.04646
1.060639,1.037862,1.04646,0.989429
0.972973,0.995708,0.989429,1.027778
1.035256,1.020474,1.027778,1.040541
1.075335,1.01056,1.040541,1.016983
0.983685,1.054336,1.016983,1.040275
1.039024,1.029732,1.040275,1.041549
1.04507,1.039461,1.041549,0.974615
0.971249,0.982407,0.974615,1.016744
1.022202,1.01885,1.016744,1.014639
1.013575,1.006475,1.014639,1.013526
1.021429,1.022059,1.013526,0.948399
0.961538,0.944245,0.948399,0.981238
0.960909,0.985714,0.981238,1.1
1.1,1.1,1.1,1.02552
1.046014,1.058782,1.02552,1.1
1.1,1.074025,1.1,0.974374
0.954345,1.044308,0.974374,0.975453
0.983285,0.977018,0.975453,0.977831
1.001758,0.948733,0.977831,1.022059
0.987127,1.044501,1.022059,1.013789
1.033195,1.00913,1.013789,0.981668
0.969593,0.952955,0.981668,0.968072
0.953846,0.994304,0.968072,1.1
1.1,1.1,1.1,0.973922
0.924349,0.952381,0.973922,1.029508
1.051491,1.055114,1.029508,0.951168
0.975773,0.963382,0.951168,0.942522
0.935024,0.939072,0.942522,1.043221
1.012429,1.044048,1.043221,1.026107
1.019531,1.004561,1.026107,0.999447
0.998905,1.008513,0.999447,0.993359
1.010959,1.005627,0.993359,1.011142
0.98916,0.992725,1.011142,1.046832
1.050959,1.054679,1.046832,0.981579
0.976017,0.976483,0.981579,1.068097
1.079594,1.072797,1.068097,0.98243
0.981692,0.983673,0.98243,1.1
1.1,1.1,1.1,1.050702
1.005563,0.981304,1.050702,0.924171
0.942553,0.995353,0.924171,0.958508
0.933634,0.934641,0.958508,1.1
1.1,1.1,1.1,1.03932
1.059157,1.1,1.03932,0.924335
0.935452,0.911723,0.924335,1.1
1.1,1.1,1.1,1.076412
1.1,1.1,1.076412,0.9
0.905903,0.9,0.9,0.9
0.9,0.9,0.9,0.9
0.9,0.9,0.9,0.906494
0.9,0.9,0.906494,1.1
1.1,1.1,1.1,1.1
1.1,1.1,1.1,0.9
0.9,0.9,0.9,1.061111
1.005263,1.009658,1.061111,1.1
1.1,1.1,1.1,0.9
0.9,0.9,0.9,1.004279
0.949434,0.959825,1.004279,0.962505
1.014913,0.9,0.962505,1.1
1.1,1.1,1.1,0.9
0.932144,0.961343,0.9,1.066952
1.075422,1.093014,1.066952,0.971908
0.969993,0.984764,0.971908,1.099474
1.055755,1.060377,1.099474,1.1
1.1,1.1,1.1,1.001453
1.063335,1.095008,1.001453,0.935306
0.938251,0.902059,0.935306,1.024814
0.970297,1.059667,1.024814,1.020581
1.060024,0.988,1.020581,0.997034
1.015855,1.044846,0.997034,0.9
0.9,0.9,0.9,1.003419
0.942289,1.014644,1.003419,0.982964
1.003681,0.986254,0.982964,1.046447
1.036679,1.049826,1.046447,0.983438
0.961402,0.973448,0.983438,1.054564
1.061559,1.038527,1.054564,0.930374
1.016703,0.915299,0.930374,0.9
0.9,0.9,0.9,0.964644
0.9,0.948191,0.964644,0.948416
0.956328,0.942063,0.948416,1.1
1.1,1.1,1.1,1.000433
0.983634,0.981208,1.000433,1.029437
1.021758,1.075239,1.029437,0.986123
1.005846,0.974555,0.986123,0.928358
0.956829,0.920366,0.928358,1.02848
0.987419,1.040189,1.02848,1.089772
1.084359,1.077273,1.089772,1.1
1.08752,1.05443,1.1,0.980253
1.004844,1.040416,0.980253,0.969213
0.971079,0.957692,0.969213,1.041569
1.017946,1.03253,1.041569,0.901732
0.900225,0.914041,0.901732,1.058038
1.083333,1.067234,1.058038,1.075375
1.096154,1.04067,1.075375,0.943119
0.918596,0.962835,0.943119,0.9
0.9,0.9,0.9,0.985197
1.007317,1.010327,0.985197,1.1
1.097659,1.1,1.1,1.013626
0.991176,0.97793,1.013626,0.920836
0.933234,0.944747,0.920836,0.922952
0.949921,0.9,0.922952,1.002636
0.969874,1.044913,1.002636,0.977213
0.973253,0.973684,0.977213,1.016143
1.007979,1.009009,1.016143,0.994704
1.01759,1.005357,0.994704,0.921917
0.923941,0.919183,0.921917,0.980751
0.976614,0.97971,0.980751,0.995093
0.974138,0.987179,0.995093,1.056213
1.076696,1.058941,1.056213,0.962652
0.947945,0.969811,0.962652,0.985451
0.987476,0.98249,0.985451,1.009843
1.013659,1.011881,1.009843,0.963938
0.963426,0.964775,0.963938,1.001011
1.000999,1.003043,1.001011,0.939394
0.929142,0.92821,0.939394,1.012903
1.011815,1.010893,1.012903,0.989384
1.0,1.0,0.989384,1.003219
1.005308,1.003233,1.003219,0.991444
0.990496,0.993555,0.991444,0.988134
0.987207,0.988108,0.988134,1.019651
1.036717,0.998906,1.019651,1.012848
0.996875,1.030668,1.012848,0.994715
0.988506,0.978746,0.994715,0.967056
0.975687,0.985885,0.967056,0.994505
0.991333,0.993392,0.994505,0.98674
1.0,0.967849,0.98674,0.99776
1.010929,1.019473,0.99776,0.970819
0.949189,0.964045,0.970819,1.035838
1.03303,1.031469,1.035838,0.972098
0.980154,0.978531,0.972098,0.942595
0.931384,0.942263,0.942595,0.985384
0.980676,0.988971,0.985384,1.001236
1.0,0.998761,1.001236,1.016049
1.024631,1.01861,1.016049,1.1
1.1,1.1,1.1,0.909329
0.911891,0.953039,0.909329,0.94535
0.954034,0.948792,0.94535,0.995943
0.976401,0.988798,0.995943,0.98778
1.011078,0.99794,0.98778,1.010309
0.981076,0.975232,1.010309,0.958163
0.979695,0.984127,0.958163,1.045793
1.059067,1.009677,1.045793,0.976578
0.984344,1.013845,0.976578,0.9
0.9,0.9,0.9,0.972256
0.943089,0.933575,0.972256,0.967742
0.990148,1.007762,0.967742,0.925641
0.91791,0.907574,0.925641,1.023546
1.023035,1.035361,1.023546,0.905277
0.9,0.911202,0.905277,0.962631
0.96,0.941529,0.962631,1.007764
1.00463,0.957006,1.007764,1.013867
1.032258,1.081531,1.013867,0.986322
0.974702,0.976923,0.986322,1.050847
1.045802,1.051969,1.050847,1.001466
1.013139,1.011976,1.001466,0.95022
0.959654,0.955621,0.95022,0.953775
0.933934,0.94582,0.953775,0.998384
1.004823,1.008183,0.998384,1.064725
1.0992,1.066558,1.064725,0.971125
0.960699,0.971081,0.971125,1.050078
1.027273,1.026646,1.050078,0.980626
0.970501,0.983206,0.980626,1.004559
1.007599,1.017081,1.004559,0.981846
0.986425,0.980153,0.981846,1.003082
1.003058,1.009346,1.003082,0.961598
0.974085,0.959877,0.961598,0.992013
0.978091,0.985531,0.992013,1.017713
1.0176,1.016313,1.017713,1.071203
1.077044,1.065811,1.071203,1.063516
1.093431,1.036145,1.063516,0.9
0.9,0.917151,0.9,0.976378
0.975194,0.976228,0.976378,1.003226
0.99682,1.006494,1.003226,0.935691
0.966507,0.937097,0.935691,0.938144
0.909241,0.932874,0.938144,1.001832
0.998185,1.00369,1.001832,0.968921
0.963636,0.965074,0.968921,0.996226
0.998113,0.994286,0.996226,0.962121
0.973535,0.971264,0.962121,1.0
0.996117,0.990138,1.0,1.035433
1.042885,1.041833,1.035433,0.977186
0.968224,0.977055,0.977186,0.988327
0.992278,0.986301,0.988327,1.015748
1.038911,1.0,1.015748,0.914729
0.9,0.912698,0.914729,0.915254
0.929167,0.932609,0.915254,1.0625
1.035874,1.053613,1.0625,1.023965
1.025974,1.030973,1.023965,1.014894
1.023207,1.015021,1.014894,1.1
1.094845,1.093023,1.1,0.967619
0.973635,0.982592,0.967619,0.944882
1.001934,0.935039,0.944882,1.022917
0.953668,1.027368,1.022917,0.96334
0.977733,0.967213,0.96334,1.016913
1.00207,1.008475,1.016913,0.939709
0.971074,0.945378,0.939709,1.030973
0.995745,1.022222,1.030973,1.017167
1.017094,1.019565,1.017167,1.031646
1.048319,1.01919,1.031646,0.98773
0.971944,1.0,0.98773,0.973085
0.987629,0.974895,0.973085,0.953191
0.964509,0.961373,0.953191,0.950893
0.948052,0.946429,0.950893,0.981221
0.979452,0.974057,0.981221,0.940191
0.955711,0.910412,0.940191,1.030534
0.995122,1.053191,1.030534,0.977778
0.987745,0.987374,0.977778,1.020202
1.012407,1.030691,1.020202,1.002475
0.995098,0.985112,1.002475,1.071605
1.1,1.062972,1.071605,0.914747
0.9,0.933649,0.914747,1.02267
1.019753,1.020305,1.02267,0.965517
0.975787,0.972637,0.965517,0.989796
0.967742,0.982097,0.989796,0.994845
1.007692,1.0,0.994845,0.989637
0.979644,0.986979,0.989637,0.997382
0.997403,1.0,0.997382,1.076115
1.078125,1.058047,1.076115,0.97561
0.97343,0.992519,0.97561,0.9675
0.987593,0.944724,0.9675,0.925065
0.917085,0.909574,0.925065,0.963687
0.950685,0.967836,0.963687,1.037681
1.048991,1.075529,1.037681,1.039106
1.021978,1.02809,1.039106,1.048387
1.075269,1.057377,1.048387,1.1
1.1,1.1,1.1,0.9
0.9,0.911833,0.9,1.012658
0.961722,1.0,1.012658,1.0025
1.00995,1.020356,1.0025,0.970075
1.0,0.970075,0.970075,0.987147
0.955665,0.982005,0.987147,0.981771
0.981959,0.97644,0.981771,1.023873
1.018373,1.002681,1.023873,1.028497
1.033505,1.053476,1.028497,1.002519
0.992519,1.0,1.002519,0.972362
0.992462,0.982234,0.972362,0.945736
0.931646,0.925065,0.945736,1.019126
1.016304,1.022346,1.019126,1.032172
1.032086,1.040984,1.032172,1.044156
1.041451,1.03937,1.044156,1.057214
1.069652,1.055556,1.057214,1.1
1.1,1.1,1.1,1.1
1.1,1.015038,1.1,0.938023
0.927302,1.016667,0.938023,0.935714
0.918118,0.910747,0.935714,1.09542
1.1,1.1,1.09542,0.95122
0.915858,0.947368,0.95122,0.989011
0.966431,0.985185,0.989011,0.901852
0.919561,0.915414,0.901852,0.942505
0.924453,0.921971,0.942505,0.945534
0.933333,0.917595,0.945534,0.960829
1.023041,0.997573,0.960829,0.978417
0.936937,0.987835,0.978417,1.036765
1.033654,1.039409,1.036765,0.92435
0.951163,0.924171,0.92435,1.02046
1.012225,1.017949,1.02046,1.06015
1.02657,1.042821,1.06015,1.004728
1.021176,1.009662,1.004728,0.995294
0.988479,1.009569,0.995294,0.962175
0.955711,0.962085,0.962175,1.051597
1.073171,1.027094,1.051597,0.981308
0.959091,0.983213,0.981308,0.930952
0.936019,0.941463,0.930952,0.941176
0.964557,0.953368,0.941176,1.038043
1.015748,1.032609,1.038043,1.060209
1.074935,1.065789,1.060209,0.980247
0.971154,0.975309,0.980247,1.030227
1.014851,1.025316,1.030227,1.012225
1.017073,1.017284,1.012225,0.985507
0.985612,0.985437,0.985507,0.953431
0.951338,0.948276,0.953431,0.984576
1.0,0.98961,0.984576,1.041775
1.028133,1.028871,1.041775,1.015038
1.027363,1.030612,1.015038,1.02963
1.012107,1.014851,1.02963,0.973621
0.973684,0.965854,0.973621,0.963054
0.977887,0.984848,0.963054,0.969309
0.977387,0.951282,0.969309,1.1
1.1,1.1,1.1,1.025822
0.991131,1.018957,1.025822,1.1
1.1,1.1,1.1,1.081836
1.095517,1.045455,1.081836,0.95572
0.948399,1.01581,0.95572,0.992278
