1.042888,1.036741,1.033465,1.067549
1.058602,1.03193,1.067549,0.927593
0.932017,0.952057,0.927593,1.056259
1.075721,1.035714,1.056259,1.049268
1.032612,1.058621,1.049268,0.978744
0.984365,1.000651,0.978744,1.069692
1.066709,1.066406,1.069692,1.1
1.1,1.1,1.1,1.010662
1.000521,1.012081,1.010662,0.9
0.9,0.9,0.9,1.091688
1.06506,1.062564,1.091688,1.01569
1.026697,1.042471,1.01569,1.1
1.081974,1.039352,1.1,1.033401
1.075356,1.1,1.033401,0.9
0.9,0.9,0.9,0.9
0.916957,0.9,0.9,0.954133
0.92698,0.942398,0.954133,0.902272
0.9,0.9,0.902272,1.020492
1.048009,1.044156,1.020492,1.1
1.1,1.1,1.1,0.96126
0.948163,0.95627,0.96126,1.010747
1.034501,1.032507,1.010747,0.9
0.962032,0.9,0.9,0.941246
0.9,0.925223,0.941246,0.941362
0.930693,0.917896,0.941362,1.003349
1.009309,1.0,1.003349,1.014686
1.01054,1.04123,1.014686,1.096711
1.1,1.1,1.096711,0.985603
0.974269,0.987879,0.985603,1.057212
1.048619,1.026994,1.057212,0.952792
0.951918,0.968339,0.952792,0.986103
1.014432,1.005552,0.986103,1.077819
1.060462,0.996933,1.077819,1.060262
1.076579,1.1,1.060262,0.981769
0.961059,0.950731,0.981769,1.030038
1.023771,1.053531,1.030038,1.075292
1.084433,1.067568,1.075292,1.031558
1.048175,1.012658,1.031558,1.027247
1.012071,1.0275,1.027247,0.9
0.9,0.9,0.9,1.024364
1.014515,1.067575,1.024364,0.94186
0.94277,0.936702,0.94186,1.053872
1.02981,1.05565,1.053872,0.990948
1.083158,0.999462,0.990948,0.940892
0.9,0.914962,0.940892,0.999429
1.011299,1.024118,0.999429,0.950857
0.94581,0.947731,0.950857,1.001202
0.987596,0.993939,1.001202,1.072629
1.074163,1.054878,1.072629,0.935646
0.947661,0.960116,0.935646,0.907297
0.9,0.9,0.907297,1.078444
1.1,1.053414,1.078444,0.917482
0.904817,0.960847,0.917482,0.953364
0.912548,0.940548,0.953364,1.064291
1.065972,1.013494,1.064291,0.99803
0.994788,1.047652,0.99803,1.019737
1.030779,1.017391,1.019737,1.045161
1.068615,1.050625,1.045161,1.1
1.080856,1.097622,1.1,0.92031
0.918042,0.929875,0.92031,1.002405
1.023966,1.017781,1.002405,0.982004
0.965477,0.953614,0.982004,0.994502
0.995758,1.017056,0.994502,0.947789
0.944614,0.942857,0.947789,1.014906
1.010309,1.007905,1.014906,1.04023
1.043367,1.018954,1.04023,0.991406
1.016504,1.032713,0.991406,0.934985
0.914011,0.92236,0.934985,0.992053
0.998684,0.991919,0.992053,1.010681
1.012516,1.014936,1.010681,0.98679
0.988939,0.991973,0.98679,1.03012
1.025,1.021578,1.03012,1.042885
1.038511,1.025083,1.042885,0.990031
0.987639,0.992273,0.990031,1.025802
1.057572,1.056457,1.025802,1.07362
1.050888,1.050369,1.07362,1.007429
1.006757,1.020468,1.007429,1.07544
1.079418,1.067049,1.07544,0.969409
0.957513,0.966165,0.969409,1.1
1.1,1.086159,1.1,1.009228
1.022782,1.01433,1.009228,0.951396
0.952607,0.978809,0.951396,0.991401
0.995025,1.000515,0.991401,0.95
0.943,0.941783,0.95,1.044576
1.038176,1.026258,1.044576,1.009254
1.012257,1.040512,1.009254,0.996434
0.989909,0.994877,0.996434,1.045501
1.058614,1.03553,1.045501,0.998533
0.995667,0.99453,0.998533,0.971596
0.976789,0.986,0.971596,0.970766
0.985149,0.959432,0.970766,1.015057
0.998492,1.004228,1.015057,0.940665
0.960745,0.961579,0.940665,1.099511
1.06967,1.095785,1.099511,1.1
1.1,1.1,1.1,0.977758
1.026766,0.942973,0.977758,1.05778
1.017094,1.070476,1.05778,0.935484
0.928992,0.955516,0.935484,0.907126
0.947535,0.916201,0.907126,0.9
0.9,0.9,0.9,0.99758
0.903103,0.964242,0.99758,0.9
0.9,0.9,0.9,0.9
0.9,0.9,0.9,0.952261
0.939669,0.9,0.952261,1.1
1.1,1.1,1.1,1.05227
1.050658,1.1,1.05227,0.970588
0.955542,0.97878,0.970588,0.99596
0.981651,0.966802,0.99596,1.058824
1.078772,1.095305,1.058824,0.96871
0.964109,0.959693,0.96871,1.047462
1.026316,1.006667,1.047462,1.064821
1.066917,1.070199,1.064821,0.957447
0.958382,0.968441,0.957447,1.1
1.1,1.097125,1.1,1.014884
1.023306,1.013395,1.014884,0.9
0.9,0.902299,0.9,1.005646
0.991546,0.998726,1.005646,1.000624
0.986602,0.985969,1.000624,1.010599
1.022222,1.01423,1.010599,0.9
0.9,0.9,0.9,1.075823
1.042641,1.08817,1.075823,0.96742
0.972955,0.977043,0.96742,0.936082
0.951864,0.935038,0.936082,1.014684
1.011396,1.011086,1.014684,1.01809
1.008451,1.02193,1.01809,0.949538
0.948324,0.944206,0.949538,1.043413
1.032401,1.040152,1.043413,0.978479
1.003566,0.990532,0.978479,0.917155
0.909737,0.9,0.917155,0.959233
0.966406,0.938994,0.959233,0.975
0.95958,1.026339,0.975,1.025641
1.033698,1.02053,1.025641,0.945833
0.94458,0.94803,0.945833,0.970044
0.951682,0.935455,0.970044,1.1
1.1,1.1,1.1,0.976966
0.952049,0.950598,0.976966,0.964228
0.982941,0.993294,0.964228,0.932546
0.944628,0.915612,0.932546,1.08047
1.071741,1.0553,1.08047,1.010042
0.997551,1.038428,1.010042,0.9
0.908347,0.907485,0.9,1.003693
0.985586,0.965709,1.003693,1.0046
1.011883,1.037428,1.0046,1.1
1.1,1.096207,1.1,0.983553
0.982201,0.991561,0.983553,0.904682
0.913509,0.907234,0.904682,1.02403
1.009017,1.037523,1.02403,0.950361
0.956211,0.944846,0.950361,0.963913
0.957944,0.957895,0.963913,1.012808
1.009756,1.015984,1.012808,0.952335
0.948792,0.914454,0.952335,1.037794
1.038697,1.05914,1.037794,1.1
1.1,1.092386,1.1,0.975352
0.998268,1.023234,0.975352,1.009025
0.976583,0.992734,1.009025,1.04025
1.052398,1.009149,1.04025,1.011178
1.037131,1.05621,1.011178,1.1
1.1,1.1,1.1,1.033937
1.006456,1.006107,1.033937,0.96426
0.959373,0.986343,0.96426,0.969743
0.962853,0.979231,0.969743,1.020281
1.02392,1.007855,1.020281,0.957951
0.990957,0.974279,0.957951,0.98324
0.955894,0.9608,0.98324,0.960227
0.962609,0.974188,0.960227,0.923077
0.919008,0.921368,0.923077,1.02381
1.014388,1.025046,1.02381,0.927549
0.939716,0.936652,0.927549,1.00675
0.986792,0.997101,1.00675,0.979885
0.997132,0.989341,0.979885,1.022483
1.00767,0.984329,1.022483,0.923518
0.932445,0.955224,0.923518,1.005176
1.005102,0.996875,1.005176,1.024717
1.017259,1.022989,1.024717,1.00402
1.002994,0.990807,1.00402,1.025025
1.023881,1.02268,1.025025,1.03418
1.066084,1.063508,1.03418,0.910293
0.911577,0.912796,0.910293,0.963693
0.939,0.955348,0.963693,0.936491
0.962726,0.923913,0.936491,0.9
0.9,0.9,0.9,1.063772
1.038158,1.012465,1.063772,0.97449
1.019011,1.039672,0.97449,0.945026
0.929104,0.947368,0.945026,1.018006
0.995984,1.0125,1.018006,1.057143
1.044355,0.956104,1.057143,1.03861
1.042471,1.097561,1.03861,0.964064
1.014815,1.013072,0.964064,1.003856
0.967153,0.990968,1.003856,1.067862
1.060377,1.05599,1.067862,0.983213
0.977461,0.98397,0.983213,1.069512
1.078883,1.070175,1.069512,1.031927
1.031496,1.015222,1.031927,0.933702
0.952017,0.968858,0.933702,0.995266
0.978236,1.0,0.995266,0.977408
0.968384,0.970238,0.977408,0.951338
0.960097,0.954601,0.951338,0.974425
0.987406,0.976864,0.974425,0.935696
0.919643,0.915789,0.935696,1.085554
1.084605,1.071839,1.085554,0.95478
0.957801,0.966488,0.95478,1.1
1.1,1.1,1.1,1.073082
1.077482,1.02,1.073082,0.981839
0.995506,1.041667,0.981839,0.964162
0.954853,0.958824,0.964162,0.9
0.93026,0.915337,0.9,1.0
0.959339,0.966488,1.0,0.998661
1.0,1.019417,0.998661,0.935657
0.945695,0.948299,0.935657,1.014327
1.009804,1.014347,1.014327,1.019774
1.009709,1.01273,1.019774,0.922438
0.961538,0.9,0.922438,1.042042
0.997143,1.020312,1.042042,1.053314
1.053009,1.1,1.053314,1.042408
1.040816,1.033333,1.042408,0.976378
1.023529,0.989247,0.976378,0.924731
0.914432,0.933424,0.924731,1.005814
0.977654,0.973799,1.005814,0.949422
0.944286,0.952167,0.949422,0.975647
0.990923,1.00471,0.975647,1.00624
0.99084,1.0,1.00624,1.023256
1.024653,1.021875,1.023256,0.977273
0.97594,0.981651,0.977273,0.95814
0.989214,0.959502,0.95814,0.917476
0.9,0.909091,0.917476,0.975309
0.996491,0.975,0.975309,1.0217
0.998239,1.014652,1.0217,1.00885
1.012346,1.021661,1.00885,0.996491
0.996516,0.978799,0.996491,0.985915
0.980769,1.0,0.985915,1.014286
1.019608,1.016245,1.014286,0.959507
0.95979,0.960924,0.959507,1.036697
1.034608,1.03512,1.036697,1.054867
1.075704,1.055357,1.054867,0.974832
0.954173,0.966159,0.974832,1.008606
1.020583,1.021016,1.008606,1.040956
1.028571,1.024014,1.040956,1.003279
1.029412,1.023451,1.003279,1.026144
1.009524,1.022913,1.026144,1.020701
1.009434,1.0112,1.020701,1.051482
1.062305,1.03481,1.051482,0.940653
0.929619,0.948012,0.940653,1.059937
1.070978,1.074194,1.059937,1.06994
1.060383,1.025526,1.06994,1.047288
1.063889,1.090776,1.047288,0.960159
0.949086,0.963758,0.960159,1.006916
1.019257,1.011142,1.006916,1.012363
0.994602,0.993113,1.012363,0.934871
0.955224,0.9362,0.934871,0.973875
0.957386,0.977778,0.973875,1.058122
1.057864,1.059091,1.058122,0.973239
0.990182,0.985694,0.973239,0.968162
0.953258,0.962264,0.968162,1.056801
1.056464,1.049774,1.056801,1.1
1.1,1.1,1.1,0.946223
0.982434,0.931525,0.946223,1.028417
0.983397,1.044383,1.028417,1.0
1.0,1.0,1.0,1.0
1.0,1.0,1.0,1.0
1.0,1.0,1.0,1.014474
1.041558,1.017264,1.014474,0.961089
0.930175,0.953003,0.961089,0.973009
0.981233,0.983562,0.973009,1.018031
1.025956,1.018106,1.018031,0.983651
1.003995,0.987688,0.983651,1.041551
0.998674,1.015235,1.041551,1.005319
1.021248,1.027285,1.005319,1.017196
1.010403,1.01992,1.017196,1.03381
1.036036,1.03125,1.03381,1.038994
1.031056,1.025253,1.038994,1.039952
1.036145,1.03202,1.039952,1.005821
1.017442,1.020286,1.005821,1.097222
1.099429,1.077193,1.097222,1.086498
1.091476,1.057546,1.086498,0.938835
0.94381,0.977413,0.938835,1.032058
1.029263,1.026261,1.032058,1.016032
1.005882,1.021494,1.016032,0.926036
0.925926,0.905812,0.926036,1.030884
1.049474,1.053097,1.030884,1.1
1.1,1.1,1.1,1.064659
1.070423,1.058824,1.064659,1.1
1.1,1.1,1.1,1.066667
1.051247,1.079941,1.066667,0.9
0.9,0.9,0.9,0.9
0.9,0.9,0.9,0.9
0.9,0.9,0.9,0.9
0.9,0.9,0.9,1.1
1.1,1.1,1.1,1.039474
1.096425,1.1,1.039474,0.959916
0.9417,0.940678,0.959916,0.961538
0.919203,0.945946,0.961538,1.097143
1.1,1.1,1.097143,0.9
0.9,0.9,0.9,0.9
0.9,0.9,0.9,0.9
0.9,0.9,0.9,1.1
1.07815,1.1,1.1,0.9
0.9,0.9,0.9,1.0
1.043046,1.015491,1.0,0.991625
0.953968,1.001695,0.991625,1.084459
1.06822,1.045685,1.084459,1.1
1.1,1.1,1.1,1.058824
1.047215,0.991139,1.058824,1.03125
1.047399,1.08046,1.03125,0.98092
0.986755,1.010638,0.98092,0.948513
0.959732,0.961404,0.948513,1.062726
1.047786,1.058394,1.062726,0.947787
1.031146,0.913793,0.947787,1.027545
0.936354,1.056604,1.027545,0.940559
0.971198,0.959524,0.940559,1.047088
1.023725,1.038462,1.047088,1.1
1.097335,1.086022,1.1,0.937835
0.970433,0.960396,0.937835,0.9
0.9,0.9,0.9,0.9
0.916894,0.955385,0.9,1.014218
0.962853,0.987118,1.014218,0.904984
0.901235,0.9,0.904984,1.013769
1.032534,1.074954,1.013769,0.993209
0.976783,0.952381,0.993209,1.073504
1.078098,1.1,1.073504,0.961783
0.968504,0.945073,0.961783,1.049669
1.058537,1.02735,1.049669,0.9653
0.952381,0.986689,0.9653,1.05719
1.062903,1.065767,1.05719,0.998454
0.981791,1.003165,0.998454,1.013932
1.020093,1.011041,1.013932,0.993893
1.007576,1.00624,0.993893,1.056836
1.046617,1.057364,1.056836,0.953488
0.948276,0.945748,0.953488,0.996951
0.993939,1.004651,0.996951,0.96789
1.022866,0.975309,0.96789,0.909953
0.9,0.905063,0.909953,0.998264
0.976231,0.986014,0.998264,1.008696
1.015652,1.015957,1.008696,1.053448
1.063356,1.064572,1.053448,1.00491
0.995169,1.0,1.00491,1.02443
1.02589,1.009836,1.02443,1.00159
1.015773,0.970779,1.00159,1.020635
1.004658,1.061873,1.020635,1.076205
1.078825,1.059843,1.076205,1.031792
1.038682,1.053492,1.031792,1.009804
1.017931,1.016925,1.009804,0.951456
0.952575,0.947295,0.951456,1.1
1.1,1.046852,1.1,0.964567
0.947165,1.012587,0.964567,1.047619
1.065306,1.051105,1.047619,1.022078
1.024266,1.017083,1.022078,0.992376
0.988778,1.007752,0.992376,1.0
1.016393,1.001282,1.0,0.978233
0.967742,0.96927,0.978233,1.078534
1.065385,1.072655,1.078534,0.979369
0.974729,0.98399,0.979369,1.038414
1.040741,0.988736,1.038414,1.093079
1.1,1.06962,1.093079,0.994541
1.005376,1.060355,0.994541,1.030735
1.026738,1.010045,1.030735,0.925453
0.945833,0.959116,0.925453,1.025316
0.993392,1.014977,1.025316,1.029181
1.022173,1.031782,1.029181,0.977099
0.996746,0.976898,0.977099,0.953125
0.963003,0.957207,0.953125,0.956674
0.931073,0.957647,0.956674,0.988984
0.996359,0.982801,0.988984,1.002475
0.995128,1.00625,1.002475,0.967901
0.982864,0.965217,0.967901,1.022959
1.021171,1.024453,1.022959,0.978803
0.964634,0.952261,0.978803,0.989809
0.984829,1.010554,0.989809,0.949807
0.987163,0.946475,0.949807,1.036585
1.0013,1.013793,1.036585,1.033987
1.054545,1.047619,1.033987,0.982301
0.969212,0.998701,0.982301,0.98713
0.988564,0.990897,0.98713,0.986962
0.978149,0.986877,0.986962,0.984148
0.994744,0.988032,0.984148,1.014765
1.009247,1.013459,1.014765,1.029101
1.03534,1.030544,1.029101,1.0
0.984829,0.983247,1.0,1.023136
1.046213,1.040629,1.023136,0.93593
0.934969,0.938287,0.93593,0.9
0.909449,0.9,0.9,0.971299
0.930736,0.940729,0.971299,1.062208
1.083721,1.092084,1.062208,0.973646
0.968526,0.970414,0.973646,1.084211
1.070901,1.065549,1.084211,0.979196
0.995862,1.001431,0.979196,0.995751
0.976454,0.971429,0.995751,0.958748
0.963121,0.977941,0.958748,1.019288
1.0162,1.022556,1.019288,0.991266
0.989855,0.992647,0.991266,0.985316
0.985359,0.983704,0.985316,1.0
1.0,1.001506,1.0,1.025335
1.043091,1.025564,1.025335,0.998547
0.987179,0.992669,0.998547,1.0
0.992785,1.004431,1.0,1.1
1.1,1.098529,1.1,0.970013
0.990874,0.990629,0.970013,0.995968
0.986842,0.986486,0.995968,1.017544
1.005333,1.013699,1.017544,0.962865
0.97878,0.960811,0.962865,0.987603
0.974255,0.995781,0.987603,0.990237
0.993046,0.995763,0.990237,0.946479
0.956583,0.944681,0.946479,0.995536
0.985359,0.98048,0.995536,1.007474
1.016345,1.027565,1.007474,1.023739
1.011696,1.008942,1.023739,0.944928
0.942197,0.946824,0.944928,0.961656
0.976994,0.975039,0.961656,0.939394
0.929356,0.9312,0.939394,1.032258
1.0625,1.039519,1.032258,0.917763
0.934817,0.907438,0.917763,0.953405
0.908163,0.919854,0.953405,1.041353
1.043071,1.079208,1.041353,0.99639
1.0,0.966972,0.99639,1.056159
1.050269,1.077799,1.056159,1.012007
1.017094,1.026408,1.012007,0.983051
0.97479,0.943396,0.983051,1.062069
1.086207,1.1,1.062069,0.943182
0.944444,0.942623,0.943182,1.012048
1.008403,1.012174,1.012048,1.018707
1.01,1.020619,1.018707,0.9
0.90264,0.9,0.9,1.073077
1.02925,1.044231,1.073077,1.05914
1.056838,1.058932,1.05914,1.028765
1.031933,1.052174,1.028765,1.041118
1.087948,1.033058,1.041118,0.960506
0.91018,0.952,0.960506,0.981908
0.996711,0.988235,0.981908,0.926298
0.948845,0.935374,0.926298,1.074141
1.067826,1.016364,1.074141,1.042088
1.022801,1.019678,1.042088,0.964459
0.964968,1.04386,0.964459,0.938023
0.962046,0.934454,0.938023,1.021429
1.005146,1.02518,1.021429,0.987762
0.97099,0.973684,0.987762,0.978761
0.98594,0.987387,0.978761,1.0434
1.032086,1.034672,1.0434,1.003466
1.020725,1.014109,1.003466,0.925734
0.920474,0.92,0.925734,1.0
1.0,1.0,1.0,1.0
1.0,1.0,1.0,1.0
1.0,1.0,1.0,1.0
1.0,1.0,1.0,1.0
1.0,1.0,1.0,1.0
1.0,1.0,1.0,1.0
1.0,1.0,1.0,1.0
1.0,1.0,1.0,1.0
1.0,1.0,1.0,1.0
1.0,1.0,1.0,1.0
1.0,1.0,1.0,1.0
1.0,1.0,1.0,1.0
1.0,1.0,1.0,1.0
1.0,1.0,1.0,1.0
1.0,1.0,1.0,1.0
1.0,1.0,1.0,1.0
1.0,1.0,1.0,1.0
1.0,1.0,1.0,1.0
1.0,1.0,1.0,0.9
0.9,0.9,0.9,1.005115
1.1,0.984655,1.005115,1.012723
0.946882,0.994805,1.012723,0.967337
0.95122,0.986945,0.967337,1.077922
1.071795,1.042328,1.077922,0.9
0.944976,0.926396,0.9,0.935135
0.9,0.920548,0.935135,1.057803
1.074928,1.080357,1.057803,0.937158
0.965147,0.933884,0.937158,0.988338
0.952778,0.9941,0.988338,0.932153
0.950437,0.934718,0.932153,1.03481
1.003067,1.0,1.03481,1.039755
1.04893,1.069841,1.039755,0.991176
0.988338,0.991098,0.991176,1.029674
1.053097,1.02994,1.029674,0.9
0.9,0.9,0.9,1.023333
1.013201,1.034483,1.023333,1.04886
1.055375,1.053333,1.04886,1.086957
1.083333,1.06962,1.086957,1.1
1.1,1.1,1.1,1.0
1.048223,1.007853,1.0,1.010256
0.990315,1.012987,1.010256,1.048223
1.01956,1.035897,1.048223,0.970944
0.964029,0.950495,0.970944,1.1
1.1,1.1,1.1,0.951681
0.97479,1.046512,0.951681,1.004415
0.991379,0.986667,1.004415,0.9
0.923913,0.912162,0.9,0.965602
0.934118,0.945679,0.965602,0.92112
0.919395,0.908616,0.92112,0.961326
1.027397,0.994253,0.961326,0.974138
0.946667,0.979769,0.974138,1.1
1.1,1.038348,1.1,1.0
1.0,1.0,1.0,1.09949
1.09949,1.1,1.09949,1.023202
1.062645,1.009281,1.023202,1.024943
1.065502,1.03908,1.024943,0.980088
0.915984,0.957965,0.980088,1.1
1.1,1.053118,1.1,0.951904
0.973948,1.032895,0.951904,0.934737
0.930041,0.942675,0.934737,1.024775
1.033186,0.966216,1.024775,0.905495
0.901499,0.948718,0.905495,0.995146
0.985748,0.995086,0.995146,0.973171
0.975904,0.977778,0.973171,0.994987
1.004938,0.994949,0.994987,1.040302
1.019656,1.038071,1.040302,1.048426
1.06988,1.041565,1.048426,1.050808
1.058559,1.051643,1.050808,1.054945
1.046809,1.046875,1.054945,1.0
0.997967,1.006397,1.0,1.1
1.1,1.1,1.1,0.9
0.9,0.9,0.9,0.961538
0.920892,0.952891,0.961538,0.977778
0.973568,0.948315,0.977778,1.079545
1.088235,1.1,1.079545,0.938947
0.941788,0.946921,0.938947,1.1
1.1,1.1,1.1,1.024145
1.015564,1.032587,1.024145,0.986248
0.977011,0.982249,0.986248,1.099602
1.1,1.1,1.099602,1.072464
1.044092,1.038251,1.072464,0.9
