1.1,1.1,1.1,0.98736
0.982192,0.977208,0.98736,0.964438
0.963738,0.973761,0.964438,1.020649
1.031838,1.026946,1.020649,1.069364
1.044881,1.040816,1.069364,0.994595
1.024161,1.02521,0.994595,0.985054
0.968545,0.98224,0.985054,0.97931
0.964817,0.970793,0.97931,0.919718
0.946704,0.934097,0.919718,1.033691
1.001481,1.019939,1.033691,0.988148
0.994083,0.986466,0.988148,1.073463
1.071429,1.056402,1.073463,0.99581
0.995833,1.015873,0.99581,0.992987
0.994421,0.994318,0.992987,0.987288
1.00561,0.995714,0.987288,0.9
0.917713,0.9,0.9,0.920382
0.910334,0.950413,0.920382,1.038062
1.010017,1.033043,1.038062,0.966667
0.960331,0.929293,0.966667,1.048276
1.060241,1.094203,1.048276,0.981908
0.975649,0.97351,0.981908,1.021776
1.028286,1.032313,1.021776,0.954098
0.980583,0.955519,0.954098,1.049828
1.021452,1.039655,1.049828,0.9
0.9,0.9,0.9,1.1
1.098901,1.1,1.1,0.992424
0.985,0.994819,0.992424,1.033079
1.055838,1.046875,1.033079,1.019704
1.012019,1.0199,1.019704,1.012077
0.995249,0.987805,1.012077,0.966587
0.966587,0.975309,0.966587,0.980247
0.997531,1.002532,0.980247,1.06801
1.084158,1.065657,1.06801,0.974057
0.949772,0.964455,0.974057,0.987893
0.992788,0.992629,0.987893,0.968137
0.970944,0.975248,0.968137,1.017722
1.004988,0.992386,1.017722,1.012438
1.019851,1.017903,1.012438,1.012285
1.009732,1.022613,1.012285,1.01699
1.012048,0.990172,1.01699,1.038186
1.045238,1.039702,1.038186,0.967816
0.963554,0.990453,0.967816,1.009501
1.009456,1.007229,1.009501,0.927059
0.995316,0.935407,0.927059,0.98731
0.915294,0.966752,0.98731,1.002571
1.017995,1.026455,1.002571,0.984615
0.984848,0.96134,0.984615,0.984375
0.971795,0.997319,0.984375,1.034392
1.047493,1.048387,1.034392,0.982097
0.989924,0.976923,0.982097,0.963542
0.94402,0.958005,0.963542,1.018919
1.026954,1.027397,1.018919,1.005305
1.005249,1.0,1.005305,0.992084
0.992167,0.976,0.992084,1.023936
1.021053,1.040984,1.023936,0.997403
0.989691,1.0,0.997403,1.015625
1.018229,1.015748,1.015625,1.002564
1.017903,1.007752,1.002564,1.017903
1.01005,0.994872,1.017903,1.01005
1.004975,1.025773,1.01005,0.985075
0.992574,0.992462,0.985075,1.045455
1.064838,1.04557,1.045455,0.997585
0.974239,0.990315,0.997585,1.029056
1.021635,1.01467,1.029056,1.009412
1.016471,1.024096,1.009412,1.041958
1.053241,1.030588,1.041958,1.033557
1.030769,1.045662,1.033557,0.943723
0.93177,0.930131,0.943723,0.997706
1.004577,0.995305,0.997706,0.97931
0.986333,0.985849,0.97931,0.981221
0.974596,0.995215,0.981221,0.937799
0.945498,0.932692,0.937799,1.010204
1.0,1.005155,1.010204,1.022727
1.027569,1.017949,1.022727,0.977778
0.980488,0.997481,0.977778,0.9
0.9,0.9,0.9,0.994048
0.991176,1.024691,0.994048,1.053892
1.050445,1.045181,1.053892,1.045455
1.064972,1.051873,1.045455,1.0
0.97878,0.975342,1.0,0.951087
0.97832,0.974719,0.951087,1.0
0.980609,0.976945,1.0,0.957143
0.977401,0.970501,0.957143,0.9
0.9,0.9,0.9,1.010135
1.006689,1.027682,1.010135,0.973244
0.973422,0.956229,0.973244,0.958763
0.962457,0.978873,0.958763,0.97491
0.975177,0.97482,0.97491,0.988971
0.985455,0.95203,0.988971,0.966543
0.97417,0.996124,0.966543,1.003846
1.0,1.011673,1.003846,1.022989
1.018939,1.015385,1.022989,0.932584
0.936803,0.943182,0.932584,1.048193
1.039683,1.036145,1.048193,1.049808
1.053435,1.054264,1.049808,0.963504
0.967391,0.959559,0.963504,0.973485
0.988764,0.969349,0.973485,0.964981
0.950758,0.976285,0.964981,0.979839
0.976096,0.97166,0.979839,0.967078
0.967347,0.975,0.967078,0.931915
0.92827,0.91453,0.931915,0.968037
0.977273,0.971963,0.968037,1.009434
1.0,1.014423,1.009434,0.995327
0.995349,0.990521,0.995327,1.051643
1.079439,1.066986,1.051643,1.026786
0.995671,1.017937,1.026786,0.978261
1.004348,0.986784,0.978261,1.008889
0.982684,0.995536,1.008889,1.022026
1.022026,1.008969,1.022026,0.99569
1.00431,1.017778,0.99569,1.069264
1.06867,1.061135,1.069264,1.1
1.1,1.1,1.1,0.952899
0.949821,0.966543,0.952899,0.939163
0.935849,0.926923,0.939163,0.97166
0.987903,0.991701,0.97166,0.9375
0.922449,0.92887,0.9375,1.026667
1.026549,1.031532,1.026667,1.030303
1.038793,1.030568,1.030303,1.021008
1.008299,1.004237,1.021008,0.967078
0.971193,0.987342,0.967078,1.017021
1.025424,1.0,1.017021,0.966527
0.971074,0.978632,0.966527,0.995671
0.995745,1.0,0.995671,0.978261
0.974359,0.978166,0.978261,1.022222
1.02193,1.022321,1.022222,0.96087
0.957082,0.960699,0.96087,1.00905
1.004484,1.004545,1.00905,0.977578
0.991071,0.9819,0.977578,0.96789
0.954955,0.953917,0.96789,1.0
0.995283,0.995169,1.0,0.976303
0.981043,0.990291,0.976303,1.009709
1.028986,0.990196,1.009709,0.980769
0.962441,1.00495,0.980769,1.009804
1.009756,1.0,1.009804,1.009709
1.014493,1.019704,1.009709,0.980769
0.97619,0.980676,0.980769,0.990196
0.995122,0.990148,0.990196,0.975248
0.97549,0.975124,0.975248,1.020305
1.020101,0.994898,1.020305,1.024876
1.044335,1.020513,1.024876,0.941748
0.929245,0.969849,0.941748,1.015464
1.005076,1.0,1.015464,0.994924
1.0,1.010363,0.994924,1.02551
1.025253,1.015385,1.02551,1.0
1.004926,1.010101,1.0,0.995025
1.004902,0.99,0.995025,1.01
0.990244,1.010101,1.01,0.985149
0.985222,0.985,0.985149,0.974874
0.985,0.979695,0.974874,1.010309
1.0,1.010363,1.010309,0.97449
0.974619,0.964103,0.97449,1.031414
1.03125,1.026596,1.031414,1.025381
1.020202,1.010363,1.025381,1.00495
1.009901,1.025641,1.00495,1.014778
1.014706,1.02,1.014778,1.0
1.009662,1.004902,1.0,0.990291
0.995215,0.990244,0.990291,1.044118
1.024038,1.029557,1.044118,0.976526
0.985915,0.990431,0.976526,1.024038
1.019048,1.019324,1.024038,1.014085
1.014019,1.014218,1.014085,0.99537
1.0,1.0,0.99537,0.962791
0.963134,0.962617,0.962791,1.0
0.995215,0.995146,1.0,1.0
1.004808,1.004878,1.0,0.980676
0.985646,0.975728,0.980676,1.019704
1.009709,1.0199,1.019704,0.971014
0.971154,0.97561,0.971014,1.004975
1.014851,1.005,1.004975,1.0
0.985366,0.995025,1.0,1.009901
1.019802,1.01,1.009901,1.063725
1.067961,1.054455,1.063725,1.009217
1.009091,1.018779,1.009217,0.977169
0.963964,0.97235,0.977169,1.009346
1.014019,1.009479,1.009346,1.023148
1.02765,1.023474,1.023148,0.968326
0.973094,0.977064,0.968326,0.971963
0.976959,0.971831,0.971963,0.985577
0.966981,0.980676,0.985577,0.946341
0.956098,0.940887,0.946341,0.92268
0.923469,0.91623,0.92268,1.061453
1.055249,1.068571,1.061453,1.015789
1.026178,1.02139,1.015789,0.984456
1.005102,0.989529,0.984456,1.057895
1.035533,1.026455,1.057895,1.0
0.990196,1.030928,1.0,1.014925
1.024752,0.995,1.014925,1.0
1.014493,1.025126,1.0,1.053922
1.038095,1.039216,1.053922,0.986047
0.995413,0.990566,0.986047,1.004717
0.990783,1.0,1.004717,1.037559
1.04186,1.042857,1.037559,0.977376
0.96875,0.972603,0.977376,0.967593
0.967742,0.971831,0.967593,1.009569
1.014286,1.009662,1.009569,1.033175
1.028169,1.033493,1.033175,1.027523
1.063927,1.032407,1.027523,1.1
1.1,1.1,1.1,0.93617
0.938776,0.981061,0.93617,1.007576
0.992754,1.007722,1.007576,1.1
1.1,1.1,1.1,1.1
1.1,1.083333,1.1,1.005952
0.982609,1.015385,1.005952,0.985207
0.99705,0.99697,0.985207,1.033033
1.032544,1.027356,1.033033,0.9
0.9,0.9,0.9,1.033557
1.006472,1.033898,1.033557,0.909091
0.967846,0.911475,0.909091,1.1
1.079734,1.082734,1.1,1.097484
1.1,1.1,1.097484,0.991404
0.99169,1.005882,0.991404,0.956647
0.960894,0.95614,0.956647,1.099698
1.05814,0.996942,1.099698,1.013736
1.027473,1.1,1.013736,1.04336
1.048128,1.052486,1.04336,0.927273
0.913265,0.9,0.927273,0.97479
0.997207,1.00885,0.97479,0.982759
0.980392,0.929825,0.982759,0.98538
0.965714,1.003145,0.98538,1.005935
1.035503,1.050157,1.005935,1.053097
1.034286,1.053731,1.053097,1.028011
1.030387,1.008499,1.028011,1.002725
0.997319,1.025281,1.002725,0.9
0.9,0.9,0.9,1.028846
0.990854,1.029126,1.028846,0.962617
0.963077,0.949686,0.962617,1.0
0.99361,1.009934,1.0,0.996764
0.993569,0.986885,0.996764,1.025974
1.038835,1.016611,1.025974,0.981013
0.984424,1.003268,0.981013,1.025806
1.009494,1.019544,1.025806,0.968553
0.965517,0.968051,0.968553,1.003247
1.019481,1.009901,1.003247,1.02589
1.025478,1.03268,1.02589,0.974763
0.968944,0.974684,0.974763,1.012945
1.009615,1.003247,1.012945,1.00639
1.006349,1.0,1.00639,1.038095
1.053628,1.05178,1.038095,1.018349
1.0,1.015385,1.018349,1.1
1.1,1.1,1.1,1.005333
1.023936,1.008197,1.005333,1.002653
1.0,1.00542,1.002653,1.029101
1.018182,1.037736,1.029101,1.1
1.1,1.083117,1.1,1.0
1.0,1.0,1.0,1.0
1.0,1.0,1.0,1.0
1.0,1.0,1.0,1.0
1.0,1.0,1.0,1.0
1.0,1.0,1.0,1.0
1.0,1.0,1.0,1.0
1.0,1.0,1.0,1.1
1.1,1.1,1.1,0.961538
0.934545,0.981928,0.961538,0.972
0.955253,0.981595,0.972,1.010288
1.008147,1.0,1.010288,1.014257
1.046465,1.0125,1.014257,1.066265
1.050193,1.082305,1.066265,0.951036
0.941176,0.937262,0.951036,0.948515
0.941406,0.947262,0.948515,0.97286
0.96888,0.961456,0.97286,1.023605
1.053533,1.057906,1.023605,1.041929
1.034553,0.983158,1.041929,1.022133
1.039293,1.083512,1.022133,1.1
1.083176,1.055336,1.1,0.9
0.904014,0.9,0.9,1.030864
0.976834,1.060215,1.030864,1.00998
1.017787,1.022312,1.00998,1.021739
1.031068,0.990079,1.021739,0.978723
0.977401,1.008016,0.978723,1.007905
0.990366,1.003976,1.007905,1.1
1.1,1.1,1.1,1.013356
1.013029,1.028961,1.013356,1.036244
1.025723,1.023179,1.036244,1.036566
1.031348,0.991909,1.036566,0.993865
0.99848,1.008157,0.993865,1.1
1.1,1.1,1.1,1.06366
1.096154,1.077236,1.06366,0.9601
0.918129,0.928302,0.9601,1.028571
1.044586,1.058266,1.028571,1.059343
1.041463,1.033291,1.059343,1.009535
1.025761,0.992565,1.009535,1.1
1.1,1.1,1.1,1.1
1.1,1.1,1.1,0.929693
1.010989,0.966563,0.929693,0.9
0.9,0.9,0.9,0.9
0.9,0.9,0.9,0.908269
0.9,0.9,0.908269,1.1
1.1,1.1,1.1,1.1
1.1,1.1,1.1,0.9
0.9,0.9,0.9,1.1
1.027578,1.050532,1.1,1.1
1.1,1.1,1.1,1.069502
1.042659,0.976963,1.069502,0.9
0.9,0.9,0.9,0.9
0.9,0.9,0.9,1.1
1.052632,1.1,1.1,0.9
0.9,0.9,0.9,0.981997
1.019293,1.003373,0.981997,0.981667
0.951104,0.976471,0.981667,1.050934
1.036484,1.037866,1.050934,1.1
1.1,1.1,1.1,1.002878
1.032999,0.974551,1.002878,0.955524
0.944444,1.010753,0.955524,1.048048
1.039706,1.027356,1.048048,0.969914
0.983027,0.995562,0.969914,1.025111
1.027338,1.022288,1.025111,0.9
0.942577,0.9,0.9,0.99183
0.922734,0.995041,0.99183,0.963756
0.951691,0.963455,0.963756,1.034188
1.033841,1.036207,1.034188,1.003306
0.996727,1.001664,1.003306,0.953871
0.963875,0.958472,0.953871,0.9
0.9,0.9,0.9,0.9
0.9,0.906977,0.9,1.033079
0.964539,1.005128,1.033079,0.9
0.919118,0.9,0.9,0.977778
0.968,1.035398,0.977778,1.005682
0.977961,0.948718,1.005682,1.1
1.1,1.1,1.1,0.925187
0.913043,0.954787,0.925187,1.002695
1.021164,1.016713,1.002695,0.965054
0.937824,0.969863,0.965054,1.075209
1.074586,1.056497,1.075209,1.03886
1.033419,1.029412,1.03886,1.004988
1.012438,1.018182,1.004988,0.980149
0.982801,0.994898,0.980149,1.020253
1.02,1.028205,1.020253,0.920596
0.911765,0.910224,0.920596,0.989218
0.991935,0.994521,0.989218,1.1
1.1,1.1,1.1,1.038647
1.058548,1.049261,1.038647,0.983721
0.938053,0.962441,0.983721,1.1
1.1,1.1,1.1,0.981744
0.976608,1.054585,0.981744,0.979339
0.966068,0.977226,0.979339,0.945148
0.964876,0.934322,0.945148,0.975446
0.961456,0.968254,0.975446,1.006865
0.993318,1.025761,1.006865,1.047727
1.056054,1.050228,1.047727,1.021692
1.010616,1.008696,1.021692,0.951168
0.960084,0.961207,0.951168,1.0
0.997812,0.993274,1.0,1.022321
1.032895,1.031603,1.022321,0.997817
0.972399,0.97593,0.997817,1.037199
1.050218,1.060538,1.037199,0.968354
0.964657,0.964059,0.968354,0.984749
0.978448,0.980263,0.984749,0.995575
1.004405,1.004474,0.995575,0.953333
0.951754,0.953229,0.953333,1.02331
1.025346,1.011682,1.02331,0.970387
0.959551,0.979215,0.970387,1.021127
1.018735,1.009434,1.021127,1.018391
1.025287,1.009346,1.018391,0.990971
0.993274,1.009259,0.990971,0.979499
0.988713,0.983945,0.979499,0.988372
0.979452,0.988345,0.988372,1.018824
1.011655,1.014151,1.018824,0.997691
1.009217,1.002326,0.997691,1.016204
1.011416,1.00464,1.016204,1.041002
1.069977,1.053118,1.041002,0.97593
0.951477,0.971491,0.97593,0.941704
0.933481,0.941309,0.941704,1.004762
1.016627,1.002398,1.004762,0.990521
0.983645,0.997608,0.990521,1.019139
1.014252,1.014388,1.019139,1.0
1.01171,1.0,1.0,1.00939
1.0,1.007092,1.00939,1.011628
1.011574,1.016432,1.011628,0.995402
0.997712,0.995381,0.995402,1.013857
1.022936,1.006961,1.013857,1.009112
1.017937,1.018433,1.009112,1.011287
0.988987,1.002262,1.011287,0.970982
0.971047,0.975169,0.970982,1.0
1.004587,0.997685,1.0,0.995402
1.002283,1.0,0.995402,1.002309
0.993166,1.0,1.002309,0.974654
0.977064,0.976798,0.974654,1.009456
1.007042,1.009501,1.009456,0.981265
0.986014,0.983529,0.981265,0.952267
0.952719,0.949761,0.952267,0.947368
0.940447,0.937028,0.947368,0.957672
0.973615,0.97043,0.957672,0.950276
0.937669,0.944598,0.950276,1.014535
1.008671,1.014663,1.014535,0.965616
0.977077,0.968208,0.965616,1.002967
0.991202,0.985075,1.002967,1.026627
1.032544,1.045455,1.026627,1.020173
1.028653,1.023188,1.020173,1.008475
0.994429,0.983003,1.008475,1.014006
1.019608,1.037464,1.014006,1.013812
1.013736,1.005556,1.013812,0.980926
0.98103,0.986188,0.980926,0.980556
0.983425,0.983193,0.980556,1.028329
1.025281,1.02849,1.028329,1.002755
1.013699,1.00554,1.002755,0.994505
1.0,0.991736,0.994505,1.016575
0.997297,1.005556,1.016575,0.98913
0.99187,0.991713,0.98913,0.997253
0.994536,1.008357,0.997253,0.997245
1.008242,0.997238,0.997245,0.977901
0.970027,0.975069,0.977901,1.0
1.0,0.997159,1.0,0.991525
0.994382,0.997151,0.991525,1.022792
1.028249,1.008571,1.022792,1.033426
1.03022,1.025496,1.033426,1.024259
1.037333,1.044199,1.024259,0.989474
0.989717,0.994709,0.989474,0.941489
0.935065,0.933511,0.941489,1.1
1.1,1.082621,1.1,0.989873
1.009804,1.013158,0.989873,0.959079
0.924757,0.968831,0.959079,1.0
0.986877,0.983914,1.0,0.965333
0.970745,0.975477,0.965333,0.972376
0.978082,0.977654,0.972376,0.980114
0.97479,0.982857,0.980114,1.008696
1.008621,0.988372,1.008696,1.011494
1.011396,1.029412,1.011494,0.991477
0.991549,0.988571,0.991477,0.988539
0.991477,0.991329,0.988539,1.011594
1.008596,1.014577,1.011594,0.911175
0.909091,0.9,0.911175,0.927673
0.9375,0.935897,0.927673,1.027119
1.01,1.027397,1.027119,1.016502
1.016502,1.016667,1.016502,1.006494
1.012987,1.013115,1.006494,1.058065
1.057692,1.048544,1.058065,1.003049
1.015152,1.006173,1.003049,0.914894
0.928358,0.911043,0.914894,1.039867
1.012862,1.040404,1.039867,0.971246
0.980952,0.980583,0.971246,0.996711
0.990291,0.9967,0.996711,0.990099
0.996732,0.990066,0.990099,1.01
0.996721,1.003344,1.01,1.013201
1.032895,1.023333,1.013201,1.003257
0.990446,1.0,1.003257,1.0
0.990354,0.993485,1.0,0.99026
1.0,0.993443,0.99026,0.977049
0.970779,0.973597,0.977049,1.083893
1.1,1.088136,1.083893,0.922601
0.9,0.919003,0.922601,0.92953
0.908197,0.911864,0.92953,1.032491
1.032491,1.037175,1.032491,0.965035
0.975524,0.967742,0.965035,1.028986
1.02509,1.044444,1.028986,0.996479
0.993007,0.98227,0.996479,1.035336
1.045775,1.054152,1.035336,0.948805
0.952862,0.94863,0.948805,1.014388
1.0,1.01083,1.014388,0.957447
0.989399,0.960714,0.957447,1.014815
0.985714,1.011152,1.014815,0.992701
0.98913,0.992647,0.992701,0.992647
1.0,0.996296,0.992647,0.996296
0.992674,0.996283,0.996296,1.01487
1.00738,1.0,1.01487,0.985348
0.989011,0.996269,0.985348,0.981413
0.992593,0.985019,0.981413,0.9
0.9,0.9,0.9,0.973913
0.94958,0.972727,0.973913,1.049107
1.053097,1.088785,1.049107,1.051064
1.046218,1.042918,1.051064,0.987854
0.983936,0.995885,0.987854,1.077869
1.093878,1.053719,1.077869,0.91635
0.94403,0.941176,0.91635,1.020747
0.992095,1.004167,1.020747,1.020325
1.003984,1.029046,1.020325,0.968127
0.988095,0.975806,0.968127,0.971193
0.959839,0.971074,0.971193,0.978814
0.979079,0.978723,0.978814,1.025974
1.012821,0.986957,1.025974,1.050633
1.059072,1.0837,1.050633,1.0
0.992032,1.0,1.0,0.97992
0.991968,0.99187,0.97992,0.991803
0.979757,0.967213,0.991803,1.024793
1.028926,1.025424,1.024793,1.052419
1.068273,1.070248,1.052419,1.011494
0.992481,0.996139,1.011494,1.087121
1.090909,1.093023,1.087121,1.1
1.1,1.1,1.1,0.908163
0.9,0.921053,0.908163,1.067416
1.068493,1.042857,1.067416,0.936842
0.915385,0.939726,0.936842,1.02809
1.047619,1.061224,1.02809,0.969945
0.965241,0.961538,0.969945,1.019718
1.00277,1.008571,1.019718,0.950276
0.964088,0.968839,0.950276,0.94186
0.942693,0.935673,0.94186,0.981481
0.966565,0.95,0.981481,1.0
1.037736,1.029605,1.0,0.955975
0.945455,0.958466,0.955975,1.013158
1.0,1.023333,1.013158,0.951299
0.974359,0.944625,0.951299,1.013652
1.003289,1.013793,1.013652,1.037037
1.013115,1.034014,1.037037,0.957792
0.967638,0.967105,0.957792,1.030508
1.016722,1.02381,1.030508,0.973684
0.983553,0.973422,0.973684,1.006757
1.003344,1.010239,1.006757,1.003356
0.996667,1.0,1.003356,0.963211
0.973244,0.966216,0.963211,0.902778
0.924399,0.909091,0.902778,1.023077
1.0,1.019231,1.023077,1.011278
1.011152,1.011321,1.011278,1.007435
1.018382,1.0,1.007435,1.04059
1.028881,1.044776,1.04059,1.046099
1.045614,1.042857,1.046099,0.966102
0.966443,0.972603,0.966102,0.961404
0.961806,0.957746,0.961404,0.978102
0.98917,0.985294,0.978102,1.022388
1.0,1.011194,1.022388,0.970803
0.989051,0.97786,0.970803,0.992481
0.97786,0.984906,0.992481,1.007576
1.011321,1.0,1.007576,1.007519
1.014925,1.02682,1.007519,0.958955
0.955882,0.955224,0.958955,1.0
1.003846,1.0,1.0,1.042802
1.045977,1.035156,1.042802,1.08209
1.087912,1.079245,1.08209,0.948276
0.93266,0.947552,0.948276,1.04
1.061372,1.055351,1.04,1.0
