1.1,1.1,1.1,0.975352
0.973937,0.980562,0.975352,0.931408
0.942254,0.934655,0.931408,1.037984
1.005232,1.001571,1.037984,1.062733
1.063197,1.082353,1.062733,0.97681
0.993007,0.994203,0.97681,1.032374
1.034507,1.040816,1.032374,0.934495
0.930565,0.935574,0.934495,0.964952
0.97147,0.961826,0.964952,1.034003
1.01506,1.032685,1.034003,1.03139
1.026706,0.999246,1.03139,1.1
1.1,1.1,1.1,0.989886
1.017489,1.006452,0.989886,0.95083
0.926949,0.947436,0.95083,0.986568
1.021854,0.992558,0.986568,0.913547
0.9,0.9,0.913547,1.015648
0.99422,0.962279,1.015648,0.903888
0.923692,0.9768,0.903888,0.949675
0.932337,0.900901,0.949675,1.094017
1.1,1.1,1.094017,0.977344
0.958904,0.965954,0.977344,1.04956
1.087302,1.07377,1.04956,0.925362
0.939416,0.923664,0.925362,0.988477
0.969697,0.972727,0.988477,0.9
0.9,0.9,0.9,1.004808
1.006699,1.00303,1.004808,1.051675
1.046578,1.057402,1.051675,1.044586
1.054496,1.05619,1.044586,1.030488
1.026701,1.036069,1.030488,1.000845
0.995805,0.993908,1.000845,0.965372
0.963774,0.971103,0.965372,1.028871
1.057692,1.054103,1.028871,1.005952
0.985124,0.997434,1.005952,1.042265
1.035235,1.038593,1.042265,0.961882
0.965964,0.954583,0.961882,1.006745
1.010906,1.012111,1.006745,1.014238
1.033195,1.017949,1.014238,1.013212
0.988755,1.014274,1.013212,1.022005
1.020309,1.00745,1.022005,1.048644
1.056529,1.039441,1.048644,0.973384
0.975885,0.991304,0.973384,1.053906
1.064093,1.043062,1.053906,0.97702
0.959361,0.993884,0.97702,0.924127
1.001513,0.920769,0.924127,0.920361
0.9,0.902256,0.920361,1.048171
1.057642,1.073148,1.048171,0.953191
0.932287,0.949094,0.953191,0.992857
0.990257,0.982727,0.992857,1.008993
1.009839,1.021277,1.008993,0.927807
0.943313,0.934783,0.927807,1.018252
1.021596,1.016473,1.018252,0.977358
0.966912,0.981888,0.977358,0.968147
0.962928,0.966019,0.968147,0.917248
0.918065,0.914573,0.917248,1.023913
1.016129,1.023077,1.023913,1.012739
1.022222,1.017186,1.012739,1.015723
1.007246,1.004224,1.015723,1.021672
1.032888,1.031546,1.021672,1.021212
1.012935,1.011213,1.021212,0.996044
0.990177,1.0,0.996044,1.007944
1.018849,1.019153,1.007944,0.961576
0.954236,0.958457,0.961576,1.1
1.1,1.1,1.1,0.942699
0.914667,0.933769,0.942699,1.018627
1.012634,1.015984,1.018627,0.995188
1.00096,1.004916,0.995188,0.99323
1.013423,1.002935,0.99323,0.94742
0.922422,0.922927,0.94742,0.99075
0.995897,1.006342,0.99075,0.992739
0.986612,0.983193,0.992739,0.986416
0.994781,1.00641,0.986416,0.92161
0.93809,0.919321,0.92161,0.97931
0.977629,0.976905,0.97931,1.057512
1.032037,1.01773,1.057512,0.947836
0.993348,0.990708,0.947836,1.023419
0.983259,0.997655,1.023419,1.004577
1.00227,1.024677,1.004577,1.092255
1.089468,1.06078,1.092255,0.978102
0.985447,0.994595,0.978102,0.968017
0.969409,0.982609,0.968017,0.94163
0.943417,0.940265,0.94163,1.024561
1.021915,1.015294,1.024561,0.922374
0.917607,0.924681,0.922374,0.950495
0.947109,0.952381,0.950495,1.053385
1.053247,1.048684,1.053385,0.976514
0.997534,0.984944,0.976514,0.993671
0.981459,0.982166,0.993671,1.003822
0.998741,1.018158,1.003822,0.967005
0.977301,0.940127,0.967005,0.980315
0.985806,0.99187,0.980315,1.07095
1.075916,1.031421,1.07095,1.1
1.1,1.1,1.1,0.926966
0.950441,0.940367,0.926966,1.1
1.1,1.1,1.1,1.060104
1.053625,1.08587,1.060104,1.026393
1.050895,1.0,1.026393,0.970476
0.940807,1.007007,0.970476,0.947007
0.952336,0.956262,0.947007,0.92228
0.917918,0.9,0.92228,1.016854
1.014177,1.057647,1.016854,0.942541
0.92043,0.9,0.942541,0.98476
1.014019,1.017327,0.98476,0.927381
0.919355,0.927007,0.927381,0.960205
0.941103,0.958005,0.960205,1.048128
1.1,1.061644,1.048128,1.008929
0.950704,1.003871,1.008929,0.992415
0.987654,1.0,0.992415,1.057325
1.05875,1.043702,1.057325,1.003614
0.994097,1.007389,1.003614,1.009604
1.021378,1.022005,1.009604,1.041617
1.040698,1.0311,1.041617,1.012557
0.991061,1.010441,1.012557,1.010147
1.02593,1.014925,1.010147,1.032366
1.016484,0.943439,1.032366,0.970811
0.992432,1.056355,0.970811,0.963252
0.96732,0.91941,0.963252,0.995376
0.98536,1.050617,0.995376,0.969803
0.963429,0.972973,0.969803,1.013174
1.00949,1.008454,1.013174,0.958629
0.967098,0.967665,0.958629,1.023428
1.009721,0.99505,1.023428,1.006024
1.025271,1.033582,1.006024,0.958084
0.974178,0.960289,0.958084,1.0025
0.987952,0.996241,1.0025,1.001247
0.986585,1.001258,1.001247,0.936488
0.951792,0.943467,0.936488,1.022606
1.002597,1.009321,1.022606,0.981795
0.994819,0.992084,0.981795,0.937748
0.927083,0.917553,0.937748,0.974576
0.977528,0.975362,0.974576,1.0
1.001437,1.019316,1.0,0.97971
0.994261,0.985423,0.97971,1.019231
1.012987,1.016272,1.019231,0.970972
0.961538,0.937409,0.970972,1.026906
1.025185,1.055901,1.026906,0.975255
0.972543,0.969118,0.975255,0.98209
1.011887,0.996965,0.98209,1.00304
0.997063,0.981735,1.00304,1.040909
1.029455,1.043411,1.040909,0.997089
0.984263,1.002972,0.997089,0.941606
0.947674,0.94963,0.941606,1.1
1.1,1.095164,1.1,0.9681
1.0,0.990028,0.9681,1.051576
1.090028,1.051799,1.051576,0.96594
0.90216,0.957592,0.96594,0.952045
0.971831,0.957143,0.952045,1.025185
1.005797,1.020896,1.025185,0.960983
0.963977,0.953216,0.960983,0.935338
0.962631,0.943252,0.935338,0.9791
0.953416,0.985366,0.9791,0.9
0.9,0.9,0.9,1.027372
1.021739,1.02439,1.027372,1.026643
1.031915,1.016484,1.026643,1.017301
1.036082,1.055856,1.017301,1.066327
1.041459,1.05802,1.066327,0.985646
1.007962,0.991935,0.985646,0.985437
1.00158,0.985366,0.985437,1.065681
1.033123,1.049505,1.065681,0.946071
0.958779,0.955975,0.946071,1.058632
1.047771,1.064145,1.058632,0.996923
0.989362,0.990726,0.996923,1.013889
1.009217,1.0078,1.013889,1.012177
1.015221,0.987616,1.012177,1.03609
1.04048,1.061129,1.03609,0.972424
0.974063,0.970458,0.972424,0.929851
0.936391,0.926941,0.929851,1.017657
1.004739,1.026273,1.017657,0.929022
0.933962,0.9376,0.929022,0.976231
0.993266,0.974403,0.976231,1.003478
0.99661,1.005254,1.003478,1.020797
1.008503,1.010453,1.020797,0.972835
0.984823,0.97931,0.972835,1.024433
1.011986,0.998239,1.024433,1.063032
1.067682,1.082892,1.063032,1.046474
1.047544,1.034202,1.046474,1.009188
1.009077,1.001575,1.009188,0.990895
1.011994,1.02673,0.990895,0.937213
0.936296,0.915773,0.937213,0.990196
0.974684,0.986622,0.990196,0.965347
0.959416,0.961017,0.965347,0.929915
0.944162,0.901235,0.929915,1.1
1.1,1.1,1.1,1.095935
1.091324,1.065147,1.095935,0.980712
1.011158,1.009174,0.980712,1.051437
0.983448,1.022727,1.051437,0.97554
0.976157,0.998519,0.97554,0.977876
0.985632,0.968843,0.977876,1.030166
1.034985,1.041348,1.030166,1.064422
1.033803,1.017647,1.064422,0.902338
0.953678,0.939306,0.902338,1.073171
1.012857,1.046154,1.073171,1.06392
1.1,1.073529,1.06392,1.024032
1.0,0.984932,1.024032,1.045632
1.059494,1.065369,1.045632,1.038653
1.013142,1.041775,1.038653,0.951981
0.944575,0.964912,0.951981,0.965952
0.970037,0.987013,0.965952,0.941253
0.943372,0.935526,0.941253,0.92233
0.919509,0.917018,0.92233,0.948872
0.982196,0.964724,0.948872,1.080824
1.034743,1.049285,1.080824,1.007331
1.020438,1.037879,1.007331,1.045124
1.035765,1.036496,1.045124,0.987465
0.991713,0.983099,0.987465,0.990127
0.988858,0.987106,0.990127,0.941595
0.946479,0.955007,0.941595,0.993949
0.985119,0.980243,0.993949,1.016743
1.012085,1.015504,1.016743,0.923653
0.964179,0.934351,0.923653,1.024311
0.982972,1.022876,1.024311,1.079114
1.089764,1.057508,1.079114,1.032258
1.026012,1.019637,1.032258,1.099432
1.090141,1.025185,1.099432,0.988372
1.003876,1.067919,0.988372,0.975163
0.962677,0.982409,0.975163,0.946381
0.946524,0.936639,0.946381,1.024079
1.049435,1.051471,1.024079,0.950207
0.936743,0.94965,0.950207,1.045124
1.034483,1.0162,1.045124,0.970752
0.983333,1.001449,0.970752,1.010043
0.997175,0.992764,1.010043,1.014205
1.015581,1.03207,1.014205,1.022409
1.018131,0.997175,1.022409,0.915068
0.942466,0.941926,0.915068,0.958084
0.936047,0.944361,0.958084,0.99375
1.020186,1.003185,0.99375,0.995283
0.974125,0.988889,0.995283,1.017378
1.007812,1.017657,1.017378,1.004658
1.004651,1.001577,1.004658,0.998454
1.010802,1.009449,0.998454,1.1
1.1,1.093604,1.1,0.953368
0.96114,1.038516,0.953368,1.019022
1.051213,1.016484,1.019022,0.997333
0.969231,1.0,0.997333,0.986631
0.988095,0.977027,0.986631,0.982385
0.97992,0.994467,0.982385,0.998621
0.990437,0.990264,0.998621,1.017956
1.041379,1.032303,1.017956,1.035278
1.013245,1.008163,1.035278,1.013106
1.013072,1.004049,1.013106,1.1
1.1,1.1,1.1,0.906489
0.9,0.910359,0.906489,1.1
1.1,1.1,1.1,0.997222
0.969452,0.988722,0.997222,0.945218
0.951807,0.946768,0.945218,1.039293
1.038948,1.042169,1.039293,1.014178
1.02343,1.022158,1.014178,0.983225
0.991758,0.989632,0.983225,0.985782
0.987996,0.977143,0.985782,0.989423
0.995327,0.98538,0.989423,1.024295
1.004695,1.024728,1.024295,1.034156
1.061682,1.051158,1.034156,0.991743
0.990317,0.97888,0.991743,1.1
1.1,1.055347,1.1,1.00885
1.023331,1.088889,1.00885,0.99681
1.077044,1.016327,0.99681,1.06
0.978832,1.035341,1.06,0.911698
0.943326,0.913111,0.911698,0.951987
0.916996,0.967715,0.951987,0.912174
0.906897,0.9,0.912174,1.018112
1.052281,1.039177,1.018112,1.032772
1.01355,1.001885,1.032772,1.010879
1.016934,1.040452,1.010879,1.075336
1.06135,1.050633,1.075336,0.942452
0.971098,0.96988,0.942452,1.088496
1.069728,1.075421,1.088496,1.049593
1.034976,1.05198,1.049593,1.055771
1.056068,1.058824,1.055771,0.971387
0.994182,0.978519,0.971387,1.040785
1.013168,1.023467,1.040785,1.022496
1.023827,1.02071,1.022496,0.958836
0.969676,0.973913,0.958836,1.1
1.1,1.049107,1.1,1.098879
1.072026,1.1,1.098879,0.90102
0.921416,0.953235,0.90102,1.036618
1.025391,1.019489,1.036618,0.933847
0.952381,0.954515,0.933847,0.945667
0.918667,0.925414,0.945667,1.053091
1.080552,1.067164,1.053091,1.1
1.1,1.097902,1.1,1.003096
0.997583,0.964331,1.003096,1.1
1.1,1.1,1.1,1.1
1.087975,1.067956,1.1,0.9
0.9,0.9,0.9,0.9
0.9,0.907673,0.9,0.9
0.9,0.9,0.9,0.939703
0.9,0.9,0.939703,1.1
1.1,1.1,1.1,1.063644
1.09589,1.1,1.063644,0.9
0.9,0.9,0.9,1.1
1.1,1.069063,1.1,1.1
1.1,1.1,1.1,0.9
0.9,0.9,0.9,0.907609
0.9,0.9,0.907609,0.902196
0.917495,0.9,0.902196,1.035398
1.018418,1.1,1.035398,0.9
0.9,0.9,0.9,0.989091
1.035714,1.01519,0.989091,1.007353
0.95977,1.014963,1.007353,1.086375
1.099401,1.056511,1.086375,1.1
1.1,1.1,1.1,0.970837
0.977422,1.025988,0.970837,1.037791
1.06256,1.048632,1.037791,1.062558
1.040761,1.076329,1.062558,1.1
1.1,1.1,1.1,0.969365
0.951983,1.038552,0.969365,0.925508
0.986842,0.926515,0.925508,0.986992
0.917037,0.984464,0.986992,1.004119
1.028271,1.000831,1.004119,1.082855
1.084053,1.084647,1.082855,1.018182
0.982609,1.019128,1.018182,0.94494
0.987463,0.951952,0.94494,0.9
0.9,0.9,0.9,0.9
0.9,0.9,0.9,1.057208
1.001066,1.023256,1.057208,0.9
0.9,0.9,0.9,1.078788
1.099045,1.1,1.078788,1.020225
0.996743,0.969526,1.020225,1.07489
1.083878,1.1,1.07489,0.927254
0.929648,0.903627,0.927254,0.961326
0.992432,0.987385,0.961326,0.955172
0.91939,0.946574,0.955172,1.1
1.1,1.1,1.1,1.016129
1.011727,1.03233,1.016129,1.009524
1.014752,1.00108,1.009524,1.008386
1.011423,1.019417,1.008386,1.060291
1.056468,1.068783,1.060291,0.941176
0.936832,0.914851,0.941176,0.96875
0.974066,1.002165,0.96875,1.009677
1.066028,1.007559,1.009677,0.922258
0.9,0.924973,0.922258,0.987298
0.971751,0.968714,0.987298,1.009357
1.010465,1.022727,1.009357,1.077636
1.073648,1.063158,1.077636,0.991398
1.0,1.0033,0.991398,0.997831
0.989282,0.989035,0.997831,0.980435
1.001083,0.97561,0.980435,1.04102
1.036797,1.065909,1.04102,1.035144
1.030271,1.029851,1.035144,1.095679
1.08308,1.089027,1.095679,0.975587
0.985033,0.969582,0.975587,0.950914
0.945869,0.957843,0.950914,1.006073
1.00502,1.010235,1.006073,1.037223
1.032967,1.029382,1.037223,1.019399
1.026112,1.028543,1.019399,0.986679
0.98869,0.983732,0.986679,1.0
0.99428,0.999027,1.0,1.058824
1.068073,1.046738,1.058824,0.982696
1.003591,1.002791,0.982696,1.021316
1.017889,1.022263,1.021316,1.043557
1.023726,1.036298,1.043557,1.025217
1.021459,0.990368,1.025217,1.013571
1.028571,1.05305,1.013571,1.039331
1.044118,1.030227,1.039331,1.018519
0.99687,1.000815,1.018519,1.1
1.1,1.1,1.1,0.9
0.9,0.912245,0.9,0.968219
0.965268,0.971663,0.968219,0.972519
0.958771,0.946278,0.972519,0.933281
0.971071,0.961882,0.933281,1.010934
0.975845,1.003373,1.010934,0.950915
0.952145,0.939496,0.950915,0.991251
1.010399,1.011628,0.991251,0.990291
0.971698,0.990274,0.990291,1.032977
1.030009,1.028571,1.032977,1.025884
1.073693,1.027778,1.025884,0.924306
0.9,0.919764,0.924306,1.022748
1.011659,1.019284,1.022748,0.995552
1.008865,1.006306,0.995552,1.024129
1.022847,1.021486,1.024129,0.962478
0.973368,0.966696,0.962478,1.034451
1.010591,1.028105,1.034451,1.001753
1.0,0.998236,1.001753,0.976378
0.9869,0.983216,0.976378,1.013441
1.009735,1.010782,1.013441,0.993811
0.986854,0.994667,0.993811,0.947509
0.955595,0.947274,0.947509,1.012207
1.010223,1.008491,1.012207,0.966605
0.99448,0.972872,0.966605,0.939539
0.911193,0.935577,0.939539,0.962206
0.961421,0.94964,0.962206,0.983015
0.992608,0.996753,0.983015,0.941685
0.935106,0.929425,0.941685,1.041284
1.044369,1.053738,1.041284,0.968062
0.965142,0.95122,0.968062,0.978385
0.978555,0.983683,0.978385,1.039535
1.032295,1.045024,1.039535,1.005593
1.007821,1.013605,1.005593,0.984427
0.992239,0.972036,0.984427,1.030508
1.022346,1.026467,1.030508,1.0
1.0,1.0,1.0,1.0
1.0,1.0,1.0,1.0
1.0,1.0,1.0,1.0
1.0,1.0,1.0,1.0
1.0,1.0,1.0,1.0
1.0,1.0,1.0,1.0
1.0,1.0,1.0,1.0
1.0,1.0,1.0,1.0
1.0,1.0,1.0,1.0
1.0,1.0,1.0,1.0
1.0,1.0,1.0,1.0
1.0,1.0,1.0,1.0
1.0,1.0,1.0,1.0
1.0,1.0,1.0,1.0
1.0,1.0,1.0,1.0
1.0,1.0,1.0,1.0
1.0,1.0,1.0,1.0
1.0,1.0,1.0,1.0
1.0,1.0,1.0,1.0
1.0,1.0,1.0,0.9
0.9,0.9,0.9,1.013351
0.997379,0.990629,1.013351,0.97365
0.976347,0.985135,0.97365,1.05548
1.051144,1.032922,1.05548,0.969231
0.976953,1.0,0.969231,0.981481
0.97772,0.98008,0.981481,1.036388
1.044236,1.023035,1.036388,0.9987
1.0,1.013245,0.9987,0.96224
0.960205,0.966013,0.96224,1.043302
1.049465,1.041949,1.043302,0.910506
0.90828,0.9,0.910506,0.930199
0.929874,0.938953,0.930199,1.027565
1.016591,1.03096,1.027565,1.007452
1.008902,1.010511,1.007452,1.053254
1.048529,1.040119,1.053254,1.008427
1.015428,1.012857,1.008427,1.019499
1.031768,0.997179,1.019499,0.938525
0.975904,0.956153,0.938525,1.071325
1.017833,1.078402,1.071325,0.966033
0.967655,0.972565,0.966033,1.005626
1.019499,1.0,1.005626,0.966434
0.969945,0.973202,0.966434,1.0
0.985915,0.997101,1.0,0.984081
0.977143,0.973837,0.984081,1.032353
1.03655,1.041791,1.032353,0.991453
0.985896,0.991404,0.991453,0.981322
1.001431,0.985549,0.981322,0.964861
0.961429,0.953079,0.964861,0.955994
0.973254,0.966154,0.955994,0.933333
0.938931,0.934713,0.933333,0.901361
0.9,0.9,0.901361,1.04717
1.037383,1.04466,1.04717,1.007207
1.025225,1.007435,1.007207,0.966011
0.954306,0.98893,0.966011,1.009259
1.009208,0.998134,1.009259,1.031193
1.041971,1.046729,1.031193,0.927046
0.924694,0.925,0.927046,1.03263
1.030303,1.028958,1.03263,0.95539
0.985294,0.95122,0.95539,1.019455
0.983209,1.023669,1.019455,0.990458
1.003795,1.0,0.990458,1.025048
1.009452,1.007707,1.025048,0.979323
0.990637,0.994264,0.979323,1.017274
1.003781,1.005769,1.017274,0.990566
0.99435,0.994264,0.990566,0.965714
0.99053,0.973077,0.965714,0.9
0.9,0.9,0.9,0.982222
0.958874,0.956818,0.982222,1.081448
1.1,1.1,1.081448,1.046025
1.016227,1.035789,1.046025,0.998
1.021956,1.00813,0.998,1.1
1.1,1.092742,1.1,0.912587
0.972222,0.95941,0.912587,1.05364
0.994643,1.021154,1.05364,1.001818
1.025135,1.024482,1.001818,0.949183
0.956217,0.957721,0.949183,0.994264
0.956044,0.988484,0.994264,0.975
0.984674,0.978641,0.975,1.035503
1.027237,0.990079,1.035503,1.038095
1.039773,1.08016,1.038095,0.990826
1.003643,0.96475,0.990826,1.005556
0.99274,1.026923,1.005556,0.965009
0.965265,0.949438,0.965009,1.020992
1.018939,1.031558,1.020992,1.029907
1.039033,1.049713,1.029907,1.088929
1.076923,1.040073,1.088929,1.05
1.053156,1.091068,1.05,0.998413
1.047319,1.009631,0.998413,1.041335
0.987952,1.017488,1.041335,1.035115
1.071646,1.05,1.035115,0.973451
0.940256,0.947917,0.973451,1.054545
1.07413,1.081633,1.054545,0.991379
0.977465,0.979681,0.991379,1.072464
1.1,1.081481,1.072464,0.918919
0.9,0.90411,0.918919,0.945588
0.936963,0.959091,0.945588,0.942457
0.926606,0.914692,0.942457,0.983498
1.034653,1.020725,0.983498,0.97651
0.940989,0.981387,0.97651,1.068729
1.066102,1.022414,1.068729,0.961415
0.965024,0.986509,0.961415,1.008361
1.011532,1.02735,1.008361,1.046434
1.029316,1.026622,1.046434,0.976228
0.993671,0.988655,0.976228,1.006494
0.988854,1.006557,1.006494,0.935484
0.943639,0.938111,0.935484,1.008621
1.008532,1.010417,1.008621,1.006838
1.01692,1.0,1.006838,0.981324
0.990017,0.987973,0.981324,0.922145
0.915966,0.92,0.922145,1.031895
1.016514,1.026465,1.031895,1.049091
1.048736,1.047882,1.049091,0.993068
1.015491,0.991213,0.993068,1.034904
1.018644,1.04078,1.034904,1.015177
1.009983,1.022147,1.015177,0.968439
0.973641,0.968333,0.968439,0.96741
0.961083,0.950086,0.96741,0.996454
1.0,1.0,0.996454,1.014235
1.007042,1.014493,1.014235,0.987719
1.01049,0.998214,0.987719,1.01421
0.991349,0.992844,1.01421,0.984238
0.994764,1.0,0.984238,0.982206
0.982456,0.992793,0.982206,0.942029
0.95,0.943739,0.942029,1.05
1.035714,1.032692,1.05,0.961538
0.958258,0.972067,0.961538,1.030476
1.028409,1.022989,1.030476,1.072089
1.086556,1.076779,1.072089,1.043103
1.064407,1.050435,1.043103,0.983471
