1,100.0,1.036649,1.042705,1.031469,0.991525
1,76.97368421052612,0.996633,0.976109,0.991525,0.958974
1,35.14325323475054,0.967905,0.979021,0.958974,0.982175
1,28.25360082304531,0.963351,0.967857,0.982175,1.016334
1,39.709549777216196,1.014493,1.023985,1.016334,0.998214
1,38.965077250085486,1.003571,1.001802,0.998214,1.037567
1,57.13815698789798,1.040925,1.041367,1.037567,1.001724
1,57.78277904689585,1.003419,0.984456,1.001724,0.994836
1,55.105255609644324,0.996593,1.010526,0.994836,1.008651
1,58.5524601018333,0.998291,1.0,1.008651,0.998285
1,57.59986641483559,1.001712,0.989583,0.998285,1.020619
1,64.96570032885981,1.020513,1.036842,1.020619,0.998316
1,63.96840529005871,0.99665,0.993232,0.998316,0.994941
1,60.94574817062265,0.998319,0.988075,0.994941,0.945763
0,39.50343518155903,0.954545,0.958621,0.945763,0.910394
0,24.813477161855516,0.924162,0.9,0.910394,0.919291
0,18.67942217177525,0.906489,0.929719,0.919291,1.059957
0,31.18983144203187,1.077895,1.041037,1.059957,0.9
0,23.323580578370095,0.9,0.9,0.9,1.02968
0,27.79625871095823,1.045662,1.07177,1.02968,0.955654
0,25.34664486314603,0.945415,0.946429,0.955654,0.962877
0,23.55799903740291,0.965358,0.971698,0.962877,0.973494
0,22.38827889698816,0.992823,0.975728,0.973494,1.014851
0,24.58780144751234,1.0,1.012438,1.014851,0.958537
0,22.63083227322155,0.951807,0.945946,0.958537,1.030534
0,27.04488044962896,1.03038,1.028571,1.030534,0.992593
0,26.635752818052605,0.990172,1.005051,0.992593,1.054726
1,34.46521183570961,1.069479,1.050251,1.054726,1.040094
1,39.81058847005253,1.032483,1.047847,1.040094,1.00907
1,41.02940318094038,1.0,0.990868,1.00907,0.977528
1,38.908194663636884,0.977528,0.979263,0.977528,1.0
1,38.908194663636884,1.018391,1.018824,1.0,1.004598
1,39.63211946129854,1.020316,1.006928,1.004598,0.970252
0,36.59649510577428,0.942478,0.963303,0.970252,0.988208
0,35.47114596135612,1.0,0.990476,0.988208,0.968974
0,32.65917380552453,0.962441,0.96875,0.968974,0.995074
0,32.235779223720314,0.987805,0.992556,0.995074,1.0
0,32.235779223720314,1.0,0.9975,1.0,1.027228
0,37.4114544629024,1.037037,1.012531,1.027228,1.060241
1,47.26891951625276,1.05,1.044554,1.060241,0.979545
1,44.5487669760124,0.977324,1.009479,0.979545,0.981439
1,42.22283436249637,0.993039,0.988263,0.981439,1.06383
1,51.43823754818392,1.058411,1.019002,1.06383,0.92
0,41.85290588069946,0.980132,0.955711,0.92,0.978261
0,39.853450638036804,0.916667,0.970732,0.978261,0.995062
0,39.4029586487351,1.0,1.002513,0.995062,1.039702
0,44.78055105058359,1.04914,1.022556,1.039702,0.9642
0,41.09827755624393,0.948478,0.973039,0.9642,1.0
0,41.09827755624392,1.0,1.012594,1.0,0.980198
0,39.10910447035679,0.990123,0.9801,0.980198,1.005051
0,39.892359737811304,0.997506,0.992386,1.005051,1.0
0,39.8923597378113,1.0,1.01023,1.0,0.992462
0,39.019207378645426,0.9925,0.992405,0.992462,0.96962
0,35.657245597407226,0.972292,0.966837,0.96962,1.018277
0,38.96111158049771,1.010363,1.015831,1.018277,1.012821
0,41.28043981930368,1.020513,1.015584,1.012821,1.017722
1,44.46212757936408,1.01005,1.017903,1.017722,1.1
1,58.6087753270685,1.1,1.055276,1.1,1.099323
1,68.02251372805706,1.082222,1.054762,1.099323,0.915811
1,55.38262503932707,0.924025,0.984199,0.915811,0.991031
1,54.322083199277586,0.986667,1.002294,0.991031,0.99095
1,53.22446757819766,1.015766,0.979405,0.99095,1.011416
1,54.46307106192677,0.986696,1.011682,1.011416,0.981941
1,52.0865387557222,0.979775,0.990762,0.981941,1.036782
1,56.20279732450527,1.050459,1.037296,1.036782,1.088692
1,64.4300225181639,1.091703,1.08764,1.088692,1.040733
1,67.69739909486776,1.038,1.043388,1.040733,1.1
1,76.09302766103887,1.1,1.033663,1.1,1.032646
1,77.75893642136305,1.035533,1.082375,1.032646,0.946755
1,69.03384909208525,0.95915,0.989381,0.946755,1.0
1,69.03384909208525,0.986371,1.001789,1.0,0.940246
1,60.64821684113096,0.968912,0.948214,0.940246,1.076636
1,66.01005614686802,1.042781,1.007533,1.076636,1.0
1,66.01005614686802,1.0,1.0,1.0,1.0
1,66.01005614686802,1.0,1.0,1.0,1.0
1,66.01005614686801,1.0,1.0,1.0,1.0
1,66.01005614686802,1.0,1.0,1.0,1.0
1,66.01005614686802,1.0,1.0,1.0,1.0
1,66.01005614686801,1.0,1.0,1.0,1.0
1,66.01005614686802,1.0,1.0,1.0,1.034722
1,69.6585177252217,1.1,1.095327,1.034722,0.9
0,47.63349196636121,0.9,0.9,0.9,1.036822
0,51.55154596404177,1.032381,0.992157,1.036822,0.928972
0,44.39695703791886,0.920664,0.940711,0.928972,1.046278
0,49.00970221358181,1.052104,1.088235,1.046278,0.961538
0,45.47675450155777,0.954286,0.951737,0.961538,0.95
0,41.45406116243042,0.962076,0.953347,0.95,0.987368
0,40.527501855812424,0.979253,0.995745,0.987368,0.974414
0,38.66605483439092,0.978814,0.967949,0.974414,0.908096
0,32.959945839484504,0.906926,0.905077,0.908096,1.0
0,32.959945839484504,1.002387,1.002439,1.0,1.077108
0,40.69355385234575,1.07619,1.075426,1.077108,0.946309
0,37.225146037773975,0.940265,0.947964,0.946309,1.1
1,50.63090710589593,1.1,1.1,1.1,1.012146
1,51.57210073545476,1.020202,1.040254,1.012146,1.048
1,55.2473536259706,1.047525,1.05499,1.048,0.965649
1,52.05646104418959,0.988658,0.971042,0.965649,1.035573
1,54.863894504007256,1.017208,1.033797,1.035573,0.935115
1,49.02430974770731,0.947368,0.934615,0.935115,0.955102
0,45.639279452330996,0.964286,0.936214,0.955102,0.976496
0,44.00325219321792,0.944444,0.98022,0.976496,0.984683
0,42.94816960976292,0.993464,0.975336,0.984683,1.051111
0,47.41005939348307,1.052632,1.066667,1.051111,0.951374
0,43.727196326232296,0.9375,0.9375,0.951374,1.08
1,50.242477573457265,1.1,1.1,1.08,1.026749
1,52.386315449610706,0.994059,1.024948,1.026749,0.98998
1,51.46781316005435,0.998008,1.0,0.98998,0.991903
1,50.70193168407217,0.982036,0.981744,0.991903,1.018367
1,52.41762312170357,1.01626,1.020661,1.018367,1.018036
1,54.136562524874236,1.024,1.024291,1.018036,1.007874
1,54.91610190465415,1.001953,1.001976,1.007874,0.970703
1,51.388699282037244,0.974659,0.974359,0.970703,1.016097
1,53.118285547322536,1.01,0.989879,1.016097,0.972277
0,49.78029441300375,0.974257,0.981595,0.972277,1.03666
1,53.800153376729,1.046748,1.052083,1.03666,0.923379
0,45.333156513941134,0.951456,0.908911,0.923379,1.034043
0,48.88714551666894,0.995918,1.039216,1.034043,1.00823
0,49.766393006528354,1.006148,1.014675,1.00823,0.997959
0,49.53697096454165,0.997963,0.995868,0.997959,1.02454
1,52.37427888230148,1.028571,1.022822,1.02454,1.013972
1,53.99908339769287,1.009921,1.018256,1.013972,0.980315
1,51.30620885403901,0.984283,0.99004,0.980315,1.022088
1,54.02235907494913,1.015968,1.008048,1.022088,0.962672
0,48.94398039545568,0.980354,0.968064,0.962672,1.046939
1,54.51778867906237,1.03006,1.030928,1.046939,1.023392
1,57.14642340442873,1.031128,1.04,1.023392,1.051429
1,62.41050233522468,1.064151,1.042308,1.051429,0.974638
1,58.40433266148169,0.95922,0.97048,0.974638,1.022305
1,60.73112696758951,1.033272,1.028517,1.022305,1.010909
1,61.87934647565629,1.005367,1.014787,1.010909,0.989209
1,59.990301865080845,0.996441,0.985428,0.989209,0.983636
1,57.17095886989487,0.980357,0.998152,0.983636,0.950092
0,49.63466386558218,0.958106,0.95,0.950092,1.005837
0,50.4167588491535,0.990494,0.97076,1.005837,1.0
0,50.41675884915351,0.996161,1.03012,1.0,0.978723
0,47.29375608974565,0.980732,0.978558,0.978723,1.003953
0,47.92536130095532,1.011788,1.011952,1.003953,0.952756
0,41.49871734477543,0.957282,0.952756,0.952756,1.028926
0,46.04399200936505,1.028398,1.008264,1.028926,0.957831
0,40.90952756715777,0.954635,0.971311,0.957831,0.962264
0,37.09153657460255,0.958678,0.959916,0.962264,1.002179
0,37.440848540521756,0.993534,0.986813,1.002179,0.98913
0,36.35389733234863,1.006508,1.006682,0.98913,1.026374
0,40.796216457773475,1.023707,1.028761,1.026374,0.985011
0,39.08256507403756,0.981053,0.987097,0.985011,1.015217
0,41.718983799212275,1.019313,1.002179,1.015217,1.0
0,41.718983799212275,0.989474,1.008696,1.0,0.950749
0,35.81276192294212,0.948936,0.952586,0.950749,0.952703
0,31.436649843656628,0.96861,0.945701,0.952703,0.981087
0,29.93593287611342,0.965278,0.985646,0.981087,0.983133
0,28.64727228502537,0.983213,0.98301,0.983133,1.066176
0,39.47063634405023,1.070732,1.049383,1.066176,1.002299
0,39.83465114701738,0.997722,0.997647,1.002299,0.995413
0,39.325274096778095,1.0,1.018868,0.995413,1.050691
1,47.307188977239505,1.050228,1.039352,1.050691,1.008772
1,48.6303950601148,1.021739,1.01559,1.008772,0.971739
1,44.70153465271076,0.97234,0.973684,0.971739,1.071588
1,54.45558954030511,1.050328,1.060811,1.071588,0.958246
1,48.676538811684914,0.96875,0.970276,0.958246,1.043573
1,53.94055728835543,1.034409,1.035011,1.043573,1.0
1,53.940557288355436,1.0,1.004228,1.0,1.0
1,53.940557288355436,1.002079,1.0,1.0,0.966597
0,48.92649620213725,0.970954,0.974737,0.966597,1.015119
1,51.06946995882514,1.004274,0.99784,1.015119,1.012766
1,52.89393651403492,1.02766,1.025974,1.012766,0.985294
0,50.526873158416784,0.977226,0.972574,0.985294,1.01919
1,53.413516168392135,1.025424,1.032538,1.01919,0.949791
0,45.74788144273682,0.944215,0.94958,0.949791,1.006608
0,46.776129976666205,1.002188,1.0,1.006608,1.0
0,46.776129976666205,1.010917,1.006637,1.0,1.008753
0,48.291611016754175,0.99784,0.986813,1.008753,0.954447
0,41.595343978990385,0.967532,0.973274,0.954447,1.011364
0,43.600604986438555,1.006711,1.01373,1.011364,1.020225
0,47.120030841288475,1.013333,1.018059,1.020225,1.002203
0,47.51195312879598,1.0,0.991131,1.002203,1.010989
1,49.52627475344878,1.013158,1.017897,1.010989,1.015217
1,52.286967904501736,1.021645,1.021978,1.015217,0.963597
0,45.74337137970851,0.980932,0.96129,0.963597,0.942222
0,37.92587372334256,0.920086,0.939597,0.942222,0.981132
0,35.89326459020302,0.978873,0.954762,0.981132,0.990385
0,34.88649451501339,1.004796,1.014963,0.990385,0.987864
0,33.617168544572145,0.976134,0.992629,0.987864,1.034398
0,40.1801866388694,1.041565,1.029703,1.034398,0.940618
0,33.761251062626016,0.953052,0.949519,0.940618,1.015152
0,36.38781109953843,0.995074,1.012658,1.015152,1.002488
0,36.83735175499423,1.007426,1.0025,1.002488,1.007444
0,38.24725985586625,1.002457,1.004988,1.007444,1.004926
0,39.221296578546884,1.029412,1.007444,1.004926,0.987745
0,37.62356529954876,0.971429,0.980296,0.987745,1.08933
1,52.596564163585676,1.1,1.065327,1.08933,0.977221
1,49.072766459289966,0.949227,0.990566,0.977221,1.02331
1,52.49991305087817,1.039535,1.038095,1.02331,0.981777
1,49.62291518039367,0.966443,0.972477,0.981777,0.988399
1,47.857700680678974,0.988426,0.978774,0.988399,1.011737
1,49.781516489948054,1.014052,1.021687,1.011737,1.018561
1,52.78326256889592,1.018476,1.011792,1.018561,1.1
1,70.10360247324537,1.1,1.1,1.1,1.1
1,78.22702862622857,1.1,1.1,1.1,0.937824
1,67.73390555759111,0.9,0.929701,0.937824,0.953959
1,61.558594751115045,0.972628,0.969754,0.953959,1.015444
1,62.729580593866075,1.030019,1.0,1.015444,0.990494
1,61.46927694225731,0.95082,0.998051,0.990494,1.026871
1,63.67021754688302,1.04023,1.033203,1.026871,1.039252
1,66.73929957958373,1.031308,1.032136,1.039252,0.96223
1,61.173897641628855,0.958929,0.952381,0.96223,0.927103
0,52.429660421459715,0.962756,0.946154,0.927103,0.977823
0,50.24799919199582,0.940039,0.963415,0.977823,0.958763
0,46.46240586807132,0.969136,0.972574,0.958763,0.954839
0,42.81499209087942,0.968153,0.960954,0.954839,1.018018
0,44.599236981523575,1.017544,1.015801,1.018018,1.039823
0,48.49330190105365,1.023707,1.028889,1.039823,0.951064
0,44.21656569320326,0.949474,0.956803,0.951064,1.004474
0,44.67349684999192,0.997783,0.993228,1.004474,1.046771
0,49.36359935025422,1.044444,1.045455,1.046771,0.995745
1,48.93810709116216,1.042553,1.008696,0.995745,1.023504
1,51.41840575848779,0.989796,1.0,1.023504,1.010438
1,52.54673329437563,1.006186,1.028017,1.010438,0.975207
1,49.571045082297566,0.981557,0.974843,0.975207,1.025424
1,52.46970267482213,1.012526,0.991398,1.025424,1.004132
1,52.95506189404327,1.02268,1.047722,1.004132,0.985597
1,50.99237631638933,0.967742,0.977226,0.985597,1.02714
1,54.374437634926046,1.029167,1.033898,1.02714,0.979675
1,51.434016065055694,0.979757,0.981557,0.979675,0.937759
0,43.784392143055925,0.966942,0.943633,0.937759,0.982301
0,41.99090487712315,0.957265,0.977876,0.982301,0.986486
0,40.64614638254429,0.982143,0.984163,0.986486,0.993151
0,39.95711676021228,0.990909,0.993103,0.993151,0.997701
0,39.715436441792,0.997706,0.993056,0.997701,0.997696
0,39.45841376182998,1.0,1.004662,0.997696,1.002309
0,39.87743332924267,1.0,1.00232,1.002309,1.023041
0,44.047872548864724,1.022989,1.018519,1.023041,0.968468
0,39.87741242940007,0.970787,0.968182,0.968468,1.009302
0,41.57934403426257,1.009259,1.00939,1.009302,1.011521
1,43.723832190308165,1.011468,1.013953,1.011521,1.022779
1,47.84717761397728,1.022676,1.013761,1.022779,1.03118
1,53.03529205556916,1.055432,1.040724,1.03118,1.00432
1,53.74322757181261,0.978992,0.993478,1.00432,0.980645
1,50.084558557262625,1.004292,0.993435,0.980645,1.004386
1,50.884739128745366,0.982906,1.002203,1.004386,1.002183
1,51.30507022235388,1.002174,1.0,1.002183,1.023965
1,55.7873501528328,1.030369,1.010989,1.023965,0.987234
1,52.925646534375325,0.976842,0.995652,0.987234,1.032328
1,58.63800079785556,1.034483,1.032751,1.032328,1.029228
1,63.134480040988045,1.039583,1.008457,1.029228,0.993915
1,61.589386241545554,0.983968,1.014675,0.993915,1.030612
1,66.06170681898837,1.04277,1.030992,1.030612,1.00396
1,66.61978397096415,0.996094,1.008016,1.00396,1.019724
1,69.3349857186895,1.015686,1.005964,1.019724,0.959381
1,58.562067971538895,0.982625,0.976285,0.959381,0.993952
1,57.19489081878323,0.97446,0.993927,0.993952,1.083164
1,68.14152596558783,1.1,1.063136,1.083164,1.1
1,78.52675431598837,1.1,1.074713,1.1,1.085809
1,82.86991684684304,1.1,1.1,1.085809,1.086626
1,86.17160689795446,1.080238,1.1,1.086626,1.008392
1,86.46728745311012,1.019257,1.028986,1.008392,0.984743
1,82.96484295639415,1.00135,0.964789,0.984743,1.080282
1,86.10555125262026,1.063342,1.09635,1.080282,1.018253
1,86.75162477551818,1.034221,0.980027,1.018253,0.996159
1,85.83062232428829,0.982843,1.039402,0.996159,1.003856
1,85.99079241537886,0.985037,0.96732,1.003856,1.088348
1,89.05522462470496,1.1,1.1,1.088348,0.987059
1,85.83183271552785,0.954646,0.970379,0.987059,1.061979
1,88.03634674589998,1.048667,1.032967,1.061979,1.1
1,93.98593577825632,1.1,1.1,1.1,1.056761
1,94.623702249965,1.083204,1.051304,1.056761,0.966035
1,88.25053664280769,0.903087,0.9232,0.966035,0.997547
1,87.80619409246451,0.985692,1.046794,0.997547,1.060656
1,89.24471921150364,1.064516,1.028974,1.060656,0.960587
1,82.0596497571643,0.972727,0.994368,0.960587,0.991955
1,80.68791096028005,0.964953,0.982201,0.991955,1.1
1,86.89336341528332,1.1,1.1,1.1,1.071524
1,88.51086345784944,1.092061,1.1,1.071524,1.015596
1,88.8568830161139,1.006109,1.019745,1.015596,1.007371
1,89.02770224685253,1.005464,0.990631,1.007371,1.1
1,93.02761737340325,1.1,1.1,1.1,0.976179
1,88.9253543302948,0.906637,0.955631,0.976179,1.1
1,93.14443114429098,1.1,1.1,1.1,0.900492
1,79.61580781902612,0.90314,0.971306,0.900492,1.1
1,86.44972390445349,1.1,1.1,1.1,0.99969
1,86.41293272485854,1.005505,1.1,0.99969,0.9
1,74.08715508832982,0.923358,0.9,0.9,1.085545
1,76.52133729428911,1.068182,1.1,1.085545,0.94339
1,71.33710186024982,0.934937,0.966667,0.94339,0.9
0,58.05285739817032,0.9,0.9,0.9,0.934061
0,54.92029645900679,0.919022,0.934061,0.934061,0.9
0,43.81205821012029,0.9,0.9,0.9,1.1
0,49.41025498021296,1.1,1.1,1.1,1.052464
0,50.908731438349314,1.072602,1.053684,1.052464,1.062941
0,52.809383355203416,1.1,1.084011,1.062941,0.955471
0,51.203906844405644,0.901568,0.975,0.955471,1.003471
0,51.322586212603035,0.990821,1.007692,1.003471,1.1
1,55.90898400399045,1.1,1.1,1.1,0.907472
1,51.87596815045479,0.917043,0.9,0.907472,0.9
0,46.31819365970522,0.9,0.9,0.9,0.9
0,41.78972389179057,0.908575,0.9,0.9,1.1
0,45.259096669694976,1.03625,1.1,1.1,0.9
0,42.268912217867374,0.9,0.9,0.9,1.027933
0,43.0594175725819,1.067169,1.045845,1.027933,0.976902
0,42.52638087569693,0.937058,0.976027,0.976902,1.057719
0,44.33785750477274,1.045236,1.045614,1.057719,1.1
1,48.17401904278863,1.1,1.1,1.1,0.93067
0,45.950624663640724,0.932045,0.930556,0.93067,0.988005
1,45.58579559102965,1.003771,1.006489,0.988005,1.072204
1,48.21896194974689,1.056982,1.06383,1.072204,1.004768
1,48.40930351311542,1.025474,1.006061,1.004768,0.984579
1,47.794398652988086,0.967649,0.990964,0.984579,0.910241
0,44.3200237471968,0.972537,0.908815,0.910241,1.027796
0,45.52219674820931,0.976059,1.036789,1.027796,0.954282
0,43.80056072668962,0.946541,0.954839,0.954282,1.038462
0,45.57997891466119,1.028571,1.031757,1.038462,0.980507
0,44.77640406029005,0.976098,0.979699,0.980507,0.97548
0,43.75189860580491,0.987426,0.979278,0.97548,0.9
0,38.13874763709163,0.9,0.9,0.9,0.9
0,34.55287765119507,0.9,0.934839,0.9,1.04977
0,36.63984054716584,1.004325,1.033457,1.04977,0.9
0,33.31372073743059,0.9,0.9,0.9,1.020367
0,34.13399794411743,1.036145,1.045168,1.020367,0.984032
0,33.7760599383919,0.965116,0.956784,0.984032,1.063895
0,36.595395094697004,1.069277,1.090336,1.063895,1.1
1,43.466099241505475,1.1,1.088632,1.1,0.932566
1,41.11042887036891,0.933759,0.976106,0.932566,0.943563
0,39.319325242319444,0.923932,0.961015,0.943563,1.076636
1,42.76032339399124,1.078631,1.058491,1.076636,1.02691
1,44.05199225254473,1.028302,1.039216,1.02691,0.979713
1,43.23848998532471,0.972477,0.976844,0.979713,0.986195
1,42.67272378002147,0.993997,0.992098,0.986195,1.029746
1,44.33942513627733,1.023296,1.035398,1.029746,0.93373
0,41.3680218184468,0.927487,0.928205,0.93373,0.985441
0,40.76454004821751,0.990909,0.989871,0.985441,0.982456
0,40.01796629517253,1.021101,0.986977,0.982456,1.036654
0,42.351808803111204,1.004492,1.001885,1.036654,0.951043
0,40.029376715564176,0.939177,0.968015,0.951043,0.980934
0,39.17258702306622,0.987619,0.996113,0.980934,1.023324
0,40.809821877368805,1.016393,1.017561,1.023324,0.984805
0,40.03614902692762,0.994307,0.989453,0.984805,0.990357
0,39.531716560134726,0.993321,0.989341,0.990357,0.980526
0,38.48727867279493,0.985591,0.971596,0.980526,1.025819
0,40.68137678104805,1.01462,1.033266,1.025819,1.036786
1,43.83460120082753,1.048031,1.041951,1.036786,1.027077
1,46.18564667405946,1.030247,1.026217,1.027077,0.991818
1,45.548418919215315,0.993772,0.991788,0.991818,1.003666
1,45.90564386243117,0.996419,1.0046,1.003666,1.001826
1,46.096061191684605,1.001797,1.0,1.001826,1.004558
1,46.602122576679854,0.989238,0.992674,1.004558,1.017241
1,48.577736895708924,1.019946,1.023985,1.017241,1.046387
1,53.63381696055811,1.060444,1.018919,1.046387,1.0
1,53.6338169605581,1.0,1.0,1.0,1.0
1,53.633816960558114,1.0,1.0,1.0,1.0
1,53.6338169605581,1.0,1.0,1.0,1.0
1,53.6338169605581,1.0,1.0,1.0,1.0
1,53.63381696055811,1.0,1.0,1.0,1.0
1,53.63381696055811,1.0,1.0,1.0,1.0
1,53.6338169605581,1.0,1.0,1.0,1.0
1,53.6338169605581,1.0,1.0,1.0,1.0
0,53.63381696055811,1.0,1.0,1.0,1.0
0,53.6338169605581,1.0,1.0,1.0,1.0
0,53.6338169605581,1.0,1.0,1.0,1.0
0,53.6338169605581,1.0,1.0,1.0,1.0
0,53.63381696055809,1.0,1.0,1.0,1.0
0,53.6338169605581,1.0,1.0,1.0,1.0
0,53.63381696055811,1.0,1.0,1.0,1.078431
1,70.45573133550513,1.094719,1.1,1.078431,1.008696
1,71.77431619871467,0.98928,1.003978,1.008696,0.951411
1,56.47492380781793,0.945046,0.950872,0.951411,1.06425
1,66.2281373083012,1.079443,1.024167,1.06425,1.018576
1,68.56244587375166,1.016692,1.054516,1.018576,0.983283
1,64.18299791579648,0.976119,0.992284,0.983283,0.976043
1,58.511497390410824,0.977829,0.976672,0.976043,1.004751
1,59.26182985190938,0.992963,0.992038,1.004751,1.032309
1,64.04681538900432,1.041732,1.041734,1.032309,1.001527
1,64.26729873074385,1.026455,1.009245,1.001527,0.974848
0,57.952241589654875,0.951399,0.965649,0.974848,1.006255
1,59.0039373356311,0.998452,1.007905,1.006255,0.969697
0,52.15528813607605,0.985271,0.976471,0.969697,0.991186
0,50.379107388774706,0.992132,0.988755,0.991186,0.980598
0,46.64650954252851,0.963521,0.973193,0.980598,1.015664
0,49.81643661771116,1.049383,1.017529,1.015664,1.038149
1,56.673920112683575,1.014118,1.02461,1.038149,0.992181
1,54.953304292493826,0.999227,1.011209,0.992181,1.020489
1,58.48260591507301,1.005418,0.983373,1.020489,1.004633
1,59.27555194433588,1.005389,1.02818,1.004633,0.950807
0,48.61061957537875,0.963247,0.955364,0.950807,1.021019
1,52.3605827014485,1.020668,1.032787,1.021019,1.019002
1,55.58261008691466,1.012461,0.984127,1.019002,0.991453
1,53.78702320973853,0.988462,1.021774,0.991453,1.007053
1,55.06604126637272,1.016342,1.003157,1.007053,0.996887
1,54.34612255659097,1.004594,1.007081,0.996887,0.964871
0,46.91508704320317,0.948171,0.961719,0.964871,0.997573
0,46.45900382681001,0.998392,0.991064,0.997573,0.980535
0,42.868582934433,0.977456,0.986066,0.980535,1.006617
0,44.41074408530634,1.009061,1.000831,1.006617,0.976993
0,40.30950613679767,0.972245,0.979236,0.976993,0.980656
0,37.26522242944586,0.984047,0.980492,0.980656,1.0
0,37.26522242944586,0.999147,1.00346,1.0,0.987136
0,35.25155074771541,0.983775,0.986207,0.987136,0.994787
0,34.4496611603259,0.997396,0.986014,0.994787,1.013974
0,38.46925295432908,1.013055,1.016844,1.013974,0.984496
0,35.80892316787718,0.983677,0.989538,0.984496,1.004374
0,37.109948806992236,1.020087,1.005286,1.004374,0.990418
0,35.409594179606934,0.978596,0.988606,0.990418,1.005277
0,37.10247337829344,1.0,1.001773,1.005277,1.0035
0,38.26415935273053,1.023622,1.009735,1.0035,0.972973
0,33.153561039943426,0.967521,0.978089,0.972973,1.002688
0,34.071256563836215,0.995583,1.001792,1.002688,1.011618
0,38.04073438234206,1.014197,1.010733,1.011618,0.989399
0,35.89248504622839,0.982502,0.984071,0.989399,0.997321
0,35.35494521034576,1.001781,1.002698,0.997321,0.977619
0,31.166110958291142,0.982222,0.977578,0.977619,1.003663
0,32.54323538345873,1.000905,1.00367,1.003663,0.921533
0,22.240726680756797,0.952984,0.913163,0.921533,0.987129
0,21.150701279432752,0.960152,0.995996,0.987129,0.990973
0,20.40509408872574,0.979249,0.98995,0.990973,0.974696
0,18.45854660936368,0.973764,0.967513,0.974696,0.974039
0,16.738904344323736,0.99171,0.982162,0.974039,0.981876
0,15.669851703775965,0.967607,0.980769,0.981876,0.9924
0,15.23829077270188,0.989201,0.98366,0.9924,1.013129
0,19.339447055319482,1.024017,1.021041,1.013129,0.978402
0,17.7941325936259,0.972281,0.979393,0.978402,0.983444
0,16.715349283290394,0.983553,0.975637,0.983444,1.012346
0,20.520723832698337,1.012263,1.021566,1.012346,0.9
0,14.446262277966305,0.911894,0.9,0.9,0.930693
0,12.140580256853447,0.954106,0.933249,0.930693,1.038564
0,19.321747705976048,0.997468,1.048583,1.038564,1.011524
0,21.467046789105936,1.008883,1.010296,1.011524,1.021519
0,25.496966703946086,1.025157,1.019108,1.021519,1.038414
0,32.31750001063444,1.03681,1.03125,1.038414,0.998807
1,32.21504666768685,1.002367,1.003636,0.998807,1.0227
1,36.344232415247426,1.051948,0.983092,1.0227,1.026869
1,41.0274061250979,1.002245,1.07371,1.026869,0.977247
1,38.38299936034006,0.974244,0.982838,0.977247,0.979045
1,36.12614755046051,0.994253,0.977881,0.979045,0.965517
0,32.78183002472824,0.94104,0.944048,0.965517,1.012315
0,35.01581483838658,1.009828,1.017654,1.012315,1.006083
0,36.15830541298351,1.009732,1.003717,1.006083,0.98549
0,34.58667755484676,0.993976,1.003704,0.98549,0.991411
0,33.667387535546276,1.0,0.97909,0.991411,1.027228
0,39.1422002939396,1.007273,1.011307,1.027228,0.953012
0,33.81416126198764,0.961492,0.980124,0.953012,0.944374
0,29.01545372836291,0.951189,0.927757,0.944374,0.990629
0,28.326718997732257,0.994737,0.989071,0.990629,0.933784
0,24.027295460945318,0.925926,0.941989,0.933784,0.975398
0,22.737855902009102,0.964286,0.969208,0.975398,1.029674
0,27.65666941897861,1.047407,1.028744,1.029674,0.997118
0,27.468343215956512,0.98727,1.007353,0.997118,1.1
1,44.077192513522846,1.1,1.065693,1.1,0.994825
1,43.54688389422881,0.996193,1.046575,0.994825,0.963589
1,39.925704251017294,0.957962,0.968586,0.963589,1.002699
1,40.30753346997803,1.010638,0.993243,1.002699,0.963661
0,36.89795119396436,0.965789,0.967347,0.963661,1.011173
1,38.556401639522946,0.991826,1.007032,1.011173,1.026243
1,42.42656651059064,1.035714,1.022346,1.026243,1.008075
1,43.63397048605909,1.001326,1.012295,1.008075,1.014686
1,45.87503430227793,1.01457,1.017544,1.014686,1.010526
1,47.5095863730819,1.010444,1.014589,1.010526,0.976562
1,44.27008142045005,0.970284,0.962092,0.976562,0.962667
0,39.73166470349325,0.992011,0.978261,0.962667,0.907202
0,31.428870434925912,0.9,0.9,0.907202,0.969466
0,29.450446852311035,0.950746,0.973101,0.969466,1.025197
0,33.079745935490635,1.039246,1.053659,1.025197,1.1
1,48.296771782202555,1.1,1.087963,1.1,1.009511
1,49.31884613100789,1.004027,1.039716,1.009511,1.036339
1,53.164665337483896,1.03877,1.042292,1.036339,0.953247
1,47.94102675362067,0.997426,0.956806,0.953247,1.02861
1,50.9674915451948,0.980645,1.005472,1.02861,1.002649
1,51.25811970407461,1.013158,1.023129,1.002649,0.998679
1,51.09504483030653,0.998701,0.99734,0.998679,0.998677
1,50.92058219677457,0.988296,1.002667,0.998677,1.072848
1,59.1767512270862,1.069737,1.031915,1.072848,1.007407
1,59.96790470134985,1.00861,1.033505,1.007407,1.011029
1,61.18311054490476,1.039024,1.021197,1.011029,1.003636
1,61.601536677739496,0.982394,1.003663,1.003636,1.013285
1,63.169243412252214,1.014337,1.017032,1.013285,1.005959
1,63.89089847752236,1.008245,1.002392,1.005959,1.020142
1,66.30807542690557,1.009346,1.00358,1.020142,1.020906
1,68.69742704419805,1.03588,1.045184,1.020906,0.997725
1,68.11937482480357,0.981006,0.984073,0.997725,1.020525
1,70.52335993090358,1.029613,1.02659,1.020525,0.959777
1,60.66981906315136,0.988938,0.966216,0.959777,1.04773
1,66.42366982374742,1.013423,1.0338,1.04773,1.035556
1,70.10030254297928,1.03532,1.02593,1.035556,0.968884
1,63.332096256540005,0.969083,0.959341,0.968884,1.044297
1,67.9312914532753,1.049505,1.068729,1.044297,1.018028
1,69.6723301219309,1.006289,0.987138,1.018028,0.971875
1,63.75231978860006,0.976042,1.001086,0.971875,0.947481
0,54.67302293457185,0.977588,0.958785,0.947481,0.973982
0,51.00142613000112,0.953057,0.963801,0.973982,0.963995
0,46.471537940081305,0.950745,0.954225,0.963995,0.989157
0,45.215907282525215,1.016867,1.00738,0.989157,1.004872
0,45.91534825374377,0.989336,1.002442,1.004872,1.006061
0,46.82917670663538,1.003593,1.008526,1.006061,1.012048
0,48.69622121755652,1.01432,1.01087,1.012048,0.984524
0,46.4144979067805,0.978824,0.955795,0.984524,1.025393
0,50.453218354489664,1.03125,1.05,1.025393,1.023585
1,54.00846532291697,1.036131,1.015476,1.023585,1.00576
1,54.880124899274215,0.984252,1.012896,1.00576,0.983963
1,51.913310077732305,0.990857,0.991898,0.983963,1.003492
1,52.50581732881056,1.005767,1.002334,1.003492,1.006961
1,53.733676216843996,0.995413,1.001164,1.006961,0.997696
1,53.23958613130195,1.003456,0.995349,0.997696,0.995381
1,52.2056545298332,0.995408,1.002336,0.995381,1.006961
1,53.65942063938813,1.017301,1.01049,1.006961,0.961982
0,45.46780792516713,0.951247,0.946943,0.961982,0.949701
0,37.60033614945706,0.959476,0.964677,0.949701,1.022699
0,42.21513895740464,1.01118,1.020202,1.022699,1.003699
0,42.97213127540695,1.002457,1.006188,1.003699,1.0
0,42.97213127540695,0.998775,0.99385,1.0,0.981572
0,39.938203125147226,0.98773,0.987624,0.981572,0.987484
0,38.01144921157676,0.997516,0.988722,0.987484,1.024081
0,43.580780897885695,1.008717,1.016477,1.024081,0.993812
0,42.49867909921644,1.012346,1.0,0.993812,0.98132
0,39.3426388349526,0.967073,0.976309,0.98132,0.942893
0,31.729888496031652,0.941992,0.936143,0.942893,0.990579
0,30.73365192745029,0.994645,1.002729,0.990579,0.963315
0,27.187815806583092,0.974428,0.963265,0.963315,1.023977
0,32.47064911203263,1.013812,1.012712,1.023977,1.015152
0,35.72050249574794,1.004087,1.020921,1.015152,1.029851
0,41.75756151816331,1.029851,1.025956,1.029851,1.00527
1,42.80928238012066,1.017128,1.005326,1.00527,1.044561
1,50.92176026410042,1.033679,1.046358,1.044561,1.001255
