1,100.0,1.1,1.1,1.1,0.9
1,55.531215772179614,0.937198,0.948353,0.9,0.980315
1,51.29582068643474,0.938881,0.96764,0.980315,0.916466
1,38.23218905530356,0.927843,0.920065,0.916466,1.029798
1,43.314746516460175,0.994083,1.016844,1.029798,1.058723
1,51.95494364750132,1.062925,1.006975,1.058723,1.069132
1,60.11506302456688,1.0752,1.099567,1.069132,0.92782
1,49.92214546385723,0.936012,0.962992,0.92782,0.988655
0,48.62724508826413,1.00159,0.982829,0.988655,1.047541
1,53.95572569216043,1.015873,1.044925,1.047541,0.965571
0,49.74077545713023,0.964844,0.951433,0.965571,1.044571
1,54.5231141196201,1.060729,1.071967,1.044571,1.006982
1,55.27310808217461,1.00458,1.005464,1.006982,0.94453
0,48.39675784757081,0.940729,0.946429,0.94453,0.9323
0,41.92209240480866,0.947496,0.936013,0.9323,0.9
0,34.01106802099883,0.901108,0.9,0.9,0.912785
0,30.00640240863281,0.9,0.921844,0.912785,0.9924
0,29.70676133332094,0.970464,0.959783,0.9924,0.926696
0,26.934363326326203,0.922826,0.908267,0.926696,1.063754
0,32.40943709124881,1.067138,1.078554,1.063754,0.91121
0,28.94857066635304,0.9117,0.930636,0.91121,1.035323
0,31.79199321093503,1.050847,1.052174,1.035323,0.967059
0,30.521930123572957,0.981567,0.952774,0.967059,1.004866
0,30.946335532845588,0.985915,1.009913,1.004866,0.9
0,26.169165399720423,0.9,0.9,0.9,1.071329
0,31.4083601800629,1.088154,1.062319,1.071329,0.968668
0,30.31804100019268,0.943038,0.99045,0.968668,1.086253
0,36.635042140043986,1.099329,1.096419,1.086253,1.049628
1,40.279071405743416,1.04884,1.050251,1.049628,1.055556
1,44.33019032832849,1.044237,1.032297,1.055556,0.980963
1,43.18900191138741,0.977703,0.975666,0.980963,0.972603
1,41.5623131257226,1.007982,1.008314,0.972603,1.086854
1,48.058399541938,1.061086,1.074205,1.086854,0.99892
1,47.980778578103006,0.996802,0.995614,0.99892,0.975135
1,46.13510963736043,0.97861,0.960352,0.975135,0.973392
1,44.22346412817042,0.972678,0.995413,0.973392,0.981777
0,42.945876495680814,0.98764,0.985023,0.981777,1.032483
1,45.89181475308893,1.01479,1.005848,1.032483,1.026966
1,48.35340731562616,1.029148,1.040698,1.026966,1.013129
1,49.58832779879261,1.021786,1.007821,1.013129,1.077754
1,56.3346919758071,1.079957,1.095344,1.077754,1.067134
1,61.49821933894554,1.05923,1.004049,1.067134,0.989671
1,60.238747521324655,0.992544,1.032258,0.989671,0.913662
1,50.94373306489221,1.001878,0.94043,0.913662,1.01973
1,52.58868432871418,0.93627,0.961578,1.01973,0.978615
0,50.57029740525364,0.991992,1.029158,0.978615,0.959417
0,46.965190081205805,0.933401,0.949633,0.959417,0.9718
0,44.67846297944698,0.972973,0.961326,0.9718,1.077009
0,51.43633735492196,1.08,1.096552,1.077009,0.987565
0,50.28585864732537,0.989712,0.976939,0.987565,0.993704
0,49.687433545713304,0.986486,0.984979,0.993704,1.074974
1,56.31280026521411,1.097998,1.089325,1.074974,1.060904
1,61.12675764152021,1.051823,1.028,1.060904,0.980556
1,58.76477135510462,0.987226,1.002918,0.980556,0.98678
1,57.17851879197674,0.973198,0.952473,0.98678,1.039234
1,60.53801900977904,1.058879,1.081466,1.039234,1.1
1,68.25676867253355,1.1,1.1,1.1,1.010797
1,68.97671785666532,1.043584,1.021008,1.010797,1.010682
1,69.71639627567806,0.96365,0.973663,1.010682,0.964228
1,64.14207237322823,0.958266,0.981403,0.964228,1.078415
1,69.66335281384139,1.098827,1.061154,1.078415,0.929633
1,60.030196078114905,0.922256,0.961039,0.929633,1.046257
1,63.364261149961614,1.049587,1.041385,1.046257,0.971061
1,59.84543679033984,0.954331,0.953771,0.971061,1.067881
1,64.6595990311299,1.070957,1.072279,1.067881,1.046512
1,67.7101220144319,1.043914,1.019826,1.046512,0.979259
1,64.89494839280916,1.016974,1.022551,0.979259,0.945537
0,58.194654801094785,0.908563,0.924715,0.945537,1.0352
1,60.854576204722996,1.039137,1.008224,1.0352,1.023957
1,62.657328571254894,1.020753,1.017945,1.023957,1.05283
1,66.41813449828658,1.070783,1.081731,1.05283,0.9
0,52.635615671379114,0.935302,0.9,0.9,0.933116
0,47.48659343054084,0.9,0.966667,0.933116,0.962413
0,45.000585490370185,0.966495,0.93634,0.962413,1.016349
0,46.2686689219843,1.011556,1.04627,1.016349,1.051832
0,50.24910650857026,1.041301,1.030686,1.051832,1.010195
0,51.05695906657195,1.037131,1.035902,1.010195,1.089992
1,57.65901752918504,1.061839,1.071006,1.089992,1.054784
1,61.381581387685294,1.056705,1.063931,1.054784,1.036576
1,63.795591166052496,1.042059,1.021513,1.036576,1.010586
1,64.51227666274835,1.039666,1.035585,1.010586,0.916201
1,55.1129732890615,0.9,0.9,0.916201,1.046494
1,58.42871024443225,1.056103,1.0625,1.046494,0.97378
1,55.80861070232639,0.983489,0.964706,0.97378,1.046372
1,59.20178757610782,1.029927,1.040396,1.046372,0.936383
0,52.92014955545775,0.948264,0.953846,0.936383,0.932824
0,47.5480045046489,0.939462,0.930876,0.932824,1.045008
0,50.902670155547284,1.018298,1.022277,1.045008,0.992169
0,50.27309892016471,0.996875,0.984665,0.992169,0.9
0,25.11609394362123,0.9,0.9,0.9,1.009709
0,25.383453229316814,0.970315,1.013861,1.009709,1.1
0,30.263489669542142,1.1,1.1,1.1,0.918167
0,29.135953581747568,0.904538,0.900166,0.918167,1.060606
0,31.01804426567514,1.038062,1.064695,1.060606,1.013445
0,31.47918435031061,1.028333,1.032986,1.013445,0.943615
0,30.54462730529835,0.931929,0.951261,0.943615,0.973638
0,30.119781642244952,1.006957,0.975265,0.973638,0.938628
0,29.130727577764144,0.920553,0.932971,0.938628,0.961538
0,28.5371003433622,0.956848,0.953398,0.961538,0.902
0,27.081042487863474,0.913725,0.916497,0.902,0.924612
0,26.086436506048837,0.9,0.9,0.924612,0.980815
0,25.845904333411358,0.992823,0.982587,0.980815,0.987775
0,25.686489812778053,0.980723,1.010127,0.987775,0.950495
0,25.021680202377453,0.945946,0.932331,0.950495,1.070313
0,27.740653910568735,1.1,1.094086,1.070313,1.053528
0,29.969102385609705,1.028037,1.051597,1.053528,0.986143
0,29.700085511160125,0.988636,0.995327,0.986143,1.025761
1,30.92429912690763,1.016092,0.997653,1.025761,1.089041
1,35.23082796055199,1.085973,1.028235,1.089041,0.983229
1,34.75220395732917,1.004167,1.066362,0.983229,1.051173
1,37.49559785837926,1.029046,1.042918,1.051173,0.985801
1,37.00685993375994,0.979839,0.981481,0.985801,1.020576
1,38.245236887239436,1.022634,1.020964,1.020576,0.939516
1,35.96121679555431,0.939638,0.928131,0.939516,0.965665
0,34.768620553941965,0.989293,0.99115,0.965665,0.9
0,30.96686889782343,0.9,0.9,0.9,1.027848
0,32.55526572323324,1.0,1.017857,1.027848,1.1
0,38.76282788971881,1.1,1.1,1.1,1.064302
1,42.439602289057696,1.045752,1.024609,1.064302,1.00625
1,42.822064268495375,1.047917,1.052402,1.00625,1.018634
1,44.02370480810079,0.988072,1.010373,1.018634,0.96748
1,42.32090647117903,0.973843,0.969199,0.96748,1.008403
1,42.91536362880369,1.008264,1.0,1.008403,1.002083
1,43.07332200735798,0.987705,0.995763,1.002083,1.022869
1,44.880117827368984,1.03527,1.038298,1.022869,0.908537
0,39.374425052719396,0.903808,0.9,0.908537,0.9
0,25.810618293860717,0.9,0.9,0.9,1.1
0,31.22689970147855,1.1,1.1,1.1,0.911765
0,29.574764391708847,0.9,0.9,0.911765,1.003584
0,29.723067570644293,1.007168,1.007435,1.003584,0.960714
0,28.999644760621113,0.975089,0.98893,0.960714,0.992565
0,28.862098600918703,0.992701,0.977612,0.992565,0.973783
0,28.355176903652517,0.966912,0.984733,0.973783,0.911538
0,26.696068505182872,0.901141,0.9,0.911538,1.1
0,35.37199876957692,1.1,1.1,1.1,0.940559
0,33.874061649098955,0.912162,0.956364,0.940559,0.914498
0,31.90543973767978,0.948148,0.931559,0.914498,1.04065
0,33.70930647735986,1.007812,1.016327,1.04065,1.070312
1,36.94713641903522,1.085271,1.072289,1.070312,1.043796
1,39.0832845966479,1.05,1.007491,1.043796,0.923077
0,36.632954340104284,0.931973,0.977695,0.923077,1.003788
1,36.82683220356174,0.967153,0.977186,1.003788,0.973585
0,35.99658244268667,0.984906,0.996109,0.973585,1.093023
1,40.91493857828608,1.1,1.074219,1.093023,1.007092
1,41.319619903749484,0.993243,1.014545,1.007092,0.989437
1,40.867463075450644,0.969388,0.992832,0.989437,1.010676
1,41.55620397842533,1.0,1.01083,1.010676,0.954225
0,39.41387912886351,0.964912,0.957143,0.954225,0.95941
0,37.6454176981579,0.949091,0.955224,0.95941,0.992308
0,37.31756279857238,0.996169,0.996094,0.992308,0.926357
0,34.2645870862209,0.926923,0.917647,0.926357,1.07113
0,39.067852299339755,1.074689,1.047009,1.07113,1.039062
0,41.763530059177775,1.034749,1.040816,1.039062,0.988722
0,41.17501017251078,0.992537,1.011765,0.988722,1.015209
1,42.341683634353444,1.007519,1.01938,1.015209,0.981273
0,41.240632540863714,1.003731,0.992395,0.981273,1.003817
1,41.56790202238144,1.01487,1.003831,1.003817,1.034221
1,44.560673360748865,0.996337,1.022901,1.034221,1.036765
1,47.76214435289038,1.073529,1.041045,1.036765,0.985816
1,46.60286287817127,0.958904,0.97491,0.985816,1.010791
1,47.62954818442694,1.007143,1.025735,1.010791,1.007117
1,48.34263927644601,1.007092,1.003584,1.007117,1.0
1,48.342639276446015,1.010563,1.003571,1.0,1.035336
1,52.12293343243684,1.027875,1.024911,1.035336,0.969283
1,48.670788975786394,0.976271,0.979167,0.969283,0.96831
0,45.430440329216424,0.975694,0.964539,0.96831,0.992727
0,44.71795252551004,0.97153,0.985294,0.992727,0.930403
0,38.53502173377558,0.934066,0.932836,0.930403,0.976378
0,36.80442893948072,0.992157,0.984,0.976378,1.004032
0,37.30975613903925,1.003953,1.00813,1.004032,1.004016
0,37.844994002523705,0.988189,0.991935,1.004016,0.944
0,33.529005664993996,0.968127,0.955285,0.944,1.025424
0,36.852797635990825,1.00823,1.021277,1.025424,1.024793
0,40.07952018974112,1.012245,1.008333,1.024793,1.016129
0,42.19997471345153,1.016129,1.020661,1.016129,1.0
1,42.19997471345153,1.003968,1.008097,1.0,0.992063
1,41.35141305166231,1.0,1.0,0.992063,0.948
0,36.2491063568823,0.956522,0.943775,0.948,0.978903
0,34.48657209062077,0.96281,0.978723,0.978903,0.943966
0,30.354052032322837,0.948498,0.934783,0.943966,0.9
0,24.711947992370703,0.9,0.9,0.9,1.020408
0,27.244774517415113,1.020202,1.031746,1.020408,1.0
0,27.244774517415113,1.014851,1.020513,1.0,0.97
0,25.73843736561068,0.990244,0.969849,0.97,1.010309
0,27.183648545543853,0.975369,1.010363,1.010309,0.989796
0,26.625626007785964,0.994949,0.994872,0.989796,1.051546
0,33.928788311456515,1.045685,1.036082,1.051546,1.004902
1,34.62948989771407,1.014563,1.0199,1.004902,0.985366
1,33.482282794292026,0.971292,0.95122,0.985366,1.024752
1,37.21548659123416,1.044335,1.05641,1.024752,1.019324
1,40.1112576663481,1.004717,1.019417,1.019324,1.085308
1,51.051939291062936,1.1,1.080952,1.085308,0.982533
1,48.9134850391552,0.953586,0.964758,0.982533,0.96
1,44.406355384289924,0.960177,0.977169,0.96,1.0
1,44.406355384289924,1.0,1.0,1.0,1.032407
1,48.67259867696344,1.032258,1.014019,1.032407,0.982063
1,46.47771323135893,0.982143,0.990783,0.982063,0.981735
0,44.32512020100832,1.0,0.995349,0.981735,0.990698
0,43.24661077995329,0.972727,0.985981,0.990698,0.967136
0,39.6135664814625,0.976636,0.966825,0.967136,1.004854
0,40.38405766252197,0.995215,0.995098,1.004854,1.033816
0,45.61511224490827,1.033654,1.029557,1.033816,1.014019
1,47.73187252753265,1.018605,1.019139,1.014019,1.009217
1,49.15274270165166,1.009132,1.00939,1.009217,0.972603
0,45.18437695226758,0.968326,0.981395,0.972603,0.971831
0,41.57003675205473,0.976636,0.976303,0.971831,1.0
0,41.570036752054726,1.0,1.0,1.0,1.0
0,41.570036752054726,1.0,1.0,1.0,1.0
0,41.57003675205473,1.0,1.0,1.0,1.0
0,41.57003675205473,1.0,1.0,1.0,1.0
0,41.57003675205473,1.0,1.0,1.0,1.0
0,41.57003675205474,1.0,1.0,1.0,1.0
0,41.57003675205473,1.0,1.0,1.0,1.0
0,41.57003675205473,1.0,1.0,1.0,1.0
1,41.57003675205473,1.0,1.0,1.0,1.0
1,41.57003675205473,1.0,1.0,1.0,1.0
1,41.57003675205474,1.0,1.0,1.0,1.0
1,41.57003675205473,1.0,1.0,1.0,1.1
1,74.89712671793134,1.1,1.1,1.1,1.004082
1,75.2964478312039,1.016064,1.025532,1.004082,0.95935
1,64.28394477124019,0.936759,0.962656,0.95935,1.0
1,64.28394477124019,1.004219,1.012931,1.0,0.961864
1,55.77011487551712,0.962185,0.961702,0.961864,0.960352
0,48.808603813325966,0.9869,0.964602,0.960352,0.972477
0,44.794232820933466,0.942478,0.96789,0.972477,1.0
0,44.794232820933466,1.014085,1.0,1.0,1.004717
0,45.658153028680914,0.990741,1.0,1.004717,1.014085
0,48.273379057727,1.009346,1.009479,1.014085,1.1
1,62.98217196135988,1.1,1.1,1.1,0.983264
1,59.79751332399097,0.952,0.987234,0.983264,0.978723
1,55.98664129875065,0.970588,0.974138,0.978723,1.06087
1,63.08128420494983,1.08658,1.057522,1.06087,0.987705
1,60.81891942106584,0.968127,0.995816,0.987705,1.062241
1,67.16069355030069,1.090535,1.071429,1.062241,1.042969
1,70.88265782568551,1.030189,1.023529,1.042969,1.097378
1,77.40211415431058,1.087912,1.076628,1.097378,1.071672
1,81.0857692751627,1.1,1.099644,1.071672,1.003185
1,81.24257064793684,0.987768,1.012945,1.003185,1.0
1,81.24257064793684,0.98452,0.99361,1.0,1.003175
1,81.42119811846692,1.009434,1.006431,1.003175,0.981013
1,76.70149489309225,0.971963,0.977636,0.981013,0.974194
1,70.80787424063166,0.971154,0.96732,0.974194,1.043046
1,74.26798636262507,1.049505,1.047297,1.043046,1.04127
1,77.18078126199396,1.031447,1.035484,1.04127,1.04878
1,80.15783398040638,1.082317,1.062305,1.04878,0.97093
1,73.68725923897219,0.95493,0.973607,0.97093,1.026946
1,75.5965631903558,1.017699,1.01506,1.026946,1.1
1,86.23416493123672,1.1,1.1,1.1,0.990741
1,84.45236387726555,1.002315,1.014815,0.990741,0.974299
1,79.58252131786767,0.974596,0.975669,0.974299,1.021583
1,80.56974619743349,1.040284,1.049875,1.021583,0.974178
1,75.74888022960063,0.95672,0.973872,0.974178,0.975904
1,71.55710650660271,0.969048,0.97561,0.975904,1.034568
1,73.74742020798675,1.039312,1.03,1.034568,1.052506
1,76.7742106640105,1.068558,1.053398,1.052506,1.040816
1,78.91609460750044,1.04646,1.020737,1.040816,0.978214
1,74.78962197640784,0.951374,0.977427,0.978214,1.044543
1,77.34149634250387,1.08,1.055427,1.044543,1.070362
1,80.7956939403739,1.061728,0.986871,1.070362,0.936255
1,69.69966977309464,0.922481,1.02439,0.936255,0.959574
1,64.07310580655046,0.964286,0.97619,0.959574,0.993348
0,63.20550532363237,0.978214,0.962306,0.993348,1.006696
0,63.73434522491732,1.024499,1.023041,1.006696,1.015521
0,64.99846979532542,1.013043,1.027027,1.015521,0.941048
0,56.77753355777257,0.963519,0.938596,0.941048,1.071926
1,62.6228373904971,1.035635,1.056075,1.071926,1.006494
1,63.142318549691225,1.012903,1.019912,1.006494,1.019355
1,64.72619645625059,1.010616,1.013015,1.019355,1.1
1,72.28053681100417,1.1,1.074946,1.1,1.0
1,72.28053681100417,0.962025,1.033865,1.0,1.1
1,79.83907984092592,1.1,1.1,1.1,1.1
1,83.96042408983547,1.1,1.1,1.1,1.047267
1,85.42702939840346,1.028777,1.049849,1.047267,0.994358
1,84.38831209077651,1.0,0.978417,0.994358,1.1
1,88.0319364101353,1.1,1.1,1.1,0.997494
1,87.55866031416578,0.970909,0.989848,0.997494,0.952261
1,78.88131750868948,0.967541,0.970513,0.952261,0.9
0,63.679166856062466,0.9,0.9,0.9,1.014859
0,64.54488307874142,1.05052,1.041796,1.014859,1.1
1,71.78684307743536,1.1,1.1,1.1,1.1
1,77.71759024072122,1.1,1.056803,1.1,1.1
1,84.31874991067644,1.1,1.1,1.1,1.1
1,88.49500237718883,1.1,1.1,1.1,0.9
1,71.06006159893512,0.9,0.9,0.9,0.9
1,60.708528525645136,0.9,0.9,0.9,0.9
0,48.20491777169339,0.9,0.9,0.9,0.9
0,45.33674156311336,0.9,0.9,0.9,1.1
0,49.108448963382706,1.1,1.1,1.1,1.1
0,52.006040166633916,1.1,1.1,1.1,0.9
0,48.96518326343052,0.959906,0.912709,0.9,1.004219
0,49.086928042328076,0.9,0.981716,1.004219,1.1
0,52.80510508556326,1.1,1.1,1.1,0.9
0,47.81799648538901,0.9,0.9,0.9,0.9
0,43.73443318572758,0.9,0.9,0.9,0.9
0,39.516177884094276,0.9,0.9,0.9,1.1
0,43.48957468600733,1.074,1.1,1.1,0.915094
0,41.971167381809174,0.955307,0.92233,0.915094,0.995876
0,41.901145917384696,0.992203,1.004211,0.995876,0.989648
0,41.71378266927026,0.948919,0.989518,0.989648,1.060669
0,43.29748482131951,1.055901,1.048729,1.060669,1.1
1,46.837794454755894,1.1,1.1,1.1,0.989529
1,46.553229941670736,0.984483,0.985533,0.989529,1.010582
1,46.900652625054896,1.024518,1.025688,1.010582,1.061082
1,48.98392117688349,1.047863,1.041145,1.061082,0.972039
1,47.998883659617576,0.986949,1.005155,0.972039,1.047377
1,49.789838503181784,1.029752,1.047863,1.047377,0.990307
1,49.39723648804338,1.054575,0.977162,0.990307,0.964111
1,47.90562929139235,0.916286,0.978297,0.964111,0.961083
0,46.33052653549791,0.946844,0.943686,0.961083,1.1
1,50.660165958128225,1.1,1.1,1.1,1.0896
1,54.54031717122263,1.039695,1.006441,1.0896,0.991189
1,54.04986855304471,1.0279,1.0688,0.991189,0.9
0,45.09700267518904,0.9,0.9,0.9,0.9
0,40.46131572094229,0.9,0.916016,0.9,0.991543
0,40.23578976294041,0.938124,0.959488,0.991543,0.9
0,36.810880121852335,0.9,0.9,0.9,1.1
0,42.890424211128504,1.1,1.1,1.1,0.987474
0,42.52326138062753,0.981707,0.93617,0.987474,1.078224
0,45.61506659753694,1.076605,1.1,1.078224,0.911765
0,42.612759321692145,0.913462,0.902,0.911765,1.053763
0,44.786964993157845,1.067368,1.059867,1.053763,0.959184
0,43.371294007872734,0.934911,0.966527,0.959184,1.082979
1,46.896261293085175,1.075949,1.058442,1.082979,0.982318
1,46.18184343277829,0.980392,1.006135,0.982318,1.022
1,47.23977023433139,1.036,1.01626,1.022,0.980431
1,46.34780491181359,0.980695,0.99,0.980431,1.033932
1,48.140482824228975,1.025591,1.030303,1.033932,0.951737
0,45.721086135295266,0.952015,0.94902,0.951737,0.977688
0,44.65760586675319,0.971774,0.977273,0.977688,0.977178
0,43.56629566363134,1.026971,0.993658,0.977178,0.912951
0,39.674581063223684,0.9,0.904255,0.912951,0.993023
0,39.39726279470419,0.986175,0.981176,0.993023,1.002342
0,39.54894458521839,1.007009,1.016787,1.002342,1.03972
0,42.19757213257087,1.034803,1.035377,1.03972,0.991011
0,41.73422644479228,0.995516,0.995444,0.991011,0.968254
0,40.075593263764276,0.970721,0.956522,0.968254,0.983607
0,39.235946151660706,1.0,0.980861,0.983607,1.045238
0,42.7425681087917,1.032483,1.068293,1.045238,1.036446
1,45.59011622469315,1.035955,1.031963,1.036446,1.050549
1,49.47965454324626,1.049892,1.019912,1.050549,0.962343
1,46.667958244222355,0.958678,0.989154,0.962343,0.958696
0,43.83629642727336,0.959052,0.962719,0.958696,1.002268
0,44.028790940407696,0.995506,0.990888,1.002268,1.031674
1,46.778955788325156,1.031603,1.034483,1.031674,1.010965
1,47.76608335890314,1.010941,1.017778,1.010965,0.993492
1,47.20040244480862,1.0,0.9869,0.993492,0.980349
0,45.46101257411919,0.982684,0.99115,0.980349,1.013363
0,46.866771547610874,1.015419,1.015625,1.013363,0.971429
0,44.20799755046002,0.960954,0.96044,0.971429,1.0
0,44.207997550460014,1.009029,1.009153,1.0,0.993213
0,43.546816999103314,0.988814,0.984127,0.993213,1.027335
1,46.963751828269594,1.024887,1.013825,1.027335,1.011086
1,48.366102452610995,1.00883,1.018182,1.011086,1.004386
1,48.94759572226297,1.021882,1.015625,1.004386,0.991266
1,47.78842558171025,0.987152,0.997802,0.991266,1.04185
1,53.4300003559035,1.043384,1.035242,1.04185,1.040169
1,58.28421186704695,1.031185,1.03617,1.040169,0.993902
1,57.269166023651906,0.991935,0.99384,0.993902,0.97955
1,53.89952895351316,0.989837,0.977273,0.97955,0.970772
0,49.507678444411006,0.975359,0.978858,0.970772,1.017204
1,51.918617120935295,1.004211,1.010799,1.017204,0.980973
0,49.0794082187931,0.974843,0.980769,0.980973,1.002155
0,49.41044576818831,1.006452,1.006536,1.002155,0.995699
0,48.72814110532273,0.995726,0.995671,0.995699,1.049676
1,56.21599815062581,1.060086,1.041304,1.049676,0.983539
1,53.300221019719864,0.995951,0.995825,0.983539,0.976987
0,49.49855223168824,0.955285,0.962264,0.976987,1.012848
1,51.52935306158605,1.014894,1.026144,1.012848,0.991543
0,50.08341120678201,0.995807,0.993631,0.991543,1.051173
1,57.74487067148168,1.048421,1.038462,1.051173,1.042596
1,63.08403804538527,1.058233,1.041152,1.042596,1.003891
1,63.55633111908598,0.990512,1.013834,1.003891,0.965116
1,56.544737000153106,0.961686,0.966862,0.965116,0.985944
1,54.047587845850124,0.986056,0.985887,0.985944,1.0
1,54.047587845850124,1.012121,1.002045,1.0,1.022403
1,57.47057900240968,1.003992,1.012245,1.022403,0.972112
0,52.146520346947554,0.980119,0.977823,0.972112,1.032787
1,57.04425391080585,1.024341,1.024742,1.032787,0.97619
0,52.68868453554366,1.00198,0.977867,0.97619,0.955285
0,45.78636148057888,0.934783,0.962963,0.955285,0.970213
0,42.014408915860365,0.968288,0.967949,0.970213,0.993421
0,41.23056909734469,0.991266,0.97351,0.993421,0.922737
0,33.40126076696859,0.927313,0.941043,0.922737,1.011962
0,35.29164916032074,1.007126,1.012048,1.011962,0.955083
0,31.618833298859293,0.962264,0.957143,0.955083,0.997525
0,31.43341616354239,0.995098,0.975124,0.997525,1.01737
0,34.3361876161656,1.017241,1.033163,1.01737,0.992683
0,33.67814147596629,0.995157,1.002469,0.992683,1.004914
0,34.57830107114076,0.997567,0.992611,1.004914,1.00978
0,36.43647133147781,1.012195,1.022333,1.00978,1.048426
1,44.868266078864266,1.053012,1.029126,1.048426,0.983834
1,42.73170657414862,0.983982,1.0,0.983834,1.011737
1,44.755298712049196,1.004651,0.992925,1.011737,1.009281
1,46.387411576035056,1.013889,1.023753,1.009281,1.055172
1,54.981278911272035,1.091324,1.011601,1.055172,0.949891
1,47.17668103362678,0.951883,0.997706,0.949891,1.027523
1,51.07855355507574,0.997802,1.025287,1.027523,0.995536
1,50.41021065840537,0.988987,0.986547,0.995536,1.004484
1,51.09927648856288,1.006682,1.011364,1.004484,0.986607
1,48.903857063683716,0.986726,0.988764,0.986607,1.038462
1,54.825936925391986,1.05157,1.034091,1.038462,0.984749
1,52.14590391248768,0.965885,0.975824,0.984749,0.988938
0,50.25617226191692,0.988962,0.993243,0.988938,1.013423
1,52.48157150414119,1.015625,1.020408,1.013423,1.0
1,52.48157150414119,1.004396,1.004444,1.0,0.942605
0,42.847937890227975,0.934354,0.933628,0.942605,0.995316
0,42.206137124616845,1.007026,1.00237,0.995316,0.964706
0,37.65108128928794,0.974419,0.962175,0.964706,1.0
0,37.65108128928792,0.988067,1.002457,1.0,0.965854
0,33.712699845251485,0.985507,0.965686,0.965854,0.979798
0,31.673838658820703,0.955882,0.974619,0.979798,1.005155
0,32.768529356770905,1.0,1.005208,1.005155,0.979487
0,30.652986288123287,0.984615,0.981865,0.979487,0.994764
0,30.129291168237195,0.992188,0.986807,0.994764,0.992105
0,29.32010726818188,0.997375,1.002674,0.992105,0.992042
0,28.495920399010533,0.984211,0.989333,0.992042,1.042781
1,38.43561602845366,1.048128,1.03504,1.042781,0.984615
0,36.392602110351575,0.987245,0.997396,0.984615,0.981771
0,34.114328993676175,0.981912,0.976501,0.981771,1.005305
0,35.35945787101677,1.005263,1.010695,1.005305,0.9
0,25.313442506352224,0.908377,0.9,0.9,0.905882
0,20.233775700351735,0.913545,0.921212,0.905882,1.045455
0,27.123969896387198,1.025237,1.052632,1.045455,1.024845
0,30.802300159460444,1.018462,1.021875,1.024845,1.018182
0,33.51280370678329,1.033233,1.018349,1.018182,1.020833
0,36.63143249863764,1.008772,1.015015,1.020833,0.988338
0,35.603729112824276,0.991304,1.0,0.988338,0.935103
0,30.53039283062977,0.979532,0.905325,0.935103,1.041009
0,36.30605357262918,0.98806,1.065359,1.041009,0.957576
0,33.11321106880979,0.969789,0.966258,0.957576,0.990506
0,32.4545649361447,0.993769,0.993651,0.990506,0.99361
0,31.997621990971272,0.990596,0.990415,0.99361,0.987138
0,31.0558531269113,0.974684,0.983871,0.987138,1.006515
0,32.13145085808903,1.006494,1.006557,1.006515,0.983819
0,30.83624541464079,0.996774,0.990228,0.983819,1.029605
0,35.84891971952608,1.029126,1.013158,1.029605,1.044728
1,42.794362899644014,1.053459,1.055195,1.044728,0.920489
0,35.1772863767728,0.916418,0.923077,0.920489,0.980066
0,33.68714148032836,0.983713,0.976667,0.980066,0.99322
0,33.18255064317271,0.983444,0.989761,0.99322,0.9
0,26.375231078978466,0.9,0.9,0.9,1.030651
0,30.22883469977863,1.011236,1.035573,1.030651,0.929368
0,26.659818042198594,0.951852,0.931298,0.929368,1.044
0,31.688398505926102,1.023346,1.061475,1.044,1.019157
0,33.90671130719718,1.015209,0.992278,1.019157,1.056391
1,40.182424176442765,1.074906,1.085603,1.056391,0.935943
0,35.79063903391343,0.933798,0.942652,0.935943,1.076046
1,43.2168397712276,1.059701,1.045627,1.076046,0.961131
1,40.44612016769956,0.985915,0.985455,0.961131,1.025735
1,42.95260691583478,1.007143,1.02214,1.025735,0.989247
1,42.134146922178786,1.0,0.99278,0.989247,1.021739
1,44.415418287814894,1.010638,1.014545,1.021739,0.964539
0,41.48027284321126,0.968421,0.97491,0.964539,1.029412
1,44.63255458586048,1.018116,1.011029,1.029412,1.0
1,44.63255458586049,1.0,1.007273,1.0,0.964286
0,41.39960928841126,0.992883,0.971119,0.964286,0.9
0,32.72121096228801,0.9,0.9,0.9,0.957627
0,30.683889705049484,0.949791,0.947368,0.957627,1.061947
0,36.63242390476941,1.079295,1.1,1.061947,1.029167
0,39.431269483009345,1.012245,1.02521,1.029167,1.004049
0,39.840064738032105,1.016129,1.012295,1.004049,1.08871
1,48.13378355382565,1.09127,1.076923,1.08871,0.92963
0,42.66345319043542,0.970909,0.943609,0.92963,1.01992
1,44.4525297516361,0.962547,0.996016,1.01992,1.007812
1,45.18925871390887,1.019455,1.028,1.007812,0.976744
1,43.33246855047262,0.984733,0.976654,0.976744,0.964286
0,40.635306200938615,0.945736,0.960159,0.964286,0.958848
0,37.8186016303024,0.963115,0.962656,0.958848,1.042918
0,42.1379317562152,1.042553,1.008621,1.042918,1.053498
1,47.2662245759312,1.044898,1.07265,1.053498,1.007812
1,48.029371498846025,1.011719,1.011952,1.007812,0.98062
1,46.22821636056365,1.003861,0.996063,0.98062,1.003953
1,46.65905987772942,0.980769,0.976285,1.003953,1.035433
1,50.50295545343269,1.031373,1.032389,1.035433,1.026616
1,53.3205399747188,1.04943,1.058824,1.026616,1.062963
1,59.36955700098795,1.039855,1.022222,1.062963,1.1
1,67.18226142868782,1.1,1.1,1.1,0.981013
1,64.4221721102587,1.050314,0.996774,0.981013,1.090323
1,70.51084114013562,1.020958,1.055016,1.090323,1.026627
1,72.16006753277645,1.02346,1.039877,1.026627,0.985591
1,69.82374286379685,0.982808,0.973451,0.985591,1.049708
1,73.02197522440382,1.055394,1.072727,1.049708,0.980501
1,69.74414685532909,0.980663,0.980226,0.980501,1.0
1,69.74414685532909,0.994366,1.0,1.0,0.914773
0,57.02182621330531,0.929178,0.927954,0.914773,1.02795
0,59.41372970213348,1.012195,0.981366,1.02795,0.906344
0,49.2470375545869,0.909639,0.914557,0.906344,0.976667
0,47.27965774278543,0.996689,0.986159,0.976667,0.952218
0,43.53381527560883,0.943522,0.97193,0.952218,1.007168
0,44.213783682712176,0.996479,1.00722,1.007168,0.964413
0,41.52145812206925,0.968198,0.956989,0.964413,1.01107
0,42.64972371627326,1.029197,1.026217,1.01107,1.062044
0,48.69090059305223,1.035461,1.040146,1.062044,0.962199
0,45.36124402925728,0.976027,0.97193,0.962199,1.017857
0,47.13100530560901,1.003509,1.018051,1.017857,1.080702
1,54.4411961303218,1.1,1.085106,1.080702,1.012987
1,55.59123674689351,1.009464,1.009804,1.012987,1.012821
1,56.76652841942824,0.9875,1.003236,1.012821,0.958861
1,51.95409424093025,0.962025,0.954839,0.958861,0.930693
0,45.2766887414442,0.947368,0.949324,0.930693,1.056738
1,50.49709204101817,1.038194,1.042705,1.056738,1.026846
1,52.91568419079943,1.043478,1.040956,1.026846,1.013072
1,54.122622843840354,1.022436,1.009836,1.013072,1.064516
1,59.68691195215854,1.037618,1.055195,1.064516,1.024242
1,61.68854484151001,1.021148,1.015385,1.024242,0.982249
1,59.30999532014743,1.005917,1.006061,0.982249,0.963855
1,54.762177494934384,0.95,0.948795,0.963855,1.01875
1,56.555921439115494,1.018576,1.009524,1.01875,1.1
1,64.81857516728346,1.1,1.09434,1.1,1.005571
1,65.24994051426744,0.994521,1.014368,1.005571,0.975069
1,61.59027677867329,0.975207,0.957507,0.975069,0.974432
1,58.08204982546824,0.974576,0.994083,0.974432,1.034985
1,61.25129702432064,1.052174,1.047619,1.034985,0.926761
0,52.06611015668119,0.944904,0.934659,0.926761,1.024316
0,54.335219397738754,1.005831,1.015198,1.024316,1.035608
1,57.57912561060567,1.014493,1.017964,1.035608,1.031519
1,60.359014748765716,1.034286,1.047059,1.031519,1.019444
1,62.0627561422009,1.016575,1.011236,1.019444,1.06812
1,67.44436423611911,1.097826,1.047222,1.06812,0.97449
