1,100.0,1.1,1.1,1.1,1.005011
1,100.0,1.013065,0.951685,1.005011,0.93795
1,66.57276423383227,0.940355,0.972845,0.93795,0.9
1,35.33786434690046,0.9,0.9,0.9,1.069817
1,45.28963433572292,1.051105,1.068768,1.069817,0.978247
1,42.91848918848112,0.99343,0.985255,0.978247,1.071429
1,51.67118918703159,1.064153,1.061905,1.071429,0.975472
1,48.71165799993813,0.986327,0.984625,0.975472,0.942618
0,42.70099302299197,0.932577,0.945999,0.942618,1.072503
0,50.53039505384167,1.070946,1.04608,1.072503,0.985332
0,48.96692005397773,0.978549,0.981591,0.985332,1.023301
1,51.49662325561798,1.031593,1.046216,1.023301,1.029728
1,54.65679064515454,1.02,1.004481,1.029728,0.987715
1,53.07218250978236,1.003676,1.014022,0.987715,0.991294
1,51.93707252416259,0.991453,0.962288,0.991294,1.033877
1,55.85870154853896,1.077586,1.040496,1.033877,1.048544
1,60.94305225555072,1.020571,1.035782,1.048544,0.9
0,44.71807630062495,0.9,0.9,0.9,1.021419
0,46.80381154817121,1.005256,0.988935,1.021419,1.078637
1,53.83747438135393,1.1,1.1,1.078637,0.954435
0,49.43775970508119,0.917681,0.934597,0.954435,1.046467
1,53.42725494907091,1.0518,1.052976,1.046467,0.928224
0,46.97512091579242,0.972973,0.937888,0.928224,1.017038
0,48.45227581659583,0.967901,1.011921,1.017038,0.9
0,39.89088530136357,0.924745,0.9,0.9,0.979502
0,38.78000377677502,0.924138,0.970023,0.979502,0.988789
0,38.166809854639865,0.988806,1.028526,0.988789,1.058201
0,43.13732530500243,1.075472,1.060092,1.058201,1.035714
0,46.16367522407849,1.027368,1.046512,1.035714,1.006897
0,46.77381852434418,0.997268,0.990278,1.006897,0.963699
0,43.93198998547618,0.965068,0.962132,0.963699,0.99005
0,43.18559147075524,1.014194,1.01312,0.99005,0.998564
0,43.0730061635542,0.976907,0.988489,0.998564,1.022286
1,45.44699097977562,1.0351,1.026201,1.022286,0.988748
1,44.417420707335054,0.985467,0.980142,0.988748,1.050498
1,49.847052412236444,1.044242,1.044863,1.050498,0.918754
0,42.32206016427005,0.963685,0.93144,0.918754,0.998526
0,42.20769555547403,0.950454,0.984387,0.998526,1.01845
0,44.23618171207606,1.024229,1.026435,1.01845,1.007971
0,45.14846182310509,1.016487,1.015453,1.007971,1.041697
1,49.81082158169504,1.037377,1.044203,1.041697,1.05245
1,55.18608927721239,1.059823,0.99653,1.05245,1.020984
1,57.26161986486079,1.017319,1.078691,1.020984,0.931278
1,49.07676950830892,0.996847,0.93286,0.931278,0.973103
0,46.469530123562464,0.9,0.943253,0.973103,1.004252
0,46.93658878747402,1.019054,1.033749,1.004252,0.946366
0,41.94439601222308,0.934211,0.938964,0.946366,1.01566
0,43.725470499579984,1.010378,1.003779,1.01566,0.987518
0,42.58647006808215,1.0,1.006777,0.987518,0.95539
0,38.74986896024629,0.961849,0.950636,0.95539,0.972763
0,36.67429480893916,0.955759,0.958301,0.972763,1.0384
0,41.316674011762295,1.052674,1.063218,1.0384,0.958398
0,37.94637753548904,0.957544,0.953668,0.958398,0.955788
0,34.8300014808686,0.954078,0.947368,0.955788,1.017662
0,36.958850906753376,1.009959,1.023932,1.017662,0.999174
0,36.89704155801065,1.002465,1.007513,0.999174,1.019024
0,39.40702303845723,1.018033,1.007457,1.019024,1.018669
1,41.895948529586434,1.019324,1.022204,1.018669,1.015139
1,43.944369875161,1.018167,1.01609,1.015139,1.028257
1,47.70617965040477,1.025601,1.007918,1.028257,0.98626
1,46.04242061334961,0.991679,1.013354,0.98626,0.963622
0,41.93040390869342,0.955759,0.95814,0.963622,1.053815
1,48.932143859374605,1.051875,1.050162,1.053815,0.964177
1,44.8470780049962,0.960546,0.955316,0.964177,1.003953
1,45.369589813052386,1.004739,1.01129,1.003953,1.014173
1,47.30504794455255,1.014937,1.010367,1.014173,0.950311
0,41.6543529699855,0.964369,0.964483,0.950311,0.96732
0,38.55454585884345,0.954217,0.959083,0.96732,0.991554
0,37.797260956576835,0.995791,0.995734,0.991554,1.034072
0,42.64974107184659,1.033812,1.029135,1.034072,0.995058
0,42.11896916089477,0.988553,0.986678,0.995058,0.903974
0,33.451400989964874,0.940447,0.915612,0.903974,0.978938
0,32.04336989503865,0.949868,0.954839,0.978938,0.981291
0,30.828210919102176,0.985185,1.004826,0.981291,0.962822
0,28.554240436868625,0.982143,0.960615,0.962822,0.988119
0,27.87296766099441,0.962679,0.972,0.988119,1.028056
0,31.95262128242122,1.031809,1.040123,1.028056,1.020468
0,34.9255315694229,1.018304,1.030663,1.020468,1.016237
0,37.31313007717509,1.018921,1.001919,1.016237,0.982143
0,35.735031244141595,0.985144,0.997126,0.982143,0.959809
0,32.46625574037866,0.95853,0.960615,0.959809,1.007976
0,33.710093438869364,1.012783,0.978,1.007976,0.945598
0,29.664868304464324,0.943689,0.95501,0.945598,0.988494
0,28.91746059681708,1.005144,1.011777,0.988494,1.037037
0,34.56650882646625,1.007165,1.026455,1.037037,0.996939
0,34.31478085758961,1.004065,0.989691,0.996939,0.953941
0,30.702915794419184,0.961538,0.969792,0.953941,1.019313
0,33.70865828695578,1.010526,0.988185,1.019313,0.973684
0,31.654986089489665,0.970833,0.981522,0.973684,0.943784
0,27.853776917919767,0.973176,0.957918,0.943784,1.002291
0,28.210844008034613,0.979052,1.010405,1.002291,1.053714
0,36.20177476021524,1.059685,1.051487,1.053714,0.95987
0,33.08005908068394,0.967056,0.954298,0.95987,1.1
1,50.57201760944152,1.1,1.1,1.1,1.021442
1,52.65160146001538,1.019048,1.026919,1.021442,1.037214
1,56.1719248417186,1.054206,1.014563,1.037214,0.924563
1,48.0780251995509,0.926418,0.955024,0.924563,1.006965
1,48.75682762959387,0.980861,1.003006,1.006965,0.934783
0,43.043021330526045,0.945366,0.93007,0.934783,0.987315
0,42.07749973301474,0.977296,0.996778,0.987315,0.928266
0,37.0767091840405,0.918691,0.9,0.928266,0.967705
0,35.194238490097256,0.982759,1.015892,0.967705,0.952324
0,32.64434714812229,0.948538,0.947052,0.952324,0.981227
0,31.716344575319408,0.972873,0.970775,0.981227,1.016582
0,33.48125241805266,1.057034,1.041885,1.016582,1.016311
0,35.28265445757179,0.978417,0.998744,1.016311,1.002469
0,35.571732010420604,1.003676,1.008805,1.002469,1.023399
0,38.38733834130415,1.021978,1.018703,1.023399,1.006017
1,39.14107706064336,1.011947,1.01224,1.006017,1.013158
1,40.855325892101725,1.008264,1.015719,1.013158,1.060213
1,48.147859856100226,1.074941,1.041667,1.060213,1.005568
1,48.81420128144397,0.989107,1.005714,1.005568,1.018826
1,51.11444714699707,1.022026,1.0375,1.018826,1.0
1,51.114447146997065,0.991379,0.964951,1.0,0.93913
0,43.62472143345267,0.961957,0.975028,0.93913,0.924769
0,36.87134131009637,0.924294,0.91851,0.924769,1.017522
0,39.059573392276626,0.997555,1.020279,1.017522,1.00369
0,39.54317756430557,1.007353,1.004969,1.00369,1.023284
0,42.64741258293551,1.017032,1.018541,1.023284,0.989222
0,41.55886712786092,1.002392,1.0,0.989222,1.020581
0,44.44343247659928,1.01432,1.015777,1.020581,0.994069
0,43.759303596531076,1.002353,1.001195,0.994069,0.991647
0,42.766760429405004,0.992958,0.98568,0.991647,0.98917
0,41.46453853966656,1.002364,0.991525,0.98917,1.001217
0,41.67703924418607,0.983491,1.0,1.001217,0.940462
0,34.976646509307095,0.93765,0.940171,0.940462,1.015504
0,37.62153830834346,1.007673,1.011688,1.015504,0.979644
0,35.545449276836,0.994924,0.984596,0.979644,0.977922
0,33.43431674056915,0.965561,0.954368,0.977922,0.992032
0,32.696215407893746,0.992074,0.984973,0.992032,0.990629
0,31.81380499425739,0.994674,1.022191,0.990629,0.982432
0,30.18455434533569,0.987952,0.985075,0.982432,0.995873
0,29.80521565347346,0.987805,0.993113,0.995873,1.008287
0,31.65517709094699,1.004115,0.994452,1.008287,1.041096
1,40.14866993609468,1.046448,1.026499,1.041096,0.957895
0,35.13319811825247,0.956919,0.97962,0.957895,0.983516
0,33.44587171336057,1.00955,0.990291,0.983516,0.937151
0,28.012711436916913,0.912162,0.929972,0.937151,1.037258
0,34.38941308978406,1.044444,1.021084,1.037258,0.991379
0,33.61969797497956,0.990071,1.014749,0.991379,0.924638
0,27.810116622344278,0.931232,0.924419,0.924638,0.992163
0,27.32123611808412,0.976923,0.974843,0.992163,0.995261
0,27.01438275237312,1.00315,1.01129,0.995261,1.033333
0,32.7114874178987,1.059655,1.031898,1.033333,1.004608
0,33.509960259121534,0.980741,1.001546,1.004608,0.966361
0,30.638681234632855,0.981873,0.973765,0.966361,1.041139
1,37.45895729526587,1.013846,1.026941,1.041139,0.960486
0,33.87212001677662,0.965099,0.967593,0.960486,1.018987
0,36.87639951772795,1.014151,1.001595,1.018987,0.987578
0,35.71158107724184,0.99845,1.011146,0.987578,0.935535
0,30.4100073624324,0.925466,0.91811,0.935535,1.026891
0,34.49676855486617,1.030201,1.027444,1.026891,1.02455
0,38.163135191359615,1.021173,0.998331,1.02455,1.038339
1,43.602380044887205,1.063796,1.065217,1.038339,1.029231
1,47.53673471059983,1.007496,1.040816,1.029231,0.985052
1,45.72859625502912,1.00744,0.987934,0.985052,1.003035
1,46.16960236146622,1.014771,1.006107,1.003035,1.046899
1,52.599093172026905,1.0131,1.027314,1.046899,0.960983
1,47.30005123151368,0.96408,0.974889,0.960983,1.034586
1,51.75854583899389,1.032787,1.031818,1.034586,1.008721
1,52.87851261860449,1.011544,1.014684,1.008721,0.997118
1,52.44147075208915,0.99572,0.998553,0.997118,0.971098
0,48.15527173061398,0.984241,0.963768,0.971098,1.056548
1,55.58342447797752,1.03639,1.037594,1.056548,0.995775
1,54.9144870502523,1.009831,1.024638,0.995775,0.932107
0,45.482751929354656,0.944367,0.927864,0.932107,1.036419
0,50.09782738621718,1.0162,1.032012,1.036419,0.934114
0,42.78446718330729,0.933333,0.939439,0.934114,1.001567
0,42.9836581280974,1.001553,1.001572,1.001567,0.984351
0,41.43034546446722,0.981395,0.982732,0.984351,1.004769
0,42.10626195059911,1.006319,0.992013,1.004769,0.987342
0,40.75555659693224,1.00471,1.003221,0.987342,0.987179
0,39.394627150165206,0.970312,0.975923,0.987179,1.042208
0,45.73659281348287,1.040258,1.041118,1.042208,1.1
1,64.30325841994322,1.1,1.090047,1.1,1.041995
1,67.49702642961945,1.059055,1.1,1.041995,0.960957
1,61.734667535329976,0.971499,0.978121,0.960957,0.934469
1,53.762313026897154,0.947704,0.932895,0.934469,1.008415
1,54.52129508062572,0.973082,0.978843,1.008415,0.955494
0,49.82390545166743,0.959889,0.965418,0.955494,0.9
0,40.34779788691269,0.9,0.9,0.9,1.062706
0,45.57724745987916,1.075441,1.1,1.062706,1.013975
0,46.767529061530496,1.010448,1.015576,1.013975,1.068913
0,52.376061242637654,1.093058,1.069018,1.068913,1.032951
1,54.98651062314605,0.985135,1.004304,1.032951,0.987517
1,53.74506440569616,0.993141,1.005714,0.987517,1.022472
1,55.66158744921442,1.027624,1.015625,1.022472,0.96978
1,52.443938599892135,0.981183,0.974825,0.96978,1.086402
1,59.44438710247791,1.053425,1.043042,1.086402,0.926988
1,51.89231834817039,0.981795,0.973865,0.926988,1.056259
1,56.17516045575459,1.0,1.038136,1.056259,1.003995
1,56.48803646539909,1.001325,1.006803,1.003995,1.1
1,64.86268949896862,1.1,1.039189,1.1,1.024793
1,66.43371228323872,1.041322,1.096229,1.024793,1.1
1,72.01595910596807,1.082766,1.020166,1.1,1.039791
1,74.04623525804247,1.053403,1.1,1.039791,0.944612
1,66.52337900171496,0.9334,0.94589,0.944612,0.920043
1,57.88678562676848,0.926518,0.917492,0.920043,0.950174
0,53.59091476234491,0.950575,0.953237,0.950174,0.95122
0,49.88243711072223,0.974607,0.977358,0.95122,1.080769
0,55.14698823565771,1.065757,1.034749,1.080769,1.003559
0,55.38731115528482,1.0,1.042289,1.003559,1.031915
0,57.5897391460382,1.022119,1.022673,1.031915,0.972509
0,54.99097481154699,0.982916,0.970828,0.972509,0.984688
0,53.58056326331543,0.98146,1.001202,0.984688,0.934211
0,47.97437378517145,0.955136,0.933974,0.934211,0.982074
0,46.63673556235334,0.950556,0.969152,0.982074,1.005215
0,47.09065458483641,1.016905,1.006631,1.005215,0.922179
0,41.40172713650858,0.938619,0.931489,0.922179,1.018284
0,43.008241132032204,0.991826,1.002829,1.018284,1.1
1,58.128434663789086,1.1,1.1,1.1,0.996602
1,57.816755464184396,1.027964,1.01854,0.996602,1.05
1,61.110344393712374,1.01741,0.987486,1.05,1.002165
1,61.258414981733914,1.010695,1.040323,1.002165,0.977322
1,58.729886511758494,0.978836,0.978959,0.977322,0.935912
1,52.307987313967836,0.923243,0.918552,0.935912,1.011806
1,53.25701194401369,1.030445,1.039409,1.011806,0.935823
0,47.64178595493835,0.921591,0.941943,0.935823,1.053616
0,51.91080777780101,1.043157,1.003774,1.053616,0.957396
0,48.35602648499386,1.003546,1.008772,0.957396,1.024722
0,50.38861122981688,0.977621,1.019876,1.024722,1.1
1,57.80979851049276,1.1,1.090134,1.1,1.014254
1,58.84811950683717,1.013043,1.003352,1.014254,1.087568
1,64.6806738720347,1.1,1.1,1.087568,0.983101
1,62.6729775475848,0.976281,0.987952,0.983101,1.005056
1,63.03639317310771,0.987366,0.995935,1.005056,1.019115
1,64.45269309820176,1.004921,1.005102,1.019115,1.014808
1,65.57416329324128,1.007835,1.016244,1.014808,0.991245
1,64.2641203465141,1.008746,1.001998,0.991245,1.084396
1,70.35808182571377,1.1,1.087737,1.084396,1.011765
1,71.15872547033153,0.994769,0.996334,1.011765,0.932916
1,60.933121317689356,0.917616,0.938362,0.932916,1.009588
1,61.72293181486965,1.022923,1.013725,1.009588,1.007597
1,62.37821386004304,1.03268,1.017408,1.007597,1.019793
1,64.1148863304927,0.990054,1.012357,1.019793,0.941774
0,55.79396070979997,0.943379,0.950235,0.941774,1.001963
0,55.98923533242412,0.989351,0.997036,1.001963,1.042116
1,60.07294299464089,1.072407,1.046581,1.042116,1.00094
1,60.165513190997274,0.975365,1.000947,1.00094,1.099531
1,68.50191416840362,1.1,1.050142,1.099531,1.007686
1,69.0933299545848,1.020833,1.052252,1.007686,1.004237
1,69.43666776344574,0.970612,0.984589,1.004237,1.070886
1,74.55144288691679,1.086627,1.095652,1.070886,1.1
1,82.48193110726822,1.1,1.089683,1.1,0.955405
1,74.64601868451149,0.961898,1.005098,0.955405,1.03819
1,76.60440911849074,1.039611,1.051449,1.03819,1.002044
1,76.71203009358916,1.000668,1.002757,1.002044,1.078178
1,80.42862704553883,1.062124,1.015808,1.078178,0.997478
1,79.95067666330276,1.009434,1.037889,0.997478,0.97914
1,75.9411951294015,0.987539,0.984355,0.97914,0.990962
1,74.24019649203828,0.977287,1.001325,0.990962,0.934853
0,63.328711971227385,0.952227,0.944444,0.934853,1.02439
0,65.2536075564719,0.999322,0.997199,1.02439,1.073469
1,70.41425222557505,1.076662,1.042135,1.073469,0.968948
1,65.6500897023592,0.979836,1.010782,0.968948,0.941138
0,57.90111824849891,0.989711,0.952667,0.941138,1.027102
0,60.09897589759756,0.973359,1.028691,1.027102,0.965494
0,55.98297706736629,0.965955,0.961905,0.965494,1.067975
1,61.398042851099824,1.070491,1.015559,1.067975,0.950787
0,55.69301209166629,0.947708,0.995822,0.950787,1.1
1,64.6534216862449,1.1,1.069231,1.1,1.04698
1,67.52017985689447,1.027956,1.099411,1.04698,1.042541
1,70.00401953593644,1.03966,1.054729,1.042541,1.024595
1,71.42257878833406,1.029428,1.012972,1.024595,1.0
1,71.42257878833406,1.0,1.0,1.0,1.0
1,71.42257878833406,1.0,1.0,1.0,1.0
1,71.42257878833406,1.0,1.0,1.0,1.0
1,71.42257878833406,1.0,1.0,1.0,1.0
1,71.42257878833408,1.0,1.0,1.0,1.1
1,82.34523321518758,1.1,1.1,1.1,1.1
1,88.00504921467436,1.1,1.1,1.1,1.056762
1,89.30560005371446,1.081787,1.03115,1.056762,0.964672
1,82.93621417234951,0.949247,1.0244,0.964672,0.960015
1,76.51921805248153,0.968289,0.939509,0.960015,1.075127
1,79.58717276345696,1.05179,1.014085,1.075127,1.1
1,84.53641291748932,1.1,1.1,1.1,0.95845
1,78.33933373227568,0.953101,0.972498,0.95845,0.979465
1,75.51541349064703,0.954921,0.956922,0.979465,1.054576
1,77.76262548940942,1.1,1.082474,1.054576,1.1
1,84.38706690897838,1.1,1.1,1.1,0.976246
1,80.99155436571546,0.988074,0.970741,0.976246,1.1
1,84.71966601130782,1.1,1.1,1.1,1.1
1,87.45609284841956,1.1,1.1,1.1,0.9
1,68.24321546866724,0.9,0.9,0.9,0.9
0,53.996370120213044,0.9,0.9,0.9,0.9
0,45.08256484780062,0.9,0.9,0.9,0.969785
0,44.33147901296894,0.9,0.932449,0.969785,1.1
0,52.642099188670045,1.1,1.1,1.1,1.010141
0,52.9703784145864,1.072947,1.079525,1.010141,0.9
0,48.35884798203983,0.9,0.9,0.9,1.048291
0,49.90081648027671,1.021429,1.007925,1.048291,1.058115
0,51.85392185373835,1.082517,1.1,1.058115,0.9
0,45.04968214891554,0.9,0.9,0.9,0.9
0,40.84320145666216,0.9,0.9,0.9,0.9
0,38.14898011856443,0.9,0.9,0.9,1.1
0,41.545292883547894,1.1,1.1,1.1,0.918891
0,40.05874936752811,0.914653,0.927106,0.918891,1.034169
0,40.93970822353174,1.084879,1.042516,1.034169,0.988987
0,40.72484962244189,0.949741,0.998883,0.988987,1.1
0,44.07529288317727,1.1,1.051454,1.1,1.1
1,49.707122613497354,1.1,1.1,1.1,0.983319
1,49.16030756647171,1.000406,0.973504,0.983319,1.016539
1,49.74083982759607,1.001217,1.010097,1.016539,1.031289
1,50.901938503852946,1.004052,1.04824,1.031289,0.98746
1,50.38381881270088,1.00686,1.008292,0.98746,0.977878
1,49.43978169589899,0.967535,0.966283,0.977878,0.950566
1,47.35188875551447,1.025269,0.954894,0.950566,1.006611
1,47.65451379186366,0.945051,1.010695,1.006611,0.971541
0,46.40960729427961,0.958102,0.974427,0.971541,1.018026
0,47.32161077464618,1.025435,1.015837,1.018026,1.025232
0,48.66235232611435,1.013055,1.022272,1.025232,0.92962
0,45.125385856538166,0.954897,0.933333,0.92962,0.9
0,37.61172619465445,0.9,0.9,0.9,0.9
0,33.59991990544579,0.9,0.9,0.9,1.1
0,38.06862383781646,1.068608,1.073816,1.1,0.95104
0,36.84098769535893,0.943671,0.950713,0.95104,1.011583
0,37.3306815583924,1.043646,1.070941,1.011583,0.994275
0,37.17547838918542,0.966175,0.955414,0.994275,1.053103
0,39.666698071918724,1.061744,1.092,1.053103,0.9
0,36.13435160504239,0.9,0.9,0.9,0.983516
0,35.701867154413016,0.993976,0.980365,0.983516,0.973464
0,34.98782441394742,0.951515,0.974964,0.973464,1.1
1,40.20703892899165,1.1,1.094644,1.1,1.007752
1,40.60715846806701,1.001918,1.02882,1.007752,1.008333
1,41.06724890202387,1.008296,0.985016,1.008333,0.984107
1,40.41880279802342,0.989241,1.011243,0.984107,1.051034
1,43.45708583331355,1.059501,1.051668,1.051034,0.916411
0,39.703516224798875,0.902778,0.912935,0.916411,1.012072
0,40.43681351108333,1.019398,1.004087,1.012072,1.035785
1,42.68863910192107,1.1,1.058345,1.035785,0.949456
0,40.28891969273256,0.903571,0.945513,0.949456,0.969677
0,38.945907103443766,0.948617,0.949831,0.969677,1.004864
0,39.284954951738584,1.015972,1.02641,1.004864,1.07953
1,44.71653231508391,1.088859,1.05146,1.07953,0.985266
1,43.871206932942634,0.97489,1.007937,0.985266,0.96749
0,42.01188410047105,0.969736,0.967192,0.96749,0.97379
0,40.567660398631396,0.989376,0.966079,0.97379,1.044168
1,43.97151676288719,1.030201,1.057584,1.044168,1.044283
1,47.369824680404,1.039088,1.022576,1.044283,1.01962
1,48.913760942283766,1.025705,1.038961,1.01962,1.045313
1,52.45113172958655,1.059902,1.041875,1.045313,0.998219
1,52.290886269532464,0.99654,0.9994,0.998219,0.955384
1,48.316661028702555,0.94213,0.961585,0.955384,1.064757
1,53.584650070308896,1.055897,1.042447,1.064757,1.068421
1,58.68645623943067,1.079116,1.052695,1.068421,0.974275
1,56.02253276731021,0.975202,0.996018,0.974275,0.998876
1,55.90623779291398,0.987286,0.991433,0.998876,0.976378
1,53.39933201893355,0.987682,0.998848,0.976378,0.974654
0,50.82793983298144,0.96542,0.970012,0.974654,0.985225
0,49.37316597739831,0.98121,0.985137,0.985225,0.990402
0,48.41803097300895,0.994614,0.987326,0.990402,1.023622
0,50.91083827819539,1.024067,1.014059,1.023622,0.986982
0,49.458803055481816,0.982961,0.998794,0.986982,1.003597
0,49.87866142733856,1.002391,0.991551,1.003597,0.976703
0,47.13757594458567,0.998211,0.99087,0.976703,1.014067
0,48.920378993769724,1.003584,1.014128,1.014067,1.026538
1,52.238868329940715,1.017262,1.021805,1.026538,1.011751
1,53.710953697052894,1.01931,1.016598,1.011751,0.987805
1,51.9020442245436,0.977612,0.96793,0.987805,0.968842
0,47.54951846030274,0.992954,0.989759,0.968842,0.982403
0,45.31047602960086,0.962744,0.981741,0.982403,0.95244
0,39.933577617675894,0.951474,0.950403,0.95244,0.96952
0,37.04394733112284,0.976114,0.97195,0.96952,1.024749
0,40.68286931733385,1.013889,1.01745,1.024749,1.001958
0,40.98074373162011,1.002609,1.003958,1.001958,1.006515
0,42.02582738396695,1.011711,1.00657,1.006515,0.986408
0,40.407654418155104,0.983923,0.98107,0.986408,0.99147
0,39.39636931492402,0.99085,0.996673,0.99147,0.995367
0,38.83279909564106,0.998681,1.00267,0.995367,1.020612
1,42.73937491431646,1.021136,1.020639,1.020612,0.991531
0,41.5411924716852,0.99806,0.99152,0.991531,1.023653
1,46.05161344379568,1.009721,1.009868,1.023653,0.996149
1,45.42258197004534,0.998716,1.00456,0.996149,0.974871
0,41.458528957834005,0.979434,0.979248,0.974871,1.004627
0,42.42967475680993,1.011155,1.00596,1.004627,1.004605
1,43.440122705357936,0.99416,0.998683,1.004605,0.991487
0,41.96695326756542,0.995431,0.996045,0.991487,1.058124
1,53.47012378262561,1.064918,1.025811,1.058124,1.006866
1,54.67941904283266,1.005542,1.016129,1.006866,0.959702
1,46.91946943804858,0.949786,0.96254,0.959702,0.992894
0,45.73653073814895,0.998066,1.005937,0.992894,0.957059
0,39.329415016611534,0.974806,0.944262,0.957059,0.955812
0,34.24184284291225,0.944334,0.970139,0.955812,1.040541
0,41.400523879546064,1.030877,1.030064,1.040541,0.997266
0,41.06269201100335,1.006127,1.009034,0.997266,0.960247
0,36.42172979843327,0.955345,0.955923,0.960247,1.024982
0,40.771964391919646,1.020538,1.019452,1.024982,1.009749
0,42.46770850025092,1.013185,1.017668,1.009749,0.995172
0,41.822942306507,0.991781,0.988889,0.995172,1.009009
1,43.537428836793005,1.013122,1.017556,1.009009,0.971154
0,39.48847091799723,0.98364,0.972395,0.971154,0.999293
0,39.39453064691433,0.979903,0.993612,0.999293,0.987969
0,37.750398804218946,0.995757,0.995714,0.987969,1.00788
0,39.50960040134133,1.008523,1.008608,1.00788,1.027719
1,45.40102265332313,1.027465,1.020626,1.027719,0.971646
0,40.89206017255996,0.969157,0.974913,0.971646,1.039146
1,48.308472515811395,1.048091,1.030736,1.039146,0.999315
1,48.190079065242294,0.985155,0.992372,0.999315,1.031528
1,53.79921819468626,1.039726,1.042628,1.031528,1.007973
1,55.16294830030345,1.031621,1.012735,1.007973,0.980224
1,51.10187671217169,0.95977,0.981469,0.980224,0.993275
1,49.78615160762286,0.984697,0.983142,0.993275,0.999323
1,49.64848803943184,1.006757,1.01166,0.999323,1.01626
1,53.00694703597595,1.010067,1.005424,1.01626,0.990667
1,50.87520248135038,0.990033,0.993931,0.990667,0.960296
0,43.02269067341343,0.957718,0.955902,0.960296,1.013315
0,45.91766144042743,1.017519,1.019872,1.013315,1.0
0,45.91766144042743,1.002755,0.991649,1.0,0.983402
0,42.73661933120032,0.98489,0.995789,0.983402,1.058368
1,54.48108133345126,1.053696,1.016209,1.058368,0.994684
1,53.34541738686143,0.998015,1.020804,0.994684,0.96326
0,46.21315766251885,0.959549,0.969429,0.96326,0.941054
0,37.80152541479252,0.953006,0.944639,0.941054,0.977155
0,35.27941844563491,0.969543,0.980712,0.977155,0.96908
0,32.21776241240159,0.964099,0.965204,0.96908,1.010895
0,34.31398201198773,1.010085,1.003135,1.010895,1.007698
0,35.840282237580766,1.008449,1.020312,1.007698,0.995416
0,35.31012797349855,1.006093,0.995406,0.995416,0.983883
0,33.44538180425704,0.975776,0.975385,0.983883,1.035101
0,40.67530744602015,1.040341,1.037066,1.035101,0.920874
0,31.953041782841453,0.923937,0.923194,0.920874,0.963175
0,29.07542814720728,0.983858,0.96458,0.963175,1.012744
0,31.296499790849246,0.984413,1.00854,1.012744,0.995805
0,30.948587235110388,0.998333,0.996613,0.995805,1.1
1,51.58349230485398,1.1,1.041631,1.1,0.962637
1,47.228669624451484,0.975092,1.058728,0.962637,1.019787
1,49.56626182441956,1.01728,1.006163,1.019787,0.944776
0,43.64098907423025,0.994092,0.960184,0.944776,1.017378
1,45.71852924811973,0.959881,1.009569,1.017378,0.968944
0,42.6407802108364,0.979102,0.977093,0.968944,0.987981
0,41.5121994342165,0.986561,0.995958,0.987981,0.987024
0,40.28733109018649,0.983173,0.967532,0.987024,0.991783
0,39.50280692859976,0.99022,0.996644,0.991783,1.007457
0,40.6234820832531,1.00823,1.017677,1.007457,1.005757
0,41.53070207494316,1.013878,1.010753,1.005757,0.9861
0,39.93487517062087,0.972625,0.98036,0.9861,0.992537
0,39.07875351272215,1.002483,0.989983,0.992537,0.986633
0,37.53805700324163,0.979356,0.985666,0.986633,0.961897
0,33.53368109066572,0.983137,0.94953,0.961897,0.933099
0,28.08466531270306,0.931389,0.944144,0.933099,0.972642
0,26.326730174984423,0.969613,0.92271,0.972642,1.00097
0,26.497582896329657,0.987654,1.051706,1.00097,0.960271
0,24.036369003542653,0.978846,0.963618,0.960271,1.012109
0,26.197089831055234,0.986248,1.014286,1.012109,0.98006
0,24.92459929582861,0.98506,0.965795,0.98006,1.017294
0,28.120619005648887,1.024267,1.0375,1.017294,0.943
0,24.373927597023886,0.94768,0.940763,0.943,1.040297
0,30.976503850961457,1.028125,1.040555,1.040297,0.958206
0,28.123536779931882,0.981763,0.955897,0.958206,1.001064
0,28.29699805097672,0.987616,0.997854,1.001064,1.009564
0,29.935846880356824,0.994775,1.007527,1.009564,1.017895
0,33.04865231228696,1.030462,1.023479,1.017895,0.997932
0,32.86366673290122,0.996942,1.004171,0.997932,1.032124
1,38.60041674183919,1.02045,1.012461,1.032124,0.990964
1,37.595996612474,0.996994,0.987692,0.990964,0.976697
1,35.08354938466845,0.994975,0.998962,0.976697,0.9
0,26.160937611147087,0.9,0.9,0.9,0.980117
0,25.089214386448173,0.974596,0.991443,0.980117,1.034606
0,30.332385563228645,1.03436,1.061652,1.034606,1.059977
0,38.627351037299555,1.057274,1.045296,1.059977,0.968444
0,36.04947557892709,0.982665,0.982222,0.968444,1.07191
1,44.804151585703885,1.067255,1.058824,1.07191,0.943396
0,39.84742768552107,0.955579,0.948718,0.943396,1.042222
1,44.500502562420074,1.031351,1.024775,1.042222,0.960554
0,41.16176248385427,0.95283,0.986813,0.960554,0.977802
0,39.439261707813806,0.986799,0.977728,0.977802,0.967083
0,37.02014790690905,0.953177,0.962415,0.967083,1.008216
0,38.00857326761082,1.019883,1.010651,1.008216,1.034924
0,42.19564769592882,1.020642,1.004684,1.034924,1.03712
1,46.47805804891655,1.049438,1.067599,1.03712,0.996746
1,46.14337853554609,0.989293,0.994541,0.996746,1.015234
1,48.02430962883769,1.02381,1.007684,1.015234,0.960343
0,43.68223755439197,0.951374,0.955338,0.960343,1.015625
1,45.68338722544953,1.011111,1.019384,1.015625,1.030769
1,49.54487071796114,1.046154,1.045861,1.030769,1.079957
1,58.13107520113188,1.070378,1.038503,1.079957,1.051333
1,62.85133477078077,1.054956,1.07312,1.051333,1.046009
1,66.66507395372636,1.084651,1.067179,1.046009,1.008079
1,67.32852312263117,0.98199,1.000899,1.008079,1.1
1,78.72725237470708,1.1,1.1,1.1,0.9
1,61.80196753173351,0.9,0.9,0.9,1.038007
1,64.08365607852107,1.043038,1.069604,1.038007,0.943857
1,58.330184412491555,0.945793,0.947282,0.943857,1.017241
1,59.46615245975977,1.017109,1.010435,1.017241,0.940678
0,53.92514671698034,0.952061,0.952668,0.940678,0.98018
0,52.27647429247459,0.976148,0.969286,0.98018,1.0
0,52.27647429247458,1.00181,0.961789,1.0,0.952206
0,48.23400789694232,0.98374,1.0,0.952206,0.982625
0,46.88254189756306,0.942149,0.979651,0.982625,1.009823
0,47.758294226753776,1.012671,1.009891,1.009823,0.990272
0,46.92512327002885,1.029836,0.995103,0.990272,0.999018
0,46.83712781240506,0.985047,1.0,0.999018,1.038348
0,50.71852279147061,1.008539,1.03248,1.038348,0.970644
0,47.73520210607573,0.981185,0.975214,0.970644,1.004878
0,48.263794500777074,0.988495,1.0,1.004878,0.949515
0,43.35302993728417,0.952473,0.946237,0.949515,1.002045
0,43.59076279587675,1.011202,1.010331,1.002045,0.991837
0,42.81671015451091,0.984894,0.98773,0.991837,0.990741
0,41.9149679991655,0.989775,0.992754,0.990741,0.930426
0,35.86018503065483,0.956612,0.932221,0.930426,1.03125
0,39.775532606979525,1.0054,1.026846,1.03125,1.027056
0,43.1144904241314,1.033298,1.03159,1.027056,1.0
0,43.114490424131404,1.017672,1.0,1.0,1.061117
1,50.498816982024124,1.032686,1.052798,1.061117,1.00993
1,51.663849353413475,1.007913,1.008024,1.00993,0.978368
1,48.935179668430834,0.97841,0.977114,0.978368,0.949749
0,43.33348047550253,0.95988,0.958248,0.949749,0.986243
0,41.98768651792971,0.99373,0.98831,0.986243,1.015021
0,44.00455271233417,1.003155,1.003226,1.015021,0.979915
0,41.876709149738595,1.0,0.98821,0.979915,1.019417
0,44.60934746731801,0.991614,1.004338,1.019417,0.955556
0,39.89606478635838,0.95666,0.958963,0.955556,0.988926
0,38.84372997683076,0.99779,1.002252,0.988926,0.944009
0,34.0128953900146,0.951274,0.944944,0.944009,1.029656
0,38.1544588671013,1.039581,1.023781,1.029656,0.987327
0,37.05251295778309,0.959686,0.98374,0.987327,1.014002
0,39.1182514399708,1.015169,1.011806,1.014002,1.013809
0,41.19644136684731,1.016092,1.021004,1.013809,1.021566
1,44.430807933580994,1.045249,1.025143,1.021566,0.995556
