1,100.0,1.1,1.1,1.1,0.915372
1,53.016142735768895,0.93655,0.90642,0.915372,1.023406
1,58.35119633856668,0.9972,1.028812,1.023406,1.099485
1,72.81306271581379,1.1,1.1,1.099485,0.99168
1,70.39256853156458,0.977364,0.994177,0.99168,0.993707
1,68.55196356233341,0.977869,0.979766,0.993707,1.059103
1,75.0969383937859,1.094737,1.088043,1.059103,0.979073
1,69.2745136565414,0.977885,0.974026,0.979073,0.964377
1,60.81191466233725,0.948378,0.967179,0.964377,1.050132
1,66.74867458014805,1.041991,1.031813,1.050132,1.054271
1,71.95100143798598,1.053234,1.038541,1.054271,0.983794
1,68.32674237148251,0.985829,1.012865,0.983794,1.043605
1,72.30371167189259,1.034978,1.02296,1.043605,1.008357
1,73.03301235511131,1.026389,1.014804,1.008357,1.094383
1,79.6162000376137,1.1,1.098824,1.094383,0.916702
1,63.49375737065707,0.923392,0.906638,0.916702,1.1
1,76.44155793506631,1.1,1.1,1.1,0.9
1,61.06380826556553,0.9,0.943773,0.9,0.9
0,52.61070808652061,0.9,0.9,0.9,1.1
1,61.76754093341738,1.1,1.1,1.1,0.993192
1,61.21511850939581,0.990177,0.985366,0.993192,0.995968
1,60.870251346268255,1.008333,1.010726,0.995968,0.9
0,52.35713614095344,0.957497,0.9,0.9,1.06267
0,55.786160876764455,0.976983,1.046661,1.06267,0.9
0,43.978868798286875,0.9,0.9,0.9,1.048872
0,46.308707573577706,1.013313,1.045172,1.048872,0.972862
0,45.13144749182259,0.966145,0.986494,0.972862,1.065263
0,48.43438572653058,1.070084,1.094195,1.065263,1.090909
1,52.95950141362719,1.085533,1.091091,1.090909,0.9
0,40.86881665688174,0.9,0.9,0.9,1.02451
0,41.86146019834877,1.023868,1.028481,1.02451,0.986244
0,41.43078246908876,1.017334,1.006154,0.986244,1.010309
0,41.906524116732896,0.983549,0.995107,1.010309,0.978992
0,41.16515362321339,0.98626,0.989551,0.978992,0.99019
0,40.80972374446937,0.986675,0.984472,0.99019,1.097214
0,45.7587341017705,1.1,1.072555,1.097214,0.921558
0,42.380181829147325,0.938708,0.95,0.921558,0.985915
0,41.829829942723975,0.947647,0.971517,0.985915,1.012422
0,42.528730325897,1.018001,1.019758,1.012422,0.996319
0,42.364285290275454,0.996341,1.0,0.996319,1.069581
1,46.55561933588454,1.064259,1.06375,1.069581,1.054116
1,49.82441045660752,1.06383,1.005875,1.054116,1.046969
1,52.676215730713956,1.096216,1.1,1.046969,0.944705
1,48.98094200153429,0.953649,0.915663,0.944705,0.946991
0,45.84428316620952,0.9,0.952517,0.946991,0.978426
0,44.65729140682737,0.987209,0.998198,0.978426,1.004768
0,44.9889455548039,1.022968,1.008424,1.004768,0.968565
0,43.144275209036465,0.945308,0.965394,0.968565,1.072872
1,48.27274884422834,1.070646,1.066749,1.072872,0.958333
0,45.557943940872136,0.957907,0.947277,0.958333,0.949375
0,42.55680333941904,0.948931,0.962691,0.949375,0.994354
0,42.239518404700775,1.000626,1.000635,0.994354,0.928076
0,38.340255802447906,0.94434,0.933333,0.928076,0.921142
0,34.81811581271305,0.905298,0.908163,0.921142,1.01845
0,36.178879571756376,1.012436,1.012734,1.01845,1.019565
0,37.691777489004785,1.026012,1.028107,1.019565,1.015636
0,38.96145370002395,1.010563,1.01223,1.015636,1.027992
0,41.30342918062608,1.045296,1.031983,1.027992,1.03676
1,44.4046661765202,1.018667,1.030303,1.03676,0.997374
1,44.218296543773306,0.994764,0.995989,0.997374,1.001317
1,44.344076841494626,1.023684,1.016779,1.001317,0.950033
0,40.597865090369325,0.931877,0.947195,0.950033,1.053979
1,45.67076172786569,1.054483,1.048084,1.053979,0.961261
0,42.700280706115144,0.960105,0.960771,0.961261,1.013661
1,44.02924215108954,1.01158,1.013841,1.013661,1.043127
1,48.17173016166392,1.070034,1.017747,1.043127,0.961886
0,44.874449413490936,0.957835,0.993964,0.961886,0.92411
0,39.322831376520334,0.905388,0.916329,0.92411,1.010901
0,40.37729026965619,1.013062,1.001473,1.010901,1.00647
0,41.03935809609461,1.017192,1.003676,1.00647,0.992857
0,40.50121105448475,0.985211,1.011722,0.992857,1.030935
0,43.90732881478209,1.029307,0.948588,1.030935,0.9
0,35.923998056659,0.9,0.968702,0.9,0.974178
0,34.486322412594625,0.995331,0.962175,0.974178,0.946185
0,31.71148008963937,0.949179,0.963145,0.946185,1.037351
0,35.388242262764194,1.012356,1.011905,1.037351,1.004092
0,35.811182713650794,1.005696,1.026891,1.004092,1.070905
1,42.82432859413311,1.1,1.066285,1.070905,0.981735
0,41.47800928050839,0.928367,0.973906,0.981735,0.972093
0,39.473363739871175,0.973765,0.98424,0.972093,0.948963
0,36.13023831399969,0.949287,0.946357,0.948963,1.005882
0,36.76110206846756,1.011686,0.990694,1.005882,0.986633
0,35.88852750964803,0.987624,0.99146,0.986633,1.030483
0,39.37535478975658,1.017544,1.009475,1.030483,1.1
1,50.947330543378904,1.1,1.083618,1.1,1.01395
1,52.23394365725393,1.025418,1.075591,1.01395,0.985518
1,50.72569006349383,0.977337,0.989019,0.985518,0.991183
1,49.796601339806834,0.978261,0.969652,0.991183,0.970348
1,46.724488192833334,0.98963,0.984733,0.970348,0.941176
0,41.426281756077955,0.928144,0.927132,0.941176,1.022727
0,43.916686731567836,1.047581,1.033445,1.022727,1.1
1,64.18253472575688,1.1,1.1,1.1,0.909091
1,55.129814663105016,0.915758,0.929487,0.909091,1.1
1,63.97505084116939,1.1,1.1,1.1,1.070165
1,67.4584949533634,1.039488,1.057658,1.070165,0.954821
1,62.942038286372394,0.973783,0.967064,0.954821,0.957877
1,59.14559187900258,0.945055,0.963594,0.957877,1.010241
1,59.75437954148882,0.993605,1.006094,1.010241,0.918306
0,52.91157774916325,0.93505,0.9,0.918306,1.004545
0,53.206435470198016,1.023154,1.056772,1.004545,0.93342
0,48.40357799313205,0.9,0.9,0.93342,1.049169
0,51.643931038291214,1.084371,1.08686,1.049169,0.924092
0,46.54509718524618,0.91199,0.933743,0.924092,0.954286
0,43.94478365477592,0.937063,0.944404,0.954286,0.993263
0,43.57610549856264,1.093284,1.014717,0.993263,0.942728
0,40.48714076528247,0.9,0.940458,0.942728,0.999201
0,40.44651358142416,0.993735,1.008117,0.999201,1.092
0,47.02940897956171,1.1,1.038647,1.092,1.010989
0,47.83930861648969,0.991537,1.051163,1.010989,1.052174
1,51.65989395874374,1.044097,1.047935,1.052174,1.1
1,59.17411026788405,1.1,1.1,1.1,0.987654
1,58.017882577422455,0.958209,0.994904,0.987654,1.009375
1,58.67014366728434,1.01433,1.020487,1.009375,0.971517
1,55.80666182226097,0.968059,0.927227,0.971517,1.017208
1,57.1292628305601,1.029188,1.034506,1.017208,0.9
0,43.47930515938405,0.9,0.9,0.9,1.068267
0,48.10003010718983,1.025733,1.063748,1.068267,1.020365
0,49.516455658377986,1.029268,1.036823,1.020365,1.015829
0,50.666418515636984,1.01151,1.010446,1.015829,0.941057
0,46.36419654997935,0.946452,0.954514,0.941057,0.966883
0,44.22587833049708,0.954031,0.956679,0.966883,1.015637
0,45.46248362316409,1.024463,1.018113,1.015637,0.961144
0,42.87855922036808,0.968886,0.969607,0.961144,1.006102
0,43.40147358328041,1.003734,1.002294,1.006102,0.996209
0,43.13568713182477,0.984375,0.998474,0.996209,0.945205
0,39.3944866248072,0.94709,0.936593,0.945205,1.000805
0,39.473005769161546,1.013567,1.002447,1.000805,0.985519
0,38.50595665807549,0.988189,0.992677,0.985519,0.925714
0,33.97434214793679,0.905976,0.9,0.925714,0.971781
0,32.524793298163424,0.976253,0.972678,0.971781,1.006352
0,33.19624598003466,1.014414,1.031835,1.006352,0.958521
0,31.01226359664228,0.972469,0.95735,0.958521,1.036689
0,34.92147635684871,1.019178,1.036967,1.036689,0.948276
0,32.06190059232261,0.950717,0.923218,0.948276,1.1
1,45.06530302906154,1.1,1.1,1.1,0.942404
0,41.232426355502575,0.93673,0.929958,0.942404,0.962799
0,39.054997151542246,1.008772,0.980944,0.962799,0.966881
0,37.239694050644154,0.924348,0.965772,0.966881,1.065652
1,42.73385942349334,1.070555,1.055556,1.065652,1.016071
1,44.108442476679386,1.011424,1.014519,1.016071,0.910369
0,38.47284774891419,0.928758,0.921288,0.910369,1.039575
0,41.69743450131693,1.009355,1.023301,1.039575,0.990715
0,41.13122169617118,1.004634,1.005693,0.990715,1.026242
0,43.44685521038666,1.091328,1.028302,1.026242,0.994521
1,43.05601740870328,0.923077,0.989908,0.994521,0.949495
0,39.54430988173209,0.978022,0.955514,0.949495,1.032882
0,42.65788331868341,1.000936,1.018429,1.032882,0.977528
0,41.05072104893272,0.982226,0.986667,0.977528,0.991379
0,40.43548882411094,0.998095,0.974903,0.991379,0.963285
0,37.85574904962427,0.968511,0.983168,0.963285,0.9
0,30.165450261694463,0.9,0.9,0.9,1.0
0,30.165450261694467,0.996516,0.989222,1.0,1.022196
0,32.31432926112197,1.019814,1.0,1.022196,1.009143
0,33.24574092790262,1.027429,1.059322,1.009143,1.047565
0,38.0644316267047,1.034483,1.044571,1.047565,0.994595
0,37.715392510700745,1.019355,0.996718,0.994595,1.013043
0,39.15737056385589,1.022152,1.020856,1.013043,1.1
1,49.45004438805658,1.073271,1.077419,1.1,0.950485
1,45.16774138500941,0.950962,0.962076,0.950485,1.087845
1,52.61897408049577,1.077856,1.069502,1.087845,1.052582
1,56.74127737207239,1.060038,1.053346,1.052582,0.988403
1,55.53338119604944,1.000885,1.013812,0.988403,1.020758
1,57.2666526246305,1.011494,0.97366,1.020758,1.008842
1,58.03260424354685,1.0,1.036381,1.008842,1.1
1,67.88816529506873,1.1,1.09811,1.1,0.926154
1,58.895108242424456,0.906874,0.97623,0.926154,1.064784
1,63.16469286092046,1.067645,1.06717,1.064784,1.00936
1,63.787878464965225,1.026718,1.011015,1.00936,0.9
0,52.213619176112864,0.9,0.9,0.9,0.96777
0,49.74995616440406,0.954237,0.965849,0.96777,1.070207
0,54.6119721321994,1.058615,1.025385,1.070207,0.945332
0,50.2487378693834,0.994128,0.981432,0.945332,1.007117
0,50.77006609312162,0.977215,1.013514,1.007117,1.1
1,61.64486830308832,1.1,1.1,1.1,1.086272
1,66.23984219717441,1.088279,1.028244,1.086272,0.98826
1,65.00016169274274,0.988412,1.026726,0.98826,0.998602
1,64.8464021336126,0.986207,1.001446,0.998602,1.0
1,64.84640213361261,1.0,1.0,1.0,1.0
1,64.84640213361261,1.0,1.0,1.0,1.0
1,64.8464021336126,1.0,1.0,1.0,1.0
1,64.84640213361261,1.0,1.0,1.0,1.0
1,64.8464021336126,1.0,1.0,1.0,1.0
1,64.84640213361261,1.0,1.0,1.0,1.0
0,64.84640213361261,1.0,1.0,1.0,1.0
0,64.84640213361261,1.0,1.0,1.0,1.0
1,64.84640213361261,1.0,1.0,1.0,1.0
1,64.84640213361261,1.0,1.0,1.0,1.0
1,64.84640213361261,1.0,1.0,1.0,1.0
1,64.84640213361261,1.0,1.0,1.0,1.0
1,64.84640213361261,1.0,1.0,1.0,1.1
1,90.03257394432319,1.1,1.1,1.1,0.9
1,71.98368849333737,0.9,0.9,0.9,1.013402
1,72.60869757722025,1.023457,1.027322,1.013402,1.1
1,78.90481219694449,1.1,1.1,1.1,1.086938
1,81.69629071213419,1.069362,1.079137,1.086938,0.9
1,68.05120281372743,0.9,0.948444,0.9,0.9
1,58.47276920052303,0.9,0.9,0.9,1.0
0,58.47276920052303,1.0,1.0,1.0,1.0
0,58.472769200523025,1.0,1.0,1.0,1.0
0,58.472769200523025,1.0,1.0,1.0,1.0
0,58.472769200523025,1.0,1.0,1.0,1.0
0,58.47276920052303,1.0,1.0,1.0,1.0
0,58.472769200523025,1.0,1.0,1.0,1.0
0,58.472769200523025,1.0,1.0,1.0,0.9
0,45.76717738210846,0.9,0.9,0.9,0.921791
0,41.22171114877929,0.940828,0.922937,0.921791,1.004534
0,41.55573512008956,0.981132,0.994083,1.004534,1.045777
0,44.97153994714888,1.044872,0.992725,1.045777,0.932182
0,40.97579670360241,0.971779,0.999334,0.932182,1.034392
0,43.53009837492776,1.006944,0.99,1.034392,1.1
1,51.261662633358796,1.1,1.1,1.1,1.011488
1,52.06036771894555,1.018151,0.980713,1.011488,1.060193
1,56.16088003219855,1.051811,1.027414,1.060193,0.956079
1,52.42514766867116,0.960805,1.015081,0.956079,0.935574
1,47.63912954189503,0.929438,0.941143,0.935574,0.908982
0,42.16051199687405,0.903321,0.9,0.908982,1.084321
0,47.62309516484474,1.1,1.1,1.084321,0.961725
0,45.35274690041572,0.934001,0.935583,0.961725,1.019583
0,46.69927012221172,1.022082,1.011803,1.019583,0.981413
0,45.53007204428696,1.034568,1.014906,0.981413,0.998106
0,45.4076409804479,0.948687,0.99553,0.998106,1.074004
1,50.94755742009411,1.075472,1.044259,1.074004,0.993522
1,50.429417786188864,0.988304,1.003686,0.993522,0.9
0,40.933263947442725,0.9,0.9,0.9,0.996561
0,40.75590500300631,0.967528,0.98065,0.996561,0.962043
0,38.76611882113789,0.979452,0.976039,0.962043,1.005739
0,39.230859771842695,0.98042,0.99278,1.005739,1.03067
0,41.788227217100165,1.03281,1.034182,1.03067,0.986851
0,40.96783249754461,0.991713,0.985232,0.986851,1.032959
0,43.90174528064673,1.035515,1.035689,1.032959,1.014257
1,45.21198321777472,1.012777,1.017229,1.014257,0.941098
0,40.90094185597441,0.934927,0.939024,0.941098,1.023471
1,43.092310952753,1.028409,1.031025,1.023471,1.020153
1,45.021593616129636,1.018646,1.012596,1.020153,1.0
1,45.02159361612963,1.008814,0.992398,1.0,0.976158
0,42.981967265148484,0.96707,0.989554,0.976158,1.002791
0,43.298124992690454,1.000695,0.985925,1.002791,1.1
1,55.878642303390905,1.1,1.1,1.1,0.998157
1,55.66971622250138,0.960704,0.998749,0.998157,0.982154
1,53.58405477736184,0.982906,0.988729,0.982154,1.1
1,62.63050114880305,1.1,1.1,1.1,1.1
1,69.50855874897493,1.094652,1.040295,1.1,1.018906
1,70.65926462335541,1.003908,1.069285,1.018906,0.996991
1,70.19663135668524,0.980535,1.005102,0.996991,0.960765
1,64.30245240150167,0.95335,0.951777,0.960765,1.062304
1,68.63014670501734,1.090578,1.070933,1.062304,0.999014
1,68.47988478527036,0.988544,1.003486,0.999014,0.9926
1,67.28993115957607,0.999517,0.993548,0.9926,1.024851
1,69.21051332900362,1.025121,0.992008,1.024851,1.1
1,76.0071733698186,1.083883,1.048842,1.1,0.975503
1,71.74334779761598,0.99913,1.06385,0.975503,0.972197
1,67.24558090295827,0.970844,0.976986,0.972197,0.906365
0,55.071613431696015,0.9,0.90254,0.906365,1.1
1,63.938002374165585,1.1,1.067554,1.1,0.932463
0,56.85770847633142,0.935255,0.985618,0.932463,0.980203
0,55.0628580892559,1.027975,0.965467,0.980203,1.040887
0,57.95632481138068,0.986624,1.048866,1.040887,0.962139
0,54.32543683315006,0.971482,0.956292,0.962139,0.95819
0,50.691629582504774,0.947546,0.95781,0.95819,0.908111
0,44.014721376426316,0.918233,0.900891,0.908111,1.005088
0,44.411182629635114,1.01604,1.032014,1.005088,1.068616
0,49.61943416948815,1.058792,1.047941,1.068616,1.028421
0,51.773262152565025,1.028278,1.044133,1.028421,1.003582
1,52.0593771414757,0.9895,0.997938,1.003582,1.054564
1,56.32476380831104,1.053057,1.033058,1.054564,1.015474
1,57.54142875195683,1.019674,1.0265,1.015474,1.02619
1,59.62334595448145,1.041882,1.044812,1.02619,0.993503
1,58.832547590446204,0.979223,0.979021,0.993503,0.957964
1,53.884723677175685,0.97417,0.971429,0.957964,1.048269
1,58.062773846450824,1.02983,1.038235,1.048269,1.046512
1,61.82509834904836,1.047356,1.047214,1.046512,1.018222
1,63.27965887194348,1.03029,1.027953,1.018222,1.1
1,71.38447039667172,1.1,1.078947,1.1,1.096348
1,76.317499678126,1.1,1.1,1.096348,0.922395
1,65.56815505763758,0.929655,0.936347,0.922395,1.066846
1,69.2714609219983,1.041914,1.045964,1.066846,1.1
1,76.85256817104435,1.1,1.1,1.1,1.040073
1,78.38189144217834,1.010101,1.003145,1.040073,1.041176
1,79.90955416447824,1.094118,1.1,1.041176,1.1
1,84.31033553216864,1.1,1.1,1.1,1.083333
1,86.41025738132005,1.084032,1.0343,1.083333,1.091033
1,88.390548938173,1.1,1.1,1.091033,0.992491
1,87.1595432972469,0.971944,0.999785,0.992491,0.9
1,61.90891127274942,0.9,0.9,0.9,0.9
0,51.87430608199937,0.9,0.9,0.9,0.9
0,42.57041545227026,0.9,0.9,0.9,0.9
0,39.71404859211812,0.9,0.9,0.9,1.1
0,46.72012360140749,1.1,1.1,1.1,1.054085
0,48.509490282813445,1.1,1.1,1.054085,0.922139
0,45.98562256939489,0.9,0.938745,0.922139,1.043191
0,47.49058273088397,1.009413,0.965016,1.043191,1.1
0,51.14850883186838,1.1,1.1,1.1,0.9
0,47.293128867273346,0.944803,0.902589,0.9,0.9
0,42.532923116056494,0.9,0.9,0.9,0.909456
0,40.39127617669089,1.020517,1.009406,0.909456,1.013242
0,40.81811493678665,0.916958,0.980873,1.013242,0.9
0,38.02686580917435,0.9,0.9,0.9,1.023217
0,38.763843649867354,1.098967,1.035836,1.023217,1.025392
0,39.62903533242746,0.953983,1.016474,1.025392,1.084299
0,42.60211866781743,1.078838,1.071313,1.084299,1.1
1,48.33870772881356,1.1,1.1,1.1,0.975763
1,47.45440237031832,0.987947,0.99386,0.975763,1.030407
1,48.691799327928024,1.041228,1.042807,1.030407,1.098088
1,52.68066726102132,1.085253,1.099027,1.098088,1.044663
1,54.58194722363476,1.090097,1.058144,1.044663,1.01413
1,55.22232504436037,0.981899,0.983624,1.01413,0.96463
1,53.17280298633724,1.028522,0.975953,0.96463,0.977407
1,51.89477355876215,0.918837,0.995451,0.977407,1.1
1,57.55072960552794,1.1,1.1,1.1,1.044023
1,59.66515581616434,1.046634,1.047406,1.044023,1.030165
1,61.155795950280776,1.013492,1.020007,1.030165,0.948048
1,57.12228120995676,0.958204,0.962701,0.948048,0.9
0,44.026324233796814,0.9,0.9,0.9,0.9
0,39.62331561547291,0.9,0.942857,0.9,1.046789
0,41.52678641307811,0.998598,1.027778,1.046789,0.915835
0,39.031489768491205,0.912494,0.9,0.915835,1.01973
0,39.86690507608621,1.029744,1.078583,1.01973,0.982688
0,39.34739634683375,0.9751,0.954336,0.982688,1.1
0,44.731074827320256,1.1,1.1,1.1,0.920129
0,41.80190517483539,0.944597,0.905303,0.920129,0.940291
0,39.867957496263664,0.968977,0.955544,0.940291,1.016009
0,40.61387807187937,0.955478,1.007115,1.016009,1.1
1,45.86866699053326,1.1,1.096739,1.1,1.020264
1,46.86735173973634,1.025822,1.057978,1.020264,1.008776
1,47.3297486416573,1.016018,0.998595,1.008776,1.010073
1,47.89518673054127,0.997297,1.01454,1.010073,1.040345
1,50.22326759988391,1.054201,1.049931,1.040345,0.925926
1,45.99578479583108,0.910883,0.904447,0.925926,1.012235
1,46.73425671592031,1.021167,1.022395,1.012235,1.02371
1,48.22969522560958,1.081069,1.047143,1.02371,0.976385
0,46.787357584436336,0.933106,0.967713,0.976385,1.1
1,53.87245437686778,1.1,1.089286,1.1,0.988741
1,53.04438420531165,1.010288,1.021139,0.988741,1.048081
1,56.11180837936965,1.01833,1.031263,1.048081,0.961771
1,53.00437754029918,0.9828,0.97501,0.961771,0.964435
1,50.31927083517478,0.949125,0.940756,0.964435,0.965293
0,47.86176657501617,0.977702,0.969629,0.965293,1.049438
1,51.3780184433655,1.042544,1.071396,1.049438,1.020128
1,52.84145505775453,1.004628,0.995701,1.020128,1.041142
1,55.82691916049667,1.053183,1.053541,1.041142,0.975806
1,53.59002579666615,0.988072,0.991803,0.975806,0.930992
0,47.84386494153389,0.915493,0.922727,0.930992,1.008433
0,48.520185516203405,1.015385,1.011196,1.008433,0.988996
0,47.64473182906585,0.97316,0.979628,0.988996,1.043169
1,51.315192614804566,1.050267,1.040235,1.043169,0.987201
0,50.14430287112488,0.988141,0.996958,0.987201,1.035004
1,53.246253650733806,1.027432,0.994769,1.035004,0.992067
1,52.42232491027951,1.013767,1.040316,0.992067,0.955808
0,48.00175658613791,0.940329,0.947767,0.955808,1.05328
1,52.927890826601015,1.049891,1.027111,1.05328,1.010033
1,53.86155580838101,1.011672,1.032453,1.010033,1.001656
1,54.02523007724231,1.008653,1.010897,1.001656,1.002893
1,54.330557565651524,1.00817,1.003317,1.002893,0.985991
1,52.50655507685696,0.98906,0.971074,0.985991,0.982867
0,50.31298761996536,0.984842,1.000426,0.982867,0.983418
0,48.24816064979829,0.97005,0.98171,0.983418,1.023346
0,51.23249793328372,1.015866,1.010832,1.023346,1.015209
1,53.171274993504255,1.022372,1.021003,1.015209,0.99459
1,52.36173754093389,0.992155,0.980269,0.99459,1.008368
1,53.53384633003708,1.02913,1.023555,1.008368,0.961826
0,47.717715485999385,0.938132,0.958159,0.961826,0.921053
0,38.70895377949732,0.928448,0.924454,0.921053,1.000937
0,38.84484210190816,1.003714,1.006141,1.000937,1.025737
0,42.61289341337007,1.024977,1.023944,1.025737,1.014142
0,44.68177502819357,1.022563,1.01834,1.014142,0.947818
0,39.01388414790524,0.947926,0.946421,0.947818,0.961082
0,35.57818304261662,0.949255,0.94196,0.961082,1.031605
0,40.01802728464428,1.037273,1.049495,1.031605,1.0
0,40.01802728464428,0.999527,0.991819,1.0,0.996649
0,39.6712124453605,0.990539,1.007278,0.996649,0.966859
0,36.32902028867121,0.972302,0.965318,0.966859,1.036761
0,41.97498922183093,1.028487,1.027944,1.036761,0.986584
0,40.51118533096257,0.992837,0.996602,0.986584,0.993201
0,39.764491733763016,0.989418,0.992207,0.993201,0.986797
0,38.298376023498776,0.989791,0.989691,0.986797,0.979187
0,36.070479880733444,0.980354,0.977679,0.979187,0.956984
0,32.01184812388122,0.950902,0.939625,0.956984,1.004759
0,32.87310471197164,1.011064,1.021058,1.004759,1.027895
0,37.864874460664254,1.060448,1.0312,1.027895,0.944188
0,32.51041315683125,0.92285,0.940513,0.944188,0.953905
0,29.059425554379906,0.966986,0.954744,0.953905,0.973849
0,27.366404930928255,0.971916,0.974872,0.973849,0.946293
0,24.315222652360656,0.935411,0.9256,0.946293,1.060457
0,32.89766630251861,1.050273,1.079114,1.060457,0.970332
0,30.93187481265231,0.974048,0.967742,0.970332,0.960432
0,28.553955668401336,0.952635,0.944242,0.960432,1.041199
0,34.016684663507995,1.037912,1.052632,1.041199,1.018585
0,36.473588901491595,1.022754,1.020122,1.018585,1.022955
1,39.52444387832427,1.017564,1.001195,1.022955,1.008055
1,40.62675986304801,1.015535,1.036418,1.008055,0.984589
1,39.14485167358851,0.989802,0.983871,0.984589,0.942029
0,34.17305023968663,0.95478,0.943794,0.942029,0.940308
0,30.17016429108914,0.917266,0.939206,0.940308,1.033377
0,34.51350916820552,1.056863,1.036988,1.033377,1.038632
0,39.37095912698828,1.045145,1.038854,1.038632,0.968293
0,36.86091736286447,0.952663,0.968731,0.968293,1.035264
0,41.20795020889865,1.032298,1.03481,1.035264,0.993309
0,40.61640830893237,0.984958,0.984709,0.993309,1.028781
1,44.295849861838796,1.038485,1.036646,1.028781,0.980952
1,42.37089780483266,0.977647,0.981426,0.980952,1.002427
1,42.7060640188987,1.002407,1.001221,1.002427,0.972155
0,39.836708562070115,0.981993,0.975,0.972155,1.037983
1,45.10405361068586,1.01956,1.015009,1.037983,0.9976
1,44.826904321712796,0.9994,1.012323,0.9976,1.053518
1,51.907790637132216,1.063587,1.029215,1.053518,0.956621
1,46.4281743798852,0.949803,0.976345,0.956621,0.963007
0,42.487740722496994,0.970903,0.972744,0.963007,0.971499
0,39.78949401943821,0.9737,0.971357,0.971499,1.026148
0,43.248911091102514,1.014447,1.017949,1.026148,0.941579
0,37.875850680972924,0.970279,0.946474,0.941579,0.933333
0,33.11533593589777,0.911295,0.930805,0.933333,0.997878
0,32.982730085817835,0.990896,0.989278,0.997878,0.958894
0,30.44448489763607,0.963251,0.965318,0.958894,0.998522
0,30.35772821748745,1.002201,1.002994,0.998522,0.967432
0,28.437747560902825,0.973646,0.973881,0.967432,1.010712
0,29.955707739900475,0.996241,1.0,1.010712,0.984103
0,28.963277420767895,0.987925,0.988506,0.984103,0.963846
0,26.82153465414802,0.96715,0.968217,0.963846,0.981644
0,25.815495838852307,0.986572,0.976781,0.981644,1.043089
0,32.13269320964498,1.047238,1.043443,1.043089,0.9
0,24.404998770656995,0.9,0.9,0.9,1.095455
0,34.18522905160617,1.056091,0.97788,1.095455,0.99751
0,34.04968335970113,1.019917,1.1,0.99751,0.996672
0,33.85692282240369,0.996745,0.981651,0.996672,1.1
1,44.86535816436937,1.1,1.079864,1.1,0.981941
1,43.43894576213511,0.964706,1.003934,0.981941,0.978544
1,41.77041495476356,1.000762,0.979624,0.978544,1.1
1,54.585224224853626,1.1,1.1,1.1,1.047684
1,58.21468023936363,0.975716,1.040774,1.047684,0.916125
1,50.245432850665914,0.932993,0.931607,0.916125,0.994322
1,49.790220743607655,1.004788,0.996436,0.994322,0.931478
0,44.57175457496597,0.929204,0.928469,0.931478,1.028352
0,46.882497550844526,0.991941,0.986903,1.028352,1.006706
0,47.456305532263585,1.004431,1.046838,1.006706,1.020725
1,49.291613440076965,1.029412,1.023117,1.020725,1.1
1,57.606672593154876,1.1,1.032799,1.1,0.940984
1,51.95135772538918,0.924793,1.003529,0.940984,0.926829
0,46.247090205502275,0.929014,0.916315,0.926829,0.96391
0,43.87538583898638,0.997774,0.969302,0.96391,0.975819
0,42.364326273824815,0.973978,0.981789,0.975819,0.9
0,35.41537431003169,0.9,0.9,0.9,0.9
0,30.745917050951956,0.9,0.9,0.9,0.998943
0,30.714986299945355,1.005252,0.994565,0.998943,1.009524
0,31.384031416043477,1.003135,1.032787,1.009524,0.98847
0,30.990141810486598,0.988542,0.979894,0.98847,1.034995
0,33.67932665717781,1.046365,1.046436,1.034995,0.923156
0,30.746803195818142,0.920443,0.928793,0.923156,1.023307
0,32.51856414263862,1.020788,1.016667,1.023307,0.939262
0,30.292900301413354,0.975348,0.943169,0.939262,1.038106
0,33.19458661355518,1.0,1.03708,1.038106,0.989989
0,32.793649325148856,0.984615,0.985475,0.989989,1.004494
0,33.179943525519874,1.020089,1.003401,1.004494,0.995526
0,32.9758222885276,0.990153,1.00339,0.995526,1.016854
0,34.600630340497396,1.003315,1.001126,1.016854,0.981215
0,33.60629350158976,0.977974,0.982002,0.981215,0.948198
0,31.009497457671767,0.988739,0.96449,0.948198,0.9
0,25.440730706184866,0.9,0.9,0.9,1.030513
0,27.97340407349892,1.001342,1.023055,1.030513,1.051144
0,32.25402376501092,1.071046,1.095775,1.051144,1.046095
0,36.12691445025264,1.025031,1.029563,1.046095,0.996328
0,35.94251330541976,1.009768,1.006242,0.996328,1.1
1,44.57473997845994,1.1,1.094293,1.1,0.934372
1,40.495515184807424,0.989071,0.950113,0.934372,1.036905
1,43.42510580306966,0.979006,1.016706,1.036905,0.996556
1,43.20342927984429,0.995485,1.007042,0.996556,0.985023
1,42.19816745980042,0.994331,0.988345,0.985023,0.962573
0,39.746555266246126,0.952109,0.957547,0.962573,1.012151
0,40.902043038356126,1.022754,1.022167,1.012151,1.02521
1,43.358570679306055,1.005855,0.986747,1.02521,1.030445
1,46.33294542372256,1.030268,1.059829,1.030445,1.007955
1,47.137797575713954,1.00226,0.996544,1.007955,0.993236
1,46.494155236973825,1.010147,1.016185,0.993236,0.977299
0,44.321679404867915,0.965402,0.932878,0.977299,1.013937
1,45.95345510580747,1.020809,1.043902,1.013937,1.036655
1,50.149118085493676,1.056625,1.049065,1.036655,1.1
1,64.77960338221156,1.1,1.07461,1.1,1.055451
1,68.47667204976537,1.06485,1.1,1.055451,1.1
1,79.90932338676329,1.1,1.1,1.1,1.1
1,85.07222599695767,1.1,1.1,1.1,1.1
1,91.05717250906501,1.1,1.1,1.1,0.9
1,72.38397074972046,0.9,0.9,0.9,1.1
1,76.43738439593609,1.1,1.1,1.1,0.93736
1,71.12029173694017,0.913043,1.003899,0.93736,0.957518
1,67.88730705481082,0.976426,0.931068,0.957518,0.957627
1,64.85503997299412,0.964268,0.990615,0.957627,0.900573
0,58.52877433000425,0.9,0.9,0.900573,0.907514
0,53.79490629538339,0.928489,0.910194,0.907514,0.938854
0,51.123130032744996,0.969565,0.962667,0.938854,1.003392
0,51.25891059981725,1.0,1.006925,1.003392,0.990534
0,50.83309312195659,0.964126,1.004127,0.990534,0.924915
0,47.49462016241998,0.924252,0.910274,0.924915,0.991882
0,47.161063515231056,1.028037,0.997743,0.991882,1.043899
0,49.220997744335776,1.017483,1.048265,1.043899,0.968639
0,47.72667030537542,0.95189,0.948201,0.968639,0.994113
0,47.444634364166006,0.98917,1.021244,0.994113,1.017765
0,48.42921880375785,1.010949,1.004458,1.017765,0.978182
0,47.237918226043725,0.984116,0.980769,0.978182,1.009665
0,47.83672338501319,1.023478,1.010558,1.009665,0.970545
0,46.10294493378876,0.958423,0.941045,0.970545,0.930956
0,42.34301271757052,0.94914,0.964314,0.930956,1.023635
0,43.912854817503984,1.016548,1.018092,1.023635,1.035032
0,46.30178384118894,1.023256,1.044426,1.035032,1.064615
1,50.62547015294689,1.1,1.060325,1.064615,1.073699
1,55.32901625144179,1.044674,1.072939,1.073699,1.055855
1,58.77084654858142,1.044079,1.040109,1.055855,0.933716
1,53.235957303633064,0.94833,0.954248,0.933716,0.928328
0,48.291090019920574,0.913621,0.910274,0.928328,0.964706
0,46.17937994991601,0.995636,0.981189,0.964706,1.056402
1,49.82232783208517,1.024836,1.043712,1.056402,0.953102
0,46.82425967904365,0.97149,0.97061,0.953102,1.035579
0,49.20445341884579,1.008804,1.001514,1.035579,0.980263
0,47.87861401141027,0.977455,0.994709,0.980263,0.974646
0,46.19073534591689,0.986607,0.989362,0.974646,0.9342
0,42.143703947298015,0.937406,0.931644,0.9342,1.041769
0,45.209500727807644,1.043443,1.031327,1.041769,0.985063
0,44.268360614402596,0.973015,0.995204,0.985063,1.015164
0,45.4903918777692,1.009509,1.009639,1.015164,1.086478
1,52.04621407067154,1.1,1.089897,1.086478,1.013025
1,53.04146625055256,1.034018,1.020438,1.013025,0.95
