1,100.0,1.022497,1.020761,1.022573,0.953642
1,30.660377358490685,0.992299,0.951412,0.953642,0.953704
1,17.917726887192607,0.930155,0.961995,0.953704,1.044903
1,41.95062867689468,1.048868,1.0,1.044903,0.982578
1,37.19589624163084,0.973864,1.034568,0.982578,1.037825
1,50.17105555934888,1.029172,1.008353,1.037825,1.1
1,72.73206687496108,1.1,1.081657,1.1,1.1
1,85.34349568887045,1.1,1.1,1.1,0.966031
1,77.77989376559655,0.976781,1.0,0.966031,1.011149
1,78.43257439479329,0.981148,0.990525,1.011149,0.943172
1,67.43806560526953,0.936508,0.947826,0.943172,0.981115
1,64.39132220502192,0.993756,0.995413,0.981115,1.030247
1,66.92044416576879,1.012567,1.02212,1.030247,0.960854
1,60.72716894647106,0.963652,0.954013,0.960854,0.918519
0,50.634175590797675,0.930083,0.931002,0.918519,0.934476
0,44.72168481009691,0.945598,0.916751,0.934476,1.006472
0,45.35598077091079,0.98431,0.991141,1.006472,0.966774
0,42.63398054161455,0.970244,0.993296,0.966774,0.920177
0,37.069486842297756,0.914567,0.9,0.920177,1.048193
0,41.62764281454475,1.061078,1.1,1.048193,1.018391
0,43.393828522438646,1.009029,1.007018,1.018391,1.007901
0,44.189453033922,1.017897,1.027875,1.007901,0.982083
0,42.7117131702065,1.00989,0.983051,0.982083,1.014823
0,44.34036324587746,1.008705,1.016092,1.014823,0.9
0,33.11132942465342,0.9,0.9,0.9,1.1
0,42.1976656782089,1.1,1.1,1.1,0.956574
0,39.679896773391455,0.958084,0.95679,0.956574,1.071879
1,45.25006235870266,1.075,1.083871,1.071879,1.032941
1,47.80008302947914,1.040698,1.033333,1.032941,1.025057
1,49.77929456585071,1.010056,1.002304,1.025057,0.98
1,48.17000713324946,0.981195,0.986207,0.98,1.018141
1,49.72583626160787,1.040586,1.040793,1.018141,0.989978
1,48.83777318662254,0.968581,0.970885,0.989978,1.084364
1,55.90507674292616,1.08613,1.06113,1.084364,0.946058
1,50.67809097771902,0.951596,0.967391,0.946058,0.968202
0,47.98362642675026,0.975108,0.988764,0.968202,0.95923
0,44.79933381218219,0.948946,0.957955,0.95923,0.989374
0,44.01296688562595,0.982456,0.972716,0.989374,1.023866
0,46.27002375443503,1.028571,1.032927,1.023866,1.004662
0,46.73254498739594,1.001157,0.979929,1.004662,1.032483
1,49.97858397144386,1.042775,1.061446,1.032483,0.977528
0,47.740701732263865,0.978936,0.981839,0.977528,1.07931
1,55.194658250015735,1.092865,1.068208,1.07931,1.068158
1,60.78221457282306,1.095337,1.032468,1.068158,0.9
0,46.0101316787848,0.9,0.9,0.9,0.984706
0,45.009202974346785,1.00117,1.008485,0.984706,1.010753
0,45.886882690358895,1.001168,0.995192,1.010753,0.996454
0,45.62547588887712,0.996499,1.0,0.996454,1.055753
1,50.393397418362746,1.080796,1.065217,1.055753,0.932584
0,44.97197032964431,0.923077,0.928571,0.932584,0.966265
0,42.66519558453409,0.949531,0.969475,0.966265,1.07606
0,48.82386943379943,1.071693,1.051637,1.07606,0.923523
0,43.39280029455089,0.93887,0.948503,0.923523,0.967378
0,41.43729657871537,0.95086,0.94697,0.967378,1.033722
0,44.14789509543872,1.033592,1.036,1.033722,1.001255
0,44.254766901996376,1.0075,1.021879,1.001255,1.02005
0,46.03406207746299,1.013648,1.010076,1.02005,1.040541
1,49.60672074954325,1.045288,1.03616,1.040541,1.034238
1,52.577851500338205,1.0363,1.027677,1.034238,1.015982
1,53.988220946225574,1.015819,1.009368,1.015982,0.98764
1,52.662945524177594,0.995551,1.017401,0.98764,0.992036
1,51.79166690962668,0.986592,0.982896,0.992036,1.083716
1,59.34553889085396,1.079275,1.055684,1.083716,1.0
1,59.34553889085396,1.0,1.0,1.0,1.0
1,59.34553889085396,1.0,1.0,1.0,1.0
1,59.34553889085395,1.0,1.0,1.0,1.0
1,59.345538890853945,1.0,1.0,1.0,1.0
1,59.345538890853945,1.0,1.0,1.0,1.0
1,59.34553889085395,1.0,1.0,1.0,1.0
1,59.345538890853945,1.0,1.0,1.0,1.0
1,59.345538890853945,1.0,1.0,1.0,1.0
0,59.345538890853945,1.0,1.0,1.0,1.056085
1,67.179662085348,1.1,1.092308,1.056085,0.901804
0,48.549958638320625,0.9,0.9,0.901804,0.906667
0,38.655041452377496,0.917211,0.930286,0.906667,1.1
0,51.76317246294986,1.1,1.1,1.1,1.028261
1,54.38722818147443,1.020299,1.045708,1.028261,1.027484
1,56.91152336615676,1.037696,1.025586,1.027484,1.001029
1,57.01006772557063,0.982846,0.982328,1.001029,0.945529
0,50.4274559515905,0.952772,0.961905,0.945529,1.027174
1,53.173976105183044,1.048491,0.979098,1.027174,0.968254
0,49.62114705266423,0.963001,1.011236,0.968254,1.005464
0,50.21815429941062,1.003202,1.011111,1.005464,0.990217
0,49.09047463858528,0.973404,0.954945,0.990217,1.021954
0,51.68682188992668,1.022951,1.059839,1.021954,0.966702
0,47.63193851764222,0.980769,0.961998,0.966702,1.017778
0,49.82006105348148,1.004357,1.022573,1.017778,0.985808
0,48.06285473295157,1.008677,0.994481,0.985808,0.945736
0,42.04344135391839,0.927957,0.934517,0.945736,0.906323
0,34.45610439771822,0.902665,0.9,0.906323,1.009044
0,35.552059827357304,1.015404,1.019868,1.009044,1.051216
0,41.564917684529185,1.04804,1.057143,1.051216,0.943971
0,37.2597119261193,0.979493,0.933661,0.943971,1.072258
0,44.76087576071935,1.028325,1.080263,1.072258,1.006017
0,45.38869033749517,1.016766,1.004872,1.006017,0.970096
0,42.77116793343124,0.959953,0.969697,0.970096,0.988903
0,41.8358093934532,1.001227,0.9975,0.988903,1.006234
0,42.58699876496395,1.001225,1.002506,1.006234,0.939281
0,37.47856818967368,0.959608,0.92875,0.939281,0.94723
0,33.90335657539123,0.927296,0.958277,0.94723,0.947075
0,30.888770605478964,0.936726,0.925562,0.947075,0.919118
0,27.12883888083875,0.948605,0.937785,0.919118,0.984
0,26.49729593943757,0.955108,0.983819,0.984,1.014634
0,28.119151108809668,1.016207,0.986842,1.014634,1.052885
0,33.88013700189173,1.087719,1.088333,1.052885,1.054795
0,39.570091523135616,1.02346,1.041348,1.054795,0.981241
0,38.28872523886159,0.997135,1.0,0.981241,1.017647
1,40.21329403818907,0.99569,1.0,1.017647,1.047688
1,45.26833799788938,1.075036,1.048529,1.047688,1.038621
1,49.193590422165286,1.057718,1.051893,1.038621,1.050465
1,54.01380809004837,1.010152,1.045333,1.050465,0.983565
1,52.18959117191829,0.981156,0.977041,0.983565,1.1
1,65.36726406735356,1.1,1.1,1.1,1.015317
1,66.39411043734643,0.981013,1.044289,1.015317,0.992457
1,65.35077466416709,1.043011,1.016741,0.992457,0.967427
1,60.93156342235012,0.926804,0.946213,0.967427,1.054994
1,65.08464098733525,1.065628,1.077726,1.054994,1.018085
1,66.41841639955979,1.001044,0.994618,1.018085,0.987461
1,64.54411322187039,1.002086,1.012987,0.987461,0.97672
1,61.13778016610254,0.985432,0.961538,0.97672,1.028169
1,63.58380249373,1.024287,1.05,1.028169,1.061117
1,68.36694459912837,1.072165,1.055026,1.061117,0.9
0,31.111965719628,0.9,0.9,0.9,1.027132
0,32.24568706355703,1.013308,1.017613,1.027132,1.043396
0,34.16267419108016,1.052533,1.05,1.043396,0.925859
0,32.40270824196267,0.937611,0.935897,0.925859,0.964844
0,31.63223836697815,0.946768,0.956947,0.964844,0.95749
0,30.71464282557003,0.975904,0.961145,0.95749,1.038055
0,32.52150348154689,1.018519,1.02766,1.038055,0.949084
0,31.300581821556673,0.953535,0.929607,0.949084,0.944206
0,30.03759068953556,0.944915,0.964365,0.944206,0.975
0,29.495333618188127,0.979821,0.965358,0.975,0.986014
0,29.185837266228916,0.988558,1.007177,0.986014,1.1
1,41.97245576116098,1.1,1.1,1.1,1.098148
1,46.6701091433318,1.1,1.1,1.098148,0.951096
1,44.54513397757553,0.917476,0.912162,0.951096,0.909574
1,41.00883229940737,0.950617,0.948148,0.909574,0.988304
1,40.60046979909824,0.948052,0.958984,0.988304,1.080868
1,44.65607522231196,1.09589,1.063136,1.080868,1.014599
1,45.438868108084854,1.010714,1.044061,1.014599,0.920863
0,41.9264039385964,0.915194,0.924771,0.920863,1.058594
1,45.04558271389552,1.052124,1.039683,1.058594,0.98155
0,44.1934968834323,1.009174,1.009542,0.98155,1.011278
0,44.86736639297868,1.012727,1.005671,1.011278,1.009294
1,45.45841364021632,0.987433,1.015038,1.009294,0.944751
0,42.51347659267673,0.972727,0.944444,0.944751,1.089669
1,48.0688232396046,1.056075,1.076471,1.089669,1.062612
1,51.87924011270835,1.065487,1.021858,1.062612,0.973064
1,50.070553428920206,0.973422,1.00713,0.973064,0.99481
1,49.72053454197973,0.998294,1.012389,0.99481,0.935652
0,45.49627956562399,0.921368,0.910839,0.935652,1.074349
1,50.402191761180305,1.092764,1.055662,1.074349,1.1
1,57.85743970712398,1.1,1.1,1.1,0.987711
1,56.848944536622824,0.983728,1.032787,0.987711,1.018663
1,58.03068586936334,0.998496,1.012698,1.018663,0.981679
1,56.36823015427343,0.986446,1.001567,0.981679,0.981337
1,54.681229179194766,1.01374,0.981221,0.981337,1.063391
1,59.07770185484256,1.033133,1.060606,1.063391,1.008942
1,59.709108396159195,1.007289,1.007519,1.008942,1.088626
1,65.45002777064343,1.081042,1.083582,1.088626,1.1
1,72.59809894469487,1.1,1.1,1.1,1.008343
1,73.01077954903107,1.008235,1.036205,1.008343,0.91253
1,62.324836085541655,0.915986,0.920482,0.91253,1.020725
1,63.5664880204329,1.007643,1.01178,1.020725,0.941624
1,57.68078415142589,0.963338,0.953428,0.941624,0.951482
0,53.50539358982752,0.954068,0.936228,0.951482,1.053824
0,57.04041317529649,1.030261,1.043478,1.053824,0.930108
0,51.29324561526504,0.938585,0.95,0.930108,0.995665
0,50.974147848094034,0.992888,0.991228,0.995665,0.978229
0,49.32196303365169,0.985673,0.99115,0.978229,1.041543
0,52.42199609257145,1.023256,1.020833,1.041543,1.008547
0,53.08427793522184,1.042614,1.029155,1.008547,0.981638
0,51.41434986621849,0.948229,0.967422,0.981638,0.981295
0,49.72961474942669,0.981322,0.979502,0.981295,1.035191
1,52.80431076789229,1.035139,1.005979,1.035191,0.964589
0,49.41389827857242,0.973126,1.0,0.964589,1.024963
1,51.685610193418114,1.024709,1.028232,1.024963,0.945559
0,46.64328835527304,0.970213,0.945087,0.945559,0.969697
0,44.19925597525605,0.947368,0.949541,0.969697,0.929688
0,39.21971378637735,0.930556,0.932367,0.929688,0.9
0,32.54994883021526,0.9,0.9,0.9,1.034682
0,35.35403359596928,1.032197,1.061386,1.034682,1.054004
0,39.703267910791965,1.089908,1.048507,1.054004,0.984099
0,38.8301564106596,0.976431,0.989324,0.984099,1.023339
0,40.853447713497566,1.008621,1.017986,1.023339,0.957895
0,38.332625682445496,0.947009,0.961131,0.957895,1.018315
0,39.99405248271821,1.00722,1.007353,1.018315,0.994604
0,39.64893794735102,1.039427,1.007299,0.994604,1.037975
1,43.33502241996403,1.022414,1.014493,1.037975,1.099303
1,51.91909270616447,1.1,1.057143,1.099303,0.954041
1,47.93999711178412,0.929556,1.0,0.954041,1.013289
1,49.09893671893033,1.018122,1.027027,1.013289,0.980328
1,47.39457718989233,0.978964,0.972039,0.980328,0.968227
0,44.74607054338627,0.963636,0.964467,0.968227,1.006908
0,45.43735831791166,1.010292,1.010526,1.006908,1.037736
1,49.20172600348975,1.033956,1.041667,1.037736,0.995041
1,48.7082315599189,1.001642,0.998333,0.995041,1.1
1,59.383731825336575,1.1,1.1,1.1,0.964444
1,55.30803512607834,0.95422,0.977273,0.964444,0.960061
1,51.20772554894909,0.983508,0.967442,0.960061,1.0128
1,52.3776046326047,0.97561,0.998397,1.0128,1.030016
1,55.12930419354302,1.053125,1.043339,1.030016,1.021472
1,57.09647413998571,0.992582,1.010769,1.021472,1.001502
1,57.24067457465029,1.005979,1.001522,1.001502,0.973013
1,53.7394195527861,0.980684,0.981763,0.973013,0.927581
0,45.85273790427281,0.948485,0.930341,0.927581,1.001661
0,46.03420868780091,0.964856,0.986689,1.001661,0.971808
0,43.37297490319305,0.993377,0.986509,0.971808,0.914676
0,36.660188792048956,0.931667,0.909402,0.914676,0.996269
0,36.417395237766,0.971377,0.996241,0.996269,1.046816
0,41.621984700288195,1.038674,1.037736,1.046816,0.985689
0,40.480094509941424,0.985816,1.0,0.985689,1.009074
0,41.55924515428152,1.003597,0.987273,1.009074,1.046763
1,46.94598638075954,1.046595,1.049724,1.046763,1.0189
1,49.084274642723805,1.044521,1.036842,1.0189,0.951096
0,44.044306621066816,0.929508,0.939086,0.951096,1.003546
1,44.46780032794531,1.024691,1.014414,1.003546,0.954064
0,40.207521552730924,0.939759,0.957371,0.954064,1.046296
1,45.60400264381755,1.043956,1.022263,1.046296,0.961062
0,42.01071844068695,0.978947,0.981851,0.961062,1.040516
1,46.546474058060284,1.019713,1.02403,1.040516,1.014159
1,48.135120596625555,1.019332,1.032491,1.014159,0.993019
1,47.37694008258093,0.994828,0.991259,0.993019,0.952548
0,42.50965694439376,0.960139,0.955908,0.952548,1.01107
0,43.88920921992816,1.001805,0.99262,1.01107,0.974453
0,41.393267499534474,0.971171,0.986989,0.974453,1.003745
0,41.901576356308375,0.998145,1.0,1.003745,1.0
0,41.901576356308375,1.0,1.001883,1.0,0.994403
0,41.278749506974684,1.003717,1.0,0.994403,1.007505
0,42.50586082153321,1.005556,0.992481,1.007505,0.986965
0,40.89527265047046,0.981584,0.996212,0.986965,1.016981
0,43.84159078717224,1.016886,1.005703,1.016981,1.024119
1,47.882909569302846,1.02952,1.037807,1.024119,1.01087
1,49.682685133068354,1.016129,1.001821,1.01087,1.008961
1,51.19521523956272,1.0,1.001818,1.008961,1.0
1,51.19521523956272,1.0,1.009074,1.0,1.021314
1,54.9634046964297,1.017637,1.017986,1.021314,1.005217
1,55.88052303085879,1.032929,1.019435,1.005217,1.020761
1,59.43861579599131,1.001678,1.017331,1.020761,1.069492
1,68.7204647557666,1.075377,1.069847,1.069492,1.069731
1,75.26271635017481,1.056075,1.038217,1.069731,1.022222
1,77.02677183903896,1.023599,0.989264,1.022222,1.033333
1,79.4470020220613,1.034582,1.094574,1.033333,1.1
1,88.28698727152651,1.1,1.1,1.1,1.001155
1,88.32234020306818,0.987486,1.012136,1.001155,1.055363
1,89.8984006727494,1.079493,1.044365,1.055363,1.003279
1,89.9893384919143,0.986126,1.04248,1.003279,0.9
0,37.658923342340756,0.9,0.9,0.9,0.965164
0,36.749063400431126,0.947059,0.958333,0.965164,0.955414
0,35.60468704780481,0.942029,0.971739,0.955414,1.051111
0,37.886103650063006,1.048352,1.042506,1.051111,1.0
0,37.886103650063006,1.018868,1.004292,1.0,0.983087
0,37.3522785903325,0.965021,0.976496,0.983087,1.015054
0,38.17317563260263,1.008529,1.019694,1.015054,1.1
0,45.23840286886314,1.1,1.1,1.1,0.981343
0,44.384930534008475,1.014599,0.977273,0.981343,1.1
1,50.69582751899582,1.089928,1.1,1.1,0.974533
1,49.26248393649012,0.957096,0.973684,0.974533,0.958188
1,46.97403803162172,0.975862,0.974775,0.958188,0.992727
1,46.58561088684695,0.985866,0.987061,0.992727,0.979853
1,45.472050950615554,0.980287,0.994382,0.979853,0.994393
0,45.15503490972776,0.97989,0.990584,0.994393,0.986842
0,44.37760362970054,0.996269,0.994297,0.986842,1.028571
0,46.50310931764557,1.05618,1.030593,1.028571,0.938889
0,42.6424450287817,0.920213,0.927644,0.938889,1.035503
0,45.30951886573016,1.021195,1.04,1.035503,1.017143
0,46.6454094482504,1.009434,1.017308,1.017143,1.031835
1,49.17099368921484,1.042991,1.030246,1.031835,1.039927
1,52.316677172970365,1.057348,1.009174,1.039927,1.069808
1,57.47035381677479,1.049153,1.092727,1.069808,1.071778
1,62.29757607462394,1.080775,1.081531,1.071778,0.972603
1,59.33076438711696,0.96562,0.976923,0.972603,1.1
1,66.41250943527777,1.1,1.07874,1.1,0.98878
1,65.09288380841822,0.963315,0.99854,0.98878,1.1
1,71.74393015555094,1.1,1.096491,1.1,1.013871
1,72.45054651335424,0.990232,1.044,1.013871,0.972637
1,68.74762659396009,0.98397,0.988506,0.972637,0.9
1,57.28254942593694,0.9,0.9,0.9,0.968661
0,54.58653520320489,0.991489,1.018154,0.968661,1.1
1,60.89335524788428,1.072961,1.059435,1.1,0.978667
1,58.880538662705796,1.026667,0.981767,0.978667,1.061308
1,62.62267596299686,1.022078,1.08,1.061308,1.080873
1,67.13242781464223,1.07751,1.068783,1.080873,0.929929
1,59.849573157396655,1.012972,0.969059,0.929929,0.9
0,48.59183543193626,0.9,0.9,0.9,0.9
0,38.73369222239168,0.9,0.9,0.9,1.084778
0,42.49433818936869,0.954237,1.013487,1.084778,1.099467
0,46.956951455222956,1.1,1.095057,1.099467,1.004847
0,47.1933718806384,1.048387,1.069444,1.004847,0.9
0,42.44008297952596,0.9,0.9,0.9,1.094203
0,46.732167042885564,1.085409,1.093236,1.094203,1.011589
0,47.30183648070546,1.019672,1.013378,1.011589,0.9
0,42.795509416232285,0.930868,0.9,0.9,0.908592
0,39.61986131547596,0.9,0.9,0.908592,0.9
0,36.5258292891897,0.911824,0.9,0.9,1.1
0,41.53547329876351,1.1,1.1,1.1,0.913655
0,38.90249849166716,0.920792,0.913758,0.913655,0.98022
0,38.35447108815042,0.984946,0.991011,0.98022,1.0
0,38.35447108815041,1.002183,1.0,1.0,1.042601
0,40.40979428513759,1.019608,1.038549,1.042601,1.073118
1,44.007443666903484,1.068376,1.054585,1.073118,0.97996
1,43.181692160850574,0.982,0.991718,0.97996,0.99591
1,43.007877692748565,1.004073,1.008351,0.99591,1.096509
1,48.27682646391546,1.089249,1.084886,1.096509,0.979401
1,47.17750767486294,0.994413,0.982824,0.979401,1.003824
1,47.41198116125891,0.986891,1.009709,1.003824,0.925714
0,43.36923980873425,0.988615,0.926923,0.925714,1.049383
1,46.398232875914374,1.003839,1.024896,1.049383,0.933333
0,42.89771420771248,0.921606,0.961538,0.933333,1.081933
1,47.76578006024623,1.078838,1.050526,1.081933,1.003883
1,48.01055570240087,0.996154,1.022044,1.003883,0.98646
1,47.17726115978212,1.017375,0.998039,0.98646,0.9
0,40.94526732880059,0.9,0.9,0.9,0.918322
0,37.48387867760695,0.943231,0.947248,0.918322,1.0
0,37.483878677606945,0.965278,0.983051,1.0,0.9
0,33.73000236220077,0.901679,0.9,0.9,1.037433
0,36.02973328923303,1.06117,1.063536,1.037433,0.984536
0,35.4617595587515,0.974937,0.961039,0.984536,1.039267
0,38.0893475894401,1.028278,1.064865,1.039267,0.95466
0,36.185464670496366,0.9575,0.936548,0.95466,1.01847
0,37.493950351495,1.02611,1.02981,1.01847,0.984456
0,36.797475748145516,0.982188,0.989474,0.984456,1.052632
1,40.74847584011499,1.03886,1.037234,1.052632,1.005
1,41.1447017433444,1.012469,1.010256,1.005,1.0
1,41.1447017433444,1.0,1.0,1.0,1.0
1,41.1447017433444,1.0,1.0,1.0,1.027363
1,43.72958080014686,1.029557,1.045685,1.027363,0.961259
1,40.914784861626096,0.952153,0.944175,0.961259,0.992443
0,40.38982090721791,1.0,1.005141,0.992443,0.992386
0,39.839335286003504,1.020101,0.997442,0.992386,0.971867
0,37.804747168105706,0.945813,0.966667,0.971867,0.992105
0,37.246073542091644,0.986979,0.981432,0.992105,0.98939
0,36.472152514113176,0.989446,1.005405,0.98939,1.032172
0,40.468548897991184,1.029333,1.024194,1.032172,1.0
0,40.46854889799118,1.002591,1.005249,1.0,0.971429
0,37.93173871046952,0.976744,0.97389,0.971429,1.029412
1,41.85686359957411,1.071429,1.008043,1.029412,1.012987
1,43.6027026164756,0.975309,1.034574,1.012987,1.002564
1,43.965094997983684,1.0,1.002571,1.002564,1.02046
1,46.90445974316827,1.017722,1.015385,1.02046,0.984962
1,44.997973215856234,0.985075,0.989899,0.984962,0.987277
1,43.414334227770205,0.987374,0.984694,0.987277,1.012887
1,45.48065868433263,1.012788,1.015544,1.012887,1.015267
1,47.93753201995313,1.010101,1.002551,1.015267,1.02005
1,51.101630312469176,1.0175,1.020356,1.02005,0.987715
1,49.0934021861916,0.995086,1.0,0.987715,1.0
1,49.093402186191604,0.997531,0.997506,1.0,1.032338
1,54.486754710430695,1.05198,1.0325,1.032338,0.985542
1,51.76104052598551,0.976471,0.987893,0.985542,1.07335
1,61.997619890159484,1.089157,1.039216,1.07335,0.990888
1,60.16437797881591,0.966814,1.004717,0.990888,1.016092
1,62.26712666428838,1.01373,1.016432,1.016092,0.979638
1,58.026124578135985,0.986456,0.990762,0.979638,1.002309
1,58.36544171665596,1.006865,0.993007,1.002309,1.011521
1,60.10216545097111,1.015909,1.028169,1.011521,0.993166
1,58.524728112298874,0.986577,0.988584,0.993166,1.018349
1,61.431731602921595,1.015873,1.002309,1.018349,1.013514
1,63.498144932861116,1.017857,1.032258,1.013514,1.013333
1,65.4893885270663,1.004386,0.993304,1.013333,1.1
1,76.67849735072771,1.1,1.1,1.1,0.966337
1,68.39345195927662,0.957282,0.956088,0.966337,0.965164
1,61.26465898800183,0.957404,0.954071,0.965164,1.019108
1,63.4374418354746,1.027542,1.041575,1.019108,0.9875
1,60.98159572515804,0.995876,0.995798,0.9875,1.046414
1,66.15530691750062,1.031056,1.025316,1.046414,0.979839
1,62.123056501760956,0.983936,0.993827,0.979839,0.981481
0,58.65779711490884,0.983673,0.962733,0.981481,1.023061
1,61.485550234899364,1.014523,1.045161,1.023061,0.985656
0,58.73248627953913,1.002045,0.987654,0.985656,1.074844
1,66.93278994214504,1.077551,1.052083,1.074844,0.98646
1,64.2589495776417,0.979167,1.00396,0.98646,0.996078
1,63.47868639076432,0.984526,0.994083,0.996078,0.984252
1,60.323405542055355,0.984283,0.984127,0.984252,0.96
0,53.203489099933094,0.97006,0.965726,0.96,1.00625
0,54.07902921346084,1.010288,1.006263,1.00625,1.049689
1,60.453514699260765,1.03666,1.037344,1.049689,0.986193
1,57.92775374111725,1.001965,0.992,0.986193,1.018
1,60.22851547332522,1.011765,1.020161,1.018,1.013752
1,61.97047116521446,1.025194,1.013834,1.013752,0.957364
0,53.9698158161342,0.937618,0.955166,0.957364,0.95749
0,47.64639469447655,0.957661,0.957143,0.95749,0.9
0,36.980818648993974,0.917895,0.901919,0.9,0.957647
0,33.91489911057356,0.940367,0.947991,0.957647,1.0
0,33.91489911057355,1.0,1.002494,1.0,0.97543
0,32.19512574210025,0.97561,0.982587,0.97543,1.002519
0,32.56339129331489,0.995,0.982278,1.002519,1.032663
0,37.3287599515541,1.035176,1.046392,1.032663,1.0
0,37.3287599515541,1.002427,1.009852,1.0,0.987835
0,36.18808373271005,0.995157,0.97561,0.987835,1.024631
1,40.1285982308636,1.017032,1.0225,1.024631,1.009615
1,41.67996190060299,1.007177,1.012225,1.009615,1.1
1,56.53706183155519,1.1,1.1,1.1,0.985075
1,54.404802012575765,0.983158,0.995633,0.985075,0.974026
1,50.86336237563699,0.972163,0.97807,0.974026,0.995556
1,50.27595904279137,1.002203,0.997758,0.995556,0.993304
1,49.355212059319435,1.013187,0.995506,0.993304,1.0
1,49.35521205931944,0.969631,1.002257,1.0,1.006742
1,50.40852241983235,1.004474,0.986486,1.006742,1.035714
1,55.7003458621625,1.037862,1.041096,1.035714,0.976293
1,51.62194380546955,0.980687,0.991228,0.976293,1.05298
1,58.723286848076086,1.067834,1.048673,1.05298,0.981132
1,55.436983710023796,0.977459,0.985232,0.981132,0.982906
1,52.61817744670258,0.966457,0.970021,0.982906,1.021739
1,55.65359702341899,1.0282,1.019868,1.021739,0.978723
1,52.06180738523248,0.985232,0.989177,0.978723,0.980435
0,48.99692593758028,0.965739,0.97593,0.980435,1.006652
0,50.052459330070484,1.015521,1.015695,1.006652,0.936123
0,41.180346648750884,0.947598,0.931567,0.936123,0.997647
0,40.911051238113494,0.976959,0.995261,0.997647,0.950472
0,35.64017562324214,0.981132,0.952381,0.950472,0.997519
0,35.40624483441719,0.96875,1.0,0.997519,1.012438
0,37.61124465813552,1.012407,1.0125,1.012438,0.995086
0,37.06618926682271,0.995098,0.987654,0.995086,0.995062
0,36.49660228801257,0.997537,1.005,0.995062,0.992556
0,35.61258341807474,0.995062,0.995025,0.992556,1.0175
0,39.306705800508105,1.012407,1.0075,1.0175,1.02457
1,44.229393552849814,1.026961,1.012407,1.02457,0.985612
1,42.026850732091745,0.98568,1.002451,0.985612,1.007299
1,43.54077101205292,1.002421,0.992665,1.007299,0.990338
1,41.96711904010386,0.992754,1.004926,0.990338,0.956098
0,35.71214258625993,0.958637,0.946078,0.956098,0.943878
0,29.855195495201514,0.954315,0.943005,0.943878,1.035135
0,36.48411993549587,1.021277,1.041209,1.035135,1.013055
0,38.87669580444301,1.013021,1.015831,1.013055,0.989691
0,37.65467943561593,0.994859,0.994805,0.989691,1.007812
0,39.198330469787884,1.002584,1.002611,1.007812,0.994832
0,38.51370354743529,0.997423,0.997396,0.994832,0.948052
0,32.416423007509,0.97416,0.942559,0.948052,1.041096
0,40.0785470208681,1.015915,1.049861,1.041096,0.968421
0,36.5122218796471,0.979112,0.970976,0.968421,0.991848
0,35.65796168046988,0.981333,0.986413,0.991848,1.010959
0,37.749277986473125,1.008152,1.011019,1.010959,1.01626
0,40.85470314424206,1.010782,1.008174,1.01626,0.986667
0,39.10404327581733,0.992,0.997297,0.986667,1.02973
1,44.716612703438244,1.034946,1.0271,1.02973,0.992126
1,43.53804259744201,0.984416,0.992084,0.992126,0.97619
0,40.1216248163913,0.989446,0.978723,0.97619,0.943089
0,33.513435297949954,0.954667,0.942935,0.943089,1.005747
0,34.617915971902136,0.988827,1.0,1.005747,0.92
0,27.684163271234322,0.918079,0.913545,0.92,1.003106
0,28.236997193020315,0.996923,0.981073,1.003106,1.01548
0,31.074246371283454,1.015432,1.03537,1.01548,0.957317
0,27.764263486688282,0.963526,0.959627,0.957317,1.022293
0,31.68268046329718,1.015773,1.022654,1.022293,1.046729
0,39.283231752783,1.1,1.012658,1.046729,1.1
1,56.11038664580874,1.1,1.1,1.1,0.945312
1,49.62989253220327,0.940887,0.942708,0.945312,1.090909
1,57.86528416705385,1.052356,1.08011,1.090909,0.914141
1,48.979852818146796,0.945274,0.920716,0.914141,1.008287
1,49.713585922337444,0.986842,1.008333,1.008287,0.978082
1,47.74184861573869,0.965333,0.980716,0.978082,0.997199
1,47.48830346196478,1.016575,0.946629,0.997199,0.904494
0,39.75728959550339,0.9,0.952522,0.904494,1.068323
0,45.89511744635745,1.070552,1.05919,1.068323,1.0
0,45.89511744635746,0.994269,1.002941,1.0,0.979651
0,44.23211594379428,1.0,0.985337,0.979651,1.047478
0,48.79891542119015,1.051873,0.982143,1.047478,0.932011
0,43.097811753828196,0.909589,0.945455,0.932011,1.015198
0,44.551208878535114,1.018072,1.064103,1.015198,1.047904
1,49.03705628283227,1.044379,1.036145,1.047904,0.985714
1,47.73734939613421,0.997167,1.0,0.985714,1.04058
1,51.60514022476877,1.03125,1.034884,1.04058,0.935933
0,45.630506081446704,0.966942,0.941011,0.935933,1.002976
0,45.923651129649905,0.962963,0.985075,1.002976,1.011869
0,47.15111239780284,1.011834,1.018182,1.011869,1.026393
1,49.906297428612646,1.05848,1.032738,1.026393,0.957143
0,45.6360197872471,0.939227,0.956772,0.957143,0.979104
0,43.754474405827324,0.970588,0.981928,0.979104,1.030488
0,47.10932141787845,1.030303,1.0,1.030488,1.005917
0,47.78018581122838,1.005882,1.033742,1.005917,1.002941
1,48.13441923435408,0.997076,0.997033,1.002941,0.982405
0,46.11319114517494,0.98827,0.994048,0.982405,0.997015
0,45.768240281533316,0.994065,0.976048,0.997015,1.011976
1,47.461238740297006,1.008955,1.021472,1.011976,1.008876
1,48.7533917391961,1.023669,1.021021,1.008876,1.020528
1,51.73614666872141,1.00578,1.0,1.020528,1.071839
1,60.56427979755859,1.08046,1.079412,1.071839,0.983914
1,57.83028226462782,1.029255,0.997275,0.983914,1.06267
1,64.45440818584258,1.020672,1.040984,1.06267,1.015385
1,65.9567441768469,1.012658,1.028871,1.015385,0.972222
1,60.87679658725811,0.97,0.959184,0.972222,1.033766
1,64.36946763419556,1.033505,1.050532,1.033766,1.002513
1,64.63103703274342,1.017456,1.002532,1.002513,1.037594
1,68.38070449548867,1.034314,1.010101,1.037594,0.915459
0,53.99619509326908,0.914692,0.945,0.915459,1.0
0,53.99619509326909,0.994819,0.994709,1.0,0.986807
0,52.17767730780695,0.973958,0.954787,0.986807,0.965241
0,47.68132112932011,1.0,1.002786,0.965241,0.977839
0,45.10538171359347,0.946524,0.975,0.977839,1.011331
0,46.65712012529785,1.011299,1.008547,1.011331,0.97479
0,43.66622238279294,0.986034,0.980226,0.97479,1.031609
0,48.04958608863183,1.033994,1.025937,1.031609,1.050139
1,54.31407389992628,1.043836,1.05618,1.050139,0.965517
0,49.65680944996924,0.968504,0.965426,0.965517,1.008242
1,50.70723265287623,0.99729,1.002755,1.008242,0.964578
0,46.207914353163524,0.967391,0.967033,0.964578,0.991525
0,45.21094237064697,0.991573,0.991477,0.991525,0.991453
0,44.18429984903033,0.988669,0.991404,0.991453,0.968391
0,40.54844907696793,0.971347,0.968208,0.968391,0.946588
0,35.413135614298575,0.949853,0.946269,0.946588,1.037618
0,40.79626980167168,1.040373,1.0347,1.037618,1.009063
0,42.095622621968324,1.00597,1.015244,1.009063,0.997006
0,41.76656631138938,0.997033,0.990991,0.997006,1.03003
1,46.28812606555252,1.032738,1.036364,1.03003,1.005831
1,47.1716085467395,0.994236,0.997076,1.005831,0.97971
1,44.41777811061575,1.002899,0.98827,0.97971,0.961538
0,39.77386293809752,0.942197,0.961424,0.961538,0.993846
0,39.09662995941979,1.0,0.996914,0.993846,1.024768
0,43.2584758769401,1.018405,1.01548,1.024768,0.981873
0,40.995762284341424,0.996988,0.984756,0.981873,1.009231
0,42.61210465341612,0.990937,1.0,1.009231,0.990854
0,41.3910331299898,0.993902,0.993808,0.990854,1.003077
0,41.9877812001164,1.009202,1.012461,1.003077,0.97546
0,38.601623371311796,0.981763,0.978462,0.97546,1.006289
0,39.906402988292015,0.993808,1.0,1.006289,1.0125
0,42.53658837643722,1.009346,1.012579,1.0125,1.0
0,42.53658837643721,1.0,0.996894,1.0,0.996914
0,42.00355599264912,1.0,0.996885,0.996914,1.012384
1,44.973884416084324,1.018519,1.021875,1.012384,0.990826
