1,100.0,1.041949,1.042877,1.028494,0.972296
1,48.14814814814815,0.963636,0.954907,0.972296,0.933514
1,20.907216494845358,0.939353,0.95,0.933514,1.03343
1,38.49683036925584,1.025825,1.01462,1.03343,1.042194
1,53.136525496874974,1.051748,1.06196,1.042194,0.993252
1,50.959357647349194,0.988032,0.991859,0.993252,1.02038
1,56.692209564366735,1.026918,1.023256,1.02038,0.990679
1,53.54637340349674,0.984273,0.979947,0.990679,0.962366
0,43.21626995184259,0.98269,0.974079,0.962366,1.036313
1,52.39933443265963,1.009485,1.018207,1.036313,0.983827
1,48.50076821259906,0.983893,0.98762,0.983827,1.023288
1,53.75051552234728,1.031378,1.037604,1.023288,1.017403
1,57.33242589532343,1.005291,1.005369,1.017403,0.997368
1,56.606082081635044,1.003947,1.004005,0.997368,0.986807
1,52.991151450878036,1.005242,0.993351,0.986807,0.970588
0,46.02715743106241,0.984355,0.947791,0.970588,0.92562
0,34.16036597498192,0.909934,0.946328,0.92562,0.971726
0,31.120144098758953,0.967977,0.965672,0.971726,0.940276
0,26.0042377833874,0.926316,0.90881,0.940276,1.047231
0,34.61211998196132,1.055195,1.083333,1.047231,0.944012
0,29.953788288771904,0.94,0.940345,0.944012,1.008237
0,31.336027849753606,1.013093,1.018364,1.008237,0.98366
0,30.058471011772436,0.996769,0.980328,0.98366,1.009967
0,31.853678446705402,0.996759,1.011706,1.009967,0.904605
0,25.1370020710085,0.900813,0.9,0.904605,1.041818
0,31.32144396217689,1.037906,1.042831,1.041818,0.993019
0,30.844218174253303,0.994783,0.989286,0.993019,1.050967
1,38.19643558798577,1.057692,1.068592,1.050967,1.036789
1,43.13545549562025,1.033058,1.038851,1.036789,1.016129
1,45.27620315666151,1.0096,0.996748,1.016129,0.973016
1,42.35688434802638,0.971474,0.985318,0.973016,1.026101
1,45.89295616404286,1.047308,1.038079,1.026101,0.974563
1,43.04900931876776,0.957944,0.968102,0.974563,1.026101
1,46.611916096068676,1.026016,1.021417,1.026101,1.057234
1,53.63967493478863,1.060222,1.033871,1.057234,0.95188
1,47.63694777506856,0.958146,0.985959,0.95188,0.977883
0,45.25103937404124,0.975039,0.973101,0.977883,1.035541
1,49.52894818762908,1.0272,1.021138,1.035541,1.020281
1,51.91966682713572,1.024922,1.02707,1.020281,1.027523
1,55.0916238874466,1.021277,1.009302,1.027523,1.019345
1,57.28347608951167,1.046131,1.044547,1.019345,1.00292
1,57.626128183369595,0.978663,0.991176,1.00292,1.061135
1,64.13280045443616,1.085756,1.065282,1.061135,1.09465
1,71.79524853817702,1.1,1.076602,1.09465,1.06391
1,75.8943985876876,1.021176,1.029754,1.06391,1.083628
1,80.20713615621511,1.082949,1.1,1.083628,0.9
1,62.68578199562073,0.902128,0.913677,0.9,0.98164
1,60.609279315514186,0.958726,0.941104,0.98164,0.996259
1,60.179911319159686,0.99754,1.03781,0.996259,1.055069
1,64.18715272583012,1.040691,1.023869,1.055069,0.991696
1,63.09923162299064,1.004739,1.003681,0.991696,0.948565
0,56.73751000382422,0.961085,0.962103,0.948565,0.97604
0,54.140105913876695,0.970552,0.978399,0.97604,0.9
0,44.3569138779677,0.912769,0.9,0.9,1.030479
0,46.90940433940473,0.995845,1.034024,1.030479,1.0
0,46.909404339404745,1.002782,1.012876,1.0,1.042254
0,50.65938320064736,1.040222,1.00565,1.042254,0.997297
0,50.403779141846904,1.008,1.029494,0.997297,1.0
0,50.40377914184692,0.984127,0.991814,1.0,1.1
1,60.374387517352545,1.1,1.061898,1.1,0.947816
1,54.47722939355924,0.914648,1.003886,0.947816,1.007682
1,55.135732898188124,1.001261,1.0,1.007682,0.989835
1,54.01382360303438,0.986146,0.997419,0.989835,0.967908
0,50.55205440648552,0.96424,0.957309,0.967908,1.018568
1,52.39216664915009,1.017219,1.010811,1.018568,1.003906
1,52.79752463996185,1.020833,1.01738,1.003906,1.031128
1,56.02346268434467,1.017857,0.996058,1.031128,1.07044
1,62.46879387304693,1.088972,1.048813,1.07044,1.003525
1,62.78348020321181,1.006904,1.060377,1.003525,0.964871
1,57.58386888777028,0.955429,0.954923,0.964871,0.945388
0,50.789137750099094,0.936603,0.952795,0.945388,0.902439
0,41.81505839191194,0.929757,0.910039,0.902439,1.015647
0,43.37459007109561,0.983516,1.008596,1.015647,0.971989
0,41.21173939304296,0.993017,0.951705,0.971989,0.978386
0,39.616191577728216,0.974684,1.010448,0.978386,1.0
0,39.616191577728216,1.0,1.0,1.0,1.0
0,39.61619157772822,1.0,1.0,1.0,1.1
1,50.473008825160115,1.077922,1.1,1.1,1.025435
1,53.014981071654645,1.029451,0.998661,1.025435,0.939948
1,46.75788742582845,0.945384,0.958445,0.939948,0.9375
0,41.58693731875374,0.939477,0.938462,0.9375,1.028148
0,44.38362467026325,1.033675,0.971684,1.028148,1.002882
0,44.68384974831739,1.007082,1.065951,1.002882,0.952586
0,40.77288127332735,0.935302,0.935252,0.952586,1.037707
0,44.720274252813795,1.037594,1.046154,1.037707,0.963663
0,41.725423428882145,0.971014,0.969118,0.963663,1.0
0,41.725423428882145,1.038806,1.001517,1.0,0.984917
0,40.468195742205005,0.951149,0.983333,0.984917,0.958652
0,37.20831553646525,0.951662,0.941448,0.958652,0.934505
0,32.87730900814808,0.95873,0.954173,0.934505,0.998291
0,32.777096913299765,0.986755,1.0,0.998291,1.006849
0,33.64830237781951,0.996644,1.003431,1.006849,0.979592
0,32.296047250790856,0.994949,0.950427,0.979592,1.039931
0,37.482036085715386,1.037225,1.066547,1.039931,1.040067
1,42.4368798837437,1.029364,1.042159,1.040067,1.040128
1,47.136815557076694,1.033281,1.038835,1.040128,0.978395
1,44.92471129270638,0.993865,0.984424,0.978395,0.990536
1,43.97228304713665,0.973765,0.973101,0.990536,0.998408
1,43.80559288563705,1.015848,0.995122,0.998408,1.011164
1,45.366834226943496,1.00312,1.013072,1.011164,1.096215
1,56.66550114928245,1.082426,1.098387,1.096215,0.985612
1,54.66945564776484,1.005747,0.998532,0.985612,1.008759
1,55.67825430265665,0.994286,0.992647,1.008759,0.976845
1,52.33362642181579,1.001437,0.964444,0.976845,0.995556
1,51.70644550636263,1.012912,1.029186,0.995556,1.020833
1,54.449870465567614,0.988669,1.022388,1.020833,0.991254
1,53.05873724433117,0.992837,0.981022,0.991254,1.016176
1,55.312874756115335,1.002886,1.019345,1.016176,0.968162
0,50.12819015652425,0.964029,0.960584,0.968162,0.998505
0,49.89923417477126,1.013433,1.010638,0.998505,1.01497
0,52.24803350307202,1.0,1.007519,1.01497,1.023599
1,55.817144057037865,1.022091,1.020896,1.023599,0.971182
0,50.71449669796953,0.974063,0.97076,0.971182,0.974777
0,46.79832385410986,0.974852,0.965361,0.974777,1.015221
0,49.27945328253191,1.019727,1.035881,1.015221,1.041979
1,55.532725449422315,1.050595,1.036145,1.041979,0.998561
1,55.27063901475145,0.990085,0.992733,0.998561,1.01585
1,57.63895469950613,1.018598,1.01757,1.01585,0.985816
1,54.79837750790802,0.991573,0.998561,0.985816,1.015827
1,57.29170920997087,1.004249,0.995677,1.015827,1.014164
1,59.47991604303841,1.018336,1.018813,1.014164,1.040503
1,65.06932446240059,1.044321,1.045455,1.040503,0.974497
1,59.29799576761902,0.970822,0.970109,0.974497,0.969697
0,53.39277953722439,0.990437,0.980392,0.969697,1.02983
1,57.72093147262834,1.011034,1.022857,1.02983,0.958621
0,50.50532109854762,0.964529,0.960894,0.958621,1.046043
1,56.72027163725922,1.032532,1.034884,1.046043,0.983494
0,53.982794628064006,1.00137,0.998596,0.983494,0.967832
0,49.09225857623775,0.953488,0.943741,0.967832,1.013006
0,50.96428913334058,1.010043,1.022355,1.013006,0.981455
0,48.20674520142103,0.980114,0.975219,0.981455,0.972384
0,44.423502538852645,0.975362,0.994021,0.972384,0.994021
0,43.646896381092006,0.995542,0.984962,0.994021,1.009023
0,45.194598366691075,1.002985,1.00916,1.009023,1.1
1,59.69757068991106,1.1,1.025719,1.1,0.94086
1,50.94647739231467,0.948925,1.020649,0.94086,0.988571
0,49.52496125629855,1.001416,0.988439,0.988571,0.959538
0,44.81209015533398,0.942008,0.950292,0.959538,1.042169
1,49.94210566292389,1.052553,1.038462,1.042169,1.00289
1,50.29749927692522,1.012839,1.025185,1.00289,0.926513
0,42.0911072970256,0.915493,0.91763,0.926513,0.978227
0,40.15432529737718,0.972308,0.973228,0.978227,0.984102
0,38.78163320643716,1.004747,1.0,0.984102,1.043619
0,44.31659966919258,1.023622,1.038835,1.043619,0.987616
0,43.07392176658362,0.992308,0.992212,0.987616,0.996865
0,42.75117279237232,1.00155,0.990581,0.996865,1.028302
1,46.62729001856813,1.01548,1.025357,1.028302,0.984709
0,44.812036978422626,1.009146,0.993818,0.984709,1.001553
1,45.042451070235444,0.984894,0.990669,1.001553,1.037209
1,50.395282618509675,1.032209,1.040816,1.037209,0.986547
1,48.488036370850736,0.982169,0.968326,0.986547,1.074242
1,57.84269559995051,1.098336,1.084112,1.074242,1.015515
1,59.61571525528682,0.998623,1.002874,1.015515,0.972222
1,55.07989521284221,0.982069,0.991404,0.972222,1.042857
1,59.99653720195614,1.030899,1.034682,1.042857,1.019178
1,62.082283423300204,1.03951,1.027933,1.019178,0.97043
1,57.048575503868584,0.968545,0.97962,0.97043,1.006925
1,57.88436269996524,0.983762,0.983356,1.006925,0.962861
0,51.99999397881006,0.990371,0.980254,0.962861,1.024286
1,55.0952777937546,0.997222,1.018705,1.024286,1.018131
1,57.35970567215757,1.027855,1.022599,1.018131,0.991781
1,55.95716720648712,0.998645,0.994475,0.991781,1.027624
1,59.511085425238235,1.02578,1.013889,1.027624,1.047043
1,64.85562974606175,1.033069,1.035616,1.047043,0.933248
0,53.54657667677418,0.965429,0.958995,0.933248,0.98762
0,51.86101960709428,0.961538,0.968276,0.98762,1.034819
1,56.00394985648804,1.024828,1.038462,1.034819,1.001346
1,56.1664530959353,1.002692,1.0,1.001346,0.973118
0,52.02745174028381,0.974497,0.983539,0.973118,0.983425
0,49.66270375994679,0.99449,0.990237,0.983425,1.0
0,49.662703759946794,0.99169,0.984507,1.0,0.918539
0,39.578756461415196,0.942737,0.93133,0.918539,1.025994
0,43.21804240135505,1.007407,1.010753,1.025994,1.035768
0,47.98159088626318,1.029412,1.031915,1.035768,0.985612
0,46.2409065921699,0.98,0.985272,0.985612,0.970803
0,42.8896151630084,0.972303,0.977578,0.970803,1.007519
0,43.98264778725887,1.011994,1.018349,1.007519,0.976119
0,41.26123205208176,0.995556,0.975976,0.976119,0.95107
0,36.40904546357308,0.927083,0.944615,0.95107,0.937299
0,31.540850008653543,0.951846,0.933225,0.937299,0.9
0,24.418480305890835,0.9,0.9,0.9,1.025794
0,27.32669829041494,1.009709,1.022133,1.025794,1.005803
0,28.01505821678007,1.036538,1.019685,1.005803,0.919231
0,24.51422391546445,0.944341,0.918919,0.919231,0.995816
0,24.358128791359277,0.941061,0.985294,0.995816,1.031513
0,28.058105625513548,1.033403,1.042644,1.031513,0.989817
0,27.573934474206318,0.989899,0.989775,0.989817,1.014403
0,29.410446255194234,1.046939,1.014463,1.014403,0.96146
0,27.380952925300463,0.94152,0.961303,0.96146,1.092827
1,38.04340966450777,1.091097,1.052966,1.092827,0.988417
1,37.240429757912,0.979127,1.020121,0.988417,1.074219
1,45.13832448527778,1.1,1.074951,1.074219,0.983636
1,43.734542816913844,0.957821,0.972477,0.983636,1.03512
1,47.45008283496572,1.031193,1.011321,1.03512,0.992857
1,46.750153483609395,1.008897,1.033582,0.992857,0.976619
1,44.455029365133164,0.970018,0.967509,0.976619,0.959484
0,40.8041962951053,0.956364,0.962687,0.959484,0.96737
0,38.19397764809035,0.975285,0.972868,0.96737,1.02381
0,41.06012351492168,1.007797,1.015936,1.02381,1.021318
0,43.64020272531765,1.040619,1.029412,1.021318,1.003795
0,44.11917308204162,0.996283,0.980952,1.003795,1.018904
1,46.564429200445225,1.026119,1.040777,1.018904,1.018553
1,48.969225913802724,1.010909,1.022388,1.018553,1.018215
1,51.32813181254465,1.01259,1.007299,1.018215,0.974955
1,47.983969475670456,0.975133,0.980072,0.974955,0.946789
0,41.89493956144428,0.96357,0.948244,0.946789,1.031008
1,45.968774440365976,1.007561,1.017544,1.031008,0.973684
0,43.119982221730936,0.996248,0.978927,0.973684,0.92278
0,36.214460337638315,0.905838,0.923679,0.92278,1.006276
0,37.02898561952132,1.0,0.993644,1.006276,1.037422
0,41.82881887355979,1.047817,1.051173,1.037422,1.0
0,41.82881887355979,0.998016,1.006085,1.0,1.0
0,41.82881887355978,0.996024,1.0,1.0,1.022044
1,45.02704226479118,1.021956,1.020161,1.022044,1.023529
1,48.36238402439309,1.050781,1.011858,1.023529,1.003831
1,48.91865575180559,0.988848,1.0,1.003831,0.98855
1,47.273362793061786,0.992481,1.005859,0.98855,0.978764
1,44.32968997995465,0.964015,0.976699,0.978764,1.009862
1,45.976405281756044,1.013752,0.996024,1.009862,1.003906
1,46.65611611039731,1.013566,1.021956,1.003906,1.0
1,46.65611611039731,0.984704,0.992188,1.0,1.009728
1,48.533590229815275,1.013592,1.017717,1.009728,0.986513
0,46.08796675603321,0.982759,0.984526,0.986513,0.976562
0,42.16539218439206,0.986355,0.980354,0.976562,0.992
0,40.915325729101966,0.986166,0.987976,0.992,0.991935
0,39.64942815198159,0.991984,0.993915,0.991935,1.0
0,39.64942815198158,0.99596,1.0,1.0,1.010163
0,42.24013403996972,1.008114,1.006122,1.010163,0.987928
0,40.01999738151569,0.991952,0.993915,0.987928,1.0
0,40.01999738151568,1.0,0.997959,1.0,1.008147
0,42.362280130464896,1.006085,1.00409,1.008147,0.991919
0,40.6526340560223,0.989919,0.995927,0.991919,0.967413
0,34.63191848426815,0.96945,0.969325,0.967413,1.012632
0,38.32095546540335,1.021008,1.008439,1.012632,0.995842
0,37.560039427363996,0.985597,0.995816,0.995842,1.012526
0,41.32417740073084,1.022965,1.016807,1.012526,1.016495
1,45.998633481638805,1.008163,1.004132,1.016495,1.006085
1,47.681850909268604,1.020243,1.016461,1.006085,1.010081
1,50.45376375609752,0.998016,1.008097,1.010081,1.007984
1,52.616621204454454,1.005964,1.006024,1.007984,1.023762
1,58.473290305501735,1.023715,1.021956,1.023762,0.982592
1,53.16564719351021,0.980695,0.982422,0.982592,1.033465
1,60.46546344165948,1.035433,1.033797,1.033465,1.009524
1,62.32541506134554,1.007605,1.0,1.009524,1.013208
1,64.82072555338033,1.015094,1.017308,1.013208,1.005587
1,65.86422863376322,1.003717,1.005671,1.005587,1.031481
1,71.0962896874666,1.040741,1.039474,1.031481,0.994614
1,69.08396815564745,0.996441,0.996383,0.994614,0.978339
1,61.57624401604683,0.9875,0.972777,0.978339,0.99262
1,59.264247197053635,0.974684,0.98694,0.99262,1.068773
1,70.35297222065273,1.092764,1.066163,1.068773,1.027826
1,73.68843085071619,1.047538,1.042553,1.027826,1.055838
1,78.9489325139128,1.034036,1.044218,1.055838,1.036859
1,81.69575620405956,1.018809,1.003257,1.036859,1.068006
1,85.5738381729283,1.083077,1.1,1.068006,1.013025
1,86.21708943523387,1.041193,0.994118,1.013025,1.1
1,92.29853702804431,1.1,1.1,1.1,1.1
1,94.02503747031419,1.1,1.1,1.1,0.927505
1,79.51994166420855,0.9,0.954597,0.927505,1.006897
1,79.81582137697501,1.034483,0.967895,1.006897,0.955479
1,72.4853442204835,0.966667,1.025799,0.955479,0.996416
1,71.93802199923738,0.963218,0.983234,0.996416,0.973621
1,67.8896311565602,0.977327,0.985384,0.973621,1.033251
1,70.11262128877736,1.080586,1.034611,1.033251,0.994041
0,69.15779514218627,0.970621,0.980884,0.994041,1.047962
1,72.39647028988846,1.030268,1.052375,1.047962,1.040046
1,74.88190003781108,1.031638,1.030093,1.040046,1.0011
1,74.95129672830923,1.016429,1.011236,1.0011,1.0
1,74.95129672830923,0.982759,0.975556,1.0,1.091209
1,80.21350759368815,1.1,1.1,1.091209,1.054381
1,82.75223553313269,1.059583,1.06135,1.054381,0.976122
1,77.77682961637323,0.963449,0.964355,0.976122,1.033268
1,79.57539428025314,1.038911,1.041958,1.033268,0.971591
1,73.89276919511488,0.966292,0.959732,0.971591,1.1
1,79.5124072422436,1.1,1.1,1.1,1.011474
1,80.07361078318333,0.999142,0.997345,1.011474,0.985166
1,77.09940674819329,0.987973,0.993789,0.985166,0.906112
0,61.70839346416042,0.9,0.9,0.906112,1.002933
0,61.93996513612302,1.027317,0.999001,1.002933,1.092593
1,68.44732794825725,1.075973,1.088,1.092593,1.1
1,75.84455627490983,1.1,1.004596,1.1,1.1
1,85.61426295085592,1.1,1.1,1.1,1.1
1,88.12195615379693,1.1,1.1,1.1,0.9
1,66.39912023584493,0.9,0.9,0.9,0.93746
1,61.955143956714,0.924419,0.93867,0.93746,0.9
0,48.09038470345144,0.9,0.9,0.9,0.9
0,42.10180157181429,0.9,0.9,0.9,1.1
0,50.18294558707883,1.1,1.1,1.1,1.1
0,53.88637198385887,1.1,1.1,1.1,0.9
0,49.2020719888172,0.9,0.9,0.9,1.069982
0,51.175796483796994,1.013055,1.062382,1.069982,1.1
1,56.51477538421953,1.1,1.1,1.1,0.9
1,52.28991623694041,0.9,0.9,0.9,0.9
0,48.5831344984762,0.9,0.9,0.9,0.9
0,44.377503882662516,0.923643,0.9,0.9,1.1
0,47.835636578899035,1.050797,1.1,1.1,0.93913
0,46.30955737927646,0.924171,0.926368,0.93913,0.996914
0,46.233917366017174,1.049231,1.029001,0.996914,0.95356
0,45.045395134984986,0.914956,0.953027,0.95356,1.060606
0,46.87560466976973,1.05235,1.049288,1.060606,1.1
1,50.987757522599864,1.1,1.1,1.1,0.957696
1,49.50710210209633,0.961573,0.963311,0.957696,1.1
1,52.89234732798482,1.1,1.1,1.1,1.046928
1,54.5630257304888,1.019818,1.044348,1.046928,1.015485
1,55.15471511293538,1.052632,1.032473,1.015485,0.983949
1,54.35236503828874,0.953846,0.983871,0.983949,1.015498
1,55.02177451704418,1.075806,0.995902,1.015498,1.052209
1,57.32729098991729,1.008246,1.069959,1.052209,0.937405
1,53.59500104221746,0.924907,0.934615,0.937405,1.013844
1,54.25986252440864,1.017685,1.019753,1.013844,0.991968
1,53.771820846930275,0.986572,0.97498,0.991968,1.022672
1,54.99251176507691,1.052042,1.043046,1.022672,0.9
0,44.469427713002574,0.9,0.9,0.9,0.9
0,39.5387128857719,0.9,0.923158,0.9,1.033746
0,41.03672985231112,0.980932,1.004561,1.033746,0.9
0,37.90168179680385,0.904968,0.9,0.9,0.996368
0,37.80135848644084,1.001193,1.041931,0.996368,0.984204
0,37.3401196591772,0.971395,0.958537,0.984204,1.05679
0,40.12412146786771,1.056442,1.075064,1.05679,0.953271
0,38.52136172381507,0.969803,0.943195,0.953271,0.954657
0,37.047201420944155,0.967665,0.954831,0.954657,0.98973
0,36.71999737223141,0.955446,0.988173,0.98973,1.072633
0,40.67019570575668,1.1,1.067819,1.072633,1.008464
1,41.16460404772369,0.972061,1.022416,1.008464,0.992806
1,40.85037465092962,1.003593,0.992692,0.992806,1.004831
1,41.17277437436706,0.99642,1.007362,1.004831,1.034856
1,43.574061771038195,1.047904,1.043849,1.034856,0.919861
0,39.4480790014464,0.906286,0.911319,0.919861,1.010101
0,40.15561469731537,1.010088,1.007682,1.010101,0.9975
0,40.029685250072575,1.032459,1.010165,0.9975,1.033835
1,42.644693569668,1.020556,1.023899,1.033835,0.961212
0,40.39641329090339,0.944313,0.958231,0.961212,1.0
0,40.39641329090339,0.998745,1.007692,1.0,1.030265
1,43.00987241739819,1.030151,1.033079,1.030265,0.998776
1,42.92541626840563,0.997561,0.980296,0.998776,0.976716
0,41.26732760332289,0.982885,0.998744,0.976716,0.943538
0,37.56619969702772,0.955224,0.928302,0.943538,1.035904
0,40.986133888291704,1.02474,1.054201,1.035904,1.026958
1,43.57500096475872,1.01906,1.023136,1.026958,1.0
1,43.57500096475872,1.002494,1.001256,1.0,0.99125
0,42.848330181134955,0.995025,0.993726,0.99125,0.96343
0,39.88109474735305,0.96125,0.958333,0.96343,1.037958
1,44.053403683464815,1.037711,1.035573,1.037958,1.0
1,44.053403683464815,1.001253,0.986005,1.0,1.026482
1,47.13465504400551,1.02378,1.04129,1.026482,0.982801
1,45.341798164326,0.98533,0.987608,0.982801,1.03375
1,49.34363795380415,1.027295,1.011292,1.03375,1.056832
1,55.45727828728739,1.085749,1.081886,1.056832,0.98627
1,53.67607014534483,0.972191,0.974771,0.98627,0.988399
1,52.17223914358353,0.982838,0.994118,0.988399,0.96831
1,48.24222511768801,0.962747,0.970414,0.96831,1.015758
1,50.18782874853929,1.01451,1.006098,1.015758,0.995227
1,49.57037799673823,1.003576,1.0,0.995227,1.007194
1,50.55307392618889,1.011876,1.009697,1.007194,0.990476
0,49.17707049085423,0.992958,0.997599,0.990476,0.987981
0,47.438865701143726,0.991726,0.983153,0.987981,1.054745
1,55.12548320650104,1.042908,1.04284,1.054745,1.049596
1,60.99534184981362,1.065143,1.049296,1.049596,1.047253
1,65.8114207627364,1.027897,1.020134,1.047253,1.1
1,74.54795236724468,1.1,1.1,1.1,1.013158
1,75.40174430756113,0.973944,1.027132,1.013158,0.992579
1,73.87669661350768,0.990775,0.984906,0.992579,1.028972
1,75.90996994834721,1.048417,1.042146,1.028972,1.019074
1,77.20435035070587,1.000888,1.009191,1.019074,1.004456
1,77.51414181494721,1.002662,1.001821,1.004456,1.018634
1,78.81627039687831,1.020354,1.028182,1.018634,0.97561
1,72.76572292234661,0.97745,0.980548,0.97561,1.004464
1,73.16193404669124,1.0,1.000902,1.004464,1.046222
1,76.92223483530954,1.065661,1.007207,1.046222,1.026338
1,78.8268203861409,1.013322,1.061717,1.026338,0.903974
0,59.153823084673355,0.929334,0.915754,0.903974,1.017399
0,60.876160693942865,0.990274,1.0,1.017399,1.0045
0,61.33816962273373,0.999107,1.014719,1.0045,0.905018
0,48.31276223792363,0.922252,0.911151,0.905018,0.976238
0,45.93434475514942,0.982558,0.968159,0.976238,0.962475
0,42.46363309850134,0.943787,0.961973,0.962475,0.99157
0,41.72946290263777,0.99582,1.004274,0.99157,0.995749
0,41.34455870286226,0.993704,0.994681,0.995749,1.004269
0,41.921471460482046,1.032735,1.003209,1.004269,0.951116
0,37.36948022406207,0.924335,0.952026,0.951116,0.978771
0,35.647703211807695,0.973451,0.956327,0.978771,0.921233
0,30.204955314885563,0.931818,0.942623,0.921233,0.902107
0,25.419564098957878,0.904878,0.9,0.902107,1.046703
0,30.521403642680006,1.061995,1.027701,1.046703,0.963255
0,28.775620205927694,0.940355,0.987871,0.963255,0.997275
0,28.649565069332798,0.989204,0.979536,0.997275,1.040984
0,33.36492336863694,1.040928,1.04039,1.040984,1.002625
0,33.679595775929535,1.009174,1.012048,1.002625,0.977749
0,32.28403985111632,0.971429,0.974868,0.977749,1.058902
1,39.29522833896502,1.076203,1.033921,1.058902,0.986094
1,38.229553958828596,0.973913,1.014436,0.986094,0.982051
1,36.859449782280514,0.984694,0.984476,0.982051,0.968668
0,34.57202378945216,0.967617,0.972405,0.968668,0.994609
0,34.19118099877757,0.991968,0.994595,0.994609,1.025745
0,37.701731345874435,1.032389,1.024457,1.025745,0.963012
0,34.75901948589621,0.963399,0.965517,0.963012,1.034294
0,39.31356192981496,1.031208,1.013736,1.034294,0.976127
0,37.294779581615906,0.971053,0.990515,0.976127,1.017663
0,39.703011228908096,1.020325,1.016416,1.017663,1.006676
1,40.64717491173014,1.018592,1.008075,1.006676,1.005305
1,41.43721308043431,1.0,1.0,1.005305,0.973615
0,38.6658767912748,0.976532,0.981308,0.973615,0.99187
0,37.8480743248337,0.982644,0.991837,0.99187,1.005464
0,38.77773270135836,1.004076,1.004115,1.005464,0.998641
0,38.6221968671098,0.99594,1.001366,0.998641,0.982313
0,36.56873777171585,0.983696,0.975443,0.982313,0.995845
0,36.09184498649042,1.001381,1.005594,0.995845,0.980529
0,33.8719019541434,0.97931,0.976356,0.980529,1.011348
0,36.28364109115156,1.011268,1.012821,1.011348,0.966339
0,32.4590418609564,0.986072,0.957806,0.966339,1.0
0,32.45904186095639,0.974576,0.998532,1.0,1.002903
0,33.14016943677604,1.001449,1.007353,1.002903,1.017366
0,37.230388959431394,1.026049,1.023358,1.017366,0.987198
0,35.47740039962846,0.983075,0.978602,0.987198,1.024496
1,41.117169005980784,1.025825,1.014577,1.024496,0.994374
1,40.226216870690735,0.995804,1.012931,0.994374,1.016973
1,44.13698003693261,1.014045,1.017021,1.016973,0.995828
1,43.3729776713908,0.99169,0.993026,0.995828,0.990223
1,41.565046756922186,0.993017,0.994382,0.990223,1.035261
1,49.63895769272095,1.033755,1.012712,1.035261,0.90327
0,34.89348679882973,0.915646,0.909344,0.90327,0.9
0,26.802343416291965,0.915305,0.9,0.9,1.033557
0,31.88018191371268,1.001623,1.046154,1.033557,1.0
0,31.88018191371268,1.004862,1.0,1.0,1.011364
0,33.74584089795342,1.009677,1.01634,1.011364,1.028892
0,38.416541285048446,1.027157,1.019293,1.028892,0.98908
0,37.31484786232131,1.0,0.996845,0.98908,0.957413
0,33.342959386899466,0.972006,0.949367,0.957413,1.021417
0,36.82949412517862,0.9984,1.031667,1.021417,0.982258
0,35.15394909443235,0.988782,0.980614,0.982258,1.0
0,35.15394909443235,0.996759,1.001647,1.0,0.98358
0,33.54492036943997,0.986992,0.981908,0.98358,1.0
0,33.54492036943997,0.99341,1.0,1.0,1.1
1,50.592574501170795,1.1,1.048576,1.1,1.013554
1,52.4128615104607,1.007407,1.06869,1.013554,1.040119
1,57.4746238172988,1.033824,1.026906,1.040119,1.025714
1,60.491749359283915,1.02845,1.033479,1.025714,0.942897
1,51.52457401170177,0.947441,0.950704,0.942897,1.007386
1,52.45029095573651,1.010219,1.007407,1.007386,1.035191
1,56.72242989161105,1.020231,1.019118,1.035191,0.913598
0,45.52639914183708,0.929178,0.926407,0.913598,1.0
0,45.52639914183707,0.984756,0.982866,1.0,0.945736
0,40.2409160252984,0.956656,0.957211,0.945736,1.027869
0,43.662182986817335,1.014563,1.024834,1.027869,1.001595
0,43.8657683617821,1.004785,0.991922,1.001595,1.039809
0,48.84287956273744,1.038095,1.043974,1.039809,1.0
1,48.84287956273743,1.006116,0.984399,1.0,0.987749
0,47.28687966633606,0.993921,1.017433,0.987749,0.944186
0,40.96282770627601,0.955657,0.943925,0.944186,0.995074
0,40.47701741176513,0.976,0.9967,0.995074,1.00165
0,40.72935379588093,1.008197,1.0,1.00165,1.01318
0,42.81783446349814,1.001626,1.011589,1.01318,1.004878
0,43.62012352025047,1.027597,1.011457,1.004878,1.035599
1,49.244093201330394,1.018957,1.024272,1.035599,0.98125
1,46.51834132190693,0.976744,0.985782,0.98125,0.985669
0,44.527632561598885,0.998413,0.985577,0.985669,0.9
0,32.902386163765655,0.9,0.9,0.9,0.950909
0,29.641253382857442,0.951351,0.95,0.950909,1.013384
0,31.53587763137945,1.011364,1.023392,1.013384,1.024528
0,35.03465831165571,1.018727,1.015238,1.024528,0.98895
0,34.16679662043788,0.988971,1.0,0.98895,1.063315
0,42.811907938047796,1.063197,1.052533,1.063315,0.968476
0,39.82987256893498,0.987762,0.975045,0.968476,0.990958
0,39.01688668981956,0.973451,0.987203,0.990958,1.009124
1,40.328558834279434,1.009091,1.018519,1.009124,1.016275
1,42.716916051227045,1.030631,1.018182,1.016275,1.007117
1,43.793678945399,1.0,1.003571,1.007117,1.0
1,43.79367894539901,1.013986,1.007117,1.0,0.9947
1,43.089160523970676,0.972414,0.975265,0.9947,1.021314
1,46.777420431830116,1.021277,1.023551,1.021314,0.996522
1,46.23955503506223,0.998264,1.00708,0.996522,0.994764
1,45.39634804934904,1.003478,1.0,0.994764,0.977193
0,41.836113100932984,0.965338,0.954306,0.977193,1.010772
0,44.01832157857921,1.010772,1.018416,1.010772,1.010657
1,46.19238035287763,1.021314,1.025316,1.010657,1.065026
1,57.2244324320445,1.055652,1.058201,1.065026,1.029703
1,61.37352448497089,1.029654,1.028333,1.029703,0.977564
1,56.76189517363209,1.0208,0.985413,0.977564,1.016393
1,59.124510109438404,0.978056,1.011513,1.016393,1.1
1,70.30712188708988,1.1,1.027642,1.1,0.938596
1,58.91597732597216,0.912181,0.988924,0.938596,1.034268
1,62.35643967531356,1.03882,1.0544,1.034268,1.0
1,62.35643967531356,1.011958,0.98786,1.0,1.006024
1,63.009629200102026,1.004431,1.004608,1.006024,0.938623
0,52.88088148846859,0.944118,0.957187,0.938623,0.984051
0,50.738545090787696,0.97352,0.984026,0.984051,1.006483
0,51.58348759549572,0.9952,0.991883,1.006483,0.988728
0,49.96824862819518,1.006431,1.003273,0.988728,0.990228
0,48.56452025516012,0.977636,0.988581,0.990228,1.004934
0,49.33097442358493,1.011438,1.006601,1.004934,0.97054
0,44.998305635721294,0.977383,0.970492,0.97054,1.015177
0,47.482002791299266,1.001653,1.013514,1.015177,1.041528
1,53.73207173074684,1.039604,1.03,1.041528,0.982456
1,50.86378423198016,0.988889,0.991909,0.982456,1.011364
1,52.59789471262076,1.001605,1.009788,1.011364,0.990369
1,50.938465213855174,0.99359,0.98546,0.990369,1.027553
1,55.24668643216512,1.030645,1.016393,1.027553,0.996845
1,54.63879816528027,0.998435,1.014516,0.996845,0.985759
1,51.87278472462583,0.981191,0.982512,0.985759,0.969502
0,46.5187967019906,0.974441,0.967638,0.969502,1.0
0,46.5187967019906,0.996721,1.006689,1.0,1.003311
0,47.18429458493615,1.003289,1.006645,1.003311,0.991749
0,45.65477034965472,0.993443,0.990099,0.991749,1.036606
1,52.89082379379777,1.037954,1.035,1.036606,1.011236
1,54.94638323805739,1.004769,1.006441,1.011236,0.992063
1,53.16202244195866,0.993671,1.0,0.992063,0.9792
0,48.73097224943508,1.001592,0.9776,0.9792,1.009804
1,50.77047097128069,0.990461,0.996727,1.009804,1.042071
1,58.47857229642547,1.040128,1.039409,1.042071,0.993789
1,56.99991586914582,1.003086,1.00316,0.993789,1.032812
1,62.378311920155745,1.018462,1.015748,1.032812,0.995461
1,61.20063531449675,0.996979,1.006202,0.995461,0.974164
1,54.8779357342024,0.998485,0.984592,0.974164,1.00468
1,55.74679289245334,0.981791,0.998435,1.00468,0.987578
0,52.82561884974322,1.001546,0.995298,0.987578,1.018868
1,56.50717247233684,1.007716,1.014173,1.018868,1.020062
1,60.136660642578455,1.013783,1.021739,1.020062,0.995461
1,58.91481912808732,1.003021,0.989362,0.995461,1.016717
1,61.96623240143489,1.012048,1.018433,1.016717,0.961136
