1,0.0,0.974552,0.98827,0.983716,0.924051
1,0.0,0.945841,0.914936,0.924051,0.975764
1,0.0,0.9591,0.975135,0.975764,1.008639
1,7.257987191398341,1.034115,1.017738,1.008639,1.019272
1,21.128798278833838,0.984536,1.023965,1.019272,0.992647
1,19.883351569452604,1.004188,1.001064,0.992647,1.008466
1,25.302523308660177,1.017727,1.010627,1.008466,1.035677
1,42.96107518260767,1.042008,1.008412,1.035677,1.050659
1,58.49875193625001,1.066863,1.078206,1.050659,1.058824
1,69.43713871778559,1.034101,1.011605,1.058824,0.982696
1,63.796868277893815,0.976827,1.018164,0.982696,1.038925
1,69.6631053215686,1.043796,1.051643,1.038925,0.970562
1,61.26340262509632,0.965909,0.966071,0.970562,0.981618
1,56.79385878640974,0.9819,0.970425,0.981618,0.902622
0,40.32066519065408,0.912442,0.917143,0.902622,0.989627
0,39.14494636679828,0.965657,0.952233,0.989627,0.9
0,27.430285834025824,0.9,0.9,0.9,0.937653
0,24.472611985467175,0.902098,0.927696,0.937653,0.966102
0,23.104848728249628,0.958656,0.9,0.966102,1.021592
0,25.851260787623527,1.051213,1.1,1.021592,0.923382
0,22.687867982994035,0.902564,0.914667,0.923382,1.010014
0,23.898245348661483,1.018466,0.995627,1.010014,0.949008
0,21.99140123581215,0.972106,0.97511,0.949008,0.995522
0,21.83504803948554,0.97561,0.993994,0.995522,0.9
0,18.326970158710452,0.9,0.9,0.9,1.08277
0,26.621699569114348,1.092749,1.061947,1.08277,0.98752
0,26.15466259039102,0.981481,1.02,0.98752,1.1
1,37.64149944737501,1.1,1.1,1.1,1.043601
1,41.53403233338315,1.042017,1.037356,1.043601,1.052561
1,46.09302782195679,1.06586,1.059557,1.052561,0.966709
1,43.649385816605054,0.955864,0.945098,0.966709,1.010596
1,44.622220849552164,1.038259,1.052559,1.010596,0.968545
1,42.26486075075745,0.951715,0.959264,0.968545,1.090663
1,50.17792673789124,1.085447,1.079452,1.090663,0.997519
1,49.95781263910379,0.99016,0.989848,0.997519,0.956468
1,46.14307712356395,0.959006,0.961538,0.956468,0.975293
0,44.17124082499093,0.983161,0.990667,0.975293,1.016
0,45.74809532830829,1.007905,1.002692,1.016,1.060367
1,51.41326161710126,1.058824,1.030872,1.060367,1.1
1,65.37863736170505,1.1,1.1,1.1,0.998972
1,65.25621591581027,1.04,1.059537,0.998972,1.052469
1,68.49617675849636,1.012821,1.019771,1.052469,1.057674
1,71.77530512824569,1.083739,1.084694,1.057674,0.9
1,56.022666235291084,0.946092,0.9,0.9,0.928266
0,50.60773505193487,0.9,0.9,0.928266,1.019608
0,51.878676471488546,1.026316,1.048485,1.019608,0.995475
0,51.54260725896405,1.008919,1.009249,0.995475,1.0
0,51.54260725896404,1.009945,0.975945,1.0,1.032955
0,54.04568047681546,1.0,1.04108,1.032955,1.008801
0,54.74022890985927,1.017505,1.014656,1.008801,0.960742
0,51.004447626138344,0.949462,0.946667,0.960742,1.015891
0,52.36590171160559,1.02718,1.016432,1.015891,0.956425
0,48.33648090407133,0.952591,0.971132,0.956425,0.948598
0,44.2038476607352,0.962963,0.951249,0.948598,1.014778
0,45.57062704694767,0.997596,1.02375,1.014778,1.025485
0,47.97249908570669,1.021687,1.021978,1.025485,1.015385
0,49.45934559343597,1.03184,1.016726,1.015385,1.055944
1,54.61653829569203,1.066286,1.058754,1.055944,1.048565
1,58.76975451702434,1.02358,1.037736,1.048565,0.988421
1,57.35658297074236,0.988482,0.980749,0.988421,1.003195
1,57.65563714125993,1.002119,1.009815,1.003195,0.985138
1,55.69278203127596,0.9926,0.99784,0.985138,1.036638
1,59.315319924912004,1.029819,0.996753,1.036638,1.074844
1,65.70907404164589,1.076525,1.067318,1.074844,1.075435
1,71.02206677976282,1.072046,1.052899,1.075435,1.013489
1,71.92299889550387,1.043011,1.039614,1.013489,0.965395
1,66.16329913566695,0.965636,0.999071,0.965395,0.951287
1,59.22242469526624,0.928826,0.923721,0.951287,0.952657
0,53.6217200533765,0.964559,0.983887,0.952657,0.991886
0,52.744691301485204,0.98709,0.971341,0.991886,0.973415
0,49.8887843341165,0.965795,0.992624,0.973415,0.906513
0,41.58775226939056,0.916667,0.910828,0.906513,1.019699
0,43.52088059697188,1.009091,1.012821,1.019699,0.977273
0,41.76949509704696,0.974099,0.959724,0.977273,1.046512
0,46.41410499515433,1.079769,1.074341,1.046512,1.1
1,55.09325954798561,1.084582,1.074777,1.1,1.029293
1,57.482890509481884,1.036525,1.057113,1.029293,1.017664
1,58.943260666740535,0.995238,0.984283,1.017664,1.1
1,67.54651006463253,1.1,1.1,1.1,0.948542
1,61.13027013292959,0.968644,0.96063,0.948542,0.977396
1,58.63119193642337,0.966754,0.972678,0.977396,0.991674
1,57.71642566674794,0.986425,0.979401,0.991674,0.982276
1,55.73928052170248,0.985321,0.998088,0.982276,0.974359
0,52.96273756746988,0.965549,0.965517,0.974359,1.018519
0,54.673803844901606,1.020251,1.026786,1.018519,0.956938
0,50.03171175029609,0.964083,0.964251,0.956938,1.02
0,51.98304412844676,1.014706,1.00501,1.02,1.052941
1,56.87937009325707,1.05314,1.044865,1.052941,0.954376
0,51.72513379415012,0.959633,0.962786,0.954376,0.9
0,42.63883078991886,0.9,0.903865,0.9,0.969499
0,40.62758328256516,0.992545,0.972588,0.969499,1.02809
0,43.20359446373392,1.007511,1.014656,1.02809,0.9
0,36.34315825451875,0.9,0.9,0.9,1.071253
0,42.035431746977416,1.067073,1.061174,1.071253,1.001147
0,42.1315131832299,1.019429,1.004706,1.001147,0.988545
0,41.39261528466803,0.992152,1.005855,0.988545,1.1
1,50.8594033463216,1.1,1.096624,1.1,0.9
0,42.641742540326405,0.9,0.9,0.9,0.960094
0,40.5202838187476,0.960046,0.959716,0.960094,0.957213
0,38.402262788149535,0.945303,0.955556,0.957213,0.9
0,32.89932334742931,0.9,0.9,0.9,0.948454
0,31.275063505677853,0.964809,0.96467,0.948454,1.01087
0,31.998172567443643,1.0,1.030255,1.01087,0.975422
0,31.190349366342414,0.971125,0.941267,0.975422,1.067717
0,35.87574868199083,1.1,1.093596,1.067717,1.079646
0,41.2829378397937,1.048091,1.091592,1.079646,0.976776
0,40.13552925668293,1.00135,0.977992,0.976776,1.004196
1,40.450076384615194,0.974394,0.994374,1.004196,1.041783
1,43.639249036780456,1.062241,1.043847,1.041783,1.010695
1,44.49293570024372,1.002604,1.01626,1.010695,1.046296
1,48.1903262266522,1.028571,1.029333,1.046296,1.021492
1,49.934738426888806,1.021465,1.025907,1.021492,0.985149
1,48.68855449615126,0.988875,0.989899,0.985149,0.940955
0,44.0515080748519,0.94125,0.928571,0.940955,0.973298
0,42.20929653736047,0.99336,0.991758,0.973298,0.9
0,34.83560990442045,0.9,0.9,0.9,1.061417
0,39.553715035328665,1.036474,1.0347,1.061417,1.023739
0,41.42738022025438,1.014663,1.01372,1.023739,1.024638
0,43.433671503404106,1.027457,1.046617,1.024638,0.951909
0,40.44947827539804,0.959212,0.958333,0.951909,1.02526
0,42.57401168047363,1.01173,1.01949,1.02526,0.953623
0,39.70267880149601,0.973913,0.963235,0.953623,0.952888
0,37.09277391586817,0.947917,0.952672,0.952888,1.009569
0,37.943068489462824,1.009419,0.995192,1.009569,1.018957
0,39.69860910216165,1.026439,1.035427,1.018957,0.947287
0,36.544177403541745,0.937879,0.950233,0.947287,1.003273
0,36.8619910066523,0.995153,0.986907,1.003273,0.986949
0,36.083498710685674,1.001623,0.998342,0.986949,0.922314
0,31.830359238142112,0.910859,0.9,0.922314,0.956989
0,29.89275534346155,0.953737,0.964684,0.956989,0.977528
0,28.944037098778338,1.041045,1.003854,0.977528,0.996169
0,28.7800925713001,0.949821,0.996161,0.996169,0.967308
0,27.361426559826523,0.969811,0.961464,0.967308,1.011928
0,28.697347254430642,0.992218,1.004008,1.011928,1.1
1,39.14351534106612,1.1,1.0998,1.1,0.959002
0,36.590085540922566,0.934142,0.956443,0.959002,0.975836
0,35.192698022816934,0.992579,0.960152,0.975836,0.939048
0,31.957387210878856,0.93271,0.964427,0.939048,1.048682
0,36.660486185082085,1.046092,1.012295,1.048682,1.067698
1,42.86292677282949,1.1,1.1,1.067698,0.905797
0,37.05692402292565,0.9,0.900917,0.905797,1.042
0,40.55866946084557,1.02554,1.03055,1.042,1.013436
1,41.72252943067371,1.019157,1.01581,1.013436,0.982955
0,40.62125711631054,1.0,1.001946,0.982955,1.009634
1,41.54438632793375,1.005639,1.013592,1.009634,0.969466
0,39.43180787453088,0.992523,0.969349,0.969466,1.0
0,39.43180787453088,0.964218,1.0,1.0,0.954724
0,36.35015324730455,0.957031,0.954545,0.954724,0.964948
0,34.22132850600801,0.969388,0.952381,0.964948,0.985043
0,33.355105364867185,0.985263,1.0,0.985043,0.937093
0,29.970475438018376,0.92735,0.923913,0.937093,1.032407
0,33.47975091241274,1.039171,1.011765,1.032407,1.047085
0,38.461258924969755,1.046563,1.032558,1.047085,1.012848
0,39.84730820612581,1.03178,1.056306,1.012848,1.031712
1,43.28638659451217,1.004107,1.014925,1.031712,1.028689
1,46.36836442296732,1.05317,1.039916,1.028689,1.00996
1,47.46637423147232,1.031068,1.020202,1.00996,1.053254
1,53.055551253018066,1.011299,1.043564,1.053254,0.945693
1,47.241807192745455,0.968343,0.954459,0.945693,1.015842
1,48.90513929522696,0.988462,1.00994,1.015842,1.023392
1,51.38124312298307,1.029183,1.027559,1.023392,0.990476
1,50.28772234502021,0.99811,0.988506,0.990476,0.957692
0,45.680967653114685,0.960227,0.959302,0.957692,0.997992
0,45.47703476805318,0.998028,0.987879,0.997992,0.963783
0,41.8549701541308,0.960474,0.97546,0.963783,0.979123
0,39.95123537054099,0.981481,0.97065,0.979123,1.017058
0,42.21559159440505,1.006289,1.019438,1.017058,0.943396
0,37.12708866622937,0.952083,0.95339,0.943396,1.006667
0,38.021019162817176,1.010941,0.991111,1.006667,0.977925
0,36.17469283127261,0.982684,0.986547,0.977925,1.004515
0,36.835345981344446,0.986784,0.988636,1.004515,0.977528
0,34.89068126863039,0.982143,0.995402,0.977528,1.006897
0,35.98258426284481,1.0,0.995381,1.006897,1.015982
0,38.57123900084468,1.013636,1.013921,1.015982,1.029213
1,43.16748106178408,1.03139,1.02746,1.029213,1.019651
1,46.17035102072653,1.026087,1.028953,1.019651,0.987152
1,44.482918863722965,0.989407,0.995671,0.987152,0.932755
0,36.965699838277494,0.942184,0.928261,0.932755,0.965116
0,33.97395669192799,0.945455,0.964871,0.965116,1.00241
0,34.35538934896135,1.016827,0.973301,1.00241,0.9
0,26.840935164237788,0.9,0.902743,0.9,1.086253
0,37.33719442862856,1.093085,1.1,1.086253,1.004963
0,37.93652604161781,1.017032,1.0075,1.004963,0.992593
0,37.35931818382462,0.980861,0.990074,0.992593,0.99005
0,36.56056789368509,0.990244,0.97995,0.99005,0.987437
0,35.53775367575074,0.980296,1.0,0.987437,1.02799
1,39.54480421130448,1.030151,1.02046,1.02799,0.997525
1,39.30560164711525,1.021951,1.005013,0.997525,0.980149
0,37.35870505184068,0.959427,0.967581,0.980149,1.058228
1,45.68797545919544,1.044776,1.051546,1.058228,1.009569
1,47.00767791116365,1.014286,1.017157,1.009569,1.007109
1,48.0276731383489,1.018779,1.019277,1.007109,0.981176
1,45.51194338962435,0.965438,0.973995,0.981176,0.973621
0,42.23595650377842,0.97852,0.978155,0.973621,1.009852
1,43.81958641347732,1.002439,1.007444,1.009852,1.026829
1,48.03845090645924,1.026764,1.014778,1.026829,1.004751
1,48.791416960086664,1.023697,1.019417,1.004751,0.943262
0,41.095602500808,0.949074,0.942857,0.943262,0.992481
0,40.241172516290845,0.97561,0.994949,0.992481,0.972222
0,37.188073280438026,0.98,0.977157,0.972222,1.018182
0,40.29255304822942,1.005102,0.997403,1.018182,1.015306
0,42.89773434956884,1.022843,1.03125,1.015306,1.025126
1,47.044893744717754,1.022333,1.017677,1.025126,0.987745
0,45.27435926753687,0.98301,0.990074,0.987745,0.98263
0,42.843342465173905,0.982716,0.97995,0.98263,0.936869
0,35.50984597705081,0.957286,0.946292,0.936869,0.973046
0,33.07133798443562,0.950131,0.962162,0.973046,1.00277
0,33.562666838449495,1.01105,1.008427,1.00277,0.91989
0,27.302977045929374,0.92623,0.922006,0.91989,1.0
0,27.302977045929374,0.9941,1.003021,1.0,1.042042
0,34.17646185345881,1.032641,1.027108,1.042042,0.951009
0,30.41579322686221,0.977011,0.967742,0.951009,1.012121
0,32.30335370085243,0.982353,0.984848,1.012121,1.038922
0,38.173302179050076,1.038922,1.052308,1.038922,0.982709
0,36.59607509306947,1.002882,0.991228,0.982709,0.973607
0,34.30634204578016,0.968391,0.958702,0.973607,0.990964
0,33.55274051995866,1.002967,0.993846,0.990964,0.966565
0,30.87464852208295,0.943787,0.972136,0.966565,1.015723
0,33.47391878227404,1.015674,0.996815,1.015723,0.993808
0,32.94035416247833,1.0,1.022364,0.993808,1.028037
0,37.749012371426645,1.018519,1.015625,1.028037,1.006061
1,38.799259494103815,1.015152,1.012308,1.006061,0.978916
0,36.47948042199191,0.976119,0.978723,0.978916,0.963077
0,32.85314457197729,0.975535,0.97205,0.963077,0.964856
0,29.91727021346904,0.949843,0.955272,0.964856,1.0
0,29.917270213469035,1.0,1.0,1.0,1.039735
0,37.03612150483931,1.046205,1.036789,1.039735,0.993631
0,36.37297247567131,0.984227,0.993548,0.993631,1.00641
0,37.576669691612324,1.025641,1.006494,1.00641,1.0
0,37.57666969161232,0.984375,1.003226,1.0,0.993631
0,36.76992206311218,0.996825,0.996785,0.993631,0.964744
0,32.62160360233298,0.961783,0.958065,0.964744,1.0299
1,38.7138342735456,1.029801,1.020202,1.0299,1.025806
1,43.59584703988578,1.041801,1.039604,1.025806,1.1
1,59.6179955327284,1.1,1.066667,1.1,0.929577
1,49.40596654886866,0.926431,0.970238,0.929577,1.015152
1,51.20614068336677,0.991176,1.01227,1.015152,1.0
1,51.20614068336677,1.0,1.0,1.0,1.0
1,51.20614068336677,1.0,1.0,1.0,1.0
1,51.20614068336677,1.0,1.0,1.0,1.1
1,63.18650261676223,1.094955,1.1,1.1,1.1
1,74.76524953295663,1.1,1.1,1.1,1.007009
1,75.192508571859,1.004556,1.036855,1.007009,1.1
1,83.10117064285923,1.1,1.1,1.1,0.929134
1,71.60712618793453,0.935547,0.960417,0.929134,1.021186
1,72.73523170868113,1.018789,1.010846,1.021186,0.977178
1,69.46568127982107,0.973361,1.002146,0.977178,1.002123
1,69.59946903925571,1.0,0.993576,1.002123,0.938559
1,61.22190652428613,0.983158,0.939655,0.938559,0.970655
0,57.85974697539538,0.920771,0.970183,0.970655,1.069767
1,62.92042597604081,1.1,1.056738,1.069767,0.993478
0,62.11707133511547,1.0,1.01566,0.993478,1.006565
0,62.63089375144346,0.976891,0.995595,1.006565,1.015217
1,63.86254714475589,1.017204,0.995575,1.015217,1.040685
1,67.03815957710673,1.05074,1.062222,1.040685,1.010288
1,67.83909824212888,1.036217,0.983264,1.010288,1.1
1,75.52475229816173,1.1,1.1,1.1,1.07804
1,79.33601275185205,1.057192,1.01476,1.07804,0.9
1,64.08938776082745,0.9,0.949091,0.9,0.954972
1,59.26371045350402,0.949814,0.95977,0.954972,1.013752
1,60.204891831329526,1.074364,1.015968,1.013752,0.959302
0,56.023077407217734,0.907104,0.962672,0.959302,0.957576
0,52.12405397644629,0.973896,0.963265,0.957576,1.061181
0,56.61456930592179,1.059794,1.063559,1.061181,0.942346
0,51.420586323455844,0.957198,0.938247,0.942346,1.044304
0,54.66413347606863,1.014228,1.029724,1.044304,1.014141
0,55.7253082604681,1.01002,1.024742,1.014141,1.043825
1,58.97542122105673,1.047619,1.024145,1.043825,1.019084
1,60.398460796055446,1.028409,1.043222,1.019084,1.029963
1,62.631921326739544,1.023941,1.020716,1.029963,1.1
1,69.56408137921306,1.1,1.1,1.1,1.02623
1,71.10353276618409,1.022764,1.024958,1.02623,1.097444
1,76.07255014337947,1.0938,1.040584,1.097444,1.085881
1,79.70728531788166,1.1,1.1,1.085881,1.0
1,79.70728531788164,1.0,1.0,1.0,1.0
1,79.70728531788164,1.0,1.0,1.0,1.0
1,79.70728531788164,1.0,1.0,1.0,1.0
1,79.70728531788163,1.0,1.0,1.0,1.0
1,79.70728531788164,1.0,1.0,1.0,1.1
1,88.05500286433718,1.1,1.1,1.1,1.056522
1,89.45154836895027,1.082974,1.020455,1.056522,1.1
1,92.27569262108204,1.1,1.1,1.1,1.07569
1,93.35430463115566,1.073276,1.092593,1.07569,0.942881
1,83.19804751588927,0.953414,0.939831,0.942881,0.902546
1,70.00393041029092,0.960404,0.908927,0.902546,0.9
0,49.51170692742173,0.9,0.9,0.9,0.9
0,42.36270748017088,0.9,0.9,0.9,1.1
0,48.3325190269641,1.1,1.058537,1.1,1.067867
0,50.843453610795166,1.1,1.1,1.067867,0.9
0,46.15970728948926,0.9,0.9,0.9,1.017751
0,46.826052906339946,0.98862,1.018209,1.017751,1.1
0,51.06546503975736,1.1,1.1,1.1,0.900783
0,47.12320529343657,0.956298,0.90571,0.900783,0.9
0,41.655082258086274,0.9,0.9,0.9,0.9
0,37.51406634576612,0.9,0.9,0.9,1.1
0,41.30789227950587,1.056863,1.1,1.1,0.9
0,38.36800720525004,0.9,0.9,0.9,1.0
0,38.36800720525004,1.048458,1.006803,1.0,1.1
0,42.125878033377965,1.094538,1.065315,1.1,1.001953
0,42.190216344012285,0.998081,1.059197,1.001953,1.072125
1,44.642377860077154,1.071154,1.063872,1.072125,0.96
1,43.4618888052904,0.951526,0.9606,0.96,1.00947
1,43.825457263507644,1.020755,1.025391,1.00947,1.075047
1,46.77423143872399,1.066543,1.047619,1.075047,1.064572
1,49.41916275298025,1.062392,1.014545,1.064572,0.986885
1,48.85388163459038,0.993475,1.073477,0.986885,0.931894
1,45.9528020215916,1.014778,0.923205,0.931894,1.010695
1,46.45392039643256,0.938511,1.016275,1.010695,1.051146
1,48.91914629778625,1.027586,0.927046,1.051146,1.1
1,59.066683720981594,1.1,1.1,1.1,0.91363
1,53.970387041441164,0.923077,0.955137,0.91363,1.029542
1,55.269219970942295,1.064327,1.05303,1.029542,0.941176
1,52.02811846550693,0.942308,0.9,0.941176,0.9
0,43.23707611189087,0.9,0.9,0.9,1.074427
0,46.133083890189894,1.019298,1.0,1.074427,0.9
0,42.42720553433397,0.9,0.932692,0.9,1.00998
0,42.82608310557983,1.052941,1.02268,1.00998,1.027668
0,43.99607667321067,0.979516,0.96371,1.027668,1.057692
0,46.52154697806177,1.055133,1.1,1.057692,1.092727
1,50.59990374064485,1.082883,1.065421,1.092727,1.056572
1,53.164253440799236,1.1,1.096491,1.056572,0.91811
1,48.97680906635822,0.9,0.9,0.91811,1.060034
1,51.73251808714464,1.059122,1.077061,1.060034,1.090615
1,55.841937068259085,1.092504,1.063228,1.090615,0.9273
1,51.694649839251994,0.924088,0.962441,0.9273,0.9936
1,51.3593205381691,1.011058,0.988618,0.9936,1.046699
1,53.70404411955975,1.023438,1.042763,1.046699,0.92
0,49.130689226223296,0.914504,0.903785,0.92,0.983278
0,48.27921895675104,0.984975,1.0,0.983278,0.92517
0,44.61536275595363,1.008475,0.945899,0.92517,0.957721
0,42.78745416365763,0.910924,0.928044,0.957721,0.976967
0,41.82464459347664,0.944649,0.994036,0.976967,0.97446
0,40.754730839754735,0.976562,0.98,0.97446,1.054435
0,43.96108383730003,1.064,1.05102,1.054435,0.975143
0,42.76111236251256,0.973684,0.974757,0.975143,0.982353
0,41.908236626588454,0.986486,0.976096,0.982353,0.96008
0,39.99900708662218,0.958904,0.95102,0.96008,1.045738
0,43.0713320419147,1.036735,1.072961,1.045738,1.067594
1,47.54189512812988,1.07874,1.064,1.067594,1.011173
1,48.31327313637782,1.018248,1.015038,1.011173,0.979742
1,46.950202860532265,0.962366,0.977778,0.979742,0.954887
0,44.03131959065344,0.960894,0.958333,0.954887,0.976378
0,42.605070977666166,0.972868,0.978261,0.976378,1.034274
1,45.30785207176422,1.023904,1.012121,1.034274,1.035088
1,48.094968281236504,1.035019,1.047904,1.035088,0.988701
1,47.23095532302451,0.992481,0.988571,0.988701,0.992381
1,46.62953907059698,0.986742,0.988439,0.992381,1.009597
1,47.52895961191299,1.026871,1.023392,1.009597,0.963878
0,44.46258746843051,0.960748,0.958095,0.963878,1.019724
0,46.42181829868824,1.013619,1.025845,1.019724,0.980658
0,44.722741290161984,0.976967,0.974806,0.980658,1.011834
0,45.999832617275246,1.011788,1.007952,1.011834,1.031189
1,49.35972182187165,1.036893,1.025641,1.031189,1.011342
1,50.60098560916539,1.005618,1.009615,1.011342,1.082243
1,58.61263429084723,1.081937,1.07619,1.082243,1.036269
1,61.797199288855616,1.055077,1.024779,1.036269,1.013333
1,62.96625534554062,1.034258,1.044905,1.013333,0.991776
1,61.695510387007786,0.955836,0.983471,0.991776,0.9801
1,58.63694486484096,0.993399,0.968067,0.9801,0.957699
1,52.76777771924404,0.958472,0.973958,0.957699,1.003534
0,53.171598945206036,0.993068,0.998217,1.003534,0.984155
0,51.05618051957274,1.00349,0.9875,0.984155,0.971377
0,47.442526823729715,0.973913,0.980108,0.971377,1.033149
0,51.5934046611319,1.030357,0.998155,1.033149,1.003565
0,52.04658099920859,0.998267,1.03512,1.003565,0.959147
0,46.63909586254904,0.980903,0.9625,0.959147,1.005556
0,47.40665531039561,0.962832,0.981447,1.005556,1.077348
1,56.77985342750627,1.099265,1.056711,1.077348,0.998291
1,56.52156403565579,0.988294,1.035778,0.998291,1.080479
1,64.65878820899722,1.1,1.046632,1.080479,0.96038
1,58.39802391988747,0.957187,0.988449,0.96038,1.008251
1,59.24791698134741,0.988818,1.0,1.008251,0.983633
1,56.75081044908394,0.995153,1.001669,0.983633,0.968386
0,52.24524751900667,0.954545,0.965,0.968386,0.986254
0,50.429793510514884,1.005102,0.989637,0.986254,1.027875
0,53.88145898824181,1.0,0.998255,1.027875,1.042373
1,58.71838415539404,1.077834,1.045455,1.042373,0.986992
1,56.67013530406795,0.967033,1.010033,0.986992,0.990115
0,55.11724049982317,0.996753,0.986755,0.990115,0.921797
0,44.76842016879874,0.92671,0.921141,0.921797,0.954874
0,40.420948907667196,0.942004,0.945355,0.954874,0.962193
0,37.30025334871912,0.983209,0.978805,0.962193,0.956778
0,34.17469959415419,0.935484,0.940945,0.956778,1.022587
0,37.016519392839825,1.010142,1.033473,1.022587,0.971888
0,34.948510550880435,1.004016,0.975709,0.971888,0.983471
0,33.78692264097995,0.956,0.96473,0.983471,1.016807
0,36.07504134267327,1.020921,1.032258,1.016807,1.016529
0,38.36865928162954,1.016393,1.020833,1.016529,0.993902
0,37.82064048935066,0.993952,0.979592,0.993902,1.030675
1,42.26123393359693,1.024341,1.033333,1.030675,1.043651
1,48.1139987873412,1.043564,1.038306,1.043651,0.988593
1,46.72296641055427,1.001898,1.0,0.988593,1.048077
1,52.84089971469183,1.058712,1.050485,1.048077,1.1
1,78.29121698804494,1.1,1.1,1.1,1.029412
1,79.45025656884903,1.1,1.1,1.029412,0.9
1,64.46325321950181,0.9,0.9,0.9,1.023876
1,65.73562201285513,0.988127,1.018519,1.023876,0.954733
1,61.15801580055631,0.946595,0.948252,0.954733,1.1
1,67.19633167106191,1.1,1.089971,1.1,0.958816
1,63.02768200555879,0.947891,0.99594,0.958816,0.95302
1,58.73572910935107,0.979058,0.951087,0.95302,1.007042
0,59.163546342785054,0.977273,0.984286,1.007042,0.958042
0,55.44893611076153,0.968536,0.975327,0.958042,1.011679
0,56.23799546873909,0.990113,1.020833,1.011679,0.97114
0,53.678374590359105,0.970043,0.975219,0.97114,0.92422
0,47.71459093693705,0.919118,0.90583,0.92422,0.969453
0,45.678476234529306,0.9936,0.99505,0.969453,0.9
0,39.1454745472367,0.9,0.9,0.9,1.086142
0,44.81226503897321,1.076503,1.097701,1.086142,0.901724
0,39.859194614479236,0.940778,0.90925,0.901724,1.005736
0,40.23362030469815,0.951439,0.959693,1.005736,1.093156
0,46.13266146621694,1.088847,1.1,1.093156,0.956522
0,43.75950957812602,0.965278,0.953237,0.956522,0.961818
0,41.81370318421544,0.964029,0.988679,0.961818,0.994329
0,41.52960294310455,0.994403,0.998092,0.994329,1.081749
1,47.079776039717444,1.1,1.086042,1.081749,1.036907
1,49.59611984340652,1.006678,1.033451,1.036907,0.977966
1,48.07223768792818,0.975124,0.959114,0.977966,0.94974
0,44.76772065594818,0.95068,0.9627,0.94974,1.012774
1,45.737336030009786,1.001789,1.01476,1.012774,1.0
0,45.737336030009786,1.0,1.0,1.0,1.0
0,45.737336030009786,1.0,1.0,1.0,1.0
0,45.737336030009786,1.0,1.0,1.0,1.0
0,45.737336030009786,1.0,1.0,1.0,1.0
0,45.737336030009786,1.0,1.0,1.0,1.0
0,45.737336030009786,1.0,1.0,1.0,1.0
0,45.737336030009786,1.0,1.0,1.0,0.9
0,32.58088319255865,0.9,0.9,0.9,1.087983
0,41.000542175498545,1.03,1.05794,1.087983,0.932939
0,36.88658611075367,0.939806,0.955375,0.932939,1.014799
0,38.260120797391174,1.004132,1.008493,1.014799,0.941667
0,34.98074154015427,0.967078,0.947368,0.941667,0.988938
0,34.413496425583624,0.959574,0.98,0.988938,0.997763
0,34.29372008776831,1.006652,1.00907,0.997763,1.024664
0,36.8955539302899,1.008811,1.006742,1.024664,0.97593
0,35.38653262217117,0.978166,0.982143,0.97593,1.015695
0,37.14822045166774,1.035714,1.027273,1.015695,0.935982
0,33.1194405650807,0.920259,0.913717,0.935982,0.988208
0,32.465682952344835,1.0,1.002421,0.988208,1.1
1,47.78372953113301,1.1,1.1,1.1,1.1
1,59.97059575538461,1.1,1.1,1.1,0.912892
1,52.32438040460159,0.9,0.909259,0.912892,0.9
0,44.60705303718489,0.9,0.9,0.9,1.0282
1,46.364971905615924,1.03178,1.036446,1.0282,1.023207
1,47.87243204170504,1.053388,0.973626,1.023207,1.074227
1,52.57070743564581,1.031189,1.1,1.074227,0.9
0,45.25043567016786,0.909263,0.907298,0.9,1.1
1,52.18206913287011,1.099792,1.1,1.1,0.959538
0,49.72721849021158,0.962193,0.952941,0.959538,0.975904
0,48.32811365663502,0.988212,1.0,0.975904,0.958848
0,46.004877280672474,0.942346,0.942387,0.958848,0.978541
0,44.84408787017075,0.978903,0.984716,0.978541,0.975877
0,43.54259661714114,0.980603,0.984479,0.975877,1.035955
0,45.99764869709256,1.024176,1.011261,1.035955,1.052061
1,49.54206880787855,1.06867,1.03118,1.052061,0.948454
0,46.14451707768109,0.953815,0.989201,0.948454,0.904348
0,40.83644059564499,0.9,0.9,0.904348,0.932692
0,37.85242675906183,0.933492,0.900256,0.932692,1.061856
0,41.77948115403936,1.076336,1.1,1.061856,0.968447
0,40.29422175882391,0.943262,0.958537,0.968447,0.982456
0,39.480343293767476,1.0,0.997455,0.982456,1.048469
0,42.854307928564324,1.037594,1.035714,1.048469,0.941606
0,39.8334240338903,0.985507,0.953202,0.941606,0.968992
0,38.37674983876224,0.921569,0.956072,0.968992,1.010667
0,39.17522012985353,1.010638,1.013514,1.010667,0.970976
0,37.7274840979741,0.997368,0.981333,0.970976,0.978261
0,36.66621384766364,0.957784,0.972826,0.978261,0.941667
0,33.965260479813395,0.947658,0.944134,0.941667,1.00885
0,34.705233753010056,0.997093,0.970414,1.00885,1.008772
0,35.483802578794325,1.008746,1.033537,1.008772,1.1
1,48.137334311975344,1.1,1.1,1.1,0.912935
1,42.6109387113711,0.904306,0.938303,0.912935,0.9
0,36.433375236715484,0.9,0.9,0.9,1.037618
0,38.82130217934242,1.059561,1.038339,1.037618,1.033233
0,41.00893408934901,1.02071,1.046154,1.033233,1.049708
1,44.322493182669305,1.052174,1.035294,1.049708,1.094708
1,50.33151855528452,1.1,1.09375,1.094708,0.966921
1,48.189960052225814,1.012285,0.984416,0.966921,1.068421
1,52.539441041783064,0.992718,1.034301,1.068421,1.044335
1,55.33503654565376,1.051345,1.056122,1.044335,0.957547
1,52.034264102632704,0.948837,0.949275,0.957547,1.061576
1,55.96326960518364,1.1,1.094148,1.061576,0.974478
1,53.872269027223155,0.935698,0.965116,0.974478,0.997619
1,53.675922786453484,1.0,0.992771,0.997619,0.9
0,44.57758795434281,0.905213,0.9,0.9,1.008174
0,45.15517921326503,0.994764,0.953678,1.008174,0.994595
0,44.81982882985195,0.978947,1.022857,0.994595,0.98913
0,44.11418719458531,1.021505,1.005587,0.98913,1.057692
0,48.68218752195369,1.015789,1.027778,1.057692,0.992208
0,48.077607151367815,1.010363,1.021622,0.992208,0.942408
0,43.783430977028246,0.935897,0.944444,0.942408,1.022222
0,45.68329458108827,1.049315,1.028011,1.022222,1.046196
1,49.58255746850899,1.005222,1.027248,1.046196,0.974026
1,47.425808487609345,0.992208,0.98939,0.974026,1.029333
1,50.00212711830135,1.013089,1.024129,1.029333,0.955959
0,46.23156190098495,0.96124,0.958115,0.955959,0.99729
0,46.011764462423685,0.997312,1.0,0.99729,0.994565
0,45.54538106681144,0.989218,0.983607,0.994565,0.967213
0,42.7457363072168,0.980926,0.975,0.967213,0.937853
0,38.11946115523493,0.941667,0.940171,0.937853,1.006024
0,38.768255843236396,0.9941,1.006061,1.006024,1.047904
0,43.84104580372925,1.065282,1.054217,1.047904,0.988571
0,42.88452257322272,0.988858,0.98,0.988571,1.023121
0,45.44805905802404,1.014085,1.029155,1.023121,1.014124
1,47.047745441056875,1.005556,1.008499,1.014124,0.972145
0,44.25275920015468,0.980663,0.974719,0.972145,0.959885
0,40.614953208012814,0.946479,0.951009,0.959885,1.0
0,40.61495320801281,1.011905,1.012121,1.0,1.01791
0,42.946138551817846,1.005882,1.008982,1.01791,0.967742
0,39.857045955715584,0.994152,0.979228,0.967742,1.012121
0,41.504750697262196,0.985294,1.00303,1.012121,0.98503
0,40.02850481087054,0.985075,0.978852,0.98503,0.990881
0,39.129218467153095,0.99697,1.003086,0.990881,0.957055
0,35.15947472508224,0.975684,0.96,0.957055,1.060897
0,43.53229358604038,1.043614,1.016026,1.060897,0.984894
0,41.995453999679,0.985075,1.015773,0.984894,1.046012
1,47.93396338026765,1.048485,1.052795,1.046012,1.020528
1,50.48180085601829,1.008671,1.00885,1.020528,1.008621
1,51.575481216676486,1.028653,1.026316,1.008621,0.988604
