1,100.0,1.099174,1.1,1.087137,0.935115
1,53.42465753424658,0.943609,0.928295,0.935115,0.961224
1,41.72839506172838,0.954183,0.968685,0.961224,0.983015
1,37.96002994874156,0.985386,0.989224,0.983015,1.028078
1,46.42661759586212,1.014831,1.03268,1.028078,1.010504
1,49.2928872588793,1.022965,1.004219,1.010504,1.051975
1,60.633762568403476,1.034694,1.046218,1.051975,0.982213
1,55.795760204834345,0.99211,0.98996,0.982213,0.981891
1,51.380703488227056,0.99006,0.985801,0.981891,1.032787
1,57.777226952278234,1.016064,1.022634,1.032787,0.97619
1,52.22739725108178,0.976285,0.973843,0.97619,1.04065
1,59.25256462368996,1.044534,1.039256,1.04065,1.087891
1,69.95744536925778,1.079457,1.053678,1.087891,1.030521
1,72.85838282467176,1.052065,1.043396,1.030521,1.036585
1,75.94801946180662,1.039249,1.066908,1.036585,0.9
1,54.59480732241438,0.9,0.9,0.9,1.003788
1,55.00151700418921,0.99631,0.994208,1.003788,0.939623
0,47.64751257085997,0.933333,0.945631,0.939623,0.913655
0,39.922933466679595,0.904762,0.9,0.913655,1.046154
0,44.64294531955915,1.052632,1.073059,1.046154,0.901261
0,37.53513816797501,0.90625,0.902128,0.901261,1.020979
0,39.520857023952026,1.02069,1.021226,1.020979,0.961187
0,37.120442654532205,1.0,0.965358,0.961187,1.085511
0,44.77057036064137,1.040541,1.069378,1.085511,0.9
0,37.53107539919761,0.9,0.9,0.9,1.027228
0,39.71009792788073,1.022113,1.041667,1.027228,0.992771
0,39.307394614987516,0.992788,0.9875,0.992771,1.041262
0,42.844550799722086,1.041162,1.055696,1.041262,1.011655
1,43.880498958844974,1.032558,1.038369,1.011655,1.046083
1,47.94482870079963,1.024775,1.027714,1.046083,0.975771
1,45.97275545249387,0.973626,0.970787,0.975771,0.988713
1,45.065381465297406,1.020316,1.006944,0.988713,1.052511
1,49.958221746341664,1.044248,1.050575,1.052511,0.986985
1,48.73867968397106,0.974576,0.986871,0.986985,1.037363
1,52.29222097275053,1.052174,1.028825,1.037363,1.023305
1,54.49059305971059,1.014463,1.034483,1.023305,1.035197
1,57.73221533431514,1.028513,0.997917,1.035197,1.018
1,59.38174731647989,1.015842,1.045929,1.018,1.007859
1,60.12654326710819,1.005848,1.001996,1.007859,0.925926
1,50.628771156463486,0.928295,0.914343,0.925926,1.002105
0,50.848805600852735,1.0,1.023965,1.002105,0.997899
0,50.605919458390304,1.006263,1.004255,0.997899,1.056842
1,56.6296234425924,1.053942,1.059322,1.056842,0.968127
0,52.540555923919655,1.033465,0.97,0.968127,0.95679
0,47.67476784321093,0.9,0.925773,0.95679,0.995699
0,47.22619102073861,1.0,1.020045,0.995699,0.982721
0,45.38660290206014,0.980728,0.971616,0.982721,0.969231
0,42.282600169016455,0.965066,0.977528,0.969231,1.022676
0,45.16723732103642,1.029412,1.034483,1.022676,0.95122
0,40.38518940962399,0.964835,0.948889,0.95122,0.974359
0,38.20703615907238,0.958998,0.969555,0.974359,1.028708
0,41.88914656505071,1.042755,1.024155,1.028708,1.006977
0,42.80669222836668,1.002278,1.014151,1.006977,1.013857
0,44.68776802656079,1.004545,1.006977,1.013857,0.972665
0,41.73152574967344,0.966063,0.974596,0.972665,1.035129
1,46.496174509477285,1.035129,1.021327,1.035129,1.033937
1,50.82643133865081,1.047511,1.039443,1.033937,1.002188
1,51.110509439900866,1.010799,1.022321,1.002188,1.015284
1,53.150795100025604,1.014957,1.010917,1.015284,1.088172
1,62.91335145901858,1.071579,1.066955,1.088172,0.990119
1,61.23744707325823,0.996071,1.010121,0.990119,0.998004
1,60.88810287258161,1.001972,0.995992,0.998004,1.054
1,66.45279620424493,1.043307,1.044266,1.054,1.005693
1,67.01436043410091,1.001887,0.976879,1.005693,1.007547
1,67.7886013391863,1.00565,1.04142,1.007547,1.014981
1,69.33869016684834,1.026217,0.984848,1.014981,1.049815
1,73.9031872436679,1.056569,1.059615,1.049815,0.912127
0,56.985003650268986,0.91019,0.920145,0.912127,1.1
1,66.29228066280453,1.1,1.094675,1.1,1.026087
1,68.27255674073209,1.027444,1.025225,1.026087,0.969492
1,63.45498647923959,0.976628,0.98594,0.969492,0.935315
0,54.88210955286639,0.924786,0.921569,0.935315,0.9
0,44.40528434923915,0.9,0.903288,0.9,0.953684
0,41.29265223334832,0.972917,0.933619,0.953684,0.96468
0,39.14365198570386,0.957173,0.997706,0.96468,1.04119
0,42.75319440958834,1.029083,1.013793,1.04119,1.006593
0,43.356214753847595,1.0,1.027211,1.006593,1.028384
0,46.010204088494085,1.041304,1.028698,1.028384,1.046709
0,50.2577343359376,1.050104,1.027897,1.046709,0.969574
0,47.51305859035434,0.95825,0.991649,0.969574,0.930962
0,42.06972250276851,0.935685,0.928421,0.930962,0.993258
0,41.60309556553084,0.993348,0.99093,0.993258,1.0
0,41.60309556553085,0.986607,0.965675,1.0,1.015837
0,43.30483222780334,1.0181,1.021327,1.015837,1.020045
0,45.5036979804614,1.035556,1.053364,1.020045,0.930131
0,39.61989475261225,0.93133,0.92511,0.930131,0.967136
0,37.34477611157356,0.97235,0.978571,0.967136,1.002427
0,37.62031983496277,0.983412,0.997567,1.002427,0.990315
0,36.92088064480232,0.992771,0.985366,0.990315,0.909535
0,31.15145891454128,0.924757,0.903465,0.909535,0.989247
0,30.594848293298202,0.986877,1.005479,0.989247,1.035326
0,34.67981524480297,1.021277,1.029973,1.035326,0.9
0,28.669162564940006,0.903646,0.9,0.9,1.065089
0,34.88715825539485,1.04611,1.072727,1.065089,1.055556
0,40.007099223068394,1.052342,1.053672,1.055556,1.023684
1,42.20928312073725,1.041885,1.037534,1.023684,0.976864
1,40.60415792152131,0.987437,0.976744,0.976864,0.944737
0,37.06257068114548,0.951654,0.944444,0.944737,0.947075
0,34.15949802144391,0.938503,0.94958,0.947075,0.929412
0,30.870193769465498,0.945869,0.926254,0.929412,0.901899
0,27.223704618163367,0.9,0.9,0.901899,0.961404
0,26.04792901456864,0.965035,0.992424,0.961404,1.010949
0,26.974260524325892,1.014493,1.030534,1.010949,0.963899
0,25.81354146342836,0.960714,0.940741,0.963899,1.026217
0,28.144425970223626,1.070632,1.074803,1.026217,1.029197
0,30.81962238798173,0.986111,1.010989,1.029197,1.010638
0,31.844360663854836,1.021127,1.014493,1.010638,1.091228
1,40.122462052773294,1.072414,1.05,1.091228,0.987138
1,39.33099077575669,0.990354,1.020408,0.987138,1.026059
1,41.803615826477866,1.032468,1.036667,1.026059,1.031746
1,44.83042933070293,1.028302,1.028939,1.031746,1.0
1,44.83042933070293,0.996942,0.996875,1.0,1.009231
1,45.81102776697134,1.009202,1.015674,1.009231,0.948171
1,41.32821509198478,0.954407,0.935185,0.948171,0.983923
0,40.08577180985745,0.996815,1.006601,0.983923,0.960784
0,37.19563855588732,0.955272,0.947541,0.960784,1.030612
0,40.65170294914574,1.023411,1.031142,1.030612,1.066007
1,47.55797446756297,1.062092,1.060403,1.066007,1.018576
1,49.45814467740318,1.018462,1.022152,1.018576,1.033435
1,52.83243627500384,1.1,1.049536,1.033435,1.014706
1,54.325130151794674,0.934959,0.958702,1.014706,1.049275
1,59.06812395375219,1.055072,1.089231,1.049275,1.024862
1,61.35601537923422,1.027473,1.016949,1.024862,0.973046
1,57.50959917978389,0.973262,0.986111,0.973046,1.055402
1,62.564344188724895,1.054945,1.022535,1.055402,0.910761
1,51.37522783907886,0.953125,0.955923,0.910761,1.008646
0,52.187749781371586,0.961749,0.982709,1.008646,0.945714
0,46.848389637832184,0.96875,0.970674,0.945714,1.021148
0,48.921800394196104,0.997067,0.990937,1.021148,0.95858
0,45.12997208968045,0.979412,0.954268,0.95858,0.981481
0,43.57130038170211,0.960961,0.990415,0.981481,1.1
1,55.228068162349096,1.1,1.1,1.1,0.9
0,45.3742077202829,0.9,0.9,0.9,0.924765
0,40.78669635630447,0.925466,0.929487,0.924765,1.1
1,51.193494118031936,1.1,1.1,1.1,0.932749
0,46.85381660619317,0.922857,0.934911,0.932749,1.012539
0,47.684414101682094,1.049536,1.015823,1.012539,0.96904
0,45.75901870154905,0.935103,0.956386,0.96904,1.038339
1,48.448983765093836,1.047319,1.032573,1.038339,0.987692
0,47.601554101410116,0.981928,0.996845,0.987692,0.931464
0,43.13291601480009,0.935583,0.939873,0.931464,1.063545
1,47.69934571721989,1.07541,1.050505,1.063545,1.006289
1,48.17113556234621,0.981707,1.00641,1.006289,1.015625
1,49.400035082557366,1.021739,1.012739,1.015625,1.036923
1,52.3218962749793,1.048632,1.044025,1.036923,1.1
1,60.16610547549926,1.1,1.057229,1.1,0.933333
1,53.884959979575406,0.9,0.97151,0.933333,0.988571
1,52.93278586572952,1.0,0.994135,0.988571,0.947977
0,48.75748922236088,0.951705,0.952802,0.947977,1.018293
1,50.16849887086869,1.008955,1.024768,1.018293,0.901198
0,43.133533106726,0.9,0.9,0.901198,1.063123
0,47.68239817425916,1.066225,1.057823,1.063123,1.040625
0,50.594436585169234,1.055901,1.028939,1.040625,0.963964
0,47.941751216615216,0.967647,0.99375,0.963964,1.046729
1,51.37375980020904,1.024316,1.031447,1.046729,0.994048
1,50.89199869094736,1.005935,1.006098,0.994048,1.017964
1,52.33606204143243,1.058997,1.018182,1.017964,1.035294
1,55.175080305458835,0.991643,1.029762,1.035294,0.9375
0,49.36929096100628,0.941011,0.950867,0.9375,1.036364
1,52.316619731656516,1.023881,1.024316,1.036364,1.01462
1,53.53044596820213,1.014577,1.011869,1.01462,0.997118
1,53.23854847141215,1.002874,1.0,0.997118,0.976879
0,50.84967913274892,0.979943,0.982405,0.976879,0.994083
0,50.242713682985936,0.98538,0.991045,0.994083,1.020833
1,52.38497524683837,1.038576,1.018072,1.020833,1.03207
1,55.61864521381864,1.042857,1.038462,1.03207,1.036723
1,59.14953404231243,1.032877,1.017094,1.036723,0.948229
1,52.56702021569912,0.93634,0.966387,0.948229,0.971264
0,49.44798597762936,0.991501,0.971014,0.971264,0.976331
0,47.04319010706453,0.985714,0.970149,0.976331,1.0
0,47.04319010706453,0.965217,0.996923,1.0,0.951515
0,42.274417593882035,0.975976,0.953704,0.951515,1.009554
0,43.43229964085088,0.984615,1.009709,1.009554,1.037855
0,47.931313145127945,1.0375,1.035256,1.037855,1.006079
0,48.66414278152608,1.006024,1.01548,1.006079,1.036254
1,52.94353083702347,1.04491,1.036585,1.036254,0.982507
1,50.66917019409354,0.979943,0.988235,0.982507,0.970326
0,47.04201778250032,0.961988,0.946429,0.970326,0.963303
0,43.05866724981101,0.963526,0.981132,0.963303,0.974603
0,40.59100448983953,0.981073,0.945513,0.974603,0.908795
0,33.3804298562827,0.909968,0.918644,0.908795,1.010753
0,34.71849767160772,1.017668,1.03321,1.010753,0.992908
0,34.22496855392246,0.996528,0.989286,0.992908,1.017857
0,36.649493408641575,1.027875,1.025271,1.017857,1.0
0,36.64949340864157,0.989831,0.985915,1.0,1.007018
0,37.7145713541318,1.006849,1.021429,1.007018,1.034843
1,42.88510501789302,1.040816,1.003497,1.034843,0.993266
1,42.131795322215154,1.006536,1.020906,0.993266,1.057627
1,50.14775317330535,1.051948,1.044369,1.057627,1.022436
1,53.0327438081346,1.009259,1.035948,1.022436,0.981191
1,50.34343655625029,0.966361,0.981073,0.981191,1.019169
1,52.91481102179207,1.025316,1.019293,1.019169,1.018809
1,55.40189123514346,1.009259,0.996845,1.018809,0.953846
1,48.5041198693088,0.963303,0.974684,0.953846,1.009677
1,49.84898463031307,1.003175,1.00974,1.009677,1.047923
1,56.031965070935705,1.050633,1.041801,1.047923,0.981707
1,53.20626791788285,0.978916,0.975309,0.981707,1.043478
1,58.46913289178837,1.058462,1.003165,1.043478,1.1
1,67.90878969387492,1.1,1.1,1.1,1.021622
1,69.65641319186882,1.022901,1.036111,1.021622,1.002646
1,69.87723971818323,0.995025,0.994638,1.002646,1.1
1,77.0666907134694,1.0725,1.1,1.1,1.042959
1,79.44425064363067,1.030303,1.033816,1.042959,0.906178
1,63.337093088159634,0.914027,0.9,0.906178,0.979798
1,60.74896291578851,0.972772,1.007937,0.979798,0.9
0,50.01851022019125,0.908397,0.913386,0.9,1.0
0,50.018510220191246,0.985994,0.974138,1.0,1.017192
0,51.54561307555984,1.03125,1.032448,1.017192,1.016901
0,53.0891501886065,1.022039,1.014286,1.016901,1.0
0,53.0891501886065,0.986523,1.0,1.0,1.1
1,63.61810503520681,1.1,1.028169,1.1,0.997549
1,63.29260446381931,1.026961,1.1,0.997549,1.051597
1,67.09955140640504,1.050119,0.977778,1.051597,1.1
1,82.07063437669947,1.1,1.1,1.1,0.940171
1,73.9877847807772,0.925249,0.923077,0.940171,0.912727
1,64.59237291389557,0.917415,0.9,0.912727,0.994024
1,64.04497197358867,1.011742,1.046414,0.994024,0.911824
0,56.484180859161356,0.909091,0.90121,0.911824,1.002198
0,56.609555098144256,0.974468,0.977629,1.002198,0.971491
0,54.414702099871924,1.017467,1.011442,0.971491,1.069977
0,58.5425294344964,1.017167,1.047511,1.069977,1.021097
0,59.8068910853085,1.033755,1.030238,1.021097,1.0
0,59.80689108530851,1.012245,1.010482,1.0,0.9
0,50.365300218903364,0.907258,0.9,0.9,0.979118
0,48.952059186400035,0.948889,0.965116,0.979118,0.985782
0,47.98536951339724,0.983607,0.983133,0.985782,1.028846
0,50.107471757875125,1.02619,1.026961,1.028846,1.081776
1,55.77484288446251,1.1,1.023866,1.081776,1.010799
1,56.53443098774689,0.985294,1.032634,1.010799,0.967949
1,53.56226122866836,0.98081,1.020316,0.967949,1.002208
1,53.73687919898665,1.004348,0.984513,1.002208,0.933921
0,47.91581141162247,0.922078,0.937079,0.933921,1.028302
0,50.23787346689644,1.037559,1.033573,1.028302,1.03211
1,52.87741499127642,1.029412,1.032483,1.03211,0.968889
0,50.02009572688138,0.971429,0.964045,0.968889,1.022936
1,52.01468531853101,1.031674,1.039627,1.022936,1.020179
1,53.80163342974606,1.002193,0.997758,1.020179,1.017582
1,55.39182770280525,1.050328,1.038202,1.017582,1.012959
1,56.59845920346373,0.989583,1.0,1.012959,1.1
1,70.29793418905962,1.1,1.1,1.1,0.985816
1,68.34163530286762,0.958904,1.02809,0.985816,0.956835
1,62.704037505033206,0.955357,0.952641,0.956835,1.039474
1,65.39403814564807,1.04486,1.045889,1.039474,1.034358
1,67.6663321680806,1.041145,1.003656,1.034358,0.963287
1,62.7611528243499,0.948454,0.985428,0.963287,1.016334
1,63.96672680677812,1.027174,1.031423,1.016334,1.025
1,65.82040670105779,1.0194,1.010753,1.025,1.034843
1,68.32712298802771,1.044983,1.04078,1.034843,0.947811
1,60.874791565054714,0.968543,0.938671,0.947811,0.952043
0,55.225128890434966,0.933333,0.967332,0.952043,1.050373
1,59.29360999645761,1.040293,1.043152,1.050373,0.989343
0,58.03167997616082,1.014085,0.998201,0.989343,0.933573
0,50.84525398109067,0.90625,0.920721,0.933573,1.055769
0,55.49702002728058,1.072797,1.056751,1.055769,1.01275
0,56.56551338339135,1.001786,1.022222,1.01275,0.976619
0,53.97375015836897,1.024955,0.976449,0.976619,0.994475
0,53.366075061751346,0.942609,0.987013,0.994475,0.959259
0,49.00848629574941,0.968635,0.956767,0.959259,1.001931
0,49.21149209126078,1.017143,0.990177,1.001931,0.953757
0,44.62017079268415,0.928839,0.968254,0.953757,1.030303
0,47.8923518431367,1.054435,1.040984,1.030303,1.039216
1,51.96750797470917,1.038241,1.003937,1.039216,1.056604
1,57.35500221779243,1.053407,1.086275,1.056604,1.010714
1,58.36093135018741,1.01049,0.994585,1.010714,1.024735
1,60.69091915148232,1.032872,1.016334,1.024735,1.065517
1,66.21671418833495,1.058626,1.089286,1.065517,1.017799
1,67.6350234898843,1.006329,1.022951,1.017799,1.08744
1,73.6024532864765,1.1,1.073718,1.08744,0.991228
1,72.04192876222467,0.963585,0.985075,0.991228,1.00295
1,72.25311034646265,1.0,0.998485,1.00295,1.067647
1,76.62621949629806,1.0625,1.084977,1.067647,1.017906
1,77.69608060641404,1.032832,1.001399,1.017906,1.069012
1,81.31028441523132,1.059603,1.068436,1.069012,0.992405
1,79.67453509664149,0.9975,0.986928,0.992405,1.1
1,86.30219771486328,1.1,1.1,1.1,1.075163
1,88.39976404586952,1.070899,1.067329,1.075163,0.918946
1,74.21061308754898,0.913043,0.930714,0.918946,1.012128
1,74.80934464755252,1.00974,0.98,1.012128,1.1
1,81.83010874749408,1.1,1.1,1.1,1.1
1,84.7624942128776,1.1,1.1,1.1,1.1
1,87.90582891930494,1.1,1.027569,1.1,1.1
1,92.44611214720486,1.1,1.1,1.1,0.978901
1,89.33401336554977,1.007773,1.014143,0.978901,0.997164
1,88.90989613574993,1.034711,0.976177,0.997164,0.910694
1,76.61079503432107,0.9,0.9,0.910694,0.9
0,62.83746547585626,0.926589,0.90793,0.9,0.9
0,55.36622882872959,0.9,0.9,0.9,0.9
0,46.58547988769552,0.9,0.9,0.9,1.1
0,51.09648195766468,1.1,1.1,1.1,0.9
0,42.29182472999901,0.9,0.9,0.9,1.042131
0,43.508296691316694,1.003525,1.002503,1.042131,1.1
0,49.868029939110016,1.1,1.1,1.1,0.9
0,44.42529860366163,0.9,0.9,0.9,0.9
0,41.12709494083794,0.9,0.9,0.9,0.9
0,37.4682508522505,0.9,0.9,0.9,1.1
0,41.43125846488953,1.095779,1.1,1.1,0.918306
0,40.12263770523921,0.902222,0.9,0.918306,0.998353
0,40.09738007499439,1.049261,1.056437,0.998353,0.9967
0,40.043086885744444,0.960876,1.001669,0.9967,1.097682
0,42.51585903866157,1.1,1.041667,1.097682,1.098039
1,45.19744469299432,1.083947,1.1,1.098039,1.059066
1,46.96017351208376,1.059783,1.039829,1.059066,0.968872
1,46.069485660185755,0.991026,0.998632,0.968872,1.017403
1,46.65964398822032,1.003881,1.0,1.017403,1.1
1,50.433964510454395,1.1,1.083562,1.1,1.018957
1,51.143107942851195,0.979775,1.073325,1.018957,0.963953
1,49.66062907022074,1.052752,0.972909,0.963953,1.022919
1,50.60567953914892,0.953159,1.016949,1.022919,1.1
1,63.15255652294081,1.1,1.1,1.1,1.005993
1,63.37173992280537,0.947077,1.014085,1.005993,0.986383
1,62.45722746601657,1.0,0.94184,0.986383,0.948231
1,59.017749062457646,0.95246,1.008295,0.948231,0.9
0,46.08196754002066,0.9,0.9,0.9,0.9
0,42.578471467417536,0.9,0.926413,0.9,1.03352
0,43.69603022995403,0.986825,0.998582,1.03352,0.9
0,40.544705095755276,0.9,0.9,0.9,1.1
0,44.05953623783943,1.1,1.1,1.1,0.986169
0,43.67336249149236,0.947712,0.950069,0.986169,1.1
0,47.44358379213225,1.1,1.1,1.1,0.903676
0,44.25361487132466,0.90232,0.905263,0.903676,0.955119
0,42.94432498062525,0.97429,0.963663,0.955119,1.011747
0,43.39520910603839,0.972222,1.019608,1.011747,1.1
1,49.179899154499495,1.1,1.1,1.1,0.982412
1,48.4817723186967,0.981459,0.998698,0.982412,1.1
1,56.627758365707685,1.1,1.09648,1.1,0.944444
1,53.804606051660066,0.964361,1.042806,0.944444,1.066593
1,56.45150955621541,1.084783,1.064994,1.066593,0.94693
1,53.638201742747825,0.913828,0.911135,0.94693,1.1
1,57.77104975374197,1.1,1.1,1.1,0.921236
1,53.41510768207444,0.955744,0.916168,0.921236,0.9
0,47.29055487727261,0.9,0.9,0.9,0.977444
0,46.47081287574696,0.953545,0.958015,0.977444,1.030769
0,47.77080152142305,1.05,1.035857,1.030769,1.1
0,52.0070803949792,1.095238,1.097436,1.1,0.968362
0,50.48277462645133,0.978818,0.985981,0.968362,0.949825
0,48.14883042379893,0.943052,0.956161,0.949825,1.056511
0,50.77089424970158,1.073671,1.004957,1.056511,1.016279
1,51.5735370945454,1.012373,1.075216,1.016279,1.012586
1,52.23253183339841,1.005556,1.013761,1.012586,1.045198
1,54.64930100849628,1.059669,1.024887,1.045198,1.072432
1,58.44206968384914,1.067779,1.033113,1.072432,0.951613
1,54.89970324058187,0.933594,0.991453,0.951613,1.066737
1,58.45873308828071,1.094142,1.079741,1.066737,1.051639
1,61.18166400490504,1.022945,1.041916,1.051639,1.03305
1,62.94235865063751,1.042056,1.028736,1.03305,0.9
0,52.963628721595,0.9,0.9,0.9,0.970803
0,51.152263367823615,0.972364,0.978947,0.970803,0.987111
0,50.35738731743875,0.982105,0.987097,0.987111,0.972797
0,48.66087160383095,0.983923,0.953159,0.972797,1.014541
0,49.61150724259208,1.0,1.028571,1.014541,1.026461
0,51.40066446037251,1.025054,0.991111,1.026461,1.005371
0,51.784764959275144,0.995749,1.03139,1.005371,1.003205
0,52.0297403969464,1.018143,1.013043,1.003205,0.98722
0,50.91536430951383,0.979036,0.983906,0.98722,0.998921
0,50.817685929677715,1.005353,1.008724,0.998921,1.00324
1,51.12064294578574,0.994675,0.981622,1.00324,1.1
1,60.961509674822786,1.1,1.1,1.1,0.971237
1,57.67097661588861,0.952381,0.95534,0.971237,0.963475
1,53.81297255755847,0.977451,0.97561,0.963475,0.978484
0,51.69904477238198,0.986961,0.991667,0.978484,0.987435
0,50.478767447506186,0.965447,0.97479,0.987435,0.996819
0,50.16001146710216,0.998947,0.99569,0.996819,0.962766
0,46.472942636593224,0.978925,0.974026,0.962766,1.069613
1,53.14872568388749,1.047363,1.058889,1.069613,0.990702
0,52.14813993931216,1.014388,1.002099,0.990702,0.948905
0,46.96412822658774,0.947315,0.950785,0.948905,0.931868
0,41.36136456859129,0.908021,0.915198,0.931868,1.018868
0,43.24313824261028,1.020024,1.019254,1.018868,0.989583
0,42.418532447793076,0.996536,1.003542,0.989583,1.018713
0,44.44668813603439,1.026651,1.023529,1.018713,1.019518
0,46.598887445967094,1.023702,0.993103,1.019518,1.006757
0,47.37381558030979,0.99118,1.023148,1.006757,0.973154
0,44.58666285926747,0.973304,0.975113,0.973154,0.990805
0,43.66448607872468,1.0,0.99652,0.990805,0.993039
0,42.94704141057036,0.985143,0.993015,0.993039,0.984813
0,41.36130472128587,0.981439,0.966002,0.984813,0.903915
0,33.148552166582085,0.901891,0.917476,0.903915,1.010499
0,34.53122170888716,1.010485,1.007937,1.010499,0.931169
0,30.090909928994993,0.950713,0.939633,0.931169,0.933054
0,26.73759794335928,0.924966,0.932961,0.933054,0.962631
0,25.16465463692697,0.951327,0.938623,0.962631,0.975155
0,24.184070770324254,1.0,1.0,0.975155,0.907643
0,20.990929496884885,0.9,0.9,0.907643,1.02807
0,23.973101407316435,1.017331,1.023091,1.02807,0.919795
0,21.415954300604877,0.925043,0.911458,0.919795,0.959184
0,20.323174777266757,0.955801,0.942857,0.959184,1.096712
0,29.169219874910002,1.1,1.1,1.096712,1.047619
0,33.46503426852041,1.067708,1.051418,1.047619,0.993266
0,33.14432349200784,0.95935,0.969646,0.993266,1.005085
1,33.657844017512765,1.008475,1.015652,1.005085,1.1
1,46.133910547727915,1.1,1.1,1.1,0.935007
1,41.709262919933266,0.913842,0.975309,0.935007,0.909953
0,36.787051501563,0.904173,0.901899,0.909953,1.010417
0,37.62154591573566,1.003419,1.012281,1.010417,1.051546
1,41.76138189920729,1.063032,1.048527,1.051546,0.954248
0,39.14982319465714,0.972756,0.963636,0.954248,1.044521
1,42.73114565711192,1.01318,1.039451,1.044521,1.006557
1,43.284186334678346,1.004878,0.99835,1.006557,0.991857
1,42.72872578569113,1.0,1.001653,0.991857,1.039409
1,46.29153542553137,1.037217,1.031353,1.039409,1.07267
1,52.4032659843074,1.068643,1.0256,1.07267,1.020619
1,54.11466112162943,1.048175,1.073323,1.020619,0.982684
1,52.37627733987463,0.965181,0.968023,0.982684,1.005874
1,52.91920001554191,1.01443,1.021021,1.005874,1.021898
1,54.99137459160405,1.01138,1.029412,1.021898,1.024286
1,57.285916254691124,1.015471,1.012857,1.024286,0.924686
0,48.77915919438939,0.963989,0.925247,0.924686,0.932127
0,43.04298903149075,0.9,0.92378,0.932127,0.987055
0,42.0952623807641,0.988782,1.00165,0.987055,0.929508
0,37.336661259011365,0.944895,0.932455,0.929508,0.954145
0,34.77675142509258,0.939966,0.948763,0.954145,1.009242
0,35.689917141187344,1.010949,0.986965,1.009242,1.1
1,51.81763572093885,1.1,1.1,1.1,1.013699
1,52.85010889270066,1.004511,1.025559,1.013699,1.022523
1,54.59639128137353,1.02994,0.971963,1.022523,1.07489
1,60.018370743538114,1.068314,1.097756,1.07489,0.937158
1,53.78013577083188,0.97415,1.0,0.937158,1.033528
1,56.229822356994475,0.997207,1.011679,1.033528,0.978843
1,54.21180976959693,0.97619,0.984127,0.978843,1.008646
1,54.90890579779253,1.010043,0.997067,1.008646,0.981429
1,53.02526217490557,0.978693,0.970588,0.981429,1.05968
1,57.92734916880461,1.088534,1.045455,1.05968,0.990385
1,56.83680028756946,0.972,1.002899,0.990385,0.980583
1,54.62195497270437,0.97668,1.018786,0.980583,1.001414
1,54.757572657192576,1.007022,0.984397,1.001414,0.968927
0,51.13672059810285,0.965132,0.972622,0.968927,0.991254
0,50.16249623572612,0.991329,1.001481,0.991254,0.9
0,37.47586304543845,0.91691,0.9,0.9,1.068847
0,43.67431456307011,1.011129,1.067126,1.068847,0.969404
0,41.56638519842378,0.968553,0.959677,0.969404,0.971761
0,39.71919994880022,0.959416,0.969748,0.971761,1.0
0,39.719199948800224,0.998308,1.0,1.0,0.950427
0,36.50930918754884,0.947458,0.94974,0.950427,1.082734
0,44.21094974720121,1.08229,1.04927,1.082734,1.028239
1,46.78028915020082,1.034711,1.062609,1.028239,1.001616
1,46.93510505663942,0.992013,0.986907,1.001616,1.009677
1,47.914141437204925,1.038647,1.033167,1.009677,0.939297
0,42.55868214567634,0.927132,0.926164,0.939297,0.954082
0,39.20558737997824,0.959866,0.946274,0.954082,0.9
0,28.340270487958737,0.9,0.9,0.9,0.9
0,22.202622204283422,0.9,0.9,0.9,0.920245
0,21.07183730791364,0.9,0.993056,0.920245,1.03
0,22.542433454362286,1.022727,1.041958,1.03,1.003236
0,22.714739406454378,1.015873,1.030201,1.003236,1.070968
0,26.584055296272684,1.078125,1.013029,1.070968,1.057229
0,29.850517132920217,1.084058,1.1,1.057229,0.917379
0,27.81621998784968,0.9,0.917143,0.917379,1.018634
0,28.895900118601652,0.996979,0.990654,1.018634,0.960366
0,27.921426955306117,0.990909,0.987421,0.960366,1.012698
0,28.717980497960376,0.984709,1.009554,1.012698,1.012539
1,29.556349725181292,1.018634,1.012618,1.012539,1.04644
1,32.75053510660083,1.039634,1.034268,1.04644,0.976331
1,31.91924187502977,0.991202,0.993976,0.976331,1.030303
1,34.1686251704754,1.023669,1.012121,1.030303,0.988235
1,33.6891416307996,0.973988,0.994012,0.988235,0.958333
0,31.996735473419537,0.979228,0.966867,0.958333,0.9
0,28.184732270597024,0.9,0.9,0.9,0.965157
0,27.188081984302293,0.949153,0.973881,0.965157,1.1
0,35.09718248691903,1.1,1.1,1.1,1.035599
1,37.606143111042854,1.022082,1.029316,1.035599,1.059375
1,41.79176798008398,1.089506,1.028481,1.059375,1.1
1,49.97144195263209,1.1,1.1,1.1,0.921466
1,45.19922622280941,0.964194,0.95082,0.921466,1.076705
1,49.841883246066445,1.007958,1.011494,1.076705,1.031662
1,51.79649581262877,1.068421,1.079545,1.031662,0.943734
1,48.096042530388814,0.96798,0.965789,0.943734,1.00271
1,48.27692682880541,0.951654,0.991826,1.00271,0.954054
0,45.38149840490533,0.957219,0.956044,0.954054,1.053824
1,49.05881975230859,1.039106,1.025862,1.053824,1.064516
1,53.33292044058631,1.1,1.1,1.064516,0.949495
1,49.59830396102924,0.917073,0.93401,0.949495,0.962766
0,47.11139802483499,1.00266,0.980978,0.962766,0.947514
0,43.89466843062826,0.909814,0.914127,0.947514,1.03207
0,46.18559350203756,1.034985,1.045455,1.03207,1.056497
1,50.16962617078541,1.073239,1.057971,1.056497,1.1
1,59.13034220218025,1.1,1.1,1.1,0.97669
1,57.11915571393848,0.981609,1.004902,0.97669,1.062053
1,60.84784075196083,1.1,1.068293,1.062053,1.022472
1,62.20894903707713,0.925253,1.018265,1.022472,1.015385
1,63.174051933140554,1.015284,1.008969,1.015385,0.95671
1,58.57160870145303,0.952688,0.935556,0.95671,1.049774
1,61.8629587409814,1.060948,1.092637,1.049774,0.954741
1,57.19213370276872,0.965957,0.95,0.954741,1.081264
1,62.42912774213017,1.063877,1.06865,1.081264,0.935282
0,56.06821938706119,0.94824,0.920771,0.935282,0.9
0,46.518172580259574,0.9,0.9,0.9,0.974359
0,45.09208644730137,0.931373,0.921875,0.974359,1.073684
0,49.73833753077334,1.1,1.1,1.073684,0.95098
0,46.69865153969676,0.942792,0.984772,0.95098,1.036082
0,49.04610798195413,1.002427,1.025773,1.036082,0.90796
0,43.58305528060176,0.951574,0.917085,0.90796,1.073973
0,48.12397913969616,1.043257,1.063014,1.073973,1.033163
0,50.20227986143949,1.0,1.023196,1.033163,0.975309
0,48.58967826041482,0.985366,0.982368,0.975309,0.997468
1,48.422171403258126,0.985149,1.007692,0.997468,0.956853
0,45.54750929289929,0.962312,0.956743,0.956853,1.0
0,45.547509292899285,0.997389,1.0,1.0,0.986737
0,44.643462592667625,0.973822,0.976064,0.986737,0.956989
0,41.785315476181275,0.965054,0.945504,0.956989,0.94382
0,38.469868364499916,0.966574,0.956772,0.94382,1.041667
0,41.94250570303832,1.020173,1.042169,1.041667,1.034286
0,44.817335557411745,1.042373,1.043353,1.034286,0.98895
0,44.03460658860884,1.01626,0.99169,0.98895,1.1
1,53.44711039370273,1.1,1.067039,1.1,0.987531
1,52.344696887914836,0.961446,1.026178,0.987531,1.0
1,52.34469688791483,1.005013,0.992347,1.0,0.969697
1,49.50266167627549,0.957606,0.938303,0.969697,0.976562
1,47.42300437072807,1.010417,1.021918,0.976562,1.016
1,48.962388453378104,0.984536,1.0,1.016,0.942257
0,43.88832026784469,0.960733,0.951743,0.942257,0.988858
0,43.0154687773119,0.972752,0.983099,0.988858,0.997183
0,42.78637064983923,0.991597,0.985673,0.997183,0.963277
0,39.81745147578883,0.974576,0.988372,0.963277,1.026393
0,42.77779010326275,1.1,1.026471,1.026393,1.008571
0,43.77067098232391,0.950777,1.008596,1.008571,0.974504
0,41.44721822267662,0.948229,0.965909,0.974504,1.037791
1,45.9132998329395,1.028736,1.038235,1.037791,1.02521
1,48.823567729884914,1.036313,1.01983,1.02521,1.005464
1,49.47418853909454,1.024259,1.022222,1.005464,1.002717
