1,0.0,1.019108,1.040462,0.997248,0.917203
1,0.0,0.926786,0.9,0.917203,0.946841
1,0.0,0.925819,0.968354,0.946841,1.043432
1,24.08671766446361,1.030177,1.013072,1.043432,1.078173
1,48.95409874952089,1.1,1.1,1.078173,0.962335
1,41.37224626089407,0.998167,0.985479,0.962335,0.955969
1,34.8357040613664,0.92562,0.954813,0.955969,1.1
1,56.96514324406332,1.1,1.1,1.1,0.914645
0,45.37376881478895,0.908384,0.948598,0.914645,1.071709
1,53.246474936248184,1.046622,1.054187,1.071709,1.014665
1,54.78459772484049,1.024545,1.009346,1.014665,0.990967
1,53.597768972895864,0.984916,0.99537,0.990967,1.028259
1,56.72737184649443,1.033333,1.0,1.028259,0.931738
0,48.05728722397111,0.974717,0.945116,0.931738,1.060894
1,54.308192826465174,1.005367,1.061024,1.060894,0.9
0,37.051524817540425,0.9,0.9,0.9,0.928814
0,33.8762299481467,0.925769,0.953488,0.928814,1.013382
0,34.924878075380015,0.967927,0.984146,1.013382,0.914766
0,31.457172552255056,0.908876,0.9,0.914766,1.053806
0,35.44336608667328,1.075521,1.1,1.053806,0.988792
0,34.96269870832573,0.979419,0.963568,0.988792,0.991184
0,34.57000911140967,1.002472,1.024772,0.991184,0.935197
0,31.770242691643332,0.967941,0.923664,0.935197,1.050272
0,35.83061990169419,0.992357,1.033058,1.050272,0.9
0,30.272481011087876,0.9,0.9,0.9,1.085457
0,36.01990975000967,1.1,1.077044,1.085457,0.950276
0,34.107705764998954,0.919631,0.964964,0.950276,1.074128
0,39.04462439235084,1.083095,1.098336,1.074128,1.08525
1,44.569531101078354,1.075397,1.086777,1.08525,1.027431
1,46.396669831898635,1.01968,1.010139,1.027431,0.967233
1,44.45973244164666,0.965018,0.97867,0.967233,0.996236
1,44.23874188571113,1.0325,1.012821,0.996236,1.062972
1,48.806036792954885,1.049637,1.056962,1.062972,1.040284
1,51.70298277195097,1.024221,1.015569,1.040284,1.1
1,58.66689510004894,1.1,1.097877,1.1,0.951646
1,54.4401416196806,0.989775,0.986037,0.951646,0.981622
1,52.95403948987233,0.977273,0.978214,0.981622,1.055066
1,56.6980942100971,1.020085,1.046771,1.055066,1.01357
1,57.64196741896255,1.030052,1.021277,1.01357,0.910402
0,49.816030380321116,0.910463,0.9125,0.910402,1.047511
1,53.12472086181557,1.026519,1.031963,1.047511,1.049676
1,56.506958617124475,1.054898,1.029867,1.049676,1.026749
1,58.33679856402713,1.036735,1.046187,1.026749,0.913828
0,50.733562533826465,0.989173,0.924025,0.913828,1.012061
0,51.60243947063459,0.922388,0.983333,1.012061,1.083424
1,57.28183855204597,1.0863,1.084746,1.083424,0.991
1,56.44803411015213,1.028798,1.030208,0.991,0.960646
0,52.85748762860326,0.921815,0.930233,0.960646,1.1
1,62.89425183912724,1.1,1.1,1.1,1.1
1,68.51868841965539,1.1,1.1,1.1,1.028548
1,69.94943260523623,1.021722,1.036596,1.028548,0.997621
1,69.65721044696718,1.053543,1.01642,0.997621,0.967409
1,65.62235443136602,0.937967,0.97496,0.967409,0.949877
1,60.04921440531042,0.948207,0.941176,0.949877,0.947232
0,55.01731211760589,0.936975,0.941901,0.947232,1.020091
0,56.43518808557505,1.008969,1.03271,1.020091,1.048344
1,59.785827820323306,1.052444,1.036199,1.048344,1.005978
0,60.21301857570993,1.009291,1.016594,1.005978,1.046689
1,63.49436409776471,1.05272,1.040378,1.046689,0.961071
0,58.926776471852364,0.942766,0.961189,0.961071,1.021941
1,60.58092657115494,1.059022,1.03866,1.021941,0.933939
0,53.448273073199715,0.906847,0.909843,0.933939,1.050398
1,57.30534938277053,1.069359,1.049091,1.050398,0.967172
0,54.00807157341019,0.950739,0.979203,0.967172,1.063534
1,58.788055318677934,1.070812,1.043363,1.063534,0.948445
0,53.60971410401678,0.950806,0.967769,0.948445,1.013805
0,54.70103866746674,1.039016,1.021911,1.013805,0.9
0,45.18533824938189,0.9,0.9,0.9,1.022073
0,46.905447498547105,1.041148,1.044423,1.022073,1.044131
0,50.33519931489422,1.035846,0.968809,1.044131,0.969424
0,47.92347969300473,0.975155,1.030244,0.969424,0.977737
0,46.239319245151925,0.969973,0.97822,0.977737,0.941176
0,42.12118213675151,0.933396,0.939013,0.941176,1.003024
0,42.388551972903336,1.00201,0.995876,1.003024,0.940704
0,38.61093028246048,0.981946,0.967909,0.940704,1.060897
0,43.8199887453542,1.031665,1.038503,1.060897,1.029204
0,46.31585904516442,1.019802,1.029866,1.029204,0.996086
0,46.01221830621766,0.994175,1.011,0.996086,1.031434
1,48.898499496260044,1.054688,1.031652,1.031434,0.958095
0,45.31144136452845,0.947222,0.96069,0.958095,0.94334
0,41.10474028064732,0.940371,0.94511,0.94334,0.979979
0,39.779021819255945,0.993763,0.959873,0.979979,0.92043
0,35.03906191181549,0.904812,0.933993,0.92043,0.959112
0,33.03410901318759,0.954913,0.942285,0.959112,1.1
1,46.87664227428516,1.1,1.1,1.1,0.931889
0,42.643333253225556,0.923848,0.988864,0.931889,0.940199
0,39.50023697245379,0.951193,0.954955,0.940199,1.004711
0,39.853879977145255,0.981756,1.002358,1.004711,1.03517
0,42.56550809419219,1.029036,0.982353,1.03517,0.91846
0,38.12320816357475,0.933409,0.962874,0.91846,1.004932
0,38.50716881752699,0.997582,0.996269,1.004932,1.019632
0,40.10809653865454,1.01697,1.018727,1.019632,1.008424
0,40.83384037745117,1.058403,0.982843,1.008424,1.015513
0,42.23381110010219,0.976351,1.03616,1.015513,1.052879
1,46.91613996096086,1.053057,1.045728,1.052879,1.007812
1,47.62729357846544,1.009858,1.01496,1.007812,0.937984
0,42.69903325022586,0.978308,0.952381,0.937984,0.948052
0,39.26144868639013,0.913525,0.952381,0.948052,0.926526
0,35.17240768570359,0.947816,0.92875,0.926526,0.965054
0,33.51583241190996,0.934699,0.960969,0.965054,0.9
0,28.605097256077507,0.9,0.9,0.9,0.925397
0,26.381784593109593,0.933858,0.944262,0.925397,1.012007
0,27.28824039460231,0.998314,1.001736,1.012007,0.9
0,24.174296725016802,0.9,0.9,0.9,1.086207
0,29.87703906710591,1.1,1.1,1.086207,1.049383
0,33.241415805433725,1.015126,1.047788,1.049383,0.986555
0,32.75782715265596,0.988411,0.988176,0.986555,1.02385
0,34.55220677486181,1.015075,1.0,1.02385,1.053245
1,38.58628735110038,1.066007,1.064957,1.053245,1.025276
1,40.55911662542772,1.03096,1.027287,1.025276,1.069337
1,45.82974333887322,1.054054,1.071875,1.069337,1.002882
1,46.0586723333361,0.997151,1.001458,1.002882,1.060345
1,50.7643637083048,1.077143,1.042213,1.060345,0.922764
1,45.02380395185424,0.907162,0.927374,0.922764,0.954479
0,42.22703007671103,0.976608,0.966867,0.954479,0.932308
0,38.56529058749799,0.922156,0.928349,0.932308,1.069307
0,43.59343621245649,1.053571,1.036913,1.069307,1.030864
1,45.865565460436294,1.03698,1.056634,1.030864,1.067365
1,50.67947859165819,1.080238,1.050536,1.067365,1.0
1,50.67947859165819,1.015131,1.027697,1.0,0.98317
1,49.32300217840225,0.960705,0.98156,0.98317,0.980029
1,47.718292483996954,0.990127,0.989884,0.980029,1.002911
1,47.978676913125355,1.008547,1.00146,1.002911,0.930334
0,42.50698681328305,0.922316,0.925656,0.930334,1.045242
0,46.478388789982446,1.049005,1.050394,1.045242,1.013433
0,47.686132543028215,0.99708,1.0,1.013433,0.972018
0,45.359082835311106,0.998536,0.973013,0.972018,0.969697
0,42.98139340348169,0.958944,0.98151,0.969697,0.98125
0,41.57326916609285,0.974006,0.951334,0.98125,0.941083
0,37.49446541087167,0.934066,0.942244,0.941083,0.988156
0,36.75966203562625,0.988235,1.005254,0.988156,0.972603
0,35.067970281235766,0.986395,0.982578,0.972603,1.001761
0,35.26847760688804,0.987931,0.980496,1.001761,0.961336
0,32.864111871684685,0.95637,0.958409,0.961336,1.047532
0,38.22415020477661,1.051095,1.060377,1.047532,0.991274
0,37.60240827418116,0.989583,0.985765,0.991274,1.005282
0,38.25139439195039,1.021053,1.019856,1.005282,1.003503
0,38.70906942178402,0.998282,1.00531,1.003503,1.066318
1,46.78031639006141,1.086059,1.051056,1.066318,0.968903
1,43.682826880839265,0.966719,0.978224,0.968903,0.932432
0,37.981112654826724,0.914754,0.933219,0.932432,0.994565
0,37.58487678463876,0.985663,0.988991,0.994565,0.989071
0,36.75890846311751,1.005455,1.0,0.989071,1.031308
0,40.73306597264418,1.025316,1.024119,1.031308,1.008929
0,41.889722555216004,1.008818,1.016304,1.008929,1.1
1,59.447273439353594,1.1,1.1,1.1,0.956587
1,54.45820179870931,0.9,0.951662,0.956587,0.953052
1,49.80189479819155,0.924242,0.947619,0.953052,0.929392
0,43.99535956817076,0.947541,0.919598,0.929392,0.975265
0,42.267448087380465,0.974048,0.989071,0.975265,0.9
0,35.9653698462988,0.9,0.9,0.9,1.1
0,43.88785604622997,1.09879,1.1,1.1,1.1
1,55.60275375061881,1.1,1.1,1.1,0.964396
1,52.89453591075902,0.971037,1.003263,0.964396,1.001605
1,53.00171896173502,0.99529,1.004878,1.001605,1.043269
1,55.91822165775216,1.053628,1.032362,1.043269,0.970814
1,53.40662408378275,0.992515,0.987461,0.970814,1.1
1,63.2344624508436,1.1,1.084127,1.1,0.9
1,53.41263805172224,0.921303,0.951684,0.9,1.062883
1,56.890860121674756,1.045655,1.026154,1.062883,0.997114
1,56.668599517916824,0.992958,1.034483,0.997114,1.001447
1,56.75956251409897,0.990071,0.992754,1.001447,0.943642
0,52.1606580939466,0.946991,0.947445,0.943642,1.1
1,62.15266512158105,1.1,1.1,1.1,1.064851
1,65.44601834540033,1.048531,1.063448,1.064851,0.93179
1,59.22954452667213,0.961023,0.966278,0.93179,1.013072
1,59.96092203959622,0.993663,1.033557,1.013072,0.938065
1,54.87256880479917,0.933673,0.924675,0.938065,0.935351
0,50.36560272555725,0.967213,0.949438,0.935351,1.001471
0,50.45883837680519,0.980226,0.992604,1.001471,1.058737
0,54.16750211532445,1.04755,1.044709,1.058737,0.930652
0,49.208585037363854,0.982118,0.948645,0.930652,1.028316
0,51.042729397907934,0.97619,1.01203,1.028316,1.092754
1,56.71309191988958,1.1,1.1,1.092754,1.054377
1,59.91605990891948,1.031928,1.021362,1.054377,1.066667
1,63.659443264694566,1.074257,1.094118,1.066667,0.956368
1,59.4830834200533,0.975806,0.967742,0.956368,0.967941
1,56.66961746925097,0.971665,0.962963,0.967941,0.942675
0,52.07838242891271,0.910085,0.916667,0.942675,0.944595
0,48.24331982906412,0.94259,0.956643,0.944595,0.9
0,40.95524029656849,0.9,0.9,0.9,1.08402
0,45.83977716642141,1.081862,1.1,1.08402,1.007599
0,46.30873113112147,1.020772,1.004566,1.007599,1.1
1,56.39296090609617,1.1,1.1,1.1,0.987294
1,55.487853767349726,0.955097,0.956522,0.987294,1.030888
1,57.26080721682767,1.040661,1.062834,1.030888,1.013733
1,58.08486151708635,1.028083,1.015094,1.013733,0.961823
1,54.87380267541484,0.995249,0.966543,0.961823,1.1
1,62.506384689998306,1.089499,1.070513,1.1,0.9
1,53.89363227627192,0.946331,0.948503,0.9,1.023929
1,55.25026832754647,0.951389,1.005051,1.023929,1.02952
1,56.9724973680924,1.043796,1.035176,1.02952,0.9773
1,55.16252617956763,0.959207,0.970874,0.9773,1.0
1,55.162526179567614,1.009721,1.0,1.0,1.013447
1,56.098986546310066,1.020457,1.0,1.013447,1.089264
1,61.868692504233984,1.079009,1.0725,1.089264,0.9
0,51.27673523797791,0.9,0.912587,0.9,0.932075
0,46.94876612653263,0.96264,0.934866,0.932075,1.02969
0,48.84320551301183,1.002587,0.998634,1.02969,0.930537
0,44.701796935531746,0.948387,0.969904,0.930537,1.047887
0,47.76178664469962,1.028571,1.005642,1.047887,1.012097
0,48.57302449642782,1.015873,1.051893,1.012097,1.034529
0,50.94316940794758,1.022135,1.024,1.034529,0.973042
0,48.979671624002506,0.975796,0.97526,0.973042,0.98285
0,47.75265425163421,0.981723,0.987984,0.98285,0.934228
0,43.34496553787584,0.948138,0.932432,0.934228,1.033046
0,45.87055864576872,1.01683,1.007246,1.033046,1.026426
0,47.935359622401975,1.033103,1.047482,1.026426,0.925474
0,42.84091168575805,0.935915,0.924451,0.925474,0.976574
0,41.46047224402076,0.964337,0.983655,0.976574,1.053973
0,45.70007427976655,1.053254,1.048338,1.053973,1.00569
0,46.16659389669767,1.004213,1.014409,1.00569,1.019802
1,47.85522280067542,1.011189,0.994318,1.019802,1.066574
1,53.26771475391222,1.069156,1.071429,1.066574,0.994798
1,52.776097453270886,1.012937,1.002667,0.994798,1.020915
1,54.58176591029032,1.006386,0.992021,1.020915,1.015365
1,55.94240477810591,1.021574,1.045576,1.015365,0.940731
1,49.6664854456641,0.951553,0.946154,0.940731,1.057641
1,54.676250230169536,1.032637,1.01897,1.057641,0.961977
1,50.87194051727034,1.018963,0.99734,0.961977,1.031621
1,53.650362195005506,0.975186,1.002667,1.031621,1.031928
1,56.41548375754074,1.030534,1.055851,1.031928,1.022277
1,58.342469854213576,1.025926,1.026448,1.022277,0.920097
0,49.670784960653776,0.942238,0.927607,0.920097,0.963158
0,46.51225601026821,0.950192,0.964286,0.963158,1.001366
0,46.64275402238063,1.008065,1.0,1.001366,1.050477
0,51.3703183745934,1.06,1.05487,1.050477,1.003896
0,51.74365677858248,0.973585,0.985696,1.003896,1.032342
1,54.85410478937295,1.036176,1.030343,1.032342,1.0
1,54.85410478937295,1.008728,1.010243,1.0,1.035088
1,58.341932670159714,1.029666,1.019011,1.035088,0.947942
1,51.73207939948295,0.945978,0.946517,0.947942,1.056194
1,57.089365584063636,1.057107,1.069645,1.056194,0.998791
1,56.934699426489495,1.004802,1.007371,0.998791,1.089588
1,64.581599674156,1.075269,1.013415,1.089588,1.06
1,68.91873831957999,1.086667,1.095066,1.06,0.97065
1,64.50775661262777,0.97137,1.002198,0.97065,0.973002
1,60.7680307977376,0.992632,0.984649,0.973002,1.037736
1,63.838455078330306,0.995758,1.032294,1.037736,1.1
1,70.84818628403153,1.099042,1.00863,1.1,1.007752
1,71.34159781834698,1.025194,1.096257,1.007752,1.036538
1,73.62515517175932,1.036862,1.012683,1.036538,0.999072
1,73.45926996995809,0.991796,1.029865,0.999072,0.994429
1,72.40515772087039,0.992647,0.982226,0.994429,0.956116
1,64.58680364133872,0.951852,0.96,0.956116,1.030273
1,67.10949916743469,1.039883,1.041667,1.030273,0.996209
1,66.45170679905122,1.003742,1.0,0.996209,1.018078
1,68.05349987536128,1.023299,1.015238,1.018078,1.000935
1,68.1397215852427,1.002732,0.974672,1.000935,0.961718
0,60.88423208773984,0.953678,0.982676,0.961718,1.0
0,60.88423208773984,1.0,1.0,1.0,1.0
0,60.88423208773984,1.0,1.0,1.0,1.0
0,60.884232087739846,1.0,1.0,1.0,1.0
0,60.884232087739846,1.0,1.0,1.0,1.0
0,60.88423208773984,1.0,1.0,1.0,1.0
0,60.88423208773984,1.0,1.0,1.0,1.0
0,60.884232087739846,1.0,1.0,1.0,1.0
0,60.884232087739846,1.0,1.0,1.0,1.0
1,60.88423208773983,1.0,1.0,1.0,1.0
1,60.88423208773983,1.0,1.0,1.0,1.0
1,60.884232087739825,1.0,1.0,1.0,1.1
1,76.30686368363163,1.079048,1.1,1.1,1.1
1,92.75763297158163,1.1,1.1,1.1,1.016627
1,93.02275084423201,0.971507,1.010222,1.016627,0.995911
1,92.11490299885233,0.975747,0.983333,0.995911,0.960117
1,83.58136896061981,0.95896,0.983051,0.960117,1.001833
1,83.65331810980084,1.000603,1.006158,1.001833,1.02622
1,84.68899503593707,1.029518,1.018972,1.02622,1.1
1,89.37561331495257,1.1,1.082282,1.1,0.924528
1,76.03251087338452,0.937787,1.000555,0.924528,1.1
1,81.21562918939235,1.1,1.087077,1.1,1.023706
1,82.02328436243916,1.038164,1.039796,1.023706,1.097826
1,84.96438265780274,1.093532,1.1,1.097826,1.1
1,91.75261133687317,1.1,1.1,1.1,0.9
1,75.56681331994105,0.927052,1.003158,0.9,1.006983
1,75.78280873617871,0.968852,1.005247,1.006983,0.985784
1,74.33210281062576,0.989848,0.964161,0.985784,0.919451
1,66.65689606233549,0.9,0.923493,0.919451,1.1
1,72.31628271671009,1.1,1.1,1.1,1.1
1,76.0943363287189,1.1,1.1,1.1,0.903795
1,67.21932510129776,0.911299,0.9,0.903795,1.1
1,70.84739679094524,1.078425,1.1,1.1,1.095995
1,73.96918225439671,1.1,1.1,1.095995,0.9
0,59.170652555773025,0.9,0.9,0.9,0.9
0,54.15375556038514,0.9,0.902764,0.9,0.9
0,42.71071117320178,0.9,0.9,0.9,0.9
0,40.49966392127631,0.9,0.9,0.9,1.1
0,43.02303078909313,1.1,1.1,1.1,1.1
0,46.702908389282904,1.1,1.1,1.1,0.9
0,42.39981457461191,0.9,0.9,0.9,1.1
0,46.174041020739814,1.1,1.1,1.1,1.091051
0,48.570622494374135,1.1,1.1,1.091051,0.9
0,44.38692250572576,0.9,0.9,0.9,0.9
0,41.32260678243032,0.9,0.9,0.9,0.9
0,37.78785588559233,0.9,0.9,0.9,1.1
0,43.55832119662521,1.1,1.1,1.1,0.984169
0,43.288069404113045,0.97772,0.95122,0.984169,0.967158
0,42.70549588352635,1.064343,1.034432,0.967158,1.056133
0,44.04605767439154,0.986776,1.067989,1.056133,1.0479
1,45.28849658848198,1.026803,1.036472,1.0479,1.1
1,48.54175426561222,1.1,1.1,1.1,1.045251
1,49.888512084881164,1.044628,1.039125,1.045251,1.1
1,53.496959693479866,1.1,1.046512,1.1,0.9
1,46.31390482362211,0.9,0.9,0.9,0.993932
0,46.16423455215865,1.01074,1.011868,0.993932,1.1
1,49.42074860430774,1.099764,1.094444,1.1,0.980801
1,48.81908642625925,1.078905,0.997744,0.980801,0.964206
0,47.6761008891122,0.9,0.952516,0.964206,0.939095
0,45.78226488287388,0.940571,0.95727,0.939095,1.08462
0,48.648493198752206,1.08384,1.026038,1.08462,1.01139
1,49.07176771753202,1.035874,1.067069,1.01139,0.984797
0,48.49067475960189,0.987013,0.982446,0.984797,0.9
0,40.559649040030074,0.9,0.9,0.9,0.9
0,36.09126431854134,0.9,0.9,0.9,1.074713
0,38.0609951828028,1.00805,1.030126,1.074713,0.9082
0,36.462820561917475,0.918367,0.908491,0.9082,1.044161
0,37.69375699807056,1.064734,1.093458,1.044161,1.099624
0,40.612403383857206,1.061706,0.980057,1.099624,1.1
1,49.869278679622816,1.1,1.1,1.1,0.901797
1,46.77321239427127,0.968549,0.918901,0.901797,0.909609
1,44.31389778995767,0.934394,0.902991,0.909609,0.984351
1,43.92223502992451,0.921986,1.009693,0.984351,1.1
1,48.77370184854939,1.1,1.1,1.1,0.99245
1,48.52380458157762,1.0,1.007143,0.99245,0.961964
1,47.22103976652598,0.956081,0.961702,0.961964,0.979871
1,46.536055230574675,0.977385,0.9941,0.979871,1.046955
1,48.37927019515143,1.036876,1.030415,1.046955,0.9
0,44.03636743173735,0.9,0.9,0.9,0.98568
0,43.59017960375763,0.992846,1.014851,0.98568,0.992736
0,43.353649413676976,1.054444,0.998374,0.992736,0.930894
0,41.086113948641525,0.9,0.92101,0.930894,1.015721
0,41.78055399642036,1.008666,1.001768,1.015721,1.00086
0,41.821583018540785,1.012887,1.015887,1.00086,1.067869
0,45.11243848897019,1.063613,1.067767,1.067869,1.040225
1,47.150039613464365,1.050239,1.00895,1.040225,0.983759
1,46.37141248089897,0.98861,1.009677,0.983759,0.978774
1,45.33481891341894,0.990015,0.971246,0.978774,1.030522
1,47.12626080266362,1.01474,1.046053,1.030522,1.01325
1,47.948084496637904,1.007645,1.018082,1.01325,1.007692
1,48.45560760391334,1.009863,1.007722,1.007692,1.041985
1,51.269866687223306,1.042825,1.016858,1.041985,0.9
0,44.678409487170896,0.9,0.923135,0.9,0.984515
0,43.84266146730784,0.980738,0.979592,0.984515,1.1
1,51.76890723741725,1.1,1.081667,1.1,0.98606
1,50.82197448673796,0.969979,1.030817,0.98606,0.976935
1,49.239429980907865,0.978629,0.977578,0.976935,1.025895
1,51.040150764089056,1.033133,1.016055,1.025895,0.992576
1,50.47301775592449,0.997813,1.00301,0.992576,0.928945
0,45.32096380764943,0.916728,0.927982,0.928945,1.035427
0,47.97000475246846,1.039044,1.036378,1.035427,1.001555
0,48.09310385398424,0.988497,0.99142,1.001555,1.016304
1,49.445593944227554,1.019395,1.001574,1.016304,0.982429
0,47.97130111262117,0.989346,1.003928,0.982429,0.992224
0,47.310800387764786,0.996923,0.985915,0.992224,0.989812
0,46.416078054116525,0.998457,1.000794,0.989812,1.1
1,60.42723860225479,1.1,1.1,1.1,1.1
1,74.33685163086803,1.1,1.1,1.1,0.9
1,63.411244395041,0.9,0.9,0.9,0.954809
1,59.689444225054636,0.950745,0.963495,0.954809,1.019417
1,60.70833416964005,1.05241,1.01677,1.019417,0.934524
1,55.51390686307416,0.912994,0.9438,0.934524,0.965605
0,53.111409381673894,0.968652,0.943042,0.965605,0.980211
0,51.7709325419024,1.002589,1.016472,0.980211,1.010094
0,52.41758753265098,0.998709,1.006077,1.010094,1.039973
0,55.01576483619018,1.017453,1.02349,1.039973,0.9
0,45.96162508545454,0.916137,0.9,0.9,1.0
0,45.96162508545454,0.953537,0.977172,1.0,1.034559
0,48.27034265270578,1.043636,1.055765,1.034559,0.994314
0,47.89525066237063,0.988153,0.98858,0.994314,0.991422
0,47.30149438708179,1.003526,0.994946,0.991422,1.01442
0,48.44856448436398,0.994378,1.002903,1.01442,0.992182
0,47.83188916786905,0.994346,1.002171,0.992182,1.003582
0,48.154920907118445,0.997157,0.997834,1.003582,0.987152
0,47.02599544731986,0.993585,0.997829,0.987152,0.9906
0,46.18388208270997,0.997131,0.990573,0.9906,0.967153
0,43.293787921761975,0.968345,0.962665,0.967153,0.929811
0,38.001136838433624,0.921248,0.930038,0.929811,1.022727
0,40.36492846300451,1.020161,1.018806,1.022727,1.013492
0,41.81539960525066,1.033202,1.023274,1.013492,0.951449
0,38.16914315484941,0.936496,0.94902,0.951449,0.93251
0,33.952303825277326,0.929739,0.92562,0.93251,0.975287
0,32.62680879657994,0.988576,0.983036,0.975287,0.929412
0,29.2061876191004,0.922667,0.922797,0.929412,1.027264
0,31.963710439182705,1.027938,1.026575,1.027264,0.965877
0,30.328034615687848,0.955951,0.953979,0.965877,0.980373
0,29.427087084476963,0.985294,0.974874,0.980373,1.063063
0,35.887944688399784,1.060697,1.082474,1.063063,1.006591
0,36.58265280192549,1.013133,1.012381,1.006591,0.970065
0,34.72995934442489,0.981481,0.960489,0.970065,1.022179
1,37.192058141685244,1.00566,1.024486,1.022179,1.037736
1,41.33659225753375,1.038462,1.042065,1.037736,1.000909
1,41.440627925469805,1.009937,1.002752,1.000909,0.938238
0,36.677344216329445,0.940072,0.933211,0.938238,1.006776
0,37.47407945743019,1.012369,1.019608,1.006776,0.992308
0,36.90261570692385,0.975564,0.985577,0.992308,1.046512
1,42.56228199644808,1.074181,1.043902,1.046512,1.021296
1,45.10323987027001,1.004484,1.009346,1.021296,1.001813
1,45.32972432301008,0.996429,1.019444,1.001813,1.031674
1,49.27381266411537,1.036738,1.017257,1.031674,1.071053
1,57.0045290124721,1.057044,1.017857,1.071053,0.946765
1,50.37050764069303,0.955846,1.009649,0.946765,0.993945
1,49.69971122006845,0.995723,0.973067,0.993945,1.032202
1,53.24408364594192,1.041237,1.049107,1.032202,1.008432
1,54.18374510945941,1.013201,1.011064,1.008432,0.987458
1,52.48000003829343,0.963355,0.98569,0.987458,0.974598
0,49.15122376508251,0.974641,0.970111,0.974598,0.972198
0,45.81316137799081,0.99046,0.977993,0.972198,0.925827
0,38.50808398171121,0.922067,0.920792,0.925827,1.05888
0,45.3989242810175,1.048433,1.053763,1.05888,0.91887
0,38.60204805140956,0.972826,0.928571,0.91887,0.978175
0,37.1225350609054,0.934823,0.979021,0.978175,1.018256
0,39.17659756176188,1.006972,1.012245,1.018256,0.9
0,32.08944932657936,0.9,0.9,0.9,1.006734
0,32.78474597475243,1.007821,1.006826,1.006734,0.988852
0,32.19314387442347,0.990022,1.0,0.988852,0.983089
0,31.281303804817725,0.979843,0.968362,0.983089,1.025229
0,34.22395731908032,1.034286,1.032672,1.025229,1.002237
0,34.498561442366466,1.012155,1.00678,1.002237,0.966518
0,32.31898094260834,0.959607,0.962963,0.966518,1.010393
0,33.67282720965788,1.005688,1.017483,1.010393,0.9
0,25.13111788370652,0.9,0.9,0.9,0.9
0,21.852063614957906,0.902703,0.936232,0.9,1.036641
0,25.090783402208626,1.025449,1.037152,1.036641,1.032401
0,28.03502315906548,1.029197,1.029851,1.032401,1.094151
0,36.14366046791864,1.1,1.1,1.094151,1.039113
1,39.48158295795419,1.024142,1.016971,1.039113,1.026349
1,41.77592187828235,1.042184,1.006418,1.026349,0.958435
1,39.18567225047903,0.986905,0.982143,0.958435,1.1
1,48.74785418104031,1.067551,1.1,1.1,0.987486
1,47.81044830567242,0.99774,1.008226,0.987486,0.991935
1,47.18857902225503,0.996602,1.002331,0.991935,1.002323
1,47.39909552220551,1.004545,0.988372,1.002323,1.084589
1,54.52455384447206,1.1,1.1,1.084589,0.941239
1,49.1251255470586,0.9,0.938034,0.941239,0.996595
1,48.841017451591185,0.990142,0.996583,0.996595,1.019362
1,50.58503471739689,0.993363,1.009143,1.019362,0.96648
0,47.50719974268496,0.982183,0.96829,0.96648,0.931792
0,42.08399856258062,0.921769,0.929825,0.931792,0.975186
0,40.40037741246402,1.00369,0.972327,0.975186,0.945293
0,36.97535894362226,0.947304,0.936611,0.945293,0.908479
0,32.31042680074212,0.9,0.9,0.908479,1.1
0,43.676701706922024,1.1,1.1,1.1,0.963918
0,41.59161780851541,0.966963,0.978437,0.963918,1.046791
0,45.11852606522678,1.038108,1.068871,1.046791,1.058748
1,49.43971238080462,1.088608,1.030928,1.058748,0.968637
1,47.17859837800505,0.95814,1.00125,0.968637,0.927771
0,42.50815502750979,0.951456,0.927591,0.927771,1.021477
0,44.1506640378317,0.980867,1.009421,1.021477,0.935611
0,40.34882930468171,0.977893,0.946667,0.935611,1.009831
0,41.12874193608488,0.964096,1.007042,1.009831,0.981919
0,40.08066797984282,0.998621,0.98042,0.981919,1.008499
0,40.83011308023479,1.005525,1.012839,1.008499,0.980337
0,39.58595529906669,0.973901,0.983099,0.980337,1.020057
0,41.50548443844655,1.007052,1.007163,1.020057,0.997191
0,41.303586814643005,0.997199,0.998578,0.997191,0.998592
0,41.19568416035293,1.039326,1.008547,0.998592,0.90268
0,34.49867943052565,0.9,0.9,0.90268,0.96875
0,32.832585223469906,0.968944,0.970968,0.96875,1.027419
0,35.67621017665289,1.040064,1.054817,1.027419,1.051805
0,40.90624933906519,1.035439,1.033071,1.051805,1.025373
1,43.45679668767596,1.035714,1.03811,1.025373,1.087336
1,51.425492567537184,1.077586,1.069016,1.087336,0.914324
1,44.26020433052558,0.968,0.923077,0.914324,1.1
1,54.50098649429045,1.095041,1.078869,1.1,0.934531
1,49.31717096935564,0.92327,0.994483,0.934531,0.958791
1,46.51451717265282,0.983651,0.9681,0.958791,0.994269
0,46.13802692040545,0.962604,0.984241,0.994269,0.994236
0,45.73933289414409,1.01295,1.001456,0.994236,1.034783
1,48.60882598461583,1.019886,0.988372,1.034783,1.022409
1,50.48865439276495,1.019499,1.058824,1.022409,0.989041
1,49.513423802590935,0.993169,0.990278,0.989041,0.993075
1,48.877959314851104,1.005502,1.001403,0.993075,0.977685
0,46.80772034608153,0.960328,0.960784,0.977685,1.022825
1,49.12815624196849,1.021368,1.020408,1.022825,1.066946
1,55.4122476079517,1.1,1.06,1.066946,1.056209
1,60.16007992920324,1.016352,1.03504,1.056209,1.032178
1,62.74336867487698,1.049505,1.074219,1.032178,1.1
1,78.23444197394183,1.1,1.1,1.1,0.9
1,65.97218799449465,0.9,0.9,0.9,1.072801
1,69.357656579222,1.068385,1.065776,1.072801,0.96607
1,65.83094810817894,0.957328,0.947927,0.96607,1.057561
1,68.64490514963313,1.07655,1.087487,1.057561,1.011993
1,69.24589026840408,0.9955,0.983162,1.011993,0.952598
1,63.96460084324536,0.94575,0.966698,0.952598,0.956938
0,59.719792294903314,0.978967,0.966535,0.956938,0.977
0,57.61525836259923,0.963867,0.968432,0.977,0.957011
0,53.88120048687368,0.948328,0.947424,0.957011,1.034225
0,56.20985614984718,1.063034,1.057714,1.034225,1.075491
1,61.04241223835284,1.073367,1.075551,1.075491,1.1
1,70.02242057806185,1.1,1.1,1.1,0.912582
1,61.189359604549615,0.9,0.907377,0.912582,0.983885
1,59.82222867704905,0.981018,0.988257,0.983885,1.040946
1,62.101920268245856,1.028144,1.036563,1.040946,0.993881
1,61.517188161732236,0.988879,0.995591,0.993881,1.094987
1,66.72318668521464,1.1,1.038973,1.094987,0.950201
1,61.57346832459465,0.942097,1.004263,0.950201,1.001691
1,61.67622215059762,0.995847,1.003396,1.001691,0.994093
1,61.06078750209031,0.989992,0.994078,0.994093,0.925297
0,53.79363334338254,0.936816,0.902128,0.925297,0.93578
0,48.81661038871042,0.96223,0.958491,0.93578,1.034314
0,51.245502037915266,1.0,1.033465,1.034314,0.996209
0,50.94793670797519,0.991589,0.992381,0.996209,1.001903
0,51.10082800677619,1.029218,1.003839,1.001903,1.041785
0,54.463557643860476,1.013736,1.037285,1.041785,1.008204
1,55.14306560963495,1.007227,1.009217,1.008204,1.012658
1,56.2370527741306,1.008969,1.001826,1.012658,0.964286
0,52.31153675203236,0.961778,0.963537,0.964286,1.0
1,52.31153675203236,1.004621,1.009461,1.0,1.046296
1,56.69384761464412,1.058878,1.056232,1.046296,1.032743
1,59.64887749983119,1.034752,1.029281,1.032743,1.01371
1,60.89163080270566,0.998321,1.000862,1.01371,1.011834
1,61.99460978735123,1.02439,1.021533,1.011834,0.99081
1,60.549641095144565,0.997537,0.999157,0.99081,0.960371
1,54.68474217364194,0.954733,0.95865,0.960371,0.99561
0,54.084565471199184,1.001724,0.996479,0.99561,0.984127
0,51.87718814768812,0.967298,0.962898,0.984127,1.026882
0,55.16180548954619,1.021352,1.043119,1.026882,1.012216
1,56.648856306227096,1.025261,1.009675,1.012216,0.998276
0,56.361285215675935,1.005947,1.006969,0.998276,1.007772
