1,0.0,0.968028,0.936421,0.963393,0.915663
1,0.0,0.944037,0.955383,0.915663,0.969636
1,0.0,0.942663,0.950254,0.969636,1.002088
1,1.4169491700467804,1.018557,1.024573,1.002088,1.069792
1,34.764693783542064,1.040486,1.01877,1.069792,0.989289
1,32.80279060701328,1.016537,1.023541,0.989289,1.073819
1,52.4897850561669,1.048804,1.048,1.073819,1.003666
1,53.276018361679796,1.007299,1.024809,1.003666,0.968037
1,46.08891826839121,1.011775,0.982309,0.968037,1.051887
1,56.10910281612753,1.049239,1.023697,1.051887,0.965022
1,49.13518436004852,0.936007,0.978704,0.965022,1.1
1,64.82807898264532,1.1,1.1,1.1,0.908789
1,50.60194715731974,0.913008,0.906723,0.908789,0.926095
0,43.10141288190274,0.930543,0.920297,0.926095,0.9
0,34.80251168639921,0.9,0.9,0.9,0.959732
0,32.78022452377102,0.961283,0.962543,0.959732,0.9
0,27.083723699761713,0.9,0.9,0.9,1.037992
0,30.110401094242928,1.016796,1.019022,1.037992,0.977778
0,29.314784325444744,0.959339,0.908,0.977778,1.008021
0,30.017634917786012,1.019868,1.088106,1.008021,0.941645
0,27.832059107711814,0.92987,0.924426,0.941645,1.032394
0,30.67356219549175,1.047486,1.068613,1.032394,1.012278
0,31.805064128748157,1.033333,1.0,1.012278,0.995957
0,31.61980524871358,0.972903,0.990437,0.995957,0.913396
0,27.887813864947027,0.944297,0.9,0.913396,1.1
1,37.23657473700824,1.067416,1.1,1.1,1.070667
1,42.87279143878161,1.063158,1.078322,1.070667,1.054795
1,47.11846490612,1.070545,1.070039,1.054795,1.043684
1,50.4531394819032,1.034682,1.06303,1.043684,0.993213
1,49.90357923501276,0.985475,0.957811,0.993213,1.02164
1,51.69782063989609,1.02381,1.028571,1.02164,0.979933
1,49.87533712647525,1.016611,1.009259,0.979933,0.937429
1,44.69107404063832,0.90305,0.93578,0.937429,0.949029
0,41.17165635731879,0.94813,0.931373,0.949029,0.964194
0,38.968443278628634,0.974555,0.963158,0.964194,1.001326
0,39.09379962355429,0.989556,1.013661,1.001326,0.992053
0,38.58175270152349,0.996042,1.004043,0.992053,1.040053
0,42.62803596326578,1.054305,0.966443,1.040053,1.006418
0,43.298517328536136,0.994975,1.058333,1.006418,1.1
1,54.425868800544265,1.1,1.1,1.1,0.906924
1,46.176105406661485,0.90991,0.943262,0.906924,1.05632
1,50.601324447408444,1.086634,1.046366,1.05632,0.991706
1,49.91385878835482,0.965831,0.994012,0.991706,0.905615
0,42.84005682351379,0.974057,0.90241,0.905615,0.978892
0,41.55554441951286,0.903148,0.961282,0.978892,0.993261
0,41.14040731071446,0.99866,1.008333,0.993261,0.983718
0,40.104893553481446,0.983893,0.984848,0.983718,0.953103
0,37.244463312473954,0.952251,0.951049,0.953103,1.047757
0,41.59836580666611,1.04298,1.051471,1.047757,1.1
1,51.1166158512661,1.1,1.05035,1.1,0.918519
0,45.048638545917164,0.904589,0.972037,0.918519,1.1
1,52.97338808153523,1.1,1.1,1.1,1.032491
1,55.13578947743764,0.998851,1.024242,1.032491,0.948718
1,51.01865350264037,0.96893,0.931361,0.948718,0.9914
1,50.3741879364221,1.003563,1.010165,0.9914,0.952912
0,46.90996320513732,0.936095,0.955975,0.952912,0.989597
0,46.189793098566916,0.970923,0.971053,0.989597,0.996058
0,45.90518471521056,0.990885,1.009485,0.996058,1.1
1,56.335885993107546,1.1,1.1,1.1,1.027714
1,58.261913859725034,1.022857,1.026097,1.027714,0.957303
1,54.186374893492136,0.974302,0.976879,0.957303,0.995305
1,53.76006913446349,0.982798,0.982249,0.995305,1.054245
1,57.865437356429055,1.058343,1.056627,1.054245,0.972036
1,55.00705580000093,0.962514,0.962372,0.972036,1.051784
1,58.93883744385017,1.053837,1.052133,1.051784,0.99453
1,58.32891995490236,0.994565,0.995495,0.99453,1.0044
1,58.69715419417043,1.029508,1.021493,1.0044,0.9
0,47.5076082424687,0.9,0.9,0.9,0.974201
0,45.525099525222934,0.984088,0.988693,0.974201,1.079445
0,51.99692681842185,1.093284,1.05845,1.079445,0.925234
0,46.01606145516369,0.920364,0.939976,0.925234,0.948232
0,42.632921166875924,0.975278,0.957854,0.948232,1.075899
0,48.32140989289033,1.035488,1.030667,1.075899,1.045792
1,51.67144622198315,1.039168,1.069858,1.045792,0.932544
0,46.65397044138939,0.955241,0.937122,0.932544,1.025381
0,48.54207801916804,1.003699,1.010323,1.025381,1.013614
1,49.598685950248274,1.030713,1.040868,1.013614,1.003663
1,49.90082402513866,0.994041,1.001227,1.003663,0.944039
0,45.40613739953671,0.953237,0.941176,0.944039,1.002577
0,45.63541657552963,0.994969,1.002604,1.002577,0.96144
0,42.73612512745425,0.948167,0.950649,0.96144,1.01738
0,44.38500323746403,1.018667,0.983607,1.01738,1.056505
1,49.558731414030554,1.064136,1.1,1.056505,0.949005
0,45.23747414012432,0.940959,0.91375,0.949005,1.015727
0,46.70228189609153,1.016993,1.049248,1.015727,0.996129
0,46.36836100043335,1.021851,0.990874,0.996129,0.968912
0,43.677811213024015,0.955975,0.977632,0.968912,1.012032
0,44.96741166984971,1.006579,1.013459,1.012032,0.936592
0,39.74106124161505,0.946405,0.924303,0.936592,0.933709
0,35.40223177757778,0.921271,0.936782,0.933709,0.975831
0,34.039763309412315,1.004498,0.984663,0.975831,0.936533
0,30.771663231563586,0.931343,0.934579,0.936533,0.9
0,26.380872551583494,0.9,0.9,0.9,1.085343
0,33.502743061827566,1.094718,1.071161,1.085343,1.015385
0,34.831095115365876,0.993344,1.024476,1.015385,0.925926
0,31.51641846172012,0.934673,0.931741,0.925926,0.941818
0,29.330305440347857,0.97491,0.934066,0.941818,0.938224
0,27.291622050465218,0.915441,0.943137,0.938224,0.965021
0,26.247838679792462,0.961847,0.968815,0.965021,1.004264
0,26.60348818050861,1.018789,0.965665,1.004264,0.976645
0,25.864729221884044,0.944672,0.971111,0.976645,0.995652
0,25.72485454439053,1.019523,1.01373,0.995652,1.019651
0,27.621720382937074,1.017021,1.029345,1.019651,0.952891
0,25.88171343164953,0.939331,0.947368,0.952891,1.074157
0,32.727362846887296,1.084633,1.092593,1.074157,1.031381
1,35.63731237507035,1.020534,1.021186,1.031381,0.979716
1,34.56390822214051,0.993964,0.997925,0.979716,0.995859
1,34.34112242927669,0.979757,0.985447,0.995859,1.054054
1,39.77568454396867,1.082645,1.035865,1.054054,1.067061
1,46.06277817738892,1.040076,1.06721,1.067061,1.1
1,58.32675123086925,1.1,1.093511,1.1,1.065079
1,62.55110390110001,1.095238,1.092496,1.065079,0.985097
1,60.92882165533862,0.971014,1.043131,0.985097,0.9
1,50.72758536994682,0.914925,0.9,0.9,0.993209
1,50.22448148838682,0.983687,1.001727,0.993209,0.957265
0,47.0815905931925,0.945274,0.934483,0.957265,1.078571
1,52.692591654070355,1.070175,1.055351,1.078571,1.0
1,52.69259165407035,1.0,1.048951,1.0,0.995033
0,52.25446975745669,1.008197,0.955,0.995033,1.039933
1,55.446053531800615,1.043902,1.082024,1.039933,0.9792
1,53.365167944481826,0.96729,0.977419,0.9792,1.013072
1,54.49691588699313,1.028986,1.019802,1.013072,1.024194
1,56.62255353972547,1.018779,1.014563,1.024194,1.023622
1,58.700242745468806,1.032258,1.023923,1.023622,1.041538
1,62.209065427344,1.046131,1.048287,1.041538,0.940916
1,54.78327294906497,0.944523,0.943536,0.940916,0.985871
0,53.2432717210234,0.996988,0.968504,0.985871,0.934713
0,46.790362799050804,0.9,0.939837,0.934713,0.9
0,38.973963288542954,0.9,0.9,0.9,1.0
0,38.97396328854295,0.986842,0.988235,1.0,1.022901
0,41.14585155914497,1.03619,1.039683,1.022901,0.9
0,33.19431994030845,0.9,0.9,0.9,0.934924
0,30.64334831630466,0.943966,0.946903,0.934924,0.921114
0,28.015598012058593,0.917808,0.908879,0.921114,1.055416
0,32.07450532709987,1.064677,1.066838,1.055416,0.973747
0,31.129366291166384,0.96028,0.966265,0.973747,0.968137
0,30.004109042667146,0.985401,0.982544,0.968137,0.936709
0,27.914376029321996,0.923457,0.918782,0.936709,1.091892
0,34.58701500747219,1.1,1.069061,1.091892,0.965347
0,33.223294220932296,0.956416,0.984496,0.965347,0.920513
0,30.36802377422508,0.924051,0.934383,0.920513,1.005571
0,30.781338368797186,0.994521,0.985955,1.005571,0.98892
0,30.392779241982215,0.997245,1.005698,0.98892,1.056022
0,34.822936025258954,1.085635,1.053824,1.056022,1.082228
1,41.082257821769495,1.050891,1.067204,1.082228,0.973039
1,39.627971229097895,1.0,1.0,0.973039,1.1
1,49.73224641946762,1.1,1.09068,1.1,0.918681
1,44.603653349534284,0.911638,0.942263,0.918681,0.980861
1,43.55773354967522,0.976359,0.968137,0.980861,1.1
1,50.303303159500835,1.1,1.1,1.1,1.01766
1,51.465477179100475,0.972574,0.932584,1.01766,1.1
1,57.83659005639246,1.1,1.1,1.1,1.086444
1,62.673597865587276,1.090559,1.063008,1.086444,0.954792
1,58.56272227479136,0.962898,0.98088,0.954792,1.034091
1,60.56818086991174,1.009174,1.009747,1.034091,1.051282
1,63.52539826358602,1.067273,1.081081,1.051282,0.939024
1,57.70022750476018,0.977853,0.957143,0.939024,1.037106
1,59.95969095200349,0.97561,0.998134,1.037106,0.9
0,50.151010678850724,0.916071,0.91215,0.9,0.995927
0,49.89249186526051,0.961014,0.991803,0.995927,1.022495
0,51.37706304487112,1.026369,1.012397,1.022495,1.016
0,52.47976658779769,1.011858,1.016327,1.016,0.942913
0,48.211415278940514,0.953125,0.953815,0.942913,1.018789
0,49.581929905730085,1.014344,1.012632,1.018789,0.9
0,42.34167864950052,0.90101,0.9,0.9,0.9447
0,39.57562762665804,0.94843,0.939815,0.9447,1.070732
0,44.30978257399773,1.047281,1.068966,1.070732,0.952164
0,41.75837472390552,0.948081,0.949309,0.952164,0.992823
0,41.39170066796403,1.014286,1.0,0.992823,1.0
0,41.39170066796403,0.992958,1.0,1.0,1.060241
0,45.97637448163975,1.049645,1.046117,1.060241,0.938636
0,42.14217496895482,0.957207,0.953596,0.938636,1.033898
0,44.71661946458466,1.011765,1.014599,1.033898,0.995316
1,44.41259104401943,0.993023,0.992806,0.995316,1.082353
1,50.72628154985291,1.1,1.065217,1.082353,1.097826
1,57.42232087446814,1.069474,1.1,1.097826,0.982178
1,55.789385801503194,1.005906,1.0,0.982178,0.947581
1,51.25479408408619,0.95499,0.937374,0.947581,0.951064
0,47.571214786828286,0.918033,0.9375,0.951064,0.923937
0,42.68728079529471,0.935268,0.908046,0.923937,0.951574
0,40.08055678720961,0.97136,0.926582,0.951574,1.033079
0,42.536870731261985,1.051597,1.1,1.033079,1.009852
0,43.30697067302295,1.0,1.014888,1.009852,0.92439
0,38.950297486947406,0.957944,0.91687,0.92439,1.005277
0,39.3740465430838,0.943902,1.005333,1.005277,1.044619
0,42.99593152071293,1.072351,1.047745,1.044619,1.005025
0,43.42415735195232,0.968675,0.994937,1.005025,1.005
0,43.87818613978764,1.047264,1.017812,1.005,1.042289
1,47.718807172870896,1.002375,1.025,1.042289,1.023866
1,49.891109683739565,1.037915,1.031707,1.023866,1.011655
1,50.987675749669656,0.997717,1.007092,1.011655,1.048387
1,55.40204756931125,1.045767,1.046948,1.048387,0.962637
1,51.3686065754699,0.971554,0.964126,0.962637,1.009132
1,52.249500399721896,1.015766,1.013953,1.009132,1.0
1,52.249500399721896,0.988914,1.004587,1.0,1.029412
1,55.30128987097525,1.024664,1.004566,1.029412,0.947253
0,49.06659575795901,0.945295,0.947727,0.947253,0.962877
0,45.39244564274832,0.988426,0.98801,0.962877,1.014458
0,46.99532593106747,1.037471,0.990291,1.014458,0.957245
0,42.92469680512245,0.925508,0.985294,0.957245,1.019851
0,45.19673419713816,1.019512,1.004975,1.019851,0.995134
0,44.71747635791795,0.990431,1.00495,0.995134,1.01467
0,46.54863882379921,1.014493,1.019704,1.01467,1.021687
1,49.26342783299483,1.011905,1.0,1.021687,0.974057
0,46.17645531074832,0.981176,0.992754,0.974057,0.961259
0,42.04905703710304,0.973621,0.958637,0.961259,0.964736
0,38.78254108000902,0.945813,0.954315,0.964736,0.994778
0,38.32451330490929,1.015625,1.010638,0.994778,0.91601
0,31.844267457843756,0.912821,0.907895,0.91601,0.997135
0,31.6640833601256,0.997191,1.005797,0.997135,1.068966
0,40.38280233458507,1.076056,1.051873,1.068966,0.983871
0,39.04171448323985,0.994764,0.99726,0.983871,1.0
0,39.04171448323984,0.965789,0.983516,1.0,1.027322
1,42.71869871114931,1.027248,1.027933,1.027322,1.00266
1,43.08839453418676,1.026525,1.019022,1.00266,0.9
0,34.08570572311752,0.9,0.9,0.9,1.014749
0,35.98106464701998,1.023392,1.017857,1.014749,1.002907
0,36.375116646901446,0.988571,0.982456,1.002907,1.04058
0,41.77822013004303,1.040462,1.011905,1.04058,1.05571
1,48.50583264535154,1.069444,1.064706,1.05571,1.0
1,48.505832645351546,0.987013,1.022099,1.0,0.970976
1,45.176050584985106,0.973684,0.986486,0.970976,0.967391
0,41.80458302446934,0.97027,0.945205,0.967391,0.960674
0,38.22079802043889,0.980501,0.982609,0.960674,0.979532
0,36.53434567685973,0.954545,0.976401,0.979532,0.964179
0,33.782441862805165,0.964286,0.963746,0.964179,1.009288
0,35.098607724543875,1.009259,1.00627,1.009288,1.015337
0,37.33424414417228,1.018349,1.015576,1.015337,1.021148
0,40.42810851546017,1.021021,1.02454,1.021148,1.008876
0,41.75530511847399,1.002941,1.0,1.008876,1.038123
1,47.240605960927795,1.038123,1.02994,1.038123,0.957627
1,42.29146935399959,0.960452,0.973837,0.957627,1.026549
1,45.95030706377572,1.029412,1.032836,1.026549,1.031609
1,50.11345121564781,1.057143,1.037572,1.031609,1.005571
1,50.854646546184554,0.986486,0.994429,1.005571,1.019391
1,53.460918611364484,1.013699,1.0,1.019391,1.01087
1,54.93172286500015,1.021622,1.028011,1.01087,1.099462
1,65.72287612491364,1.1,1.1,1.099462,1.00978
1,66.65249139365415,0.974239,1.0,1.00978,1.002421
1,66.89421963687748,1.007212,1.0,1.002421,0.983092
1,63.42821442398981,0.980907,0.992611,0.983092,0.977887
1,59.18238780017344,0.96837,0.972705,0.977887,1.030151
1,62.761650796126546,1.037688,1.038265,1.030151,1.02439
1,65.478346765606,1.016949,1.009828,1.02439,1.019048
1,67.51982011339965,1.038095,1.024331,1.019048,1.002336
1,67.77634038223125,0.990826,1.009501,1.002336,1.013986
1,69.34092220973154,1.025463,1.014118,1.013986,1.091954
1,77.2658534094029,1.090293,1.071926,1.091954,0.970526
1,70.40623061581465,0.985507,0.984848,0.970526,1.095445
1,77.2440415127731,1.077731,1.092308,1.095445,1.047525
1,79.96349711382449,1.040936,1.016097,1.047525,0.967864
1,73.28294837462542,0.960674,0.99802,0.967864,0.980469
1,69.59943836266862,0.990253,0.982143,0.980469,1.063745
1,74.08788833526481,1.094488,1.070707,1.063745,1.048689
1,77.0524419680948,1.021583,1.032075,1.048689,0.951786
1,68.31208543687548,1.0,0.932358,0.951786,1.082552
1,73.57302983160567,1.033451,1.1,1.082552,1.1
1,81.26298538077147,1.1,1.1,1.1,1.094395
1,84.36722844843514,1.097384,1.019637,1.094395,0.9
1,68.98252562659133,0.901987,0.955556,0.9,0.960725
1,64.84393262040956,0.975037,0.981395,0.960725,0.965409
1,61.482685277100174,0.947289,0.960506,0.965409,0.988599
0,60.40969008395163,0.979332,0.981908,0.988599,1.018122
0,61.54541310232244,1.017857,1.005025,1.018122,0.961165
0,57.658958828790965,0.998405,0.98,0.961165,1.025253
0,59.38522066732264,0.980831,1.013605,1.025253,1.026273
0,61.20226257258234,1.029316,1.026846,1.026273,1.0016
0,61.31874117341353,0.995253,1.011438,1.0016,1.065495
1,65.84613379279024,1.09539,1.066236,1.065495,1.014993
1,66.8648138426452,0.992743,1.009091,1.014993,1.064993
1,70.96792568269463,1.059942,1.066066,1.064993,1.1
1,76.74689887211858,1.1,1.1,1.1,1.001245
1,76.80752927593369,0.981707,0.98731,1.001245,1.047264
1,79.04364189052448,1.047205,1.014139,1.047264,0.995249
1,78.18905992367716,1.01898,1.045627,0.995249,1.1
1,84.04186592408458,1.1,1.1,1.1,1.010373
1,84.39966386649044,0.962464,0.996852,1.010373,0.903491
1,68.7870695711223,0.9,0.9,0.903491,1.011364
1,69.4348352420018,1.036077,1.056019,1.011364,1.1
1,76.99338042317693,1.1,1.069977,1.1,1.1
1,81.37895272972571,1.1,1.1,1.1,1.047129
1,82.86698162827061,1.067511,1.1,1.047129,1.1
1,87.13462092080935,1.1,1.1,1.1,0.9
1,65.68987934419354,0.9,0.9,0.9,0.965986
1,63.09710641889443,0.924499,0.965986,0.965986,0.9
0,45.63806386873804,0.9,0.9,0.9,0.9
0,42.408568934783425,0.9,0.9,0.9,1.1
0,46.15509011678929,1.1,1.1,1.1,1.1
0,51.090820900062404,1.1,1.1,1.1,0.9
0,47.59604375809015,0.9,0.9,0.9,1.033792
0,48.72910514911334,0.985849,0.985825,1.033792,1.087167
0,51.72654946845313,1.1,1.1,1.087167,0.9
0,45.76387046594684,0.9,0.9,0.9,0.9
0,41.66744365228054,0.9,0.9,0.9,0.9
0,37.69499304131886,0.9,0.9,0.9,1.1
0,42.71060090705396,1.1,1.1,1.1,0.921569
0,41.15376294426915,0.960848,0.92555,0.921569,0.992908
0,41.01957844138549,1.0,1.005484,0.992908,1.025
0,41.735637000708515,0.993209,1.025455,1.025,1.059233
0,43.528733892396225,1.044444,1.044326,1.059233,1.1
1,48.129871650979645,1.1,1.1,1.1,1.020029
1,48.82075215441491,0.967568,1.001466,1.020029,1.014025
1,49.339802093293166,1.048883,1.048316,1.014025,1.067773
1,51.91328404559865,1.043941,1.061453,1.067773,0.985751
1,51.283469147741506,0.997449,0.993421,0.985751,1.064389
1,53.962829506957014,1.060102,1.056954,1.064389,0.969136
1,52.37994784685126,1.030157,0.952381,0.969136,1.056051
1,54.88803612605683,1.005855,1.081579,1.056051,0.926417
1,50.8865800165757,0.9,0.911192,0.926417,1.036458
1,52.59493451664897,1.067708,1.050734,1.036458,1.1
1,57.840398579116105,1.092683,1.081321,1.1,1.033746
1,59.40101900880896,1.037946,1.035253,1.033746,0.9
0,49.20174373911167,0.9,0.9,0.9,0.9
0,40.78915819071034,0.9,0.9,0.9,1.059423
0,42.903907377618275,1.00641,1.021127,1.059423,0.9
0,37.94207276719672,0.9,0.9,0.9,1.015842
0,38.457359866856734,1.037549,1.094218,1.015842,0.990253
0,38.243624813598615,0.969524,0.941292,0.990253,1.090551
0,41.46670964464029,1.1,1.1,1.090551,1.027076
0,42.52018269254446,1.030357,0.963031,1.027076,1.026362
0,43.61309034716586,1.064125,1.069098,1.026362,0.946918
0,41.842411054699966,0.903909,0.949731,0.946918,1.072333
1,44.948237988802724,1.086486,1.073724,1.072333,1.0
1,44.948237988802724,0.993367,1.026408,1.0,1.021922
1,46.034512748859136,1.016694,1.018868,1.021922,0.990099
1,45.587411401479976,1.003284,0.994949,0.990099,0.995
1,45.35024305016025,0.991817,1.0,0.995,0.912898
0,41.33597170057773,0.910891,0.901861,0.912898,0.99633
0,41.184971608131924,0.994565,1.011257,0.99633,0.990792
0,40.7838628803183,1.041894,0.996289,0.990792,0.933086
0,37.92026590567682,0.9,0.927374,0.933086,0.986056
0,37.37080572949947,0.972549,0.96988,0.986056,0.993939
0,37.12254360295095,0.997984,1.006211,0.993939,1.063008
0,41.45090317673968,1.060606,1.059671,1.063008,0.98088
0,40.48279944559505,0.980952,0.978641,0.98088,0.976608
0,39.29672968124146,0.986408,0.984127,0.976608,0.974052
0,37.99791770270003,0.988189,0.971774,0.974052,1.045082
0,41.52047238545325,1.023904,1.047718,1.045082,1.029412
1,43.862322892439295,1.035019,1.035644,1.029412,1.017143
1,45.278282821941346,1.016917,1.017208,1.017143,1.0
1,45.278282821941346,0.998152,1.00188,1.0,0.964419
1,42.64472817862942,0.962963,0.956848,0.964419,1.042718
1,46.52329093097886,1.042308,1.037255,1.042718,1.020484
1,48.4021064549373,1.023985,0.984877,1.020484,1.0
1,48.40210645493729,1.0,1.0,1.0,0.968978
1,45.534710616198396,0.989189,1.009597,0.968978,1.0
0,45.53471061619839,0.972678,1.001901,1.0,1.00565
1,46.1871661980905,1.024345,1.011385,1.00565,1.020599
1,48.6176953216165,1.010969,0.988743,1.020599,1.040367
1,53.1730817421077,1.0434,1.060721,1.040367,1.003527
1,53.57602690518187,0.994801,1.007156,1.003527,0.963093
1,48.825208217293834,0.989547,0.964476,0.963093,1.014599
1,50.62155722106456,0.991197,1.018416,1.014599,0.996403
1,50.147632071274195,0.992895,0.996383,0.996403,1.028881
1,53.86851781226503,1.037567,1.027223,1.028881,0.992982
1,52.80736068217028,0.981034,0.996466,0.992982,1.04947
1,58.909337301709456,1.072056,1.049645,1.04947,1.005051
1,59.51336364020935,0.983607,0.996622,1.005051,0.984925
1,56.815111487514386,0.988333,0.981356,0.984925,0.967687
0,51.50600234476273,1.001686,0.981002,0.967687,1.005272
1,52.264495462609084,0.974747,0.992958,1.005272,0.958042
0,46.05803827219845,0.953368,0.953901,0.958042,1.001825
0,46.34394814779993,1.01087,1.016729,1.001825,0.990893
0,45.057983990226475,0.983871,0.989031,0.990893,1.029412
0,49.85325588512481,1.032787,1.025878,1.029412,1.0
0,49.85325588512481,1.003527,1.005405,1.0,0.948214
0,42.12478274519976,0.938489,0.928315,0.948214,1.016949
0,44.97569552847638,1.024345,1.03861,1.016949,0.990741
0,43.68813693995243,0.994516,0.988848,0.990741,1.02243
0,47.567709402472055,1.011029,1.022556,1.02243,1.014625
1,50.03891705265208,1.021818,1.016544,1.014625,1.018018
1,53.01963893117454,1.008897,1.009042,1.018018,0.99646
1,52.34697845639432,1.001764,1.003584,0.99646,1.010657
1,54.22330953838263,1.014085,1.010714,1.010657,1.010545
1,56.08544881949671,1.017361,1.014134,1.010545,0.972174
1,50.218831146076596,0.967577,0.966899,0.972174,0.951699
0,42.1974017979098,0.94709,0.953153,0.951699,1.022556
0,46.30265668822259,1.018622,1.020794,1.022556,1.014706
0,48.907852369821654,1.02925,1.018519,1.014706,0.929348
0,38.97939185987987,0.920071,0.925455,0.929348,0.97076
0,35.956054019372765,0.965251,0.964637,0.97076,0.981928
0,34.24003628942659,1.006,0.991853,0.981928,0.928425
0,28.536319822806696,0.904573,0.915811,0.928425,1.008811
0,29.97204652317745,1.017582,1.022422,1.008811,1.0
0,29.97204652317745,0.991361,0.97807,1.0,0.995633
0,29.626893338634567,1.002179,0.977578,0.995633,1.017544
0,32.952878436705916,1.013043,1.055046,1.017544,1.0
0,32.952878436705916,1.004292,1.004348,1.0,0.974138
0,30.44935160506429,0.980769,0.967532,0.974138,1.030973
1,36.50970197224535,1.015251,1.026846,1.030973,0.993562
1,35.790026872693204,0.997854,1.004357,0.993562,0.980562
0,33.647218682876606,0.980645,0.980477,0.980562,0.984581
0,32.040426269852674,0.986842,0.977876,0.984581,1.024609
0,37.12189627038214,1.024444,1.024887,1.024609,1.0
0,37.12189627038214,1.006508,1.011038,1.0,0.973799
0,33.9136264924273,0.980603,0.965066,0.973799,1.026906
1,39.54077037360577,1.010989,1.024887,1.026906,1.015284
1,42.61056636987312,1.017391,1.011038,1.015284,1.008602
1,44.34942081373433,1.012821,1.019651,1.008602,1.004264
1,45.24278255441863,0.99789,1.0,1.004264,1.050955
1,54.650712201359575,1.095137,1.006424,1.050955,0.983838
1,51.47588604485798,0.951737,1.031915,0.983838,0.942505
0,42.2291372356086,0.93712,0.942268,0.942505,1.015251
0,44.89419877949693,1.021645,1.013129,1.015251,1.015021
1,47.50229374612152,1.006356,1.012959,1.015021,0.955603
0,41.20213190483454,0.953684,0.946695,0.955603,1.006637
0,42.37787659630981,1.013245,1.022523,1.006637,0.949451
0,36.372789379559656,0.954248,0.942731,0.949451,1.002315
0,36.79216951809305,0.993151,1.007009,1.002315,0.942263
0,31.247182536523592,0.986207,0.939675,0.942263,0.977941
0,29.522213761659973,0.934732,0.977778,0.977941,1.010025
0,31.336470164763174,1.009975,1.010101,1.010025,0.957816
0,28.033549693202122,0.97284,0.9625,0.957816,0.989637
0,27.304302310287813,0.972081,0.984416,0.989637,1.002618
0,27.80989311087301,1.007833,1.002639,1.002618,1.010444
0,29.90976427364331,1.002591,1.010526,1.010444,1.064599
1,41.38559262554237,1.085271,1.033854,1.064599,1.050971
1,48.94713835556925,1.083333,1.050378,1.050971,0.979215
1,46.19656168100885,0.947253,1.007194,0.979215,1.002358
1,46.55592865151648,0.993039,0.995238,1.002358,0.915294
0,36.9799769218483,0.918224,0.911483,0.915294,0.917738
0,30.896540551519383,0.926209,0.9,0.917738,0.980392
0,29.743851205680222,0.96978,1.002933,0.980392,1.025714
0,33.194825164132084,1.025496,1.035088,1.025714,1.02507
0,36.551163169839604,1.022099,1.025424,1.02507,1.01087
0,38.04107853960677,1.008108,1.013774,1.01087,0.994624
0,37.566084074190286,1.0,1.0,0.994624,0.956757
0,33.9174251054889,1.0,0.951087,0.956757,1.045198
0,40.17498279623429,0.997319,1.045714,1.045198,0.975676
0,37.99548180189535,0.986559,0.983607,0.975676,1.00277
0,38.395386753314774,0.989101,1.0,1.00277,0.966851
0,35.44138933199026,0.977961,0.966667,0.966851,0.982857
0,34.03155666915653,0.977465,0.982759,0.982857,1.005814
0,34.960306493114686,1.0,1.002924,1.005814,1.011561
0,36.874483657510055,1.020173,1.014577,1.011561,0.994286
0,36.299234750635435,0.985876,0.988506,0.994286,1.011494
0,38.370026907818115,1.028653,1.017442,1.011494,0.931818
0,31.709390968829947,0.927577,0.928571,0.931818,1.015244
0,34.269361066540704,1.006006,1.0,1.015244,1.018018
0,37.30648461103212,1.014925,0.993846,1.018018,0.9
0,26.52674835563203,0.9,0.9,0.9,0.975862
0,25.397719171829657,0.969178,0.957597,0.975862,0.925795
0,22.327513627261368,0.932862,0.937269,0.925795,1.041985
0,27.285997012648405,1.037879,1.062992,1.041985,1.0
0,27.2859970126484,1.010949,0.988889,1.0,1.07326
0,35.91297068799635,1.064982,1.086142,1.07326,0.955631
0,33.159113757908564,0.955932,0.948276,0.955631,1.035714
0,37.15144589373032,1.031915,1.036364,1.035714,0.962069
0,34.69647056118913,0.969072,0.950877,0.962069,1.014337
1,36.34373955362658,1.003546,1.02583,1.014337,0.996466
1,36.0985834437234,1.0,0.996403,0.996466,0.996454
1,35.838241296515655,0.996466,1.0,0.996454,0.975089
0,33.990284371181154,0.985816,0.981949,0.975089,1.025547
0,37.46298227372907,1.017986,1.018382,1.025547,0.989324
0,36.57490601547246,0.982332,0.98556,0.989324,0.978417
0,34.79818521253664,0.996403,0.996337,0.978417,1.007353
0,35.915694343501485,1.0,0.955882,1.007353,0.974453
0,33.73627287276762,0.963899,1.007692,0.974453,1.086142
1,45.44935808983246,1.1,1.068702,1.086142,1.006897
1,46.33764248825482,0.963696,1.032143,1.006897,1.0
1,46.33764248825483,1.003425,0.986159,1.0,1.078767
1,55.912545807990625,1.078498,1.084211,1.078767,1.003175
1,56.27782359969786,1.041139,1.016181,1.003175,1.028481
1,59.5278834390457,0.987842,1.009554,1.028481,1.043077
1,64.00961910010983,1.076923,1.066246,1.043077,0.961652
1,57.62809274825731,0.937143,0.946746,0.961652,1.03681
1,61.44876830015251,1.1,1.028125,1.03681,0.911243
0,49.44518646894541,0.9,0.927052,0.911243,1.0
0,49.445186468945415,0.984076,0.97377,1.0,1.00974
0,50.56514087573006,1.012945,1.037037,1.00974,0.980707
0,48.26231723564597,0.980831,0.980519,0.980707,1.0
0,48.262317235645966,1.003257,1.006623,1.0,1.009836
0,49.593493089180406,1.0,1.0,1.009836,1.016234
0,51.81855309963437,1.019481,1.009868,1.016234,1.031949
1,56.001722741758314,1.041401,1.029316,1.031949,1.034056
1,60.10491959067403,1.021407,1.03481,1.034056,1.050898
1,65.46516833168565,1.062874,1.058104,1.050898,1.039886
1,69.14217719921999,1.04507,1.020231,1.039886,1.027397
1,71.47816934590227,1.03504,1.048159,1.027397,1.056
1,75.64739581021017,1.033854,1.045946,1.056,0.987374
1,72.91447386403252,0.984887,0.963824,0.987374,1.058824
1,77.02607486291164,1.086957,1.093834,1.058824,0.990338
1,74.89669482597452,0.981176,0.987745,0.990338,1.019512
1,76.30742008979,1.007194,1.01737,1.019512,0.930622
1,62.57868136057873,0.940476,0.931707,0.930622,1.010283
1,63.55271887311562,1.005063,1.002618,1.010283,0.956743
0,56.78748458493946,0.957179,0.958225,0.956743,0.984043
0,54.57916166810704,0.997368,0.997275,0.984043,0.978378
0,51.69272020863124,0.963061,0.983607,0.978378,1.038674
0,56.071058957104384,1.032877,1.025,1.038674,0.986702
0,54.18228180964028,0.98939,0.98916,0.986702,1.026954
0,57.28163628348489,1.02681,1.035616,1.026954,1.03937
1,61.48977276204074,1.039164,1.031746,1.03937,1.022727
1,63.79433115063757,1.032663,1.033333,1.022727,1.017284
1,65.52250546852046,1.002433,1.009926,1.017284,0.973301
1,60.6253430334158,0.973301,0.955774,0.973301,0.987531
1,58.48558410164926,0.995012,1.012853,0.987531,0.95202
0,51.104234040124915,0.944862,0.941624,0.95202,0.962865
0,46.45210757834143,0.981432,0.962264,0.962865,0.917355
0,38.387820398112574,0.908108,0.918768,0.917355,1.015015
0,40.249627207222055,1.008929,1.021341,1.015015,0.988166
0,39.22835203078597,0.988201,0.98806,0.988166,1.017964
0,41.621183662793044,1.026866,1.018127,1.017964,1.017647
0,43.99592042363747,1.011628,1.020772,1.017647,1.020231
0,46.71902205575938,1.014368,1.008721,1.020231,0.977337
0,44.08103534632492,0.98017,0.985591,0.977337,1.017391
1,46.520057463522235,1.026012,0.988304,1.017391,1.034188
1,51.11274547432786,1.061972,1.035503,1.034188,1.060606
1,58.200005331483595,1.023873,1.08,1.060606,1.1
1,71.93989177415395,1.1,1.1,1.1,1.1
1,88.38553401105798,1.1,1.1,1.1,0.9
1,69.98132693253515,0.9,0.9,0.9,0.973984
1,67.86402704849435,0.998374,1.003454,0.973984,0.944908
1,63.590641772121046,0.97557,0.932874,0.944908,1.1
1,68.05460258778628,1.1,1.090406,1.1,0.9
1,57.362099340073804,0.9,0.903553,0.9,1.031599
1,58.60248997973543,1.018051,0.996255,1.031599,1.034234
1,60.002978898765825,1.053191,1.052632,1.034234,1.1
1,66.11126953271834,1.1,1.1,1.1,1.041916
