1,100.0,1.1,1.1,1.1,0.96248
1,80.76463560334533,0.976285,0.993934,0.96248,0.964407
1,67.91869541695652,0.948988,0.978204,0.964407,1.018453
1,70.44952988012903,1.022184,1.016043,1.018453,0.964625
1,60.42671023541651,0.947412,0.970175,0.964625,1.027728
1,64.53511218866183,1.026432,1.001808,1.027728,1.039164
1,69.48720000583543,1.04721,1.076715,1.039164,0.948074
1,57.56145840223455,0.968033,0.937972,0.948074,0.960247
0,50.75301353549966,0.937341,0.970509,0.960247,1.039558
0,56.09684214216248,1.02981,1.028545,1.039558,0.986726
0,53.8996584821544,0.998246,0.995524,0.986726,1.041256
1,59.1798943922265,1.031634,1.035971,1.041256,1.003445
1,59.6130827056453,1.000852,0.989583,1.003445,0.976824
0,55.34375322663371,0.999149,0.99386,0.976824,0.934095
0,45.57892973966343,0.920784,0.932039,0.934095,0.973659
0,42.559832179883834,0.957447,0.900568,0.973659,0.919807
0,35.13117320559969,0.974879,0.993691,0.919807,0.954832
0,32.013577656995324,0.919722,0.948148,0.954832,0.926293
0,27.864351643036215,0.913793,0.9,0.926293,1.053444
0,34.04719893909814,1.067217,1.1,1.053444,0.978579
0,32.770050259134024,0.967956,0.975028,0.978579,0.996544
0,32.56235422495835,0.997717,0.995343,0.996544,0.959538
0,30.16063082013908,0.993135,0.966082,0.959538,0.992771
0,29.75545669447617,0.971198,0.985472,0.992771,0.9
0,22.612792794309854,0.9,0.9,0.9,1.1
0,36.104349312530644,1.1,1.1,1.1,0.97125
0,34.703799218884235,0.965347,0.989376,0.97125,1.1
1,45.16220027616138,1.1,1.1,1.1,1.046485
1,48.62261846994561,1.081655,1.072685,1.046485,1.007584
1,49.21188198538489,0.962771,0.989071,1.007584,0.972043
1,47.05320915216653,0.972073,0.963536,0.972043,1.089602
1,53.84564973368025,1.1,1.098624,1.089602,1.041624
1,56.86231135720988,1.041165,1.049061,1.041624,1.1
1,63.50383703321942,1.1,1.1,1.1,0.973498
1,60.657442150301144,0.974249,0.957998,0.973498,1.076225
1,65.34174143742476,1.066079,1.070896,1.076225,1.009275
1,65.91408277020508,1.0,1.020906,1.009275,1.0
1,65.91408277020508,1.0,1.0,1.0,1.0
1,65.91408277020508,1.0,1.0,1.0,1.1
1,77.05632307708171,1.1,1.1,1.1,1.083791
1,80.31974358380505,1.084175,1.1,1.083791,1.068441
1,82.66972335228824,1.052795,1.042997,1.068441,1.076512
1,84.97718885353554,1.072566,1.054341,1.076512,0.9
1,68.21914756091107,0.989549,0.944313,0.9,0.928482
1,61.48353656005863,0.9,0.9,0.928482,1.047297
1,63.844161642839374,1.052422,1.070679,1.047297,0.948387
0,59.36604538834662,0.928752,0.926797,0.948387,1.018367
0,60.376202059493146,1.038697,1.000705,1.018367,1.006012
0,60.7266800014975,0.993464,1.049331,1.006012,1.044489
0,63.3272304084601,1.059868,1.037609,1.044489,1.076923
1,67.51126880913954,1.061453,1.071197,1.076923,0.998819
1,67.37444035155319,1.020468,1.015106,0.998819,0.9
0,54.37805371158348,0.916905,0.9,0.9,0.957909
0,51.35765093049857,0.905,0.954887,0.957909,1.001417
0,51.45132977613992,0.979282,0.979957,1.001417,1.014154
0,52.437776919325515,1.023272,1.033601,1.014154,1.078158
1,57.629726414550085,1.06754,1.065018,1.078158,1.1
1,63.59134525005389,1.1,1.1,1.1,1.061728
1,66.96095641176686,1.06232,1.068592,1.061728,0.996678
1,66.5817488505486,0.988593,0.968468,0.996678,1.1
1,74.16958574987342,1.1,1.1,1.1,1.0
1,74.16958574987342,1.0,1.0,1.0,1.0
1,74.16958574987342,1.0,1.0,1.0,1.0
1,74.16958574987343,1.0,1.0,1.0,1.0
1,74.16958574987342,1.0,1.0,1.0,1.0
1,74.16958574987342,1.0,1.0,1.0,1.0
1,74.16958574987342,1.0,1.0,1.0,0.9
0,58.13339590934877,0.965041,0.908213,0.9,0.925532
0,50.28969898360254,0.9,0.905319,0.925532,1.020115
0,52.03218669528502,1.008451,1.017039,1.020115,0.978028
0,49.93188102823564,0.971508,0.993645,0.978028,0.974654
0,47.59752266413407,0.983899,0.965698,0.974654,0.986998
0,46.428746758170945,0.981297,1.002408,0.986998,0.941317
0,41.535930335556124,0.962478,0.92973,0.941317,1.005089
0,42.07259699295384,0.983911,1.00646,1.005089,1.022785
0,44.539741876876555,1.025157,1.022465,1.022785,0.990099
0,43.64993378653965,0.98773,0.994978,0.990099,1.085
1,52.36173910845225,1.1,1.08265,1.085,1.004032
1,52.76650843724801,0.984916,1.007576,1.004032,0.961561
1,48.5172844067968,0.958026,0.965876,0.961561,1.00358
1,48.91403175362255,1.002368,0.994012,1.00358,0.984542
1,47.215989620992886,0.987596,0.981928,0.984542,1.012077
1,48.69151116717413,1.007177,1.020245,1.012077,0.997613
1,48.400101387552574,1.001781,1.0,0.997613,1.010167
1,49.77584381652288,1.007113,1.010222,1.010167,1.00296
1,50.196429541512664,1.01236,1.007143,1.00296,0.979929
0,47.29601530353334,0.975581,0.975768,0.979929,0.996386
0,46.782296157386845,0.988677,0.996972,0.996386,0.986699
0,44.85831731603241,0.990958,0.989064,0.986699,0.973039
0,41.20812079619508,0.970195,0.951474,0.973039,0.993703
0,40.40344003452926,0.998119,1.007747,0.993703,1.003802
0,41.14603579065466,1.004397,1.004484,1.003802,0.950758
0,35.03444163661252,0.965604,0.943878,0.950758,1.02656
0,39.959599548013216,1.009715,1.039189,1.02656,1.018111
0,43.20543489773317,1.01347,1.015605,1.018111,0.988564
0,41.646733217454965,0.996203,0.982074,0.988564,0.992931
0,40.680861113076965,0.993011,0.999348,0.992931,0.978641
0,37.84519333271966,0.977607,0.984997,0.978641,0.945767
0,31.895677336832712,0.942408,0.940397,0.945767,0.953147
0,28.01970945468436,0.95625,0.950704,0.953147,1.03595
0,34.30713035687618,1.037763,0.948889,1.03595,0.985836
0,33.03860475523571,0.988104,1.064012,0.985836,1.005029
0,33.959014309812,1.002125,1.005136,1.005029,0.966405
0,30.888970587909835,0.960424,0.983942,0.966405,1.0
0,30.88897058790983,1.030169,1.001484,1.0,0.963757
0,27.84522843788241,0.937857,0.951852,0.963757,1.005372
0,28.922739524060177,1.005331,1.011673,1.005372,1.090076
1,44.081971335672065,1.091667,1.086154,1.090076,0.995098
1,43.489413452683344,0.99306,0.997167,0.995098,0.980296
1,41.109005370710484,0.983229,0.987216,0.980296,1.076095
1,51.85307751074404,1.08742,1.034532,1.076095,0.989993
1,50.45040979330472,0.975163,1.022949,0.989993,1.014151
1,52.39206592910952,1.015416,1.014276,1.014151,1.006645
1,53.32992194455844,1.00066,0.988606,1.006645,1.015842
1,55.59104060613352,1.044855,1.037288,1.015842,0.985705
1,53.0536004306914,0.964015,0.985621,0.985705,1.034278
1,57.940369409232346,1.034709,1.013926,1.034278,0.984066
1,54.97741362383984,0.982911,1.007194,0.984066,0.971503
0,50.119518320942966,0.98197,0.973377,0.971503,1.013333
1,52.187594090112164,0.999344,1.00467,1.013333,1.000658
0,52.294097279488554,1.000656,1.002656,1.000658,1.0
0,52.294097279488554,1.001311,1.002649,1.0,0.971729
0,47.065745722027614,0.979044,0.976222,0.971729,0.964141
0,41.55144618929912,0.98194,0.946549,0.964141,1.002807
0,42.10277660279773,0.996594,1.007863,1.002807,0.937019
0,34.26994500439513,0.950103,0.940426,0.937019,1.039582
0,41.20666538418459,1.007914,1.033183,1.039582,0.994253
0,40.511690107059636,0.992148,1.00073,0.994253,0.972543
0,37.29417099627668,0.969784,0.96426,0.972543,1.026746
0,41.994352607052704,1.025964,1.016641,1.026746,0.930535
0,34.55590353670708,0.966739,0.943452,0.930535,0.9
0,24.111465881704383,0.9,0.9,0.9,0.9
0,19.556316240988338,0.9,0.9,0.9,0.980263
0,19.107755460618318,0.977099,0.957255,0.980263,1.042506
0,23.11698067018261,1.075893,1.092832,1.042506,0.967811
0,22.18226030441506,0.943983,0.945161,0.967811,0.920177
0,20.083399016447242,0.940659,0.939704,0.920177,0.990361
0,19.858561950121036,0.98014,0.969734,0.990361,1.015815
0,21.398487222366555,1.009535,0.978777,1.015815,1.040719
0,25.434043045624474,1.048406,1.08801,1.040719,0.9
0,21.456290882904888,0.9,0.9,0.9,1.022517
0,23.380664754885476,1.002591,1.001342,1.022517,0.990933
0,23.129374449319112,1.007752,1.012064,0.990933,1.045752
0,27.334709303264116,1.051282,1.017219,1.045752,0.9975
0,27.242994035697315,0.987805,1.023438,0.9975,1.1
1,36.53111295418848,1.1,1.094148,1.1,1.010239
1,37.48604419894708,0.985683,0.99186,1.010239,0.949324
1,34.67670767383589,0.969832,0.981243,0.949324,0.9
0,29.94974546466858,0.9,0.9,0.9,1.04106
0,33.39419675889901,1.039012,1.022911,1.04106,1.082697
1,40.050488177010855,1.1,1.1,1.082697,1.1
1,50.534031024249195,1.1,1.04067,1.1,0.958121
1,47.65910373732619,0.986721,1.047126,0.958121,0.993603
1,47.23559305249716,1.009317,1.016465,0.993603,1.0397
1,50.17590287900202,1.007179,1.017279,1.0397,0.96904
1,47.84771792996085,1.008147,0.995754,0.96904,1.00213
1,48.020876764985324,1.005051,0.997868,1.00213,1.087141
1,54.66681246785586,1.038191,1.061966,1.087141,0.910068
1,47.35169399280353,0.906099,0.923541,0.910068,1.034372
1,49.86466990504025,1.041667,1.03159,1.034372,1.010384
1,50.6572837999341,1.015385,1.020063,1.010384,1.028777
1,52.90250101201739,1.030303,1.019669,1.028777,0.94006
0,47.875316025137536,0.939216,0.951269,0.94006,0.996812
0,47.63159194123975,0.987474,0.987193,0.996812,0.960554
0,44.61489410287829,0.961945,0.970811,0.960554,1.1
1,53.089438870550296,1.1,1.077951,1.1,1.03003
1,55.342128056644725,1.020608,1.016529,1.03003,0.9
0,45.21054765564035,0.9,0.902439,0.9,0.979978
0,44.00917322017326,0.973885,0.975225,0.979978,1.024972
0,45.90134240755745,1.036872,1.032333,1.024972,1.099668
1,52.91198715822099,1.1,1.1,1.099668,0.9
0,45.38219600260102,0.9,0.9,0.9,1.086907
1,50.80744718349204,1.078801,1.024887,1.086907,0.964694
0,48.51583057286833,0.95679,0.996689,0.964694,1.1
1,58.76588704406082,1.1,1.1,1.1,1.072529
1,62.46590567099172,1.045415,1.040112,1.072529,0.942519
1,57.72446036858456,0.955723,0.997309,0.942519,0.929148
1,52.7180135922476,0.95542,0.910072,0.929148,0.997104
1,52.53168910531289,0.955169,0.986166,0.997104,0.945789
0,49.04691936824439,0.956897,0.963928,0.945789,0.9
0,40.94976390166063,0.9,0.9,0.9,1.045012
0,43.353827874726136,1.061176,1.08091,1.045012,0.975553
0,42.30118945932982,0.965632,0.977778,0.975553,0.954654
0,40.390122424871095,0.958668,0.950957,0.954654,1.02875
0,42.0952865280898,0.994012,1.010063,1.02875,0.993925
0,41.815253320286,0.995181,1.012453,0.993925,1.045232
0,44.744577090212644,1.047215,1.03567,1.045232,1.018713
1,46.01039523850333,1.03815,1.023753,1.018713,1.082664
1,51.40528581039996,1.083519,1.078886,1.082664,0.95228
1,48.16580077862914,0.95889,0.962366,0.95228,1.018931
1,49.46152164344953,0.984995,1.007821,1.018931,0.998907
1,49.38332085856231,1.020675,1.011086,0.998907,0.97046
1,47.21285790888604,0.947761,0.961623,0.97046,0.941375
0,43.2685676512791,0.96063,0.950969,0.941375,1.007186
0,43.85144841707966,0.991803,1.001199,1.007186,1.054697
1,48.242052586101714,1.062574,1.044311,1.054697,0.994363
0,47.804478925054084,0.981111,0.97133,0.994363,1.037415
1,50.96569401624649,1.041903,1.038961,1.037415,0.9
0,43.12417531200674,0.9,0.920455,0.9,0.972053
0,41.408874251595094,0.983092,0.975309,0.972053,1.02
0,43.1042888309962,1.012285,1.01519,1.02,1.1
1,53.80976331618996,1.1,1.1,1.1,1.062032
1,57.961582793914445,1.063291,1.065288,1.062032,1.079557
1,62.85858700364541,1.069444,0.974464,1.079557,0.905784
1,54.17046948363727,0.913729,1.009434,0.905784,0.910402
0,48.01425390683081,0.932995,0.915888,0.910402,0.994344
0,47.67889270620123,0.96518,0.969388,0.994344,0.995449
0,47.39370032486964,1.019166,1.021053,0.995449,0.973714
0,45.70096274516496,0.957965,0.924399,0.973714,0.965962
0,43.587076542357615,0.986143,1.018587,0.965962,1.051033
0,47.38300706938945,1.014052,1.036496,1.051033,0.984971
0,46.34354734216832,1.012702,1.0,0.984971,1.017606
0,47.76738159471266,0.989738,0.985915,1.017606,1.066897
1,52.9647376259669,1.071429,1.083333,1.066897,0.952432
1,48.98280685902765,0.967742,0.956044,0.952432,0.965948
0,46.42028295956796,0.947778,0.942529,0.965948,1.017626
1,47.888244402906984,1.041032,1.05122,1.017626,1.031178
1,50.516294473585035,1.007883,1.024362,1.031178,0.956327
0,46.841647528894555,0.962011,0.94111,0.956327,0.994145
0,46.375883006225365,1.002323,1.008424,0.994145,1.021201
0,48.366346794531374,1.016222,1.026253,1.021201,1.05075
1,52.962584035928465,1.04675,1.012791,1.05075,1.013172
1,54.161027929402714,1.01634,1.041332,1.013172,0.918743
0,46.2325970843291,0.953912,0.925028,0.918743,1.080189
1,52.956647223254365,1.040449,1.081049,1.080189,1.086245
1,59.32138991365586,1.1,1.035281,1.086245,1.023116
1,60.97674623230907,1.018429,1.082002,1.023116,1.011788
1,61.84905213522946,1.007619,1.0,1.011788,0.920388
1,53.112166687439924,0.901701,0.912402,0.920388,0.959916
0,49.61443816378584,0.972746,0.979504,0.959916,1.024176
0,51.60165983776774,1.012931,1.013216,1.024176,0.950644
0,47.39272925170227,0.956383,0.945652,0.950644,1.013544
0,48.57121001018614,1.007786,1.026437,1.013544,1.017817
0,50.17392687101355,1.01766,1.020157,1.017817,1.017505
0,51.79184194372692,1.0141,1.015368,1.017505,1.006452
0,52.41583174783798,1.004278,0.994595,1.006452,1.012821
1,53.706433570550665,1.01278,1.021739,1.012821,1.010549
1,54.80647599888076,1.046267,1.018085,1.010549,1.057411
1,60.38248425686982,1.026131,1.039707,1.057411,1.1
1,70.23412243770119,1.1,1.095477,1.1,0.986087
1,68.10412666734044,0.998286,1.036697,0.986087,0.977072
1,64.67183779788132,0.95794,0.962832,0.977072,1.046029
1,68.07103779778939,1.055556,1.055147,1.046029,1.079379
1,73.09933581927365,1.073005,1.0723,1.079379,0.998401
1,72.83081483665825,0.996044,1.004874,0.998401,1.052042
1,75.92596503004829,1.082605,1.060631,1.052042,0.997717
1,75.498465324688,0.983125,0.992378,0.997717,1.076278
1,79.61805967231436,1.065672,1.063748,1.076278,0.985826
1,76.83554154968512,0.997199,0.981949,0.985826,0.977714
1,72.60027213170311,0.97191,0.998529,0.977714,0.9875
1,70.3114254663146,0.981214,0.966127,0.9875,0.979151
1,66.58779254023216,0.994109,0.996951,0.979151,0.9
0,51.56746425199246,0.9,0.9,0.9,1.032423
0,54.50434918712465,1.023669,1.010354,1.032423,1.002479
0,54.7376996611209,1.01569,1.030743,1.002479,1.009893
0,55.71612809684704,1.021138,0.988401,1.009893,0.995918
0,55.18088076176862,0.979299,0.994971,0.995918,0.97377
0,51.75412454423121,0.977236,0.970514,0.97377,0.939394
0,44.98504060410069,0.946755,0.961806,0.939394,0.991935
0,44.20670345437135,0.988576,0.984657,0.991935,1.033424
0,48.1765172516945,1.037333,1.04308,1.033424,0.999126
0,48.076951953320986,0.981148,0.981547,0.999126,1.029746
1,51.729672474757386,1.037555,1.043868,1.029746,1.059473
1,58.242824129817556,1.068182,1.038593,1.059473,1.003208
1,58.58669663564092,1.05989,1.029727,1.003208,1.0
1,58.58669663564092,0.950929,0.992783,1.0,1.026379
1,61.61145897343349,1.006255,1.012924,1.026379,1.023364
1,64.17328905617421,1.027972,1.026316,1.023364,0.958143
1,56.702339404443606,0.984127,0.977467,0.958143,1.025417
1,59.64595160100649,0.998464,1.017488,1.025417,1.052672
1,65.0790311520158,1.05,1.045313,1.052672,1.022075
1,67.17852257759546,1.030769,1.030643,1.022075,1.030958
1,69.96577402285094,1.026297,1.02248,1.030958,1.057263
1,74.42591168702894,1.072022,1.055319,1.057263,0.972919
1,68.91527239679624,0.959302,0.961694,0.972919,1.068568
1,74.01868959728829,1.076768,1.034941,1.068568,1.00953
1,74.68346186585013,1.017511,1.064146,1.00953,0.9
0,57.80094084919612,0.9,0.9,0.9,1.013986
0,59.0547570163902,1.010309,1.0199,1.013986,1.1
1,73.93939976260175,1.1,1.1,1.1,0.952961
1,67.6350251497976,0.961853,0.949883,0.952961,1.0964
1,72.55634784091107,1.085552,1.1,1.0964,1.080508
1,76.13477574482646,1.093946,1.088491,1.080508,0.9
1,61.94303623604536,0.941794,0.9,0.9,0.9
0,49.77537647648717,0.9,0.9,0.9,0.9
0,37.86601969961933,0.9,0.9,0.9,0.9
0,35.38840955682835,0.9,0.9,0.9,1.1
0,41.16525760383214,1.1,1.1,1.1,1.051423
0,42.97400198984601,1.1,1.1,1.051423,0.9
0,38.819936043994936,0.9,0.9,0.9,1.1
0,42.83129805810817,1.085657,1.1,1.1,1.1
0,47.89741633636161,1.1,1.1,1.1,0.95614
1,46.44628711585059,1.00301,1.004216,0.95614,0.979149
1,45.76753141432387,0.9,0.900924,0.979149,0.9
0,39.69524893782982,0.921769,0.9,0.9,1.089151
0,42.5013827752117,0.942804,1.058127,1.089151,0.9
0,39.05842989115931,0.9,0.9,0.9,1.1
0,43.51372726647661,1.1,1.1,1.1,0.985
0,43.12787317422211,0.994203,1.014463,0.985,1.086294
1,46.047457929771234,1.059281,1.045825,1.086294,1.065421
1,48.396881716026925,1.059633,1.07887,1.065421,0.985088
1,47.85189718544383,0.977489,0.981949,0.985088,1.063224
1,50.365763899917475,1.062002,1.032169,1.063224,0.994137
1,50.1092881299889,1.000834,1.0374,0.994137,1.035383
1,51.69859093891274,1.05,1.018884,1.035383,1.029292
1,53.07833415154427,1.023016,1.053075,1.029292,0.981818
1,52.05524615539723,1.043445,0.964,0.981818,1.095008
1,56.669757127129394,1.013383,1.095436,1.095008,0.959559
1,54.05813113242292,0.971387,0.955303,0.959559,1.062069
1,57.18736889721785,1.067221,1.089611,1.062069,1.02381
1,58.42967030745701,1.031139,1.029112,1.02381,0.956307
1,55.18945691347038,0.95676,0.958274,0.956307,0.9
0,48.10061585893397,0.925395,0.9,0.9,0.9
0,39.939907389913,0.9,0.9,0.9,1.1
0,45.29161901706149,1.087549,1.081276,1.1,0.9
0,38.58940598950385,0.9,0.9,0.9,1.05
0,40.49464590273803,1.053691,1.1,1.05,0.99026
0,40.21978018159028,0.977707,0.944745,0.99026,1.054645
0,42.552725623237365,1.054289,1.082569,1.054645,0.950259
0,40.902465234448925,0.969104,0.959746,0.950259,0.917121
0,38.36545355054155,0.941552,0.90287,0.917121,1.1
0,43.34492127339252,1.066591,1.05868,1.1,1.080765
1,46.858811999718114,1.1,1.1,1.080765,0.989184
1,46.41014297562742,0.971209,0.993927,0.989184,1.019881
1,47.396360242707786,1.040514,1.019348,1.019881,0.982456
1,46.56577533578981,0.980057,0.992008,0.982456,1.048611
1,49.17679047055617,1.035853,1.057402,1.048611,0.966887
1,47.395306729558065,0.963517,0.95619,0.966887,1.007828
1,47.860247120530865,1.006796,1.011952,1.007828,0.96699
1,45.99944995504632,1.027001,0.977362,0.96699,0.9
0,40.55558842024105,0.9,0.9,0.9,1.002255
0,40.69427652747888,0.996652,0.978385,1.002255,1.008999
0,41.28437777249654,1.012318,1.02907,1.008999,1.051282
0,44.69214015385414,1.048673,1.048588,1.051282,1.032874
1,46.92762981547688,1.049578,1.024784,1.032874,0.992813
1,46.4708702541486,0.994975,1.011567,0.992813,0.967942
0,44.409376422464,0.982828,0.93763,0.967942,1.092949
1,50.981470279224574,1.076053,1.1,1.092949,0.993157
1,50.46451640088286,0.980898,1.000988,0.993157,1.009843
1,51.22540272317607,1.015579,1.010859,1.009843,0.982456
1,49.74423806234525,0.99233,0.981445,0.982456,0.974206
1,47.603128070208584,0.965217,0.970149,0.974206,1.013238
1,48.79000480781924,1.006006,1.018462,1.013238,1.00603
1,49.360149718207595,0.99801,0.994965,1.00603,1.04995
1,53.96024625766765,1.060818,1.058704,1.04995,0.994291
1,53.33414325645229,0.99812,0.99044,0.994291,0.989474
1,52.13969734926036,0.985876,0.984556,0.989474,1.037718
1,55.90985328138291,1.042025,1.044118,1.037718,0.964585
1,51.64126364210209,0.970669,0.964319,0.964585,1.013527
1,53.063068106699205,1.003777,1.015579,1.013527,0.975214
0,50.11612078558324,0.967074,0.973154,0.975214,1.022483
1,52.62274418021451,1.021401,1.009852,1.022483,1.017208
1,54.54767159625439,1.01619,1.02439,1.017208,1.056391
1,60.33310723868423,1.055295,1.030476,1.056391,0.967972
1,55.748042352824946,0.997336,1.005545,0.967972,1.057904
1,61.29192578935079,1.041852,1.027574,1.057904,1.018245
1,62.957798525520204,1.004274,1.036673,1.018245,0.986348
1,60.81044376415943,0.990638,0.991372,0.986348,0.99308
1,59.713755144625765,0.993986,0.966928,0.99308,0.950348
0,52.455007918813486,0.974935,0.981098,0.950348,1.012832
0,53.9361125498367,0.989362,1.004587,1.012832,0.952941
0,47.95998338195206,0.947133,0.947032,0.952941,1.00095
0,48.07912505007984,1.014191,1.011572,1.00095,1.021822
0,50.86541350084376,1.011194,1.020972,1.021822,1.030641
0,54.62765032607924,1.035978,1.028011,1.030641,0.959459
0,49.10591152767281,0.977738,0.965486,0.959459,0.960563
0,44.576982973521375,0.933515,0.940734,0.960563,1.010753
0,45.98214720940149,1.018537,1.03,1.010753,0.997099
0,45.64227359736096,0.995211,0.98835,0.997099,1.046557
1,51.7831668538592,1.043311,1.051081,1.046557,0.988879
1,50.25464665965097,1.000923,0.991589,0.988879,1.029053
1,54.029715670525924,1.011982,1.019793,1.029053,0.991803
1,52.77747872310503,1.005464,1.002773,0.991803,0.964187
0,47.6262910362494,0.969203,0.964977,0.964187,1.014286
1,49.661325847756096,1.01215,1.016237,1.014286,1.030986
1,53.90480016869758,1.017544,1.019737,1.030986,0.942623
0,45.94238785657293,0.947368,0.948387,0.942623,1.024155
0,49.15215770671488,1.021073,1.028183,1.024155,0.974528
0,45.976994506502976,0.991557,0.967864,0.974528,0.929332
0,38.698220447120526,0.918638,0.932617,0.929332,0.984375
0,37.38841207134234,0.978373,0.979058,0.984375,0.989418
0,36.50141957030235,1.004211,0.99893,0.989418,0.95615
0,33.0404525937039,0.948637,0.952891,0.95615,1.021253
0,36.065800736630045,1.020994,1.020225,1.021253,0.946331
0,32.04468956612615,0.940476,0.944934,0.946331,0.980324
0,30.763187364896616,0.981588,0.955711,0.980324,1.03778
0,35.95516860718647,1.031653,1.062195,1.03778,1.006826
0,36.91046758328534,1.009091,1.002296,1.006826,0.99322
0,36.326930299369856,0.990991,0.986254,0.99322,1.022753
1,39.74645015546712,1.025,1.031359,1.022753,1.024472
1,43.35043760516751,1.022173,1.023649,1.024472,0.993485
1,42.60201986221826,1.002169,1.0011,0.993485,1.004372
1,43.30475337018796,1.005411,1.003297,1.004372,1.008705
1,44.7613908050684,1.006459,1.013143,1.008705,0.987055
1,42.977682818458376,0.988235,0.989189,0.987055,0.959563
0,37.955422944969285,0.968615,0.956284,0.959563,1.041002
1,44.7237344634638,1.022346,1.032,1.041002,1.001094
1,44.903531469938606,1.001093,1.0,1.001094,1.008743
1,46.40542539544937,1.014192,1.014396,1.008743,0.983749
0,43.98439587819416,0.986006,0.989083,0.983749,1.01652
1,46.96418322180092,1.009825,1.003311,1.01652,0.990249
1,45.40354602632441,1.001081,1.0011,0.990249,0.978118
0,42.05879229238459,0.969762,0.978022,0.978118,1.008949
0,43.840920840705934,1.008909,1.002247,1.008949,1.005543
0,44.97995596973706,1.002208,1.011211,1.005543,0.963616
0,39.31263381701641,0.964758,0.952328,0.963616,1.0
0,39.31263381701641,1.012557,1.016298,1.0,0.940503
0,31.95474802922583,0.94363,0.936999,0.940503,1.038929
0,39.46352719919215,1.021505,1.01956,1.038929,0.93911
0,33.07612604503859,0.976608,0.959233,0.93911,0.955112
0,29.514505522113254,0.932934,0.9525,0.955112,1.006527
0,30.631744216105304,0.98973,1.0,1.006527,0.93904
0,26.396276098355013,0.945525,0.939633,0.93904,0.98895
0,25.743778683009275,0.982167,0.990223,0.98895,0.988827
0,25.07622982353248,0.998603,0.987306,0.988827,1.00565
0,26.10795291563774,0.998601,1.005714,1.00565,1.018258
0,29.50550987326579,1.019608,1.019886,1.018258,0.983448
0,28.215822807697904,0.982143,0.98468,0.983448,0.995792
0,27.88763861848938,0.994406,0.980198,0.995792,0.997183
0,27.656688316370893,1.007032,1.015873,0.997183,0.9
0,19.010082594534644,0.9,0.9,0.9,0.943894
0,17.09186304227071,0.919048,0.925,0.943894,1.013986
0,19.15887231999515,1.013817,1.043243,1.013986,1.027586
0,23.278671648054875,1.017036,1.01209,1.027586,1.021812
0,26.553747723538926,1.025126,1.02901,1.021812,1.042693
0,32.73803308484269,1.044118,1.033167,1.042693,1.004724
1,33.43450187113753,1.00313,1.00321,1.004724,1.029781
1,37.8254827491485,1.070203,1.024,1.029781,0.998478
1,37.68458399037002,0.966472,1.0125,0.998478,0.957317
1,33.87919950769215,0.968326,0.969136,0.957317,0.988854
1,32.98250773998467,0.978193,0.985669,0.988854,0.987118
0,31.941991965184233,0.992038,0.983845,0.987118,1.040783
1,38.474158700560956,1.027287,0.990148,1.040783,0.970219
0,35.67193398489187,0.978125,1.021559,0.970219,1.003231
0,36.198708041994315,1.019169,1.00487,1.003231,0.996779
0,35.88227015299552,0.971787,0.98546,0.996779,0.978998
0,33.81317977258402,0.983871,0.991803,0.978998,0.952145
0,29.69902129520658,0.960656,0.942149,0.952145,0.987868
0,28.788482404139913,0.996587,0.992982,0.987868,0.97193
0,26.76832943179286,0.965753,0.966431,0.97193,0.9
0,20.62978463294008,0.9,0.9,0.9,1.014257
0,22.749547913551403,1.01417,1.016771,1.014257,0.981928
0,21.938284981771357,0.998004,0.993814,0.981928,1.03272
0,26.927207111795063,1.01,1.03112,1.03272,1.00198
0,27.24019308553704,1.00396,0.997988,1.00198,1.037549
0,33.10310554975511,1.055227,1.056452,1.037549,0.948571
0,29.469114860760786,0.942056,0.946565,0.948571,1.054217
1,36.92588752701016,1.047619,1.038306,1.054217,1.013333
1,38.734342203353805,1.045455,1.029126,1.013333,1.035714
1,43.47196635080153,1.001812,1.003774,1.035714,0.994555
1,42.90776806235265,1.028933,1.007519,0.994555,1.023723
1,46.1681506161604,0.99297,1.035448,1.023723,0.948307
1,40.59835448254419,0.976991,0.958559,0.948307,1.030075
1,44.5715183008214,0.996377,1.018797,1.030075,0.972628
0,41.75202236821045,0.981818,0.972325,0.972628,0.969981
0,38.92362313962156,0.985185,0.981025,0.969981,0.9
0,30.894268112035537,0.9,0.9,0.9,0.936957
0,27.75702519569087,0.917197,0.923423,0.936957,1.044084
0,32.587096637675614,1.041667,1.07561,1.044084,1.04
0,36.891837902478116,1.046667,1.036281,1.04,1.019231
0,38.98962964033208,1.029724,1.037199,1.019231,1.1
1,48.770554163018424,1.090722,1.097046,1.1,0.950476
1,44.59970023780164,0.992439,0.951923,0.950476,0.991984
1,43.97659667737663,0.942857,0.961616,0.991984,1.006061
1,44.60172685856213,1.024242,1.044118,1.006061,0.98996
1,43.72598914139523,1.00789,0.987928,0.98996,0.955375
0,40.004093634978275,0.92955,0.947047,0.955375,0.955414
0,36.785388602828796,0.972632,0.967742,0.955414,1.035556
0,40.70023804999501,1.012987,0.995556,1.035556,1.081545
1,48.808757465942875,1.096154,1.084821,1.081545,1.1
1,63.105837635527685,1.1,1.1,1.1,1.1
1,82.46333978861328,1.1,1.1,1.1,0.9
1,61.24674029753138,0.9,0.9,0.9,1.034853
1,62.44903644910417,0.937947,1.008186,1.034853,1.1
1,67.9300888198675,1.1,1.1,1.1,1.1
1,77.85127894425665,1.1,1.1,1.1,0.959502
1,74.44822240369086,0.909225,0.921138,0.959502,1.034091
1,75.38416375918158,1.079545,1.1,1.034091,1.042386
1,76.57235229086058,1.1,1.00314,1.042386,0.938253
1,70.97023997258654,0.9,0.935055,0.938253,0.911717
1,64.18624794790632,0.9,0.9,0.911717,1.02993
1,65.29064814180816,1.048318,1.092118,1.02993,1.1
1,74.4496063577364,1.1,1.1,1.1,1.1
1,83.66840491178824,1.1,1.1,1.1,0.9
1,67.13614390344263,0.9,0.937859,0.9,1.006652
1,67.31678621099994,0.964378,0.967706,1.006652,0.992841
1,66.88784777511381,0.972698,0.926352,0.992841,0.9
0,59.06258240711519,0.9,0.940373,0.9,1.01482
0,59.529807245926364,0.986528,1.004624,1.01482,0.911746
0,55.4136329962546,0.965239,0.933596,0.911746,0.905292
0,51.650556298895566,0.9,0.9,0.905292,1.07
0,53.90612882961297,1.1,1.089172,1.07,1.010784
0,54.28471201881404,0.945928,1.005117,1.010784,1.024182
0,55.1832386478046,1.056457,1.037091,1.024182,1.00625
0,55.43294620914897,0.985972,1.007013,1.00625,0.9
0,50.11993180194055,0.9,0.9,0.9,0.988372
0,49.63659062669202,1.026923,1.007918,0.988372,0.980392
0,48.79203991740776,0.949064,0.97172,0.980392,0.9296
0,45.835695938655306,0.943962,0.902991,0.9296,0.936317
0,43.45148673480618,0.955686,0.96598,0.936317,1.023897
0,44.54298569501964,0.993876,1.02317,1.023897,1.052962
0,47.04105677976141,1.036972,1.015399,1.052962,0.988065
0,46.50573425066024,1.039049,1.03033,0.988065,1.093184
1,51.126289490642215,1.038399,1.072727,1.093184,1.04341
1,53.336763490104104,1.058222,1.056497,1.04341,0.926626
1,49.11746928426099,0.939777,0.933537,0.926626,0.906939
0,44.647279592118764,0.9,0.9,0.906939,0.988299
0,44.15378646584105,0.995552,1.00274,0.988299,1.047359
0,46.69197218489929,1.042002,1.025501,1.047359,0.937391
0,43.72845382963793,0.964837,0.954707,0.937391,1.004638
0,43.994293551792985,0.969778,0.988837,1.004638,0.975069
0,42.81794693242714,0.975252,0.9746,0.975069,1.006629
0,43.24167524954073,1.016917,1.025097,1.006629,0.917215
0,39.29910269896842,0.918669,0.911488,0.917215,1.027692
0,41.07430428488752,1.05332,1.034091,1.027692,1.028942
0,43.002397694101816,1.012416,0.989011,1.028942,1.020369
0,44.420615916485865,1.00566,1.053535,1.020369,1.001901
0,44.56209384024514,0.990619,1.0,1.001901,1.06926
1,49.604567862076514,1.1,1.078619,1.06926,1.002662
