1,100.0,1.075589,1.064232,1.058313,0.962485
1,57.69593956562801,0.973502,0.951479,0.962485,0.947625
1,35.7873394908763,0.931361,0.961443,0.947625,0.991003
1,33.553647036650666,1.003812,0.990944,0.991003,1.016861
1,40.92772396499871,0.993671,1.015666,1.016861,0.997449
1,40.18877806539854,1.005096,1.001285,0.997449,1.025575
1,49.92519193904921,1.024081,1.016688,1.025575,1.1
1,78.20253904756764,1.1,1.09596,1.1,0.906316
1,57.26161163691482,0.921026,0.990783,0.906316,1.065041
1,63.82548864396777,1.040089,1.053488,1.065041,0.965104
1,58.31408297396936,0.948608,0.941501,0.965104,0.99887
1,58.14511043297394,1.007901,1.025791,0.99887,1.023756
1,60.71921853673064,1.017917,1.017143,1.023756,0.963536
1,54.99539500624136,0.970297,0.960674,0.963536,0.969037
0,50.77776793376782,0.969388,0.961404,0.969037,0.9
0,38.702390119805216,0.906433,0.9,0.9,0.987887
0,37.847151428535064,0.966452,0.987738,0.987887,1.042234
0,42.55583335992858,1.022697,1.030345,1.042234,0.9
0,31.89506477424854,0.9,0.9,0.9,1.040752
0,35.45969698403918,1.045383,1.07541,1.040752,0.942771
0,32.76080421836994,0.938623,0.935976,0.942771,1.054313
0,37.355074192412786,1.073365,1.066775,1.054313,0.968182
0,35.73114890853179,0.982169,0.964885,0.968182,1.00626
0,36.29919910315325,1.0,1.012658,1.00626,0.902022
0,31.566794186447545,0.9,0.9,0.902022,1.046552
0,35.450831590505935,1.047945,1.05036,1.046552,0.973641
0,34.21165967164498,0.977124,1.0,0.973641,1.081218
1,40.88728537312428,1.075251,1.075342,1.081218,1.00626
1,41.42073133313788,1.018663,1.011146,1.00626,1.032659
1,44.26444486407527,1.018321,1.015748,1.032659,0.983434
1,43.0846075844845,0.97901,0.982946,0.983434,1.018377
1,44.812748305294384,1.041348,1.041009,1.018377,0.983459
1,43.50861860283185,0.964706,0.974242,0.983459,0.996942
1,43.26210050795811,1.001524,1.00311,0.996942,0.98773
1,42.231350950019554,0.99239,0.982946,0.98773,0.951863
0,38.41216558223614,0.95092,0.9653,0.951863,1.009788
0,39.55161411099066,1.004839,1.004902,1.009788,0.988691
0,38.65311884435974,0.982343,0.978862,0.988691,1.017974
0,40.92423962168681,1.02451,1.016611,1.017974,1.083467
1,50.29260985243706,1.1,1.089869,1.083467,0.995556
1,49.80192410706203,0.974175,0.988006,0.995556,0.994048
1,49.113863354522145,0.985272,0.998483,0.994048,1.050898
1,54.82686681464549,1.055306,1.037994,1.050898,0.920228
0,45.72181777834187,0.978754,0.944363,0.920228,0.970588
0,43.10617400889995,0.911722,0.948837,0.970588,0.995215
0,42.69089241928448,1.003175,1.011438,0.995215,0.975962
0,40.58551966053412,0.976266,0.977383,0.975962,0.988506
0,39.603944249257644,0.980551,0.983471,0.988506,1.008306
0,40.70703782361034,1.01157,1.013445,1.008306,0.976936
0,38.58216433186829,0.97549,0.976783,0.976936,0.973019
0,36.253080484591045,0.968174,0.962649,0.973019,1.008666
0,37.52236168215671,1.019031,1.022928,1.008666,0.9811
0,35.832009596782854,0.988115,0.982759,0.9811,0.97373
0,33.608594181634096,0.962199,0.961404,0.97373,1.016187
0,36.16791319449251,1.0125,1.023723,1.016187,1.00885
0,37.60691453783365,1.005291,1.00713,1.00885,1.031579
1,42.621749479119465,1.035088,1.030088,1.031579,1.011905
1,44.490276833235804,1.025424,1.020619,1.011905,1.0
1,44.49027683323581,1.0,1.0,1.0,1.0
1,44.49027683323582,1.0,1.0,1.0,1.0
1,44.49027683323582,1.0,1.0,1.0,1.0
1,44.49027683323581,1.0,1.0,1.0,1.0
1,44.49027683323581,1.0,1.0,1.0,1.092437
1,60.325817453718635,1.1,1.060606,1.092437,0.984615
1,57.13440081998318,0.964072,1.006349,0.984615,0.984375
1,54.05476772856754,0.981366,0.98265,0.984375,1.007937
1,55.350666181952555,1.015823,1.011236,1.007937,0.955906
0,47.30423574818585,0.94704,0.944444,0.955906,0.995058
0,46.523859485320344,1.001645,1.010084,0.995058,1.072848
1,57.57772306057123,1.070608,1.048253,1.072848,0.947531
0,49.127143726817884,0.957055,0.971429,0.947531,0.925081
0,40.472394404710776,0.939103,0.926471,0.925081,1.017606
0,42.83029650910345,0.988055,1.005291,1.017606,0.986159
0,41.41691384261424,0.994819,0.985965,0.986159,0.992982
0,40.69382463947272,0.993056,1.005338,0.992982,1.037102
0,46.02195989302273,1.031469,1.014159,1.037102,0.989779
0,44.78397706376266,0.99322,1.008726,0.989779,1.030981
1,49.19895086631532,1.049488,1.012111,1.030981,0.983306
0,46.95281105577542,0.95935,0.998291,0.983306,0.994907
1,46.27033173800842,0.99661,0.996575,0.994907,0.950512
0,40.189026417179946,0.954082,0.946735,0.950512,0.965889
0,36.77844914417865,0.969697,0.967332,0.965889,0.944238
0,32.14050567589016,0.941176,0.930582,0.944238,0.94685
0,28.639989522090847,0.945312,0.933468,0.94685,1.035343
0,33.54749273868958,1.030992,1.062635,1.035343,0.955823
0,30.61338853217634,0.97996,0.965447,0.955823,1.002101
0,30.909188256027782,0.98773,0.997895,1.002101,0.985325
0,29.946789445216705,0.989648,0.987342,0.985325,0.978723
0,28.577851696146915,0.966527,0.974359,0.978723,0.906522
0,23.585248733427044,0.937229,0.910088,0.906522,0.995204
0,23.38065125381945,0.969977,0.995181,0.995204,1.045783
0,29.626312372529924,1.038095,1.033898,1.045783,0.940092
0,26.44904093112225,0.949541,0.948478,0.940092,1.1
0,38.0137050955595,1.096618,1.098765,1.1,1.013333
1,39.4777236569964,1.011013,1.008989,1.013333,0.967105
0,37.1174940984052,0.976035,0.979955,0.967105,0.972789
0,35.2992894007097,0.984375,0.965909,0.972789,0.988345
0,34.54008114407999,0.968254,0.990588,0.988345,0.971698
0,32.72113736506049,0.976581,0.969121,0.971698,0.987864
0,31.96577625847269,0.983213,0.992647,0.987864,0.95086
0,29.074538948723195,0.943902,0.938272,0.95086,0.981912
0,28.116010709767664,0.98708,0.984211,0.981912,1.005263
0,28.83787839688072,1.005236,0.986631,1.005263,1.010471
0,30.344470572718343,1.007812,1.01355,1.010471,1.064767
1,39.03230082140246,1.062016,1.069519,1.064767,1.007299
1,39.99941366953718,1.009732,1.025,1.007299,0.980676
1,38.25665306008563,1.00241,0.987805,0.980676,1.007389
1,39.32426907010554,0.990385,1.002469,1.007389,1.00978
1,40.79425170572193,1.012136,1.007389,1.00978,1.012107
1,42.66415064236458,1.007194,1.00978,1.012107,1.014354
1,44.91254704720493,1.016667,1.01937,1.014354,1.009434
1,46.421009764011146,1.002342,1.004751,1.009434,0.997664
1,46.08128192844446,0.997664,0.992908,0.997664,0.967213
0,41.50199133905864,0.967213,0.971429,0.967213,0.987893
0,39.974145647202015,1.009685,0.987745,0.987893,0.936275
0,33.141736759537665,0.928058,0.940447,0.936275,1.018325
0,36.29858090545011,1.01292,1.015831,1.018325,1.033419
0,41.7950982934334,1.030612,1.036364,1.033419,1.007463
0,43.017027884298535,1.007426,1.002506,1.007463,1.034568
1,48.45531322809094,1.054054,1.02,1.034568,1.004773
1,49.20117306267229,0.990676,1.022059,1.004773,0.954869
0,42.856639257195305,0.962353,0.964029,0.954869,1.1
1,58.811875187375,1.1,1.069652,1.1,0.9
0,46.639885565676174,0.9,0.944186,0.9,1.04401
1,50.92040863028183,1.047619,1.041872,1.04401,0.943794
0,45.66086954402834,0.931818,0.950355,0.943794,1.002481
0,45.91155764656502,0.987805,0.995025,1.002481,0.977723
0,43.9465120022001,0.992593,0.985,0.977723,0.989873
0,43.06430555191192,0.99005,0.956853,0.989873,0.984655
0,41.711674404422624,0.969849,1.0,0.984655,0.98961
0,40.791800632157596,0.992228,1.002653,0.98961,0.984252
0,39.388608335952135,0.989556,0.989418,0.984252,0.989333
0,38.439287381118426,0.989446,0.986631,0.989333,1.048518
0,44.87754272904514,1.037333,1.0271,1.048518,1.025707
1,48.12353239780468,1.048843,1.042216,1.025707,0.967419
0,44.4583161018952,0.948529,0.967089,0.967419,0.987047
0,43.09869600213919,1.005168,0.994764,0.987047,0.997375
0,42.81666807584558,1.007712,0.978947,0.997375,1.021053
1,45.868447476637826,1.005102,1.024194,1.021053,0.994845
1,45.21872677879246,0.984772,1.002625,0.994845,0.955959
0,40.02850790913116,0.96134,0.963351,0.955959,1.00542
0,40.888130450650685,0.994638,0.983696,1.00542,0.997305
0,40.57496361230414,1.005391,1.01105,0.997305,1.005405
0,41.53936258612645,1.010724,1.010929,1.005405,0.997312
0,41.17951121781776,0.994695,1.002703,0.997312,0.991914
0,40.058364418309324,1.024,0.989218,0.991914,1.016304
0,43.37865544137802,0.979167,1.008174,1.016304,0.981283
0,40.556144118262026,0.984043,0.986486,0.981283,0.975477
0,37.20431356691048,0.972973,0.972603,0.975477,1.002793
0,37.81924061040684,1.008333,1.008451,1.002793,0.94429
0,31.231940767721984,0.939394,0.921788,0.94429,1.047198
0,40.20488563408956,1.043988,1.051515,1.047198,1.011268
0,42.234174657454325,1.008427,1.0,1.011268,0.997214
0,41.85177562414944,1.005571,1.028818,0.997214,1.022346
1,46.05945621639631,1.01385,1.014006,1.022346,1.008197
1,47.590995595752545,1.021858,1.013812,1.008197,0.98374
1,44.848324382088585,0.997326,0.986376,0.98374,1.030303
1,50.48253967941187,1.002681,1.022099,1.030303,0.981283
1,47.17946937866517,0.991979,0.986486,0.981283,1.035422
1,53.29171177440918,1.02965,1.032877,1.035422,1.013158
1,55.42805360441885,1.010471,1.01061,1.013158,1.0
1,55.42805360441886,1.002591,1.007874,1.0,0.963636
0,48.260139912202014,0.968992,0.963542,0.963636,1.021563
1,52.07413178278636,1.021333,1.010811,1.021563,1.015831
1,54.76723849582059,1.013055,1.010695,1.015831,0.961039
0,47.57035233195155,0.969072,0.973545,0.961039,1.016216
0,50.37922472817492,1.0,1.008152,1.016216,0.973404
0,45.95979171287989,0.984043,0.978437,0.973404,0.986339
0,43.88677213701478,0.983784,0.991736,0.986339,0.99169
0,42.64392294283012,0.991758,0.988889,0.99169,1.005587
0,43.78684388180328,0.99723,0.994382,1.005587,0.955556
0,37.37109643255784,0.969444,0.968927,0.955556,1.023256
0,41.95096787902787,1.017192,1.011662,1.023256,1.005682
0,43.07177482938336,1.0,1.005764,1.005682,1.008475
0,44.79364671580331,1.008451,1.005731,1.008475,1.011204
1,47.09149880414367,1.011173,1.019943,1.011204,1.00554
1,48.2513093753053,1.01105,1.00838,1.00554,0.969697
0,42.706315385228926,0.969945,0.966759,0.969697,0.974432
0,38.77959683546112,0.969014,0.965616,0.974432,0.982507
0,36.37815659646784,0.982558,0.982196,0.982507,0.910979
0,27.281348785293776,0.928994,0.92145,0.910979,1.013029
0,29.8019088668832,1.006369,1.013115,1.013029,1.006431
0,31.088084415922985,1.003165,1.003236,1.006431,1.00639
0,32.42150798189972,1.015773,1.012903,1.00639,0.990476
0,31.43881925674583,0.975155,0.984076,0.990476,0.990385
0,30.44505314624338,0.993631,0.996764,0.990385,1.016181
0,34.17938837704109,1.009615,1.003247,1.016181,1.015924
1,37.77705192589933,1.044444,1.02589,1.015924,1.00627
1,39.208405226158675,0.978723,0.993691,1.00627,1.1
1,67.00209578090728,1.1,1.098413,1.1,0.910026
1,53.45528298415457,0.930591,1.00289,0.910026,1.031073
1,56.43641801741453,1.022099,1.028818,1.031073,0.983562
1,54.39009440646903,0.978378,0.985994,0.983562,0.958217
1,49.552746774224836,0.958564,0.971591,0.958217,1.011628
1,50.809139241225765,1.005764,1.0,1.011628,1.071839
1,57.87120193694565,1.074499,1.052632,1.071839,0.967828
1,53.87317566021226,0.970667,0.983333,0.967828,0.961219
0,49.57050634032682,0.975275,0.974576,0.961219,0.991354
0,48.67341814534312,0.974648,0.976812,0.991354,0.997093
0,48.359255301383705,1.008671,0.982196,0.997093,0.985423
0,46.73497970372193,0.974212,1.003021,0.985423,1.047337
1,52.26072196182384,1.055882,1.051205,1.047337,1.019774
1,54.4853747538,1.016713,1.025788,1.019774,1.00277
1,54.80935725492313,1.008219,1.005587,1.00277,0.980663
1,52.01805165074807,0.970109,0.975,0.980663,0.957746
0,46.54754713177512,0.963585,0.960114,0.957746,1.0
0,46.547547131775126,0.988372,0.991098,1.0,1.005882
0,47.40289590383388,1.035294,1.023952,1.005882,0.938596
0,40.13975744552048,0.934659,0.932749,0.938596,1.003115
0,40.6064428027369,0.987842,1.003135,1.003115,1.037267
0,46.042720989329126,1.027692,1.025,1.037267,0.994012
0,45.29853763669706,1.0,1.003049,0.994012,0.996988
0,44.90770170289278,1.0,1.0,0.996988,1.057402
1,53.174397600990446,1.047904,1.048632,1.057402,0.977143
1,49.78691292507017,0.997143,0.988406,0.977143,0.953216
0,43.77983141929857,0.934097,0.938416,0.953216,1.01227
0,45.54864360254865,1.015337,1.01875,1.01227,0.981818
0,43.3456606018513,0.984894,0.98773,0.981818,1.098765
1,55.66230094657442,1.09816,1.031056,1.098765,0.994382
1,54.85955875312002,0.994413,1.045181,0.994382,0.983051
1,52.4172793356115,0.983146,1.0,0.983051,1.020115
1,54.93778153644236,1.017143,1.005764,1.020115,1.030986
1,58.64497638019091,1.036517,1.017192,1.030986,1.1
1,71.81260929258109,1.1,1.1,1.1,1.099057
1,77.41946774626575,1.099057,1.099057,1.099057,1.1
1,86.12429650950303,1.1,1.1,1.1,1.1
1,88.92728345657535,1.0928,1.044521,1.1,0.9
1,72.17837303219964,0.9,0.95082,0.9,0.984589
1,70.56810853780536,0.955882,0.984483,0.984589,1.041739
1,72.34022472099079,1.046154,1.04028,1.041739,1.1
1,81.88434800521293,1.1,1.1,1.1,0.9
0,39.906499438706646,0.9,0.9,0.9,0.966942
0,39.58973424125397,0.97166,1.064516,0.966942,1.081197
0,40.79178848676548,1.1,1.073593,1.081197,0.948617
0,40.20234905556304,0.9,0.959677,0.948617,0.983333
0,40.01077147431234,0.979339,0.987395,0.983333,0.987288
0,39.857363558163414,0.983122,0.974468,0.987288,1.034335
0,40.512377990908,1.064378,1.048035,1.034335,0.987552
0,40.334972879870655,0.967742,0.983333,0.987552,1.021008
0,40.80027126076306,1.016667,1.021186,1.021008,1.1
1,47.73549266344275,1.1,1.1,1.1,1.071429
1,49.587177437147616,1.080745,1.1,1.071429,1.1
1,59.84541786191161,1.1,1.1,1.1,1.036072
1,60.8482303287052,1.035294,1.028889,1.036072,0.918762
1,57.25519894773349,0.918561,1.017279,0.918762,1.018947
1,57.82983942667115,1.008247,1.021231,1.018947,0.987603
1,57.2770156404544,0.99182,0.981289,0.987603,0.98954
1,56.78981413760368,0.989691,0.997881,0.98954,0.9
0,51.85016187295566,0.914583,0.9,0.9,1.052257
0,53.685625381157145,1.029613,1.071782,1.052257,1.090293
1,56.90243700964294,1.081858,1.064665,1.090293,0.968944
0,55.34989771961495,0.99182,1.015184,0.968944,0.970085
0,53.87249040317051,0.946392,0.952991,0.970085,1.017621
0,54.6179332094633,1.013072,1.026906,1.017621,1.006494
1,54.91219196480813,1.010753,1.008734,1.006494,0.969892
0,53.17927018427189,0.987234,0.935065,0.969892,1.1
1,62.68943341396704,1.1,1.1,1.1,0.978417
1,61.160469508079,0.97099,0.969091,0.978417,0.924632
1,56.12386602208008,0.9,0.919325,0.924632,0.944334
0,52.918808236094016,0.939096,0.94898,0.944334,1.090526
1,56.98171182673707,1.1,1.096774,1.090526,0.934363
0,53.081171992900046,0.9,0.937255,0.934363,1.004132
0,53.28375030974268,1.018519,1.008368,1.004132,0.989712
0,52.67147607460902,1.010101,0.995851,0.989712,0.945946
0,49.487052609439196,0.938,0.939583,0.945946,1.024176
0,50.84118386432584,1.0,1.022173,1.024176,1.027897
0,52.463085067776625,1.023454,1.017354,1.027897,1.041754
1,54.9269196497795,1.060417,1.049041,1.041754,1.02004
1,56.150684731282276,1.017682,1.028455,1.02004,1.013752
1,57.03016723590674,1.011583,1.003953,1.013752,1.079457
1,61.85589006429662,1.078244,1.088583,1.079457,1.001795
1,61.96807842600822,1.00885,1.0,1.001795,1.023297
1,63.47216318420475,1.008772,1.005425,1.023297,0.985989
1,61.85108965302442,0.987826,0.991007,0.985989,1.1
1,70.47836168510969,1.1,1.1,1.1,1.060185
1,73.4456355462571,1.052239,1.081301,1.060185,0.946143
1,66.60572337033845,0.953191,0.97594,0.946143,0.9
0,55.10447273118307,0.9,0.9,0.9,1.015707
0,56.05954134242432,1.054101,1.046931,1.015707,1.1
1,62.29768095630402,1.074503,1.087931,1.1,0.996909
1,62.00598832305971,1.003082,0.931854,0.996909,1.1
1,68.04783642818157,1.1,1.1,1.1,1.052778
1,70.59892143338273,1.069388,1.014124,1.052778,0.906332
1,60.82698980942674,0.954198,0.952646,0.906332,0.908297
0,53.72145163824828,0.909333,0.912281,0.908297,0.9
0,43.4770449389443,0.9,0.9,0.9,1.1
0,50.61128282326883,1.036972,1.069307,1.1,0.960951
0,48.77412428719451,0.977929,1.0,0.960951,1.010601
0,49.29124311634208,1.034722,1.046296,1.010601,0.945804
0,46.66984807301266,0.911074,0.934513,0.945804,1.060998
0,49.7344234013556,1.06814,1.07197,1.060998,1.033101
0,51.46379237928607,1.025862,1.024735,1.033101,0.902192
0,46.23450744174495,0.956303,0.915517,0.902192,0.906542
0,42.248999797776875,0.9,0.9,0.906542,0.997938
0,42.17070319242082,1.1,1.073333,0.997938,1.030992
0,43.85159540183104,0.945996,1.014493,1.030992,0.953908
0,41.84324904620761,0.964567,0.926531,0.953908,0.978992
0,40.964791435995046,0.979592,1.013216,0.978992,0.98927
0,40.506882709147526,0.972917,0.986957,0.98927,1.047722
0,43.49954346920074,1.053533,1.035242,1.047722,1.05383
1,46.899142145598624,1.046748,1.06383,1.05383,0.988212
1,46.20817547222843,0.986408,0.98,0.988212,1.00994
1,46.91012732270064,1.009843,1.022449,1.00994,1.015748
1,48.07760985216271,1.011696,1.007984,1.015748,0.984496
1,46.96536328007799,0.996146,1.005941,0.984496,1.009843
1,47.778515996265064,1.003868,0.998031,1.009843,0.912281
0,41.59691667295247,0.959538,0.90927,0.912281,1.023504
0,43.52055520986873,0.975904,1.032538,1.023504,0.958246
0,40.88385059416225,0.95679,0.960084,0.958246,1.021786
0,42.75146042839584,1.012903,1.019694,1.021786,1.006397
0,43.3298761831529,1.002123,1.002146,1.006397,1.006356
0,43.939854789326276,1.052966,1.014989,1.006356,0.905263
0,37.4314694168228,0.9,0.9,0.905263,0.9
0,31.511358898696358,0.9,0.905797,0.9,0.997347
0,31.410416076857036,0.969543,0.989333,0.997347,0.9
0,27.51820055179606,0.9,0.9,0.9,1.023881
0,29.35761402908004,1.068452,1.033846,1.023881,0.982507
0,28.767949169862376,0.949861,0.970238,0.982507,1.038576
0,31.95688277654549,1.038123,1.067485,1.038576,0.954286
0,30.16684874148017,0.949153,0.928161,0.954286,1.011976
0,31.20433568450048,1.032738,1.03096,1.011976,0.97929
0,30.354439366814407,0.962536,0.984985,0.97929,1.069486
1,36.476529287935925,1.05988,1.051829,1.069486,1.031073
1,39.22796625717104,1.036723,1.028986,1.031073,1.09863
1,47.276617570480816,1.1,1.1,1.09863,0.9601
1,44.45839500334309,0.930622,0.954774,0.9601,1.012987
1,45.55072953076039,1.015424,1.021053,1.012987,0.928205
1,40.72094462098744,0.916456,0.914948,0.928205,0.986188
0,39.907214255921986,0.994475,1.0,0.986188,0.988796
0,39.23179180473857,1.016667,0.994366,0.988796,0.997167
0,39.053835873021015,0.969945,0.98017,0.997167,0.985795
0,38.12270082568047,0.980282,0.991329,0.985795,0.979827
0,36.799859198570594,0.979885,0.985423,0.979827,1.023529
0,39.38840889372844,1.02346,1.02071,1.023529,0.991379
0,38.747497385420566,0.991404,0.988406,0.991379,0.97971
0,37.2254402899534,0.982659,0.985337,0.97971,0.973373
0,35.30520193928537,0.991176,0.970238,0.973373,1.021277
0,37.984705392533556,1.002967,1.027607,1.021277,1.1
1,52.509745421360314,1.1,1.080597,1.1,1.03125
1,55.32676961471168,1.046632,1.085635,1.03125,0.984848
1,53.61430560675864,0.985149,0.989822,0.984848,0.964103
1,49.74529749825598,0.969849,0.958869,0.964103,0.989362
1,48.66473484119933,0.979275,0.975871,0.989362,0.994624
1,48.10211277389469,0.981481,0.991758,0.994624,1.021622
1,50.56412011653576,1.032345,1.038781,1.021622,0.97619
0,47.81591381142612,0.97389,0.978667,0.97619,0.98916
0,46.60356339081371,0.981233,0.983651,0.98916,0.99726
0,46.28759400457608,1.002732,1.00554,0.99726,0.953297
0,41.17655185807469,0.945504,0.936639,0.953297,0.997118
0,40.89052729679529,1.011527,1.008824,0.997118,0.99422
0,40.28777166290792,0.982906,0.991254,0.99422,1.011628
0,42.125250601916086,1.008696,1.008824,1.011628,1.0
0,42.125250601916086,1.002874,1.005831,1.0,1.014368
0,44.596821932624714,1.025788,1.011594,1.014368,0.991501
0,43.39924845809843,0.994413,1.002865,0.991501,0.988571
0,41.78796160337282,0.980337,0.985714,0.988571,1.040462
1,48.93414258935317,1.031519,1.014493,1.040462,1.041667
1,55.270033403942456,1.069444,1.065714,1.041667,0.986667
1,52.91332662456604,0.966234,0.975871,0.986667,0.972973
1,48.462540926184595,0.989247,0.983516,0.972973,0.975
0,44.809388232250306,0.964674,0.977654,0.975,0.985755
0,42.87570599895502,0.977465,0.977143,0.985755,1.00578
0,43.918221555591856,1.017291,1.01462,1.00578,0.997126
0,43.49084155260704,0.985836,0.991354,0.997126,1.005764
0,44.65093878483917,1.008621,1.011628,1.005764,0.985673
0,42.31228097473844,0.991453,0.985632,0.985673,0.991279
0,40.92717257459024,0.985632,0.982507,0.991279,1.014663
0,44.20542742945626,1.008746,1.017804,1.014663,0.99711
0,43.68328982546039,1.00578,1.0,0.99711,1.034783
1,51.14121422993016,1.057471,1.017493,1.034783,1.022409
1,55.38322975253765,1.008152,1.025788,1.022409,0.986301
1,52.32544297739764,0.975741,0.997207,0.986301,0.991667
1,50.52303025680158,0.986188,0.988796,0.991667,0.977591
0,45.97506538757118,0.985994,0.983003,0.977591,0.994269
0,44.887200588980264,1.0,1.0,0.994269,1.028818
1,51.115613868344674,1.019886,1.0,1.028818,1.047619
1,59.4958791338623,1.1,1.060519,1.047619,1.013369
1,61.581948295632294,0.967172,1.019022,1.013369,0.997361
1,60.90632199732397,1.020888,1.005333,0.997361,0.960317
1,51.73712407470689,0.943734,0.960212,0.960317,0.977961
0,47.61958271820536,0.96748,0.966851,0.977961,0.991549
0,46.13672857859504,0.988796,0.991429,0.991549,0.985795
0,43.6945705839585,1.0,0.9683,0.985795,0.974063
0,39.628356756146836,0.966006,1.002976,0.974063,0.988166
0,37.93851800681545,0.985337,0.988131,0.988166,0.991018
0,36.67535478856013,0.988095,0.978979,0.991018,1.024169
0,42.201811258225874,1.024096,1.030675,1.024169,1.041298
1,50.36540207555207,1.058824,1.044643,1.041298,0.971671
0,45.429550547509834,0.952778,0.957265,0.971671,1.0
0,45.429550547509834,1.005831,1.014881,1.0,1.011662
1,47.80260638945049,1.008696,1.01173,1.011662,0.985591
1,45.159042282246375,0.988506,0.988406,0.985591,1.011696
1,47.6530857930222,1.005814,1.002933,1.011696,1.00578
1,48.90431791181687,1.011561,1.008772,1.00578,1.022989
1,53.6742672920054,1.04,1.028986,1.022989,0.97191
0,47.682152581537,0.958791,0.969014,0.97191,1.023121
1,52.27261372849565,1.017192,1.014535,1.023121,0.985876
1,49.357697730898664,0.985915,0.988539,0.985876,1.025788
1,54.29790453178486,1.025714,1.026087,1.025788,0.980447
1,50.196388844529366,0.983287,0.988701,0.980447,0.994302
0,49.05621266815693,0.997167,0.994286,0.994302,0.985673
0,46.22912146226799,0.985795,0.985632,0.985673,0.994186
0,45.1092804266221,0.985591,0.991254,0.994186,1.008772
0,47.176304162104046,1.017544,1.008824,1.008772,1.002899
0,47.88084686089455,0.994253,1.0,1.002899,1.008671
1,50.03392460663967,1.011561,0.988338,1.008671,0.997135
0,49.30279008982557,1.0,1.023599,0.997135,0.982759
0,45.04919911487217,0.982857,0.979827,0.982759,1.011696
0,48.254370992506416,1.005814,1.005882,1.011696,0.979769
0,43.47530857877407,0.99422,0.988304,0.979769,0.99705
0,42.8228273458383,0.985465,0.994083,0.99705,1.002959
0,43.73225786292617,1.00295,1.002976,1.002959,1.0059
0,45.59602711150718,1.005882,1.0,1.0059,1.01173
1,49.21887149958552,1.011696,1.014837,1.01173,0.985507
0,45.16974452929266,0.99711,0.994152,0.985507,0.997059
0,44.38330726555464,0.982609,0.988235,0.997059,1.0059
1,46.39354854922686,1.0059,1.005952,1.0059,0.98827
0,43.042682720583905,0.991202,0.994083,0.98827,0.997033
0,42.2216520870803,1.0,0.997024,0.997033,1.008929
0,45.57562403417824,1.008876,1.00597,1.008929,0.9
0,26.675893130121263,0.926686,0.9,0.9,0.963934
0,23.308215764252335,0.949367,0.993103,0.963934,1.027211
0,30.20891999158413,1.006667,1.038194,1.027211,1.033113
0,37.749149380912506,1.033113,1.020067,1.033113,0.990385
0,36.4759478181716,0.99359,1.009836,0.990385,1.009709
0,38.702423622514445,1.012903,1.0,1.009709,0.990385
0,37.29471815038954,0.996815,0.996753,0.990385,0.94822
0,30.849898270892577,0.980831,0.934853,0.94822,1.037543
0,38.69368942262408,0.996743,1.04878,1.037543,0.986842
0,37.04799246052329,0.986928,0.990033,0.986842,0.99
0,35.817576735838244,0.993377,0.993289,0.99,0.983165
0,33.80259695200314,0.996667,0.976351,0.983165,1.013699
0,36.86269407236527,0.993311,1.010381,1.013699,1.006757
0,38.39610005214343,1.003367,1.003425,1.006757,1.006711
0,39.966285699985846,1.010067,1.013652,1.006711,0.986667
0,37.88639388570704,0.983389,0.986532,0.986667,0.986486
0,35.875761083171376,0.993243,0.993174,0.986486,0.976027
0,32.613835138278105,0.972789,0.969072,0.976027,1.007018
0,34.44774197289952,1.01049,1.007092,1.007018,0.9
0,21.71760386757178,0.9,0.9,0.9,0.91498
0,17.96420767151059,0.9,0.902041,0.91498,1.0
0,17.96420767151059,0.995595,1.0,1.0,0.960177
0,16.543115082427246,0.99115,0.950226,0.960177,1.032258
0,21.729364304104603,1.0,1.038095,1.032258,0.991071
0,21.32167513553392,0.995536,0.995413,0.991071,1.072072
0,32.26978781770345,1.071749,1.082949,1.072072,0.962185
0,29.761133443629888,0.962343,0.948936,0.962185,1.052402
1,36.814340950375374,1.065217,1.067265,1.052402,0.941909
0,32.689991570560714,0.955102,0.953782,0.941909,1.017621
1,34.93292478525975,0.991453,1.008811,1.017621,0.995671
1,34.622313327567134,1.00431,0.995633,0.995671,1.030435
1,38.72925386903869,1.017167,1.02193,1.030435,1.004219
1,39.31573173854186,1.004219,1.004292,1.004219,1.012605
1,41.136076319684065,1.021008,1.021368,1.012605,1.049793
1,47.87194595561128,1.049383,1.033473,1.049793,0.964427
1,43.82171505000837,0.984314,0.983806,0.964427,0.971311
0,40.92174781995248,0.948207,0.938272,0.971311,1.088608
1,51.327891507997485,1.092437,1.092105,1.088608,1.054264
1,56.79200507951271,1.057692,1.080321,1.054264,1.033088
1,59.9079979689334,1.029091,1.022305,1.033088,0.946619
1,53.04225197694969,0.946996,0.96,0.946619,1.018797
1,54.89776668643089,1.018657,1.015152,1.018797,0.937269
0,47.958880309899335,0.959707,0.94403,0.937269,1.003937
0,48.37226457015372,1.007634,1.003953,1.003937,0.94902
0,43.53124911044047,0.931818,0.948819,0.94902,0.979339
0,41.79859041828924,0.971545,0.966805,0.979339,0.962025
0,38.804587930646306,0.958159,0.974249,0.962025,0.991228
0,38.15060839534603,0.995633,0.991189,0.991228,1.030973
0,41.84482356824454,1.02193,1.008889,1.030973,1.034335
0,45.827220161873946,1.042918,1.044053,1.034335,1.004149
0,46.322039690694,1.0,1.004219,1.004149,0.987603
0,44.994251863450984,0.99177,1.0,0.987603,0.987448
0,43.646905814038426,0.979253,0.970588,0.987448,1.016949
1,45.97007020082817,1.021186,1.008658,1.016949,1.025
1,49.34351179753122,1.033195,1.04721,1.025,1.028455
1,53.02825290467549,1.02008,1.02459,1.028455,1.047431
1,58.58925246124515,1.059055,1.044,1.047431,1.015094
1,60.277425512762,1.052045,1.02682,1.015094,1.02974
1,63.48373148439004,1.017668,1.018657,1.02974,1.061372
1,69.17727036098137,1.03125,1.021978,1.061372,1.034014
1,71.94800778212792,1.026936,1.046595,1.034014,1.055921
1,75.91220243038431,1.081967,1.061644,1.055921,0.959502
1,67.99866335208466,0.945455,0.980645,0.959502,1.0
1,67.99866335208466,0.990385,1.0,1.0,0.922078
0,55.59074539744422,0.928803,0.924342,0.922078,0.982394
0,53.40439878728826,0.97561,0.97153,0.982394,0.956989
0,48.47668623856298,0.957143,0.952381,0.956989,1.071161
0,55.481072216823456,1.1,1.026923,1.071161,0.905594
0,45.92625902984716,0.9,0.962547,0.905594,1.011583
0,47.01806962929844,1.007634,1.007782,1.011583,1.022901
0,49.22615383741007,1.022727,1.011583,1.022901,1.007463
0,49.97456822633113,1.037037,1.022901,1.007463,1.055556
1,55.29672160833169,1.032143,1.052239,1.055556,0.968421
1,51.73993083782545,0.968858,0.964539,0.968421,1.007246
1,52.47154947507593,0.992857,1.007353,1.007246,0.97482
0,49.63532612823987,0.978417,0.978102,0.97482,1.01845
1,51.645839802792274,1.025735,1.018657,1.01845,0.985507
1,49.928698934127354,0.978495,0.985348,0.985507,0.985294
0,48.202753307246766,0.985348,0.98513,0.985294,0.936567
0,41.61810248816898,0.95539,0.943396,0.936567,1.011952
0,43.09539114487546,0.988327,1.008,1.011952,1.031496
0,46.9503777085866,1.043307,1.031746,1.031496,0.992366
0,46.10939029170826,0.992453,0.992308,0.992366,1.05
1,52.113658769694375,1.098859,1.023256,1.05,0.989011
1,50.70955441482936,0.937716,1.015152,0.989011,0.985185
1,48.82079731801646,0.98155,0.985075,0.985185,0.973684
0,45.61857994853486,0.981203,0.977273,0.973684,0.988417
0,44.27815244502573,1.0,0.992248,0.988417,1.027344
1,48.109494595722616,1.011494,1.015625,1.027344,1.007605
1,49.18456696397653,1.022727,1.019231,1.007605,1.007547
1,50.29360576916366,0.988889,0.996226,1.007547,0.988764
0,48.58086247950835,0.988764,0.977273,0.988764,0.992424
0,47.421424502389144,1.0,1.011628,0.992424,0.942748
0,39.75755774059846,0.939394,0.934866,0.942748,1.004049
0,40.44852787474415,1.016129,1.004098,1.004049,1.008065
0,41.88423334957357,1.003968,1.016327,1.008065,1.028
0,46.72535654175877,1.01581,1.016064,1.028,0.976654
0,43.38901967424668,0.980545,0.98419,0.976654,1.01992
0,46.79817831595842,1.027778,1.02008,1.01992,0.984375
