1,100.0,1.1,1.1,1.092637,0.975362
1,76.16424636955433,1.000707,0.944767,0.975362,0.956166
1,52.692871419053915,0.931497,0.962308,0.956166,0.996115
1,51.2514330718081,0.996967,1.010392,0.996115,0.961778
1,39.769703405034875,0.946008,0.969937,0.961778,1.004055
1,41.21685077816837,1.004823,0.986949,1.004055,1.058966
1,57.33478115887296,1.064,1.07438,1.058966,0.977879
1,51.315249629259306,0.979699,0.962308,0.977879,1.00156
0,51.69193681044176,1.012279,1.015987,1.00156,1.04595
1,61.223483588362306,1.037908,1.036192,1.04595,0.996277
1,60.140520593028974,0.981738,1.0,0.996277,1.065022
1,70.06330171952492,1.074405,1.055429,1.065022,1.003509
1,70.51755772923346,0.990305,1.0,1.003509,0.954545
1,58.16195788311654,0.98042,0.981295,0.954545,1.01685
1,60.780546481315454,0.998573,1.000733,1.01685,0.95389
0,51.18117137774828,0.969286,0.937729,0.95389,0.966012
0,45.71420102420282,0.968312,0.96875,0.966012,0.9
0,34.115446289300834,0.9,0.9,0.9,0.957243
0,30.995233150703633,0.959024,0.931593,0.957243,1.075661
0,40.861837751970974,1.076364,1.1,1.075661,1.011864
0,42.35895261504293,1.011824,1.0,1.011864,1.005025
0,43.02465810051205,1.022538,1.026701,1.005025,0.9425
0,37.640821302069874,0.963265,0.942114,0.9425,1.029178
0,41.416534924413405,1.018644,1.033838,1.029178,0.9
0,33.21320463348054,0.9,0.9,0.9,1.041386
0,37.778805156576475,1.041985,1.053106,1.041386,1.021257
0,40.136112890993914,1.046703,1.023787,1.021257,1.038914
1,44.37882348396506,1.013998,1.050186,1.038914,1.046167
1,49.161422626149594,1.085418,1.042478,1.046167,1.014155
1,50.62785992468024,0.976153,0.997453,1.014155,0.989327
1,49.453116853115866,0.987785,1.010213,0.989327,0.990041
1,48.33814004204404,1.026381,1.002527,0.990041,1.02347
1,51.10808224664239,0.989558,1.018487,1.02347,1.089271
1,60.08099639070356,1.083604,1.072607,1.089271,1.075188
1,66.20824346006624,1.1,1.040769,1.075188,1.1
1,75.77764296179609,1.1,1.1,1.1,1.017975
1,76.67070884465656,1.058688,0.989513,1.017975,0.928782
1,66.08712498609505,0.9,0.968204,0.928782,1.001267
1,66.17024993182712,0.998762,1.004507,1.001267,0.900633
0,54.81231772587916,0.916305,0.9,0.900633,1.030218
1,56.989832534352516,1.001353,1.054745,1.030218,0.999318
0,56.92113663047431,0.99527,0.989619,0.999318,1.1
1,64.44450716683875,1.1,1.04965,1.1,0.9
0,52.21436892072402,0.968826,0.94537,0.9,1.007018
0,52.690669279920655,0.914196,0.983087,1.007018,1.065505
1,57.026722445175544,1.093858,1.083871,1.065505,0.94964
0,52.760856656421176,0.93817,0.956349,0.94964,1.006198
0,53.20151001431373,0.98386,0.983402,1.006198,1.066393
1,57.773393557769616,1.077239,1.072433,1.066393,0.996149
1,57.39985254206558,1.033629,1.01377,0.996149,0.93299
0,51.21823924155871,0.9,0.915265,0.93299,1.020028
0,52.74642132487879,1.02,1.009187,1.020028,0.937035
0,47.59690992212044,0.963489,0.957983,0.937035,0.932803
0,43.06876680508388,0.917193,0.932749,0.932803,1.085205
0,49.22210139089711,1.080337,1.075235,1.085205,1.00571
0,49.64834285286519,1.011331,1.019679,1.00571,1.022001
0,51.35245543666659,1.011905,1.002859,1.022001,1.013889
1,52.4701017372821,1.036678,1.037063,1.013889,1.038356
1,55.549479875380534,1.020694,1.030241,1.038356,0.98219
1,53.741609746962595,0.977109,0.980654,0.98219,1.032908
1,56.50800098756429,1.038153,1.02449,1.032908,0.988296
1,55.202013216596754,0.990974,1.004648,0.988296,1.046053
1,59.155439222300615,1.043591,1.036352,1.046053,0.992453
1,58.2071101923288,0.985661,0.978954,0.992453,1.02725
1,60.64194701415134,1.035421,0.986971,1.02725,1.003701
1,60.98351961533954,1.003054,1.045545,1.003701,1.1
1,75.02671067509786,1.1,1.1,1.1,0.9
1,58.50532881451618,0.9,0.9,0.9,1.034783
1,60.63503883969645,1.029193,1.03268,1.034783,1.020168
1,61.89862463313245,1.020578,1.005754,1.020168,1.018671
1,63.10322882379667,1.024523,1.049771,1.018671,0.9
0,45.544118328716436,0.9,0.9,0.9,1.051701
0,48.585520951414885,0.954712,1.019087,1.051701,1.061449
0,52.18075011421375,1.054487,1.059532,1.061449,0.967703
0,50.07689662450858,1.009119,0.981692,0.967703,1.1
1,55.92626364898271,1.069277,1.077814,1.1,0.9
0,35.4251492489664,0.9,0.9,0.9,1.1
0,40.33855885785431,1.1,1.1,1.1,0.919966
0,38.448252898048224,0.913445,0.921053,0.919966,0.980355
0,38.015052990893885,0.967801,0.980952,0.980355,0.943702
0,36.76183582143678,0.961027,0.941748,0.943702,0.939333
0,35.48083761400627,0.949555,0.954639,0.939333,0.918192
0,33.87084321678004,0.909375,0.912527,0.918192,1.025791
0,34.79323814545404,1.004582,0.968047,1.025791,1.1
0,41.71749802614212,1.1,1.1,1.1,1.00858
1,42.0602149490181,1.022879,1.089172,1.00858,0.9
0,38.141937843948796,0.919851,0.9,0.9,1.016447
0,38.77302529770456,0.950355,0.983516,1.016447,0.941748
0,37.2977827324452,0.946695,0.962011,0.941748,0.931271
0,35.673643032377946,0.931306,0.937282,0.931271,1.00492
0,35.87412121724696,1.013301,1.002478,1.00492,1.037944
0,37.499840936737854,1.033413,1.037083,1.037944,0.9
0,33.99669745481933,0.9,0.9,0.9,1.1
0,39.27077414266121,1.1,1.1,1.1,1.091346
1,42.964006937298905,1.055556,1.059538,1.091346,0.936123
0,40.918828459030394,0.968202,0.973624,0.936123,1.018824
1,41.74268870174506,1.001133,1.007067,1.018824,0.95612
0,40.3051700060067,0.971719,0.963743,0.95612,1.1
1,48.9282261652251,1.1,1.1,1.1,0.989011
1,48.44899993910995,0.980296,0.970226,0.989011,0.960606
1,46.702464081873664,0.977889,0.984127,0.960606,0.9
0,36.21268238391174,0.9,0.9,0.9,0.983333
0,35.88457287564189,0.919944,0.995312,0.983333,0.979969
0,35.47548015363455,0.992366,0.923077,0.979969,0.974843
0,34.94741160656697,1.046154,1.05102,0.974843,1.019355
0,35.72023849181492,0.941176,0.996764,1.019355,0.988924
0,35.4556296691874,1.00625,1.01461,0.988924,1.0576
0,37.999383736135535,1.035714,1.0032,1.0576,1.024206
0,39.14727032524606,1.037481,1.07496,1.024206,1.069424
1,42.51414191362517,1.066474,1.057864,1.069424,1.015193
1,43.304770507207245,1.0,1.014025,1.015193,1.023129
1,44.5735023922688,1.033875,0.994467,1.023129,1.042553
1,46.97874601602393,1.031455,1.072323,1.042553,0.946429
1,44.263722676881564,0.944091,0.937743,0.946429,0.923181
0,40.81614265849219,0.960969,0.940526,0.923181,0.929927
0,38.12331742114924,0.90056,0.916176,0.929927,1.073783
0,42.14803688720231,1.069984,1.044944,1.073783,0.99269
0,41.83627827078376,0.997093,1.026114,0.99269,1.014728
0,42.748380607608,1.01312,1.011976,1.014728,0.985486
0,42.03843897547001,1.01295,1.004438,0.985486,1.038292
1,44.61393860255433,1.018466,1.017673,1.038292,0.970213
0,42.95376580701151,0.990237,0.985528,0.970213,1.013158
1,43.91697813422926,1.005634,1.0,1.013158,0.995671
1,43.65239233565999,0.983193,0.998532,0.995671,1.027536
1,45.87640741054744,1.014245,1.029412,1.027536,0.913963
0,40.36761671669415,0.939607,0.914286,0.913963,1.010802
0,41.23959276578246,0.99701,1.021875,1.010802,1.065649
1,46.42235307523241,1.089955,1.062691,1.065649,0.939828
0,42.481072789244834,0.905089,0.91223,0.939828,1.019817
0,44.06406868641051,1.021277,1.023659,1.019817,0.922272
0,39.39380292785195,0.956845,0.949153,0.922272,1.084279
0,45.60275859134646,1.076205,1.084416,1.084279,0.950673
0,42.61876641799967,0.937861,0.949102,0.950673,0.996855
0,42.43752504144447,0.978428,0.977918,0.996855,1.036278
1,45.31749150017835,1.058268,1.053226,1.036278,1.016743
1,46.691205626936316,1.008929,1.0,1.016743,0.983533
1,45.46129260825793,1.032448,1.004594,0.983533,0.969559
0,43.231513976725495,0.914286,0.955793,0.969559,1.047096
1,47.399140135706276,1.060937,1.038278,1.047096,1.004498
1,47.81174929709689,1.008837,1.023041,1.004498,0.947761
0,43.52240972525079,0.943066,0.942943,0.947761,1.03622
1,46.894066205562495,1.0387,1.0,1.03622,1.0
1,46.894066205562495,0.991058,1.036624,1.0,0.99848
1,46.753325023181894,0.989474,0.99232,0.99848,1.019787
1,48.90040772777162,1.027356,1.027864,1.019787,0.961194
0,44.9927749923513,0.967456,0.953313,0.961194,1.035714
1,48.88409115010978,1.024465,1.037915,1.035714,0.941529
0,43.29163915012847,0.947761,0.943683,0.941529,0.990446
0,42.48634340981974,0.982677,0.982258,0.990446,1.0
0,42.48634340981974,1.00641,1.018062,1.0,0.9
0,33.368044304339286,0.9,0.9,0.9,1.031136
0,36.64352825192958,1.018051,1.01107,1.031136,1.008881
0,37.61488698170618,1.01773,0.998175,1.008881,1.086268
1,46.303412987647945,1.099303,1.1,1.086268,1.035656
1,49.69123130203698,1.033281,1.009756,1.035656,0.985915
1,48.34738099769705,0.993865,1.003221,0.985915,1.049206
1,53.05660647482721,1.075617,1.054575,1.049206,1.065053
1,58.68353888862078,1.018651,1.056317,1.065053,1.015625
1,60.004285749712466,1.057746,1.025937,1.015625,1.044755
1,63.645121946612484,1.003995,1.015449,1.044755,1.1
1,71.90719052184804,1.1,1.1,1.1,1.067616
1,75.47157161656376,1.08,1.023227,1.067616,0.913333
1,63.582891033254896,0.931373,0.976105,0.913333,1.014599
1,64.5091615719859,0.987135,1.008568,1.014599,0.96283
1,60.24605554221158,0.962085,0.958738,0.96283,0.933998
0,53.710764541539305,0.94335,0.935443,0.933998,1.024
0,55.47720910145273,1.016971,1.02977,1.024,0.971354
0,52.8239146695096,0.969191,0.946124,0.971354,0.993298
0,52.21272054535734,1.003974,1.013889,0.993298,1.00135
0,52.33151457652669,1.026385,1.006849,1.00135,1.01752
0,53.93470177404507,0.976864,1.004082,1.01752,0.9
0,44.510039690998894,0.925,0.920054,0.9,0.97349
0,42.610879490882,0.951636,0.963181,0.97349,1.055976
0,47.56366844061839,1.053812,1.053517,1.055976,1.015759
0,48.973577237402445,1.015603,1.01016,1.015759,1.019746
1,50.78723975495987,1.019553,1.027299,1.019746,1.026279
1,53.217511953085335,1.032877,1.01958,1.026279,0.989218
1,52.05195024916015,1.058355,1.004115,0.989218,0.9
0,42.117793698839826,0.9,0.9,0.9,0.9
0,36.01154630653128,0.9,0.9,0.9,0.9
0,30.708441956330283,0.9,0.9,0.9,1.046602
0,34.14219246229371,1.047348,1.063745,1.046602,1.0
0,34.142192462293714,0.998192,1.007491,1.0,0.981447
0,33.34371884667101,1.007246,0.975836,0.981447,1.043478
0,36.99350170289702,0.994604,1.024762,1.043478,1.038043
0,40.21244187561924,1.057866,1.053903,1.038043,1.027923
1,42.61785518612144,1.022222,1.003527,1.027923,0.976231
1,41.06116254874252,1.001672,1.010545,0.976231,1.031304
1,43.89852436201256,1.013356,1.017391,1.031304,1.053963
1,48.632876498548804,1.036244,1.051282,1.053963,1.1
1,57.553489352426915,1.1,1.076423,1.1,0.949928
1,52.87623510239074,0.965909,0.986405,0.949928,0.972892
1,50.59878660012102,0.957353,0.983155,0.972892,0.9613
1,47.53635693555489,0.976959,0.957944,0.9613,1.016103
1,48.86942215128752,0.995283,1.009756,1.016103,1.023772
1,50.8853721305547,1.025276,1.025765,1.023772,0.972136
0,48.41833961888195,0.970724,0.974882,0.972136,0.992038
0,47.726157194156734,1.004762,0.99839,0.992038,0.971108
0,45.219890044899245,0.965245,0.958065,0.971108,0.942149
0,40.7399555135355,0.96072,0.954545,0.942149,1.052632
0,45.70517547809603,1.035775,1.031746,1.052632,1.061667
1,51.14236096612501,1.083882,1.083761,1.061667,1.1
1,64.86513159135998,1.1,1.1,1.1,0.9
1,55.04851341264214,0.903145,0.901832,0.9,1.00289
1,55.233224937282245,0.967967,0.988389,1.00289,0.935159
1,50.2317777813672,0.952518,0.950073,0.935159,1.009245
1,50.87057117812721,0.993958,0.978362,1.009245,1.007634
1,51.43004456528506,1.018237,1.033175,1.007634,0.9
0,43.80212767718287,0.90597,0.9,0.9,1.020374
0,45.27935668433422,1.014827,1.022222,1.020374,1.078203
0,50.74090384002544,1.058442,1.051839,1.078203,1.007716
0,51.297794522641496,1.016871,1.027027,1.007716,1.029096
1,53.451363360546345,1.016591,0.998452,1.029096,1.049107
1,57.00726867864972,1.047478,1.069767,1.049107,0.965957
1,53.789025309998735,0.98017,0.976812,0.965957,1.07489
1,59.076033547986185,1.060694,1.040059,1.07489,0.963115
1,55.45851031170203,0.99455,0.998573,0.963115,0.950355
1,51.09100529330669,0.931507,0.948571,0.950355,1.014925
1,52.24810936872763,1.002941,0.980422,1.014925,0.955882
0,48.53812070661695,0.983871,0.998464,0.955882,1.044615
0,52.080353009158124,1.013413,1.015385,1.044615,1.011782
1,53.04061658497202,1.011765,1.025758,1.011782,0.994178
0,52.47440460626456,0.99564,1.0,0.994178,0.922401
0,45.53785327994673,0.957664,0.929099,0.922401,0.984127
0,44.346703858829876,0.949695,0.974563,0.984127,0.991935
0,43.73076800846687,0.991974,0.991843,0.991935,1.00813
0,44.560011275016954,1.006472,1.004934,1.00813,1.022581
0,46.918827925508054,1.0209,1.022913,1.022581,1.022082
1,49.24445067606361,1.034646,1.0272,1.022082,1.0
1,49.2444506760636,0.996956,1.001558,1.0,1.03858
1,53.466700720253854,1.030534,1.027994,1.03858,0.991085
1,52.34131608880665,1.004444,0.987897,0.991085,1.049475
1,57.62432773569955,1.044248,1.053599,1.049475,1.047143
1,62.14355362956877,1.050847,1.063953,1.047143,1.1
1,69.97958473617082,1.09543,1.071038,1.1,0.982673
1,67.18399406777141,0.993865,1.005102,0.982673,1.035264
1,69.7838871804035,1.032099,1.0,1.035264,0.918491
1,57.95232499034507,0.922249,0.956853,0.918491,1.010596
1,58.84946916815493,0.992218,1.0,1.010596,1.015727
1,60.22052532143149,1.015686,1.013263,1.015727,1.019355
1,61.92809752281824,1.021879,1.018325,1.019355,0.978481
1,58.845103321601435,0.974811,0.976864,0.978481,1.1
1,67.05348141746623,1.1,1.1,1.1,1.024648
1,68.83302014622673,1.017483,1.016706,1.024648,1.017182
1,70.07630263193134,1.026346,1.005869,1.017182,1.033784
1,72.4438983839802,1.043527,1.053676,1.033784,1.034858
1,74.7397477419206,1.025668,1.021041,1.034858,0.974737
1,70.02737734451016,0.982273,0.997831,0.974737,0.946004
1,61.348996573914626,0.975584,0.926087,0.946004,0.984018
0,59.13901996178419,0.957563,1.004695,0.984018,1.066125
1,64.7125682528934,1.048864,1.056075,1.066125,0.974973
1,61.09146276060493,1.011918,0.985619,0.974973,0.96875
0,56.91602529731082,0.933619,0.957351,0.96875,1.026498
0,59.372413331269314,1.025229,1.037515,1.026498,1.031425
1,62.19801352674854,1.033557,1.016949,1.031425,1.016322
1,63.65628027242649,1.064935,1.0,1.016322,1.042827
1,67.28101018724973,0.990854,1.052222,1.042827,0.99076
1,65.69343090494738,1.010256,1.001056,0.99076,0.941969
0,56.72444439252407,0.930964,0.952532,0.941969,0.919692
0,47.601031897709376,0.918212,0.914729,0.919692,1.014354
0,49.05167325512813,1.023753,1.025424,1.014354,1.001179
0,49.17794117103631,0.989559,0.985832,1.001179,1.038869
0,53.291847507372175,1.064478,1.052695,1.038869,1.005669
0,53.900734779793936,1.007709,1.007964,1.005669,0.987599
0,52.2858709127317,0.982514,0.981941,0.987599,1.045662
1,57.29613279950714,1.03337,1.048276,1.045662,1.0131
1,58.69732447807776,1.009688,1.012061,1.0131,1.025862
1,61.42358226198885,1.023454,1.009751,1.025862,1.043067
1,65.60086227321719,1.066667,1.046137,1.043067,1.04431
1,69.42702076829498,1.054688,1.057436,1.04431,1.074253
1,74.72519207053168,1.038889,1.055286,1.074253,1.032316
1,76.75353599603868,1.035651,1.043199,1.032316,1.1
1,86.7452120724556,1.1,1.1,1.1,1.1
1,92.52175087537579,1.1,1.1,1.1,0.917505
1,80.67186296905346,0.928188,1.015126,0.917505,0.993421
1,79.86582874294072,0.960526,0.975717,0.993421,0.964128
1,75.46730412258863,0.988493,0.984163,0.964128,1.002862
1,75.57872222029539,0.973392,0.98046,1.002862,1.089041
1,78.8119786084368,1.1,1.1,1.089041,1.1
1,86.04417728874446,1.1,1.1,1.1,1.1
1,88.14276713102467,1.047285,1.029102,1.1,1.1
1,91.03555438658107,1.1,1.1,1.1,1.03706
1,91.53436783605545,1.075106,1.1,1.03706,0.9
1,66.77246847666817,0.9,0.9,0.9,0.904475
0,60.8122486405195,0.9,0.904475,0.904475,0.9
0,49.52820211658687,0.9,0.9,0.9,0.9
0,36.49375042857845,0.9,0.9,0.9,1.1
0,40.284431357028936,1.1,1.1,1.1,1.1
0,43.480405824239966,1.1,1.1,1.1,0.9
0,42.08452975832945,0.9,0.9,0.9,1.021739
0,42.459571024221106,0.99633,1.064064,1.021739,1.1
0,44.57696731350412,1.1,1.1,1.1,0.90058
0,42.95573377748966,0.951885,0.9,0.90058,0.9
0,39.78710972142839,0.9,0.9,0.9,0.9
0,37.89926343332856,0.9,0.9,0.9,1.033333
0,38.37265312708875,0.979893,1.1,1.033333,0.9
0,37.050231860365315,0.9,0.9,0.9,1.044046
0,37.67477194931585,1.088853,1.028668,1.044046,0.985937
0,37.541070453327535,0.95549,1.013115,0.985937,1.095087
0,39.0929103277995,1.1,1.069579,1.095087,1.1
1,42.64798929349261,1.1,1.1,1.1,1.059036
1,43.89129411796621,1.012557,1.075,1.059036,0.954494
1,43.070456892217294,0.975197,0.953488,0.954494,1.058403
1,44.44118834428924,1.033526,1.067073,1.058403,1.001126
1,44.47057339685405,1.020134,0.996571,1.001126,1.1
1,51.050465555934295,1.1,1.1,1.1,0.946667
1,49.44628522412857,1.032889,1.030938,0.946667,0.983099
1,48.94934256265904,0.933735,1.006776,0.983099,0.926457
1,46.78330294629062,0.920737,0.926923,0.926457,1.1
1,50.63295244817382,1.1,1.1,1.1,1.0
1,50.63295244817382,1.0,1.0,1.0,0.902372
0,47.26550971311797,0.920914,0.905991,0.902372,0.9
0,43.4016140208173,0.9,0.9,0.9,0.9
0,40.833833780687335,0.9,0.935404,0.9,1.057819
0,42.529766763017605,1.014851,1.030544,1.057819,0.9
0,40.162911307670434,0.9,0.9,0.9,1.1
0,43.470223941933575,1.1,1.1,1.1,1.006227
0,43.67465622606521,0.97381,0.953576,1.006227,1.023515
0,44.49607419305018,1.022005,1.063158,1.023515,0.9
0,40.57227600458966,0.9,0.9,0.9,0.973239
0,39.95607806442288,0.952128,0.975291,0.973239,1.014472
0,40.46854804265038,0.997207,1.023845,1.014472,1.088445
1,43.67816038343082,1.072829,1.049491,1.088445,1.074705
1,46.53223913771118,1.08094,1.1,1.074705,0.980488
1,45.830185097858966,0.987923,0.98125,0.980488,1.0
1,45.830185097858966,0.997555,1.006369,1.0,1.043532
1,47.82718608996927,1.033088,1.04557,1.043532,0.908224
0,43.98537023035888,0.905101,0.9,0.908224,1.010499
1,44.48432512119871,1.014417,1.025606,1.010499,1.027273
1,45.84793098423479,1.078811,1.038108,1.027273,0.91024
0,42.08422008533141,0.9,0.906329,0.91024,1.026389
0,43.42272050368419,1.025815,1.002793,1.026389,1.006766
0,43.79087449867576,0.993377,1.02507,1.006766,1.057796
1,46.98581434748443,1.061333,1.063859,1.057796,0.988564
1,46.391450282468675,0.983668,0.979566,0.988564,1.057841
1,49.8101162115554,1.09834,1.006519,1.057841,0.979344
1,48.550502369615124,0.947674,1.005181,0.979344,1.016129
1,49.6001137717039,1.055215,1.048969,1.016129,1.03663
1,52.03209777004825,0.997674,1.017199,1.03663,1.043581
1,54.92123592786888,1.045455,1.05314,1.043581,0.974041
1,52.79259979871716,0.974359,0.986239,0.974041,0.980301
1,51.212646975379364,0.979405,0.965116,0.980301,1.044917
1,54.49122535291308,1.044393,1.048193,1.044917,1.021493
1,56.08046974824033,1.02349,1.022989,1.021493,1.1
1,64.28164461640289,1.1,1.1,1.1,1.1
1,78.5117770948956,1.1,1.1,1.1,0.9
1,59.575554884038446,0.9,0.904334,0.9,0.968694
1,57.721335169991285,0.991259,0.977396,0.968694,0.944598
1,54.58491918093321,0.926808,0.944496,0.944598,0.997067
1,54.42567784030978,1.008563,0.992165,0.997067,0.954902
0,51.92432326419406,0.937736,0.959526,0.954902,1.029774
0,53.379036877641994,1.016097,1.002058,1.029774,1.1
1,60.55871329563667,1.1,1.1,1.1,0.951073
1,57.21973208816809,0.932331,0.979798,0.951073,0.947653
0,53.95953853791377,0.980287,0.97657,0.947653,0.969524
0,52.19263258032115,0.945155,0.97025,0.969524,1.015717
0,53.02096374087034,1.000967,1.000989,1.015717,0.981625
0,51.87160097499113,1.010628,1.001976,0.981625,1.026601
0,53.41696959956493,1.021033,0.998028,1.026601,0.96929
0,51.31397930893413,0.960674,0.993083,0.96929,0.99604
0,51.043463374517124,0.995127,0.99801,0.99604,0.904573
0,44.922534499691274,0.9,0.9,0.904573,0.997802
0,44.80199815183832,1.008762,1.004459,0.997802,1.023128
0,46.42743536228256,1.034745,1.023307,1.023128,1.005382
0,46.82890970864821,0.98531,1.001085,1.005382,0.962527
0,44.324846289677474,0.982961,0.96533,0.962527,1.042269
0,47.60093072198749,1.047671,1.029181,1.042269,0.951974
0,44.27818525076094,0.930714,0.970556,0.951974,1.013453
0,45.373251508085396,1.007778,1.001124,1.013453,1.1
1,55.94118954357112,1.1,1.1,1.1,0.984615
1,54.60285100490617,0.989908,0.984466,0.984615,0.988281
1,53.56774787530031,0.937905,0.982249,0.988281,0.996047
1,53.20568021892111,1.005929,1.004016,0.996047,1.011905
1,54.20568899260299,1.006876,1.012,1.011905,1.030392
1,56.77552567035261,1.038049,1.016798,1.030392,1.019029
1,58.39758063549101,1.036654,1.039845,1.019029,1.026144
1,60.6253259408591,1.010879,0.956075,1.026144,1.079163
1,66.60846665236356,1.067265,1.086999,1.079163,0.9
1,54.011038534222955,0.947059,0.935252,0.9,0.905838
0,46.391120296584006,0.9,0.917308,0.905838,0.93659
0,42.45630379622147,0.923387,0.917191,0.93659,0.990011
0,41.891736977980564,1.0,1.014857,0.990011,0.9
0,36.44123740187177,0.9,0.9,0.9,1.016291
0,37.64946379069609,1.008663,1.017766,1.016291,0.912454
0,33.863280839543464,0.921472,0.922693,0.912454,0.985135
0,33.30447060096994,0.976032,0.948649,0.985135,1.037037
0,36.09216516871808,1.049113,1.074074,1.037037,1.0
0,36.09216516871808,1.0,1.0,1.0,1.0
0,36.092165168718076,1.0,1.0,1.0,1.0
0,36.09216516871808,1.0,1.0,1.0,1.0
0,36.09216516871808,1.0,1.0,1.0,1.0
0,36.09216516871808,1.0,1.0,1.0,1.0
0,36.09216516871808,1.0,1.0,1.0,1.0
1,36.092165168718076,1.0,1.0,1.0,1.0
1,36.09216516871808,1.0,1.0,1.0,1.0
0,36.09216516871808,1.0,1.0,1.0,1.0
0,36.09216516871808,1.0,1.0,1.0,1.0
0,36.092165168718076,1.0,1.0,1.0,1.0
0,36.09216516871808,1.0,1.0,1.0,1.0
0,36.09216516871808,1.0,1.0,1.0,1.0
0,36.09216516871808,1.0,1.0,1.0,1.0
0,36.09216516871808,1.0,1.0,1.0,1.1
1,53.85989096318003,1.081925,1.033156,1.1,1.046875
1,60.004871770266284,1.09976,1.091142,1.046875,0.935706
1,49.75757676092579,0.901639,0.950588,0.935706,0.912883
0,40.34923583240813,0.904242,0.904703,0.912883,1.020161
0,42.80957370729075,1.037534,1.025992,1.020161,0.938076
0,37.579360340127806,0.932817,0.937333,0.938076,1.009831
0,38.77903514608199,1.001385,1.002845,1.009831,0.9
0,31.360820842619972,0.966805,0.904965,0.9,0.956182
0,29.2516784780993,0.9,0.934169,0.956182,1.1
0,40.35928449554907,1.1,1.1,1.1,0.969253
0,38.46251945361795,0.934722,0.989442,0.969253,0.94713
0,35.47045928021731,0.936107,0.942073,0.94713,0.99362
0,35.134073422194916,0.992063,0.995146,0.99362,0.979133
0,34.005353335962916,0.9792,0.98374,0.979133,1.063934
0,40.21097323819252,1.065359,1.054545,1.063934,1.09245
1,48.27012315289591,1.1,1.089342,1.09245,1.00141
1,48.39497448502733,0.97561,1.007194,1.00141,0.984507
1,47.04977511119057,0.988889,0.994286,0.984507,0.9
0,36.43934992043748,0.9,0.9,0.9,0.910473
0,32.52653092882489,0.9,0.927562,0.910473,1.087199
0,38.80222076825389,1.093407,1.074286,1.087199,1.001706
0,38.93236542897569,0.9866,1.021277,1.001706,1.022147
0,40.69794964599198,1.028862,1.039931,1.022147,1.038333
0,43.79414304666095,1.031353,1.005008,1.038333,0.964687
0,41.55901140014971,0.9744,0.993355,0.964687,0.936772
0,37.955640259363484,0.975369,0.926421,0.936772,1.094139
1,45.104801673681415,1.048822,1.1,1.094139,0.98539
1,44.17397126403906,0.980738,0.977124,0.98539,0.971993
0,42.394274195382515,0.981997,0.986622,0.971993,0.99661
0,42.17897548665648,1.016667,0.99322,0.99661,0.982993
0,41.05626357293451,0.960656,0.981229,0.982993,0.982699
0,39.912167995394924,0.979522,0.984348,0.982699,1.005282
0,40.44831376723159,1.017422,1.003534,1.005282,1.001751
0,40.638450055339725,0.984589,1.0,1.001751,0.965035
0,38.023644674914785,0.98087,0.97007,0.965035,0.994565
0,37.6324965905409,0.98227,0.983666,0.994565,0.985428
0,36.552655586105715,0.99278,0.99631,0.985428,0.97597
0,34.80492098385518,0.974545,0.97037,0.97597,0.971591
0,32.85299176479383,0.977612,0.944656,0.971591,0.980507
0,31.581398567121155,0.959924,0.981818,0.980507,0.964215
0,29.377246531507875,0.980119,0.977366,0.964215,1.020619
0,32.20799227717944,1.022312,1.021053,1.020619,1.012121
0,33.9194485579709,0.996032,1.002062,1.012121,1.023952
0,37.32729808740565,1.027888,1.047325,1.023952,0.947368
0,33.18097536494993,0.953488,0.948919,0.947368,1.047325
1,39.36031722907439,1.046748,1.037267,1.047325,0.966601
0,36.66158904619328,0.982524,0.97006,0.966601,0.987805
0,35.73042594034851,0.972332,0.997942,0.987805,0.975309
0,33.87716645198542,0.985772,0.971134,0.975309,0.99789
0,33.72020547669507,0.997938,1.004246,0.99789,1.008457
0,35.0171694422035,1.008264,1.006342,1.008457,1.010482
0,36.68498554745164,0.987705,0.995798,1.010482,0.966805
0,33.70396357535584,0.96888,0.974684,0.966805,0.959227
0,30.531191465657972,0.987152,0.963203,0.959227,0.9
0,23.50727547468913,0.9,0.9,0.9,0.956522
0,21.862942570029283,0.9475,0.954054,0.956522,1.050802
0,27.93068591320878,1.058047,1.1,1.050802,1.058524
0,34.555895176773966,1.042394,1.043702,1.058524,1.007212
0,35.39020181342632,1.028708,1.019704,1.007212,1.083532
1,44.31015630456547,1.065116,1.091787,1.083532,0.940529
1,39.75092245239189,1.0,0.935841,0.940529,1.035129
1,43.244790476926816,0.967249,1.018913,1.035129,1.00905
1,44.17448915977465,1.03386,1.034803,1.00905,0.959641
1,40.92564268093186,0.967249,0.959641,0.959641,0.969626
0,38.71127053600261,0.948081,0.96028,0.969626,0.961446
0,36.12082716690985,0.971429,0.963504,0.961446,1.072682
1,43.50060327596957,1.1,1.015152,1.072682,1.1
1,54.758049927078964,1.1,1.1,1.1,0.940329
1,49.4524048912552,0.939271,0.94958,0.940329,1.032823
1,52.04085384389534,1.038793,1.015487,1.032823,0.96822
1,49.32094007420045,0.958506,0.984749,0.96822,1.021882
1,51.15382299905659,1.012987,1.002212,1.021882,1.010707
1,52.08689504490039,1.025641,1.039735,1.010707,1.072034
1,57.9668040845588,1.05625,1.031847,1.072034,1.035573
1,60.715435502891,1.04931,1.049383,1.035573,1.053435
1,64.5940012172963,1.1,1.070588,1.053435,1.009058
1,65.25371304352471,0.959253,1.009158,1.009058,1.032316
1,67.59460778359978,1.024779,1.016334,1.032316,0.984348
1,65.22833680926205,0.981002,0.967857,0.984348,1.042403
1,68.40468782892951,1.049296,1.079336,1.042403,0.967797
1,63.46220439553508,0.971477,0.965812,0.967797,1.08056
1,69.2542655985831,1.086356,1.061947,1.08056,0.925446
1,59.155453895000925,0.928458,0.928333,0.925446,0.950963
0,53.99419439444589,0.946918,0.960503,0.950963,0.979742
0,52.07205466273328,0.969259,0.908411,0.979742,0.968045
0,49.15942287231628,1.020522,1.049383,0.968045,1.003883
0,49.51718158718316,0.978062,1.003922,1.003883,1.1
1,59.120685751002135,1.08785,1.089844,1.1,1.0
1,59.120685751002135,1.0,1.0,1.0,1.0
1,59.12068575100214,1.0,1.0,1.0,0.936097
0,51.77888025283702,0.939863,0.955197,0.936097,0.98155
0,49.97262736357004,0.990859,0.984991,0.98155,1.011278
0,51.07540778899696,1.005535,1.019048,1.011278,0.951673
0,46.311364374266354,0.941284,0.934579,0.951673,1.007812
0,47.12843085481856,1.019493,1.028,1.007812,1.023256
0,49.60618495022712,1.030593,1.01751,1.023256,0.969697
0,46.47857742139811,0.962894,0.969407,0.969697,0.949219
0,41.85994764383028,0.965318,0.948718,0.949219,1.053498
0,47.48034326175316,1.031936,1.047817,1.053498,1.011719
0,48.712498967532404,1.023211,1.021825,1.011719,0.980695
0,46.74413992424215,1.00189,0.968932,0.980695,1.09252
1,55.78683794043049,1.062264,1.094188,1.09252,1.014414
1,57.12142759743031,1.001776,1.020147,1.014414,1.001776
1,57.29495579300262,1.007092,0.987433,1.001776,1.097518
1,65.55225319041342,1.1,1.1,1.097518,0.9
1,53.09026518744748,0.9,0.9,0.9,0.969479
0,50.26839741326647,0.911223,0.955117,0.969479,1.001852
0,50.435287338487186,1.025735,1.013158,1.001852,1.009242
0,51.31501330082039,0.980287,0.992579,1.009242,1.009158
0,52.22814125646054,1.012797,1.001869,1.009158,0.967332
0,48.68780917671548,0.983755,0.990672,0.967332,0.95122
0,44.04363875218539,0.952294,0.952919,0.95122,0.996055
0,43.69834064913559,0.996146,0.990119,0.996055,0.984158
0,42.270775647171384,0.967118,0.982036,0.984158,1.060362
0,48.99934387960065,1.054,1.046748,1.060362,1.092979
1,57.676344323274414,1.1,1.062136,1.092979,0.946181
1,51.68519291581451,0.965517,0.996344,0.946181,1.00367
