1,0.0,0.980747,1.080153,0.986127,0.955451
1,0.0,0.982679,0.939929,0.955451,0.988957
1,0.0,0.968273,0.993734,0.988957,1.1
1,67.83730580482982,1.1,1.075662,1.1,0.920044
1,45.27266524997735,0.9,0.96483,0.920044,1.022619
1,49.93997195876089,1.025943,1.008505,1.022619,1.1
1,71.38195041453034,1.1,1.1,1.1,0.935897
1,59.81206840654864,0.90283,0.950668,0.935897,0.963119
1,54.67334182033813,0.974922,0.983784,0.963119,1.037199
1,58.4113248977721,1.042872,1.032967,1.037199,0.982068
1,55.9278134931936,0.964029,0.965957,0.982068,1.031149
1,59.12085569038642,1.034115,1.046256,1.031149,0.988542
1,57.42146323252326,0.979381,0.984211,0.988542,0.973656
0,53.64720117248087,0.982105,0.975401,0.973656,0.90368
0,42.84936233828684,0.914255,0.904605,0.90368,0.922156
0,36.9931231865586,0.922626,0.927273,0.922156,0.975325
0,35.46722155993329,0.98094,0.96732,0.975325,1.035952
0,39.29896547741305,1.012953,1.014865,1.035952,0.9
0,31.83489615734591,0.9,0.9,0.9,1.057437
0,36.9178387652897,1.055637,1.1,1.057437,0.954039
0,34.568895003023954,0.95423,0.953191,0.954039,1.011679
0,35.63801514033713,1.02907,1.029762,1.011679,0.958153
0,33.50106882270082,0.977401,0.953757,0.958153,1.016566
0,35.090950214965815,1.00289,1.015152,1.016566,0.9
0,30.15081187667326,0.9,0.9,0.9,1.052893
0,34.67811245645791,1.024077,1.063574,1.052893,1.018838
0,36.34432741569009,1.021944,1.017771,1.018838,1.1
1,45.135821037269565,1.1,1.088889,1.1,1.0
1,45.13582103726957,0.990385,1.033528,1.0,0.998609
1,45.03277635044984,0.997226,0.978843,0.998609,1.051532
1,49.616118570285536,1.05007,1.080692,1.051532,1.043709
1,53.35212207451857,1.06755,1.046667,1.043709,0.989848
1,52.338908394836245,0.968983,0.978344,0.989848,1.017949
1,53.985796114334256,1.037132,1.022135,1.017949,0.97733
1,51.52082427801605,0.960494,0.961783,0.97733,1.055412
1,56.61687684239891,1.062982,1.05298,1.055412,0.934066
1,49.56984519054346,0.946796,0.958491,0.934066,1.018301
1,51.26353282728949,0.998723,0.998688,1.018301,1.015404
1,52.72899870734856,1.031969,1.027595,1.015404,1.027813
1,55.37808433182408,1.017348,1.014066,1.027813,1.00615
1,55.98184530023276,1.002436,1.021438,1.00615,1.002445
1,56.23692116355758,1.013366,0.998765,1.002445,1.04878
1,61.092942623326536,1.034772,1.033375,1.04878,0.901163
0,48.72112169297144,0.993048,0.916268,0.901163,0.994839
0,48.22618321087659,0.9,0.975196,0.994839,1.035019
0,51.78651845446133,1.06096,1.065596,1.035019,0.948622
0,46.55148971380689,0.937653,0.93593,0.948622,0.972259
0,44.092872760673124,0.964798,0.971812,0.972259,1.028533
0,47.10161107856563,1.025676,1.03453,1.028533,0.981506
0,45.349416361138836,1.018445,0.983979,0.981506,0.985195
0,43.965505838170564,0.950841,0.986431,0.985195,1.020492
0,46.36895969151823,1.02449,1.019257,1.020492,0.963855
0,42.80954845029042,0.98008,0.968961,0.963855,0.945833
0,38.24299788465619,0.928184,0.924791,0.945833,1.010279
0,39.490635140265155,1.00438,1.024096,1.010279,1.020349
0,42.013776780794714,1.026163,1.023529,1.020349,1.007123
0,42.92907081593375,1.007082,1.00431,1.007123,1.01273
0,44.623481366380474,1.018284,1.02289,1.01273,1.013966
1,46.52329296198216,1.005525,1.0,1.013966,1.050964
1,52.95445948172609,1.056319,1.036364,1.050964,0.976409
1,49.81577640382836,0.977893,1.00135,0.976409,1.020134
1,52.350367579610584,1.018617,1.012129,1.020134,1.017105
1,54.49539493503979,1.01436,1.006658,1.017105,1.016818
1,56.599431958029726,1.014157,1.011905,1.016818,1.019084
1,58.95754155236785,1.021574,1.031373,1.019084,0.975031
1,54.69070949850462,0.982609,0.975919,0.975031,1.019206
1,57.19294118497978,1.031606,1.028571,1.019206,0.938442
0,47.8890255769324,0.916667,0.926768,0.938442,1.008032
0,48.98342161672708,1.009358,0.983651,1.008032,0.992032
0,47.9000780146771,0.994702,1.01662,0.992032,1.004016
0,48.5132290243607,1.01731,1.019074,1.004016,0.9
0,36.14458554112249,0.920157,0.9,0.9,1.001495
0,36.360305159039164,0.955903,0.986466,1.001495,1.010448
0,37.94075644912365,1.010417,1.01372,1.010448,0.985229
0,36.544510831021206,1.004418,1.001504,0.985229,1.1
1,52.10828073491872,1.1,1.033033,1.1,0.99466
1,51.44541871820989,1.002639,1.081395,0.99466,0.991946
1,50.40954898483307,0.978947,0.982527,0.991946,1.035183
1,54.66906177158131,1.032258,1.032832,1.035183,0.952941
1,48.46211440294932,0.951823,0.960265,0.952941,0.979424
1,46.1128502556365,0.983584,0.965517,0.979424,0.992997
0,45.324131065323,0.997218,1.007143,0.992997,1.03244
1,49.595003000843924,1.022315,1.011348,1.03244,1.086066
1,59.03428200591782,1.090041,1.072931,1.086066,0.968553
1,54.65988602143675,0.978723,1.005229,0.968553,1.005195
1,55.23148463538018,1.014066,0.9987,1.005195,0.97416
1,51.72052246181191,0.969735,0.979167,0.97416,0.996021
1,51.194818340316544,0.985696,0.985372,0.996021,0.992011
0,50.09805228844697,0.986807,0.979757,0.992011,0.951678
0,44.006342547857415,0.954545,0.958678,0.951678,1.002821
0,44.410752036704565,1.002801,1.012931,1.002821,1.008439
0,45.67829255618382,1.019553,1.007092,1.008439,0.937238
0,38.57412656329747,0.939726,0.943662,0.937238,1.0625
0,46.87830417575567,1.04519,1.050746,1.0625,0.992997
0,46.079648027543534,0.998605,0.992898,0.992997,0.964739
0,42.20766078385218,0.965084,0.974249,0.964739,0.98538
0,40.73324998868424,0.997106,0.983847,0.98538,0.968843
0,37.75090064634642,0.959361,0.971642,0.968843,0.947933
0,33.47721059952253,0.965204,0.9447,0.947933,0.959612
0,30.723070104163853,0.937304,0.95935,0.959612,0.922559
0,26.416644195661604,0.91806,0.9,0.922559,0.95438
0,24.413768270942857,0.969035,0.980989,0.95438,0.977055
0,23.493019476399976,0.966165,0.978682,0.977055,1.0
0,23.493019476399976,0.996109,0.958416,1.0,1.011742
0,25.130405920292088,1.056641,1.061983,1.011742,1.067698
0,34.00345359941799,1.025878,1.062257,1.067698,0.974638
0,32.351830783434394,1.0,0.981685,0.974638,1.033457
1,36.61473254804946,1.005405,1.022388,1.033457,1.014388
1,38.47054676841038,1.012545,1.007299,1.014388,1.042553
1,43.78774796669753,1.047788,1.032609,1.042553,1.039116
1,48.390630280881254,1.037162,1.054386,1.039116,1.00982
1,49.55116496892881,1.006515,1.014975,1.00982,0.996759
1,49.15437999084501,0.995146,0.995082,0.996759,0.977236
1,46.35610121647455,0.978862,0.965404,0.977236,0.990017
1,45.1692945912002,1.008306,1.010239,0.990017,1.040336
1,50.615662400634804,1.029654,0.993243,1.040336,1.008078
1,51.69223549188327,1.0,1.044218,1.008078,1.025641
1,55.06780159576818,1.0352,1.027687,1.025641,1.023438
1,58.02879267254303,1.023184,1.011094,1.023438,1.029008
1,61.49052916968314,1.05136,1.047022,1.029008,1.004451
1,62.02314476772841,0.979885,1.004491,1.004451,0.98966
1,59.9399764278103,0.998534,0.99851,0.98966,1.008955
1,61.14462288065963,1.026432,1.001493,1.008955,0.955621
0,52.623736491272616,0.958512,0.962742,0.955621,1.018576
1,55.306693213916326,0.998507,1.017028,1.018576,0.977204
0,51.38910644416289,0.967115,0.969559,0.977204,0.9
0,23.796807098031366,0.9,0.9,0.9,0.980723
0,23.323598948673325,0.966981,0.987685,0.980723,0.972973
0,22.65646497782816,0.968293,0.9601,0.972973,0.994949
0,22.53028045713797,0.997481,0.997403,0.994949,0.992386
0,22.329386594773034,0.994949,1.013021,0.992386,0.994885
0,22.18735042978464,1.002538,0.994859,0.994885,0.992288
0,21.961685662540624,0.98481,0.992248,0.992288,0.966321
0,20.96652860412665,0.958869,0.945312,0.966321,1.040214
0,25.17941406290888,1.053619,1.063361,1.040214,0.987113
0,24.706648473679213,1.002545,0.981865,0.987113,0.97389
0,23.746338218014188,0.969543,0.98153,0.97389,0.941019
0,21.74397003477379,0.929319,0.935484,0.941019,1.048433
0,26.875215712532718,1.04507,1.022989,1.048433,1.0
0,26.875215712532714,1.010782,1.016854,1.0,0.942935
0,24.567386359510795,0.952,0.928177,0.942935,1.008646
0,25.550938984887622,0.983193,1.017857,1.008646,1.002857
0,25.897782102813522,1.005698,1.01462,1.002857,1.025641
0,29.099269239724734,1.031161,1.023055,1.025641,1.077778
1,38.06448079878361,1.1,1.078873,1.077778,0.953608
1,35.00051818157378,0.967581,0.960836,0.953608,1.059459
1,41.227434891679614,1.012887,1.043478,1.059459,0.941327
1,37.21364019206318,0.946565,0.945312,0.941327,0.97019
0,35.43670454124701,0.965054,0.964187,0.97019,1.005587
0,36.03475197148345,1.008357,1.017143,1.005587,0.944444
0,32.766163693536214,0.944751,0.929775,0.944444,1.038235
0,36.780274246784046,1.040936,1.042296,1.038235,1.048159
1,41.68351302637109,1.044944,1.028986,1.048159,1.018919
1,43.62247910886406,1.045699,1.053521,1.018919,1.007958
1,44.47455601792302,0.982005,1.002674,1.007958,1.005263
1,45.070590216019085,1.015707,1.010667,1.005263,0.97644
1,42.84192267036094,0.989691,0.98153,0.97644,1.034853
1,46.924475944852475,1.007812,1.024194,1.034853,0.974093
1,44.30309779878067,0.979328,0.981627,0.974093,1.06383
1,51.33033375873967,1.058047,1.045455,1.06383,1.0275
1,54.18358940023842,1.029925,1.035806,1.0275,0.990268
1,52.96755945732354,0.997579,1.0,0.990268,0.95086
0,47.25678090755205,0.949029,0.953086,0.95086,1.01292
1,48.74459849688967,1.005115,1.0,1.01292,0.979592
0,46.48515241851146,0.982188,0.989637,0.979592,1.1
1,65.73034955928594,1.1,1.1,1.1,1.1
1,72.19212435207697,1.1,1.072187,1.1,0.912879
1,61.546016794772875,0.9,0.938614,0.912879,0.970954
1,58.70838495539264,1.022541,0.983122,0.970954,0.967949
1,55.74291401677016,0.943888,0.967811,0.967949,1.048565
1,59.0129763178299,1.014862,1.026608,1.048565,0.9
0,47.78000266122446,0.920502,0.9,0.9,1.014634
0,48.749765757691954,0.963636,1.012315,1.014634,1.098558
1,54.91161136755237,1.091981,1.090024,1.098558,0.995624
0,54.566963522412856,0.987041,0.979911,0.995624,1.024176
1,56.195427652851066,1.035011,1.045558,1.024176,1.04721
1,59.334808029934635,1.033827,1.034858,1.04721,0.985656
1,57.91261766282404,1.006135,0.974737,0.985656,0.943867
0,52.668751242616096,0.939024,0.969762,0.943867,1.1
1,59.411808883430545,1.1,1.03118,1.1,1.0
1,59.411808883430545,1.0,1.0,1.0,0.9
0,44.535126698442845,0.9,0.9,0.9,0.948403
0,41.97897752152468,0.952153,0.94335,0.948403,0.96114
0,40.20393518708242,0.967337,0.963446,0.96114,0.973046
0,39.0193923121328,0.958442,0.97561,0.973046,0.99446
0,38.77333850094847,0.98916,0.991667,0.99446,1.041783
0,41.74063723768455,1.035616,1.033613,1.041783,0.994652
0,41.45217337261658,1.02381,1.00271,0.994652,1.026882
0,43.55270938779059,1.007752,0.994595,1.026882,1.1
1,55.02224317504724,1.1,1.1,1.1,0.997768
1,54.840422108667134,1.012931,1.028571,0.997768,1.008949
1,55.47423630215991,0.970213,1.032407,1.008949,0.966741
1,52.498626511264405,0.960526,0.959641,0.966741,1.029817
1,54.76333348707235,1.031963,1.0,1.029817,1.057906
1,58.97601277801957,1.068584,1.060748,1.057906,1.031579
1,61.21979400254587,1.05176,1.068282,1.031579,1.0
1,61.21979400254587,0.970472,0.975258,1.0,0.932653
1,53.7227066046193,0.96146,0.959831,0.932653,0.984683
0,52.26071512522517,0.959916,0.977974,0.984683,0.946667
0,47.48896647053805,0.953846,0.957207,0.946667,1.079812
1,53.90943345028464,1.06682,1.032941,1.079812,1.021739
1,55.62786463788394,1.058315,1.066059,1.021739,1.042553
1,58.92623410806777,1.010204,1.032051,1.042553,1.012245
1,59.88951473724579,1.010101,1.014493,1.012245,0.955645
1,54.813402899234944,0.954,0.961224,0.955645,1.018987
1,56.43997392123968,1.033543,1.019108,1.018987,0.935818
0,49.791493218512066,0.918864,0.925,0.935818,0.99115
0,48.98958920564151,1.01766,1.009009,0.99115,0.935268
0,43.51749221695444,0.928416,0.919643,0.935268,0.973747
0,41.618530953885724,0.992991,0.985437,0.973747,1.063725
0,47.454985501399285,1.023529,1.014778,1.063725,0.9447
0,43.16524630346261,0.954023,0.987864,0.9447,1.012195
0,44.29500738841849,1.00241,0.995086,1.012195,1.057831
1,49.48556536585212,1.055288,1.051852,1.057831,0.961276
0,46.20159480366417,0.98861,0.981221,0.961276,0.969194
0,43.80746362571561,0.947005,0.964115,0.969194,1.012225
0,44.98821390356656,1.024331,1.022333,1.012225,0.956522
0,41.599357056870986,0.950119,0.956311,0.956522,1.007576
0,42.37842092137112,1.0025,0.982234,1.007576,1.010025
0,43.46140938578503,1.017456,1.020672,1.010025,1.047146
1,48.42041720484552,1.039216,1.043038,1.047146,0.981043
1,46.5683295215869,0.983491,0.997573,0.981043,1.086957
1,54.92390714990228,1.1,1.072993,1.086957,0.937778
1,48.562943126635545,0.954644,0.950113,0.937778,0.985782
1,47.29881901642174,0.950226,0.973747,0.985782,0.978365
0,45.390185206304935,0.983333,0.990196,0.978365,1.056511
1,50.848732159508764,1.053269,1.04703,1.056511,0.955814
0,46.696328803825686,0.949425,0.959811,0.955814,0.995134
0,46.26801570449847,0.997579,1.0,0.995134,0.99511
0,45.815456584863526,0.990291,0.992611,0.99511,1.004914
0,46.38026839056421,1.002451,1.0,1.004914,0.958435
0,42.34023273841198,0.958435,0.960298,0.958435,1.030612
0,45.921166311816734,1.033163,1.02584,1.030612,1.037129
1,50.09346591168162,1.044444,1.04534,1.037129,0.97136
0,46.97130375951841,0.966903,0.966265,0.97136,1.014742
1,48.693188538523806,1.01956,1.022444,1.014742,1.033898
1,52.563675734552646,1.028777,1.019512,1.033898,1.077283
1,60.1876144745473,1.1,1.1,1.077283,0.993478
1,59.25524686262372,0.968685,0.986957,0.993478,1.004376
1,59.70341575354807,1.0,0.997797,1.004376,1.004357
1,60.17516228373712,1.002155,0.993377,1.004357,1.004338
1,60.670998318485694,0.997849,1.004444,1.004338,1.034557
1,64.48095487290338,1.038793,1.050885,1.034557,1.058455
1,69.96453498951665,1.058091,1.023158,1.058455,0.960552
1,62.53773532882981,0.962745,0.989712,0.960552,1.002053
1,62.750645883483685,1.0,0.997921,1.002053,1.016393
1,64.48939111856552,1.020367,1.027083,1.016393,1.030242
1,67.54813312433909,1.021956,1.018256,1.030242,1.0
1,67.54813312433909,1.0,1.0,1.0,0.913894
0,52.24009676140261,0.921875,0.914343,0.913894,1.08137
1,60.55431215847335,1.091102,1.089325,1.08137,1.1
1,73.759229253931,1.1,1.1,1.1,1.024712
1,75.08038276510091,0.980597,1.025,1.024712,1.016077
1,75.9497238175541,0.969559,0.993496,1.016077,0.976266
1,71.89798464106248,0.99686,0.99509,0.976266,0.970827
1,67.26091136558584,0.992126,0.963816,0.970827,1.083472
1,72.55583239597927,1.07619,1.075085,1.083472,0.924499
1,61.977073354031475,0.9,0.904762,0.924499,0.941667
0,55.72700526235755,0.938742,0.921053,0.941667,0.969912
0,52.934719505876885,0.971781,0.998095,0.969912,1.023723
0,54.7998661831281,1.056261,1.064885,1.023723,0.967914
0,51.7423263304543,0.93299,0.958781,0.967914,1.033149
0,54.4776099665831,1.069982,1.037383,1.033149,1.0
0,54.4776099665831,0.981067,1.001802,1.0,0.966132
0,50.94277573234802,0.987719,0.964029,0.966132,1.031365
0,53.82943922384137,1.003552,1.022388,1.031365,1.010733
1,54.83948051742006,1.00354,1.016423,1.010733,1.1
1,64.5759879541133,1.1,1.028725,1.1,0.974803
1,61.32163521540367,1.007874,1.069808,0.974803,1.004847
1,61.711263570366334,0.982812,1.006525,1.004847,1.099678
1,68.72348898283738,1.1,1.0859,1.099678,1.1
1,76.09865632234784,1.1,1.061194,1.1,0.988476
1,74.34690706152311,0.996159,1.059072,0.988476,1.036269
1,76.18373632419109,1.039846,1.042497,1.036269,0.96875
1,71.27644600004527,0.967862,0.959236,0.96875,1.1
1,78.2248268697266,1.1,1.083665,1.1,0.929213
1,68.45517440282812,0.957778,1.011029,0.929213,0.905683
0,58.683109184323555,0.9,0.9,0.905683,1.001335
0,58.764381506541135,1.045333,1.021978,1.001335,1.1
1,67.06643345654174,1.1,1.1,1.1,1.004603
1,67.30471792494345,1.013699,0.989183,1.004603,1.1
1,76.40518116524557,1.1,1.1,1.1,1.001867
1,76.47640602041251,1.039106,1.03248,1.001867,0.9
1,61.405096727429054,0.9,0.9,0.9,0.9
0,53.18276742668937,0.9,0.9,0.9,0.9
0,41.57404703264646,0.9,0.9,0.9,0.9
0,38.87140058169836,0.9,0.9,0.9,1.1
0,43.39996223823087,1.1,1.1,1.1,1.085526
0,46.48356580233244,1.1,1.1,1.085526,0.901515
0,43.30743093227828,0.9,0.9,0.901515,1.077311
0,46.113563125176206,1.062295,1.083478,1.077311,1.068643
0,48.72779159733055,1.070988,1.081862,1.068643,0.929927
0,46.10030153050102,0.987032,0.916914,0.929927,0.904239
0,42.9320526635904,0.9,0.9,0.904239,0.9
0,38.79036875300724,0.9,0.9,0.9,1.1
0,43.21497913377624,1.064762,1.09205,1.1,0.911552
0,40.853822509446594,0.915921,0.94636,0.911552,1.019802
0,41.55563602698901,1.064453,1.022267,1.019802,0.994175
0,41.39693884589758,0.950459,1.00396,0.994175,1.054688
0,43.563259123116815,1.050193,1.043393,1.054688,1.1
1,49.32689478777405,1.1,1.1,1.1,1.014516
1,49.946205801426366,1.009464,1.008432,1.014516,1.1
1,55.36415926801109,1.1,1.1,1.1,1.044944
1,57.28391629196952,1.049157,1.081081,1.044944,1.021505
1,58.250780741317016,1.040161,1.0125,1.021505,0.951316
1,55.142453914146834,0.947233,0.983539,0.951316,0.9
0,48.3798368735198,0.942935,0.9,0.9,1.004739
0,48.60609477438161,0.929395,1.009569,1.004739,0.957547
0,46.62532742571013,0.96124,0.955766,0.957547,1.062397
0,49.73027158347868,1.06129,1.061157,1.062397,1.026275
0,51.1007456286146,1.009119,0.985981,1.026275,0.989458
0,50.49035688153134,1.025602,1.036335,0.989458,0.9
0,42.52028461319499,0.9,0.9,0.9,0.9
0,38.831390971525096,0.904014,0.925996,0.9,1.026104
0,40.10760878922295,0.990347,1.014344,1.026104,0.97456
0,39.226240206236376,0.998051,0.923232,0.97456,0.987952
0,38.80241948769519,0.984375,1.074398,0.987952,0.977642
0,37.99197460494536,0.964286,0.9389,0.977642,1.06237
0,41.57598553969121,1.057613,1.091106,1.06237,0.970646
0,40.32108775766356,0.970817,0.960239,0.970646,1.010081
0,40.9607781854881,1.032064,1.012422,1.010081,0.99002
0,40.49334739570795,0.96699,0.993865,0.99002,1.080645
1,45.820093967149624,1.078313,1.069959,1.080645,0.994403
1,45.491189513709045,0.996276,1.009615,0.994403,0.990619
1,44.91254100502521,0.988785,0.986667,0.990619,0.996212
1,44.667788765950476,1.0,0.998069,0.996212,1.032319
1,47.29684151054202,1.028355,1.040619,1.032319,0.933702
0,42.67290613153637,0.933824,0.925651,0.933702,0.994083
0,42.30176292050295,0.994094,0.997992,0.994083,1.007937
0,43.01344353301558,1.053465,1.022133,1.007937,0.952756
0,39.83832735498818,0.921053,0.940945,0.952756,1.0
0,39.83832735498818,0.991837,0.981172,1.0,0.995868
0,39.55612717029552,0.995885,1.01919,0.995868,1.039419
0,43.640554714885724,1.041322,1.037657,1.039419,0.994012
0,43.144808060985326,0.992063,0.991935,0.994012,0.98996
0,42.28269228023946,0.994,0.99187,0.98996,0.993915
0,41.74372281026311,1.002012,0.991803,0.993915,1.042857
1,46.85089190234712,1.028112,1.047521,1.042857,1.019569
1,49.13754465942102,1.023438,1.013807,1.019569,1.003839
1,49.60453763854496,1.007634,1.013619,1.003839,0.998088
1,49.36050533765935,1.005682,1.0,0.998088,1.044061
1,54.86087145942545,1.062147,1.036468,1.044061,0.979817
1,51.95434905067907,0.969858,0.983333,0.979817,1.026217
1,55.2070258155731,1.003656,1.0,1.026217,1.1
1,67.54508418113613,1.1,1.088512,1.1,0.961353
1,61.54316916307521,0.958991,1.029412,0.961353,0.98325
1,59.18340038752801,0.970395,0.97479,0.98325,1.022147
1,61.26283588314845,1.037288,1.034483,1.022147,0.983333
1,58.78202035483751,0.97549,0.976667,0.983333,1.010169
1,59.833019809956305,1.0134,1.017065,1.010169,0.974832
1,55.989351361949225,0.966942,0.969799,0.974832,1.018933
1,58.11433933153579,1.011966,1.008651,1.018933,1.010135
1,59.26954992824099,1.015203,1.017153,1.010135,1.011706
1,60.63366877517538,1.009983,1.006745,1.011706,0.955372
0,53.22860965535558,0.971993,0.968174,0.955372,1.00346
0,53.67987843500362,0.99322,1.0,1.00346,1.02069
1,56.39816777296183,1.010239,1.013841,1.02069,1.006757
1,57.29774860447377,1.018581,1.015358,1.006757,1.006711
1,58.22591759699355,0.995025,0.991597,1.006711,0.98
0,54.40538336123733,1.006667,0.994915,0.98,0.988095
0,52.251567575272546,0.965232,0.986371,0.988095,0.963855
0,46.32639353920578,0.969125,0.962003,0.963855,1.005357
0,47.24671164632088,1.00885,1.007181,1.005357,1.008881
0,48.821767310200585,0.998246,1.003565,1.008881,1.054577
1,57.328465161112966,1.1,1.030195,1.054577,0.96995
0,51.93090931283812,0.926448,1.0,0.96995,0.972461
0,47.637448683241765,0.95777,0.948276,0.972461,1.035398
1,52.88150844814195,1.037037,1.038182,1.035398,1.0
1,52.88150844814195,0.996599,1.015762,1.0,1.068376
1,61.763731890822264,1.069966,1.025862,1.068376,0.992
1,60.235197032480215,1.035088,1.040336,0.992,1.016129
1,62.2475389133746,0.973806,1.006462,1.016129,0.968254
1,56.1295438423453,0.968354,0.971108,0.968254,1.004918
1,56.81518043688054,1.001634,0.991736,1.004918,0.991843
1,55.26491946582168,1.009788,1.01,0.991843,1.078947
1,65.10784381893306,1.1,1.042904,1.078947,1.03811
1,68.94092404688458,1.059942,1.05538,1.03811,1.017621
1,70.60988911513985,0.97931,1.031484,1.017621,1.1
1,78.02718868732053,1.088732,1.072674,1.1,0.9
0,50.17106855034914,0.9,0.9,0.9,1.025806
0,52.22617040814454,0.956781,1.004854,1.025806,0.962264
0,48.96401432658181,0.984424,0.983897,0.962264,0.995098
0,48.55574022603656,0.977848,0.973813,0.995098,0.952381
0,44.67757889827057,0.951456,0.969748,0.952381,0.960345
0,41.82439674279779,0.957483,0.961872,0.960345,0.994614
0,41.452545552476224,0.989343,0.969369,0.994614,1.025271
0,43.95666436458543,1.025135,1.04461,1.025271,1.008803
0,44.86367294882066,1.012259,1.014235,1.008803,0.973822
0,42.634447468773736,0.977509,0.959649,0.973822,1.037634
0,46.63250217618432,1.033628,1.034735,1.037634,1.053541
1,51.95563266962336,1.059932,1.061837,1.053541,1.014754
1,53.408618434266344,1.012924,1.021631,1.014754,1.048465
1,57.97137682447627,1.036683,1.014658,1.048465,1.006163
1,58.55418546640074,1.010769,1.025682,1.006163,0.986217
1,56.65068415493621,0.996956,0.99374,0.986217,0.939441
0,49.18850546361273,0.957252,0.949606,0.939441,1.039669
1,53.26799840805356,1.007974,1.026534,1.039669,0.987281
1,51.77577364476208,0.985759,0.987076,0.987281,1.025765
1,54.51989910469153,1.024077,1.022913,1.025765,0.985871
0,52.70320045575962,0.987461,0.9936,0.985871,1.011146
1,53.98743546020276,1.019048,1.019324,1.011146,0.959055
0,48.69827966111211,0.962617,0.962085,0.959055,0.996716
0,48.30623263697656,0.988673,0.99179,0.996716,1.014827
0,50.24729047683241,1.00982,1.008278,1.014827,1.0
0,50.24729047683242,1.0,1.004926,1.0,0.961039
0,45.01927474245129,0.961102,0.949346,0.961039,1.027027
0,48.84083825877953,1.040472,1.043029,1.027027,0.967105
0,44.66193031931846,0.967585,0.950495,0.967105,1.028912
0,48.681308564826445,1.023451,1.03125,1.028912,0.9
0,37.210158597892224,0.924714,0.9,0.9,0.983271
0,35.98356336569914,0.943363,0.990602,0.983271,1.017013
0,38.178216865107146,1.011257,1.00759,1.017013,0.973978
0,36.10469618973357,0.975881,0.975518,0.973978,1.001908
0,36.3705284559261,1.001901,1.009653,1.001908,0.990476
0,35.573596545363905,0.99241,0.992352,0.990476,1.009615
0,37.05881789795052,1.003824,1.0,1.009615,1.026667
0,41.14971522568168,1.032381,1.030829,1.026667,0.992579
0,40.34291210801738,0.99262,0.994393,0.992579,1.001869
1,40.65616926565058,1.003717,0.99812,1.001869,1.020522
1,44.13140350960738,1.022222,1.018832,1.020522,0.963437
0,39.59163285603056,0.961957,0.948244,0.963437,0.927894
0,32.70720450588693,0.943503,0.939571,0.927894,1.02454
0,36.46440119577053,1.001996,1.029046,1.02454,1.027944
0,40.6292511566191,1.02988,1.024194,1.027944,0.998058
0,40.42540932787664,0.998066,1.005906,0.998058,1.031128
1,45.165765157732594,1.027132,1.027397,1.031128,1.026415
1,48.99043729911418,1.062264,1.034286,1.026415,0.952206
0,42.99294601081623,0.953819,0.94291,0.952206,1.013514
1,44.94705264765923,0.996276,1.009766,1.013514,0.984762
0,43.1275564823862,0.973832,0.996132,0.984762,1.023211
1,46.61830247816057,1.019194,1.021359,1.023211,0.967864
0,42.62667354347685,0.984934,0.971483,0.967864,1.037109
1,47.98704177321259,1.01912,1.019569,1.037109,1.003766
1,48.532148710881515,1.007505,1.019194,1.003766,1.013133
1,50.48798926132175,1.014898,1.013183,1.013133,1.003704
1,51.06022635202009,0.998165,1.001859,1.003704,0.9
0,24.962064779241064,0.9,0.9,0.9,0.959893
0,23.792731925421663,0.94517,0.954301,0.959893,0.997214
0,23.71298072687176,1.005525,0.997183,0.997214,0.941341
0,22.042084249770532,0.942308,0.940678,0.941341,0.934718
0,20.418844648375835,0.921283,0.915916,0.934718,1.015873
0,21.827854437305813,1.015823,1.022951,1.015873,0.965625
0,20.949082573844283,0.971963,0.967949,0.965625,1.022654
0,23.0715551402998,1.016026,1.039735,1.022654,1.009494
0,24.013187331602655,1.009464,0.993631,1.009494,1.090909
1,32.60146763271971,1.1,1.1,1.090909,0.971264
1,31.288252218804878,0.963989,0.968023,0.971264,1.032544
1,34.41766645904185,1.002874,1.024024,1.032544,0.919771
0,30.59761147371037,0.974212,0.938416,0.919771,1.006231
0,31.1851374690705,0.955882,1.0,1.006231,1.058824
1,36.67005461809929,1.073846,1.04375,1.058824,1.0
1,36.6700546180993,0.979943,0.982036,1.0,0.964912
0,34.64725145075406,0.976608,1.006098,0.964912,1.033333
1,38.02225299225628,1.026946,1.018182,1.033333,1.0
1,38.02225299225627,0.994169,0.997024,1.0,0.958944
0,35.32917845464991,0.991202,0.973134,0.958944,0.929664
0,31.3949883919683,0.905325,0.90184,0.929664,0.996711
0,31.232141151087813,0.993464,0.993197,0.996711,1.026403
0,34.173807962368876,1.032895,1.061644,1.026403,1.032154
0,37.7579605393487,1.025478,1.019355,1.032154,0.996885
0,37.5378494977548,1.006211,1.003165,0.996885,1.0875
1,46.876108156984394,1.08642,1.078864,1.0875,0.991379
1,46.08119334248414,1.036932,0.991228,0.991379,1.014493
1,47.67384678513707,0.969863,0.99705,1.014493,1.005714
1,48.33128261397796,1.016949,1.014793,1.005714,0.9
0,38.86550909286873,0.9,0.921283,0.9,0.990506
0,38.194190712178724,0.969136,0.984177,0.990506,0.980831
0,36.82421656232005,0.980892,0.980707,0.980831,1.013029
0,38.41026632984491,1.016234,0.996721,1.013029,1.022508
0,41.19267141106564,1.015974,1.036184,1.022508,1.009434
0,42.39379906147942,1.009434,1.006349,1.009434,0.984424
0,40.89460729504181,0.993769,0.993691,0.984424,0.974684
0,38.54585508506634,0.968652,0.961905,0.974684,1.019481
0,41.27028115985804,1.019417,1.016502,1.019481,1.009554
1,42.63955726795906,1.019048,1.025974,1.009554,1.041009
1,48.268127484555826,1.028037,1.015823,1.041009,1.051515
1,54.54899123750592,1.051515,1.065421,1.051515,0.979827
1,51.76218011257093,1.04611,0.994152,0.979827,1.061765
1,58.5960745757957,1.0,1.038235,1.061765,1.066482
1,64.7435380173782,1.066116,1.070822,1.066482,1.01039
1,65.65871361050938,1.005168,0.992063,1.01039,1.1
1,73.30710259139462,1.1,1.04,1.1,0.953488
1,65.62858678593877,0.969767,1.04359,0.953488,1.021951
1,67.28902206830546,1.004796,1.009828,1.021951,0.968974
1,62.58589656185563,0.968974,0.924574,0.968974,1.1
1,75.02306044288557,1.1,1.1,1.1,1.042683
1,77.03092769313582,1.042683,1.026144,1.042683,1.1
1,81.76649377238046,1.1,1.1,1.1,0.920139
1,70.35990790664297,0.9,0.90669,0.920139,0.977358
1,67.70641332728576,0.990792,1.001942,0.977358,0.9
0,57.08090080530117,0.9,0.9,0.9,1.021598
0,58.36042459674178,1.041667,1.030702,1.021598,1.038055
1,60.63532122819562,0.99,1.034043,1.038055,0.953157
0,56.39556995118436,0.975758,0.95679,0.953157,1.1
1,62.84301793133735,1.086957,1.1,1.1,0.980806
1,61.00999853339044,0.986667,0.978599,0.980806,0.962818
0,57.57383764017936,0.972973,0.976143,0.962818,1.056911
1,61.054919204257885,1.083333,1.052953,1.056911,0.936538
0,55.29631497616275,0.9,0.916828,0.936538,0.952772
0,51.640489140363535,0.965164,0.976793,0.952772,0.997845
0,51.48112369067292,0.987261,0.99784,0.997845,1.034557
0,53.930856021468415,1.036559,1.021645,1.034557,0.995825
0,53.56677495371761,1.006224,1.004237,0.995825,1.018868
0,55.03775232951119,1.006186,1.016878,1.018868,1.049383
1,58.78716347734391,1.055328,1.051867,1.049383,0.980392
1,56.66676767785218,1.019417,0.986193,0.980392,0.932
0,50.05596938455341,0.900952,0.93,0.932,1.004292
0,50.42236229107711,0.993658,1.0,1.004292,1.025641
1,52.66609804997023,1.025532,1.025806,1.025641,0.9625
0,49.07812028484787,0.981328,0.966457,0.9625,1.032468
0,52.0120788333064,1.019027,1.015184,1.032468,0.979036
0,49.946014638004435,0.970954,0.980769,0.979036,0.991435
0,49.10574898113365,0.997863,1.008715,0.991435,0.928726
0,42.72033504923169,0.93576,0.926566,0.928726,0.995349
0,42.36081611001542,0.995423,0.993007,0.995349,1.002336
0,42.620829716519886,0.993103,1.004695,1.002336,1.009324
0,43.71458162897819,1.006944,1.007009,1.009324,1.027714
0,46.979797378659875,1.022989,1.018561,1.027714,1.002247
0,47.25440061624168,1.013483,1.013667,1.002247,0.988789
