1,100.0,1.061538,1.008065,1.076023,0.951993
1,57.74487471526197,0.985507,1.019,0.951993,0.982873
1,50.015176809834585,0.960478,0.987242,0.982873,1.052275
1,65.1058263583834,1.051675,1.028827,1.052275,0.966881
1,53.50788337316969,0.981802,1.001932,0.966881,0.999049
1,53.22425291232057,0.987025,0.983607,0.999049,1.061905
1,65.88328171904857,1.061033,1.082353,1.061905,1.066368
1,74.38309462047901,1.052212,1.01087,1.066368,0.9
0,48.63686997340404,0.923465,0.922939,0.9,1.03164
0,52.62809258120577,0.985428,1.033981,1.03164,0.957249
0,47.13035783957374,0.961183,0.955869,0.957249,1.048544
1,52.89095266170314,1.05,1.026523,1.048544,1.009259
1,53.97115646305728,1.00641,1.017225,1.009259,1.012844
1,55.509253690777996,1.010009,0.996237,1.012844,0.981884
0,52.795102675792315,0.999099,1.015109,0.981884,0.954797
0,46.76234760566772,1.002705,0.96093,0.954797,0.964251
0,42.786588668301974,0.933453,0.946757,0.964251,0.911824
0,35.1353224504604,0.906551,0.9,0.911824,0.9
0,28.621286481811246,0.9,0.9,0.9,1.1
0,40.6907011345882,1.1,1.1,1.1,0.940789
0,37.23641774975411,0.931109,0.951247,0.940789,1.030303
0,39.88264376943983,1.05896,1.052443,1.030303,0.941176
0,36.562409696022826,0.970524,0.94111,0.941176,1.016827
0,38.057551910395496,0.982002,1.001203,1.016827,0.9
0,30.529938442955988,0.9,0.9,0.9,1.1
0,39.029078786135585,1.1,1.1,1.1,0.948686
0,36.79574589774823,0.918072,0.95974,0.948686,1.072559
0,41.621668529374254,1.086614,1.077131,1.072559,1.04059
1,44.36644384774804,1.038647,1.048995,1.04059,1.094563
1,50.448777321344274,1.096512,1.073054,1.094563,0.957883
1,47.71032559374917,0.946978,0.96317,0.957883,1.037204
1,50.174871371631234,1.066069,1.056779,1.037204,1.015217
1,51.22517638501719,1.002101,1.013158,1.015217,1.1
1,68.88435527662442,1.1,1.1,1.1,1.044393
1,70.74219415453103,0.997026,0.967974,1.044393,1.079791
1,73.89337662601831,1.1,1.1,1.079791,0.90884
1,64.64358277311695,0.9,0.9,0.90884,1.1
1,74.14813519524424,1.1,1.1,1.1,1.002983
1,74.25166484876394,1.064327,1.054638,1.002983,1.072576
1,76.70322829935354,1.042857,1.001205,1.072576,1.066001
1,78.82140835823195,1.058483,1.090854,1.066001,1.1
1,83.11455594823647,1.1,1.1,1.1,0.975796
1,80.06022893067895,1.017033,1.072139,0.975796,0.985301
1,78.22568250057921,1.033495,0.974478,0.985301,0.9
1,64.99377959808307,0.9,0.9,0.9,1.004253
1,65.18595516553978,1.015789,1.040268,1.004253,0.92271
0,58.8376760620952,0.932642,0.921505,0.92271,1.010901
0,59.39191862971574,0.986111,0.951575,1.010901,1.060159
0,62.43115697639577,1.061972,1.1,1.060159,0.914347
0,55.659563382127175,0.922546,0.92291,0.914347,1.022834
0,56.88707688866587,1.009201,0.954118,1.022834,0.993703
0,56.412708189265224,1.017664,1.060419,0.993703,0.955645
0,53.07625235533152,0.968645,0.962209,0.955645,0.989753
0,52.34023679881712,0.976301,0.978852,0.989753,1.06821
1,56.609341168926676,1.040261,1.033951,1.06821,1.097491
1,62.179582171862805,1.095618,1.04597,1.097491,1.072208
1,66.00038885466292,1.1,1.1,1.072208,1.044089
1,68.26103592185218,1.047862,1.059113,1.044089,0.966589
1,64.60109175235529,0.940133,0.955814,0.966589,1.008161
1,65.07720653898754,0.998113,0.997567,1.008161,1.02381
1,66.50418720363835,1.086484,1.046341,1.02381,1.005116
1,66.8253482394677,0.961288,1.0,1.005116,1.026839
1,68.5382602529469,1.040271,0.972028,1.026839,1.059036
1,72.04867957901435,1.048282,1.091127,1.059036,1.094468
1,76.77748891383804,1.06722,1.028132,1.094468,1.021773
1,77.7978732618979,1.041991,1.047456,1.021773,0.947489
1,69.67336410300955,0.932463,0.99102,0.947489,0.9
0,57.06938943380551,0.9,0.9,0.9,0.940514
0,52.12329996123969,0.964478,0.955131,0.940514,1.033541
0,54.381233092917164,1.010723,1.035482,1.033541,0.981919
0,52.88476085975072,1.007841,1.013514,0.981919,0.9
0,41.67454821369735,0.9,0.9,0.9,1.06746
0,45.83135342070839,1.022305,1.010795,1.06746,0.968667
0,44.151256398049775,0.966234,0.986509,0.968667,0.916118
0,40.05101600231009,0.956989,0.940171,0.916118,1.056254
0,43.52135295024055,1.014045,1.032727,1.056254,1.03796
0,45.9241908638129,1.026593,1.053991,1.03796,1.066048
1,50.05668993607845,1.061522,1.046771,1.066048,1.011265
1,50.792996465193426,1.008643,1.032447,1.011265,0.923544
0,45.8018190695331,0.925403,0.932509,0.923544,1.04989
1,49.051070813166284,1.072985,1.052486,1.04989,0.913838
0,43.91068096019742,0.9,0.9,0.913838,0.997143
0,43.76102095566259,1.010753,1.020588,0.997143,0.990831
0,43.252994390512384,0.982643,0.979827,0.990831,1.1
1,50.588724480844476,1.1,1.1,1.1,0.995831
1,50.2939180634804,1.005105,0.99631,0.995831,1.1
1,57.005753750026436,1.077197,1.073016,1.1,0.973934
1,54.803173264517085,1.005186,1.010848,0.973934,0.952311
1,51.0204428758029,0.942308,0.939024,0.952311,0.9
0,44.06789579195075,0.9,0.9,0.9,0.993711
0,43.72852180941482,0.997224,1.021429,0.993711,1.067894
0,48.32583124103875,1.039532,1.062937,1.067894,0.9
0,42.109135608202884,0.942153,0.907346,0.9,1.09228
0,47.70714414521257,1.035247,1.070091,1.09228,1.033131
0,49.75890673228351,1.040637,1.030491,1.033131,0.944415
0,46.36323827700018,0.953034,0.967123,0.944415,0.967176
0,44.537818590023946,0.962348,0.965439,0.967176,1.002926
0,44.73980774565428,0.998849,0.995892,1.002926,0.967328
0,42.857209279390744,0.988479,0.97584,0.967328,0.953559
0,40.34344827689901,0.928904,0.948671,0.953559,0.9
0,33.477676383669774,0.9,0.9,0.9,0.920361
0,31.063766734270853,0.930752,0.945626,0.920361,1.009796
0,31.664486922774373,1.0048,0.9775,1.009796,0.920776
0,29.41047489929444,0.913217,0.919011,0.920776,1.1
0,38.46058010856069,1.1,1.1,1.1,1.033911
0,40.429306537595565,1.02193,1.059795,1.033911,1.013848
0,41.283425677032184,1.021459,1.008166,1.013848,1.0
1,41.283425677032184,0.983894,1.002946,1.0,1.038821
1,43.93315459190823,1.051246,1.041116,1.038821,1.004152
1,44.23428194573184,0.997292,1.008463,1.004152,1.034459
1,46.798592647252505,1.028513,1.030769,1.034459,1.037308
1,49.59426336805765,1.065347,0.997965,1.037308,1.026333
1,51.599622496138416,0.996283,1.055065,1.026333,0.951815
1,47.75689303643202,0.949005,0.949098,0.951815,1.032216
1,50.29374078862907,1.060944,1.052274,1.032216,0.9
0,41.88920102199778,0.932674,0.9,0.9,1.051375
0,45.587355222639445,0.966887,1.059835,1.051375,1.01927
0,47.019312704790586,1.023973,1.01482,1.01927,1.088454
1,53.22187386886594,1.1,1.062587,1.088454,0.918734
0,47.263057961226885,0.934506,0.968586,0.918734,1.042539
1,50.15346319161454,1.002596,1.021622,1.042539,0.93329
0,45.739612570102125,0.955987,0.952381,0.93329,0.982651
0,44.71107703020317,0.98172,0.981944,0.982651,0.930085
0,40.798598765310814,0.938621,0.920792,0.930085,1.033409
0,43.178461770814685,1.017634,1.029186,1.033409,0.940485
0,39.991310792660116,0.952347,0.954478,0.940485,1.026563
0,41.92895352695522,1.001516,1.009382,1.026563,0.935312
0,38.575474939838735,0.967449,0.950426,0.935312,0.912124
0,34.77026179711932,0.9,0.9,0.912124,0.960749
0,33.32785209184829,0.96,0.957643,0.960749,1.012999
0,34.26230026891912,1.026852,1.038462,1.012999,0.9945
0,34.04209134969415,0.997295,0.991667,0.9945,0.970507
0,32.83016866725991,0.9566,0.957983,0.970507,0.94207
0,30.594216269107875,0.940454,0.930799,0.94207,1.079637
0,36.61506135944899,1.1,1.1,1.079637,0.972923
0,35.40102088153428,0.952641,0.953271,0.972923,0.99904
0,35.357485589779536,1.031549,1.019608,0.99904,0.944284
0,32.83528760368533,0.917516,0.927885,0.944284,1.08647
1,39.63173713085336,1.092929,1.055959,1.08647,1.025281
1,41.651498967542246,1.033272,1.061825,1.025281,0.915982
0,37.09701483584266,0.918605,0.915896,0.915982,1.017946
0,38.5136455806721,0.997079,0.998991,1.017946,0.991185
0,38.052200656912774,1.005859,1.018182,0.991185,1.036561
1,41.17272703240758,1.031068,1.019841,1.036561,0.974261
0,39.60490183694095,0.979284,0.9893,0.974261,0.96771
0,37.714594963544606,0.977885,0.969518,0.96771,1.024267
0,39.95905997972014,1.006883,1.023327,1.024267,0.960513
0,37.53157385000252,0.954102,0.953419,0.960513,1.023638
0,39.79630759012639,1.045036,1.02183,1.023638,0.959839
0,37.265929695420986,0.944172,0.966429,0.959839,0.9
0,29.89627867064483,0.9,0.9,0.9,1.046798
0,33.62650706799122,1.052696,1.018773,1.046798,1.090588
0,40.53164116389682,1.088475,1.090909,1.090588,1.036677
1,43.33491709052851,1.042781,1.054054,1.036677,1.041623
1,46.528429386032165,1.04,1.057692,1.041623,1.053946
1,50.57785224980732,1.060158,1.024242,1.053946,1.095735
1,57.11891418087361,1.1,1.1,1.095735,0.99481
1,56.63933606167662,0.97384,0.997321,0.99481,0.973043
1,54.11141540898139,0.992201,0.996419,0.973043,0.96336
1,50.87715525252943,0.950218,0.952381,0.96336,1.010204
1,51.711080374909045,1.013787,1.020755,1.010204,1.001837
1,51.871062630296905,1.0,1.001848,1.001837,0.95417
0,47.623225787287616,0.959202,0.950185,0.95417,1.043228
0,51.47479128133603,1.030246,1.033981,1.043228,1.000921
0,51.5600373792648,1.030275,1.018779,1.000921,0.936523
0,45.606590574752204,0.928762,0.922581,0.936523,1.070727
1,51.853791004561735,1.053691,1.012987,1.070727,0.916514
0,44.84355314971966,0.933576,0.981262,0.916514,1.011011
0,45.79746407510051,0.986355,0.992965,1.011011,0.981188
0,44.3700592854731,1.000988,1.002024,0.981188,0.997982
0,44.21384344625499,0.98618,0.977778,0.997982,0.915066
0,38.140167378171206,0.923924,0.930785,0.915066,1.020994
0,40.14310105174671,1.013001,1.005549,1.020994,1.1
1,53.53194445605416,1.1,1.07064,1.1,0.978723
1,51.70723780834131,0.993525,1.054639,0.978723,1.07656
1,57.23568788779715,1.065177,1.091887,1.07656,0.997366
1,56.975533791879066,1.04021,1.013429,0.997366,0.97007
1,53.98088362176229,0.957143,0.95583,0.97007,0.915608
0,46.74370140421267,0.906058,0.90573,0.915608,0.933598
0,42.33964136763654,0.929264,0.932653,0.933598,0.9
0,37.01445322859435,0.909281,0.908096,0.9,1.056671
0,41.04888278196223,1.052752,1.060241,1.056671,1.0
0,41.04888278196221,1.004357,1.015909,1.0,0.939665
0,37.882914862489564,0.962039,0.939597,0.939665,1.093936
0,44.6131446371311,1.046223,1.071429,1.093936,0.98587
0,43.77267343006211,1.020474,1.004444,0.98587,1.044101
1,47.07644731603509,1.019007,1.033186,1.044101,0.971489
1,45.148076331439405,1.006218,0.982869,0.971489,0.992391
1,44.63756386570851,0.966014,0.984749,0.992391,1.05805
1,49.3110692135737,1.046908,1.054204,1.05805,1.0
1,49.31106921357371,0.995927,0.997901,1.0,0.973085
1,47.0512903860746,0.984663,0.983176,0.973085,1.003191
1,47.35109852600596,0.986501,1.0,1.003191,1.054083
1,52.29619393226076,1.08,1.037433,1.054083,1.006036
1,52.8571986384969,0.986355,0.982474,1.006036,1.032
1,55.84001040399416,1.043478,1.073452,1.032,0.929264
0,48.32784028801859,0.91572,0.931574,0.929264,0.931178
0,42.73070572683603,0.93485,0.928646,0.931178,0.940649
0,38.840522626220036,0.935841,0.938983,0.940649,0.983333
0,37.86002241061708,1.0,0.98917,0.983333,1.01816
0,39.618805320013685,0.998818,0.990268,1.01816,1.028537
0,42.42661443248888,1.042604,1.060197,1.028537,1.034682
0,45.81828249261511,1.020431,1.024334,1.034682,0.972067
0,43.51758360427312,0.991101,0.9819,0.972067,0.986207
0,42.416595305149166,0.967452,0.973502,0.986207,0.946387
0,38.40541936307659,0.970998,0.953846,0.946387,1.029557
0,41.5130743210294,1.001195,1.013648,1.029557,0.983254
0,40.23773629800955,1.001193,0.998776,0.983254,0.986618
0,39.218257867684834,0.977354,0.944853,0.986618,0.974106
0,37.27651763902662,0.990244,1.024643,0.974106,1.043038
0,42.26096123381866,1.028325,1.018987,1.043038,0.980583
0,40.624881808396815,0.978443,1.002484,0.980583,1.00495
0,41.237360521602646,1.002448,0.988848,1.00495,1.1
1,53.40215753773998,1.1,1.1,1.1,0.980132
1,51.21572427773908,0.994536,0.986364,0.980132,1.040541
1,55.16911227451892,1.016484,1.017281,1.040541,0.962121
1,50.85424889821104,0.972973,0.98188,0.962121,0.942632
0,45.29509105431392,0.937778,0.959631,0.942632,1.053699
1,50.442816740312544,1.058057,1.039663,1.053699,0.96829
0,47.45080766539525,0.974244,0.986127,0.96829,1.015205
1,48.964392845773624,1.001149,1.001172,1.015205,0.99424
0,48.3871189475447,1.010333,1.007026,0.99424,1.035921
1,52.15353085824685,1.019318,1.025581,1.035921,0.912752
0,43.5434018273267,0.936455,0.924036,0.912752,0.988971
0,42.66809209417985,0.966667,0.973006,0.988971,1.054523
0,48.15515379014421,1.071429,1.069357,1.054523,0.983549
0,46.62606652835964,0.972414,0.965802,0.983549,1.003584
0,47.01432937475715,1.016548,1.018315,1.003584,0.955952
0,42.87207921540204,0.938372,0.947242,0.955952,0.985056
0,41.59216229011375,0.990087,0.996203,0.985056,1.022756
0,44.27935795381568,1.01627,1.011436,1.022756,0.959209
0,40.59216010075185,0.960591,0.957286,0.959209,1.027062
0,43.799362774108694,1.026923,1.038058,1.027062,1.037641
1,48.10918887059509,1.043695,1.042984,1.037641,1.079807
1,56.087547653463176,1.078947,1.058182,1.079807,0.99888
1,55.94718805590786,1.003326,1.008018,0.99888,1.004484
1,56.41701434687595,1.009945,1.004545,1.004484,1.023438
1,58.8955572036566,1.028446,1.026018,1.023438,1.010905
1,60.06035109909358,0.993617,1.014333,1.010905,1.1
1,69.61210033593483,1.1,1.065217,1.1,1.1
1,78.06048770037043,1.1,1.1,1.1,0.905405
1,64.10230797042269,0.9,0.931677,0.905405,1.023321
1,65.58173375936025,1.019409,1.017143,1.023321,0.997265
1,65.23430272313969,1.000907,1.014045,0.997265,0.951554
1,59.261256550178366,0.945652,0.944598,0.951554,1.004803
1,59.63673494726842,1.005747,1.014663,1.004803,1.032505
1,62.18879802929267,1.034286,1.019268,1.032505,1.009259
1,62.93116697373664,1.012891,1.013233,1.009259,0.952294
0,56.69740104207435,0.977273,0.951493,0.952294,0.974952
0,53.8263913520229,0.956279,0.990196,0.974952,1.090909
1,61.29497171658934,1.1,1.083168,1.090909,0.971014
1,57.793352149399084,0.979825,0.978062,0.971014,1.002799
1,58.035389986163395,0.983885,0.973832,1.002799,0.986977
0,56.409663885762804,0.972702,1.010557,0.986977,1.059378
1,61.61990385905513,1.067353,1.037987,1.059378,0.992883
1,60.62888658993383,1.028046,1.0,0.992883,1.000896
1,60.71394032194153,0.955669,0.984446,1.000896,0.953447
0,54.16161690465249,0.973238,0.967472,0.953447,1.002817
0,54.46692371613603,0.989001,1.012488,1.002817,1.037453
1,58.44149708307267,1.031511,0.997154,1.037453,0.979242
0,55.444577224759406,1.008086,1.031399,0.979242,0.970507
0,51.48844838404933,0.941176,0.957565,0.970507,1.054131
1,57.328998412703996,1.076705,1.065511,1.054131,1.035135
1,60.80598321062468,1.084433,1.037071,1.035135,0.983464
1,58.31305690126608,0.932685,0.958152,0.983464,1.1
1,70.36460773448614,1.1,1.075523,1.1,1.036015
1,72.65137941989872,1.063602,1.1,1.036015,1.004438
1,72.93845927675393,0.983429,0.982963,1.004438,0.994845
1,71.9890246702132,1.058608,1.013564,0.994845,1.015544
1,73.11947667898706,0.958478,1.011152,1.015544,1.037901
1,75.7312747464906,1.040433,1.036765,1.037901,1.015449
1,76.76009667970075,1.006246,0.987943,1.015449,1.067082
1,80.65424634810257,1.1,1.099785,1.067082,0.970188
1,74.29630768125256,0.939261,0.947128,0.970188,0.958584
1,66.66804944333431,0.977333,0.980703,0.958584,1.051568
1,70.55409411668762,1.055252,1.045678,1.051568,1.016567
1,71.75227797111012,1.024564,1.022177,1.016567,0.9
0,55.88354703220629,0.9,0.9,0.9,1.058309
0,60.52628487504054,1.075747,1.07802,1.058309,1.1
1,68.43997259436631,1.1,1.092554,1.1,1.085328
1,73.01523280568993,1.1,1.080892,1.085328,1.096154
1,77.3416258833662,1.077258,1.084856,1.096154,1.047988
1,79.2971210743591,1.034343,1.059207,1.047988,0.9
1,59.45237935399002,0.90332,0.9,0.9,0.9
0,48.94655741902744,0.9,0.9,0.9,0.9
0,37.78284678656821,0.9,0.9,0.9,0.9
0,35.18785754824595,0.9,0.9,0.9,1.099553
0,38.45513283247251,1.1,1.099401,1.099553,1.1
0,42.97699652772811,1.1,1.1,1.1,0.9
0,39.6914834614732,0.9,0.9,0.9,1.1
0,43.71224958165409,1.1,1.1,1.1,1.1
1,49.79166396897174,1.1,1.1,1.1,0.945904
1,47.83453667531827,1.022642,0.991093,0.945904,0.9
0,42.12805410940736,0.9,0.9,0.9,0.9
0,37.12436331353497,0.9,0.9,0.9,1.1
0,41.78244582107337,1.072261,1.1,1.1,0.9
0,39.69278666638678,0.9,0.9,0.9,1.065031
0,41.41681112164116,1.1,1.088496,1.065031,1.002304
0,41.484791210713155,0.941302,0.997677,1.002304,1.077011
0,43.83602621943392,1.070295,1.052386,1.077011,1.1
1,47.147163559892064,1.1,1.1,1.1,0.970019
1,46.209546043760994,0.966635,0.955,0.970019,1.0668
1,48.58924445469244,1.073964,1.1,1.0668,1.08785
1,51.810372677808424,1.089991,1.054234,1.08785,1.055842
1,53.95856454682131,1.0615,1.050542,1.055842,1.025224
1,54.98911689018049,1.019841,1.054124,1.025224,0.9
1,49.52117971723209,0.966537,0.91035,0.9,1.060823
1,51.98348910804406,0.964573,1.041182,1.060823,0.948567
1,49.64407834966292,0.947412,0.952709,0.948567,1.1
1,53.96036050689114,1.1,1.08935,1.1,1.071601
1,56.95712898676228,1.070312,1.067937,1.071601,0.951201
1,54.1832083681793,0.966423,0.977502,0.951201,0.9
0,44.75732798602201,0.9,0.9,0.9,0.9
0,41.07214715851107,0.9,0.93587,0.9,1.066969
0,43.43935131900786,1.023861,1.055749,1.066969,0.917021
0,41.089331891190064,0.924788,0.907591,0.917021,1.049884
0,42.92253806299613,1.1,1.066667,1.049884,1.005525
0,43.14409185902091,0.94433,0.9625,1.005525,1.026374
0,44.26246876844708,1.027293,1.089728,1.026374,0.936831
0,42.07154865160793,0.941552,0.904659,0.936831,1.005714
0,42.33206082223133,1.049661,1.017964,1.005714,0.973864
0,41.40953409250812,0.930108,0.998824,0.973864,1.095683
1,45.933395991144614,1.099422,1.077739,1.095683,1.026624
1,47.27014479914183,1.015773,1.024044,1.026624,1.057054
1,50.18798934451621,1.070393,1.064034,1.057054,1.037291
1,52.15779051113954,1.034816,1.022066,1.037291,1.080416
1,56.318836609574795,1.078505,1.082434,1.080416,0.923818
1,51.39196202370899,0.919411,0.919311,0.923818,1.056872
1,54.3575028720753,1.070688,1.091716,1.056872,0.938117
1,50.53890300029056,1.007923,0.935863,0.938117,0.974187
0,49.085788668311736,0.9,0.9,0.974187,1.1
1,59.11881855799368,1.1,1.1,1.1,0.918086
1,53.73666506368691,0.950527,0.944962,0.918086,1.095406
1,58.12657749485107,1.1,1.1,1.095406,1.1
1,62.99368055632498,1.085627,1.025848,1.1,1.026831
1,64.18696723028657,1.045775,1.077165,1.026831,0.998588
1,64.06670914943768,0.969024,0.950292,0.998588,0.957567
1,60.41006535544398,0.970118,1.036923,0.957567,1.094535
1,64.99958129142009,1.1,1.097923,1.094535,1.00135
1,65.06772310698838,1.020078,0.956081,1.00135,1.1
1,70.63889026894002,1.07746,1.076325,1.1,0.9
1,56.83296077562686,0.9,0.921208,0.9,1.0
0,56.83296077562686,0.994517,0.999287,1.0,1.008517
0,57.28679225695638,0.981392,0.983595,1.008517,1.1
1,69.97718819052294,1.1,1.1,1.1,0.9
1,57.092212351333586,0.9,0.938825,0.9,1.009659
1,57.49232595941604,1.009276,1.003871,1.009659,0.987883
1,56.7701972226874,0.963848,0.994216,0.987883,0.930278
0,52.71689133992897,0.924984,0.918552,0.930278,1.020125
0,53.67337717637865,1.016495,1.021112,1.020125,1.065986
1,56.81978991934514,1.066261,1.057891,1.065986,1.00702
1,57.175002250429095,1.012682,1.01759,1.00702,0.948669
0,53.67360742716354,0.954915,0.947503,0.948669,0.975952
0,52.14515808751078,0.980984,0.973649,0.975952,0.984942
0,51.18587831591622,0.981283,0.998612,0.984942,1.022933
0,52.59463104877914,1.004087,1.000695,1.022933,1.038723
1,55.00982796305196,1.065807,1.002778,1.038723,0.981033
1,53.51594679337349,0.970083,1.038089,0.981033,0.978667
0,51.84292377431403,0.968504,0.96064,0.978667,0.966621
0,49.301318949366085,0.987805,0.982639,0.966621,0.978858
0,47.75759085303518,0.966392,0.979505,0.978858,0.953204
0,44.505918181792225,0.953158,0.917749,0.953204,0.966767
0,42.401326465186045,0.977662,1.000786,0.966767,1.048437
0,46.257790665693825,1.050267,1.025137,1.048437,1.026826
0,48.41740166907275,1.011603,1.046743,1.026826,0.937591
0,43.880946382517415,0.949821,0.944363,0.937591,0.94195
0,40.33190257284491,0.923774,0.92093,0.94195,1.028759
0,42.66249138652074,1.02451,1.026936,1.028759,0.98722
0,41.85760521376086,1.00319,1.012295,0.98722,1.03479
0,44.868011197949734,1.025437,1.030769,1.03479,1.0086
1,45.64335392578495,1.025581,1.003142,1.0086,1.01938
1,47.45209931045149,1.00907,1.023493,1.01938,1.012167
1,48.6302395293775,1.00824,1.010712,1.012167,1.024042
1,50.996608328654474,1.026746,0.995458,1.024042,1.04182
1,54.975257858410025,1.049204,1.034981,1.04182,0.949296
1,49.507345897459004,0.938621,0.972079,0.949296,0.945846
0,44.65754278063144,0.939015,0.953137,0.945846,1.03451
1,47.9662195619915,1.06651,1.038858,1.03451,0.934041
0,42.54944164020157,0.921497,0.916794,0.934041,0.979708
0,41.11267347071716,0.965764,0.998335,0.979708,0.981773
0,39.83783284977899,0.981039,0.94829,0.981773,0.966245
0,37.55749702789895,0.978992,0.989446,0.966245,0.935371
0,33.7128618350323,0.923605,0.931556,0.935371,1.008403
0,34.58986072254461,1.021375,1.024809,1.008403,0.952778
0,32.005755431495146,0.953594,0.950652,0.952778,0.941691
0,29.23830796352479,0.931298,0.921645,0.941691,1.033024
0,32.58628870841074,1.030738,1.047821,1.033024,1.056943
0,38.195649209499074,1.1,1.034483,1.056943,0.986767
0,37.3730996066824,0.951351,0.992157,0.986767,1.043103
1,41.71773916856688,1.055871,1.045455,1.043103,1.068871
1,48.17126267668227,1.052018,1.051985,1.068871,1.021478
1,50.15263521254162,1.025575,1.056604,1.021478,1.006728
1,50.800804094303075,1.012469,1.006803,1.006728,1.066834
1,56.84406307367328,1.055829,1.036318,1.066834,0.977291
1,54.243007356961364,1.015552,1.00652,0.977291,0.964744
1,50.46959939049364,0.985452,0.97166,0.964744,0.998339
1,50.298319852426374,0.94561,0.9975,0.998339,0.985857
1,48.782853037464335,0.981101,0.9599,0.985857,1.064135
1,55.27114113245377,1.073702,1.060923,1.064135,1.09199
1,62.97985518707105,1.074103,1.021329,1.09199,1.099492
1,69.63571841960331,1.1,1.1,1.099492,0.932629
1,60.86212198139001,0.922495,0.929662,0.932629,1.007082
1,61.37591512917046,0.974044,0.980014,1.007082,1.004219
1,61.70079049135186,1.023843,1.027677,1.004219,0.943978
1,55.05182997684651,0.937671,0.948264,0.943978,0.962166
0,51.25953134451583,0.950329,0.934978,0.962166,0.986893
0,50.02255868525179,1.010761,1.019185,0.986893,0.919531
0,43.217686520024806,0.926236,0.92,0.919531,1.056075
0,48.090628428652174,1.027094,1.053708,1.056075,0.9
0,40.636360492751976,0.930456,0.9,0.9,1.008993
0,41.38328958718189,0.979381,0.970163,1.008993,1.035651
0,44.39700156310166,1.022807,1.04287,1.035651,1.02926
0,46.89624819895468,1.026587,1.03664,1.02926,0.954013
0,43.49078197972733,0.974102,0.982759,0.954013,0.968449
0,41.373005862242906,0.962264,0.958772,0.968449,1.025339
0,43.67052301638037,1.017825,1.027447,1.025339,1.001765
0,43.839818854688936,1.001751,1.002671,1.001765,0.977974
0,42.135113113003946,0.988636,0.984014,0.977974,0.935135
0,37.60039541243395,0.938108,0.93231,0.935135,1.1
1,47.632015952389025,1.1,1.1,1.1,0.9
0,40.754107969714156,0.9,0.9,0.9,0.9
0,35.55831577753379,0.909524,0.953512,0.9,1.064378
0,40.0864071400147,1.040838,1.052004,1.064378,1.019153
0,41.48849932702618,1.023139,1.022657,1.019153,1.02275
0,43.22070756635021,1.049164,1.035247,1.02275,1.023211
1,45.04882436935011,0.99344,1.011673,1.023211,0.995274
1,44.72574074043358,1.016038,1.008654,0.995274,0.91548
0,39.32006048814844,0.935933,0.9,0.91548,1.05083
0,43.3776791961154,1.005952,1.058448,1.05083,1.029615
1,45.76871378079865,1.053254,1.035141,1.029615,0.989453
1,45.018057611271566,0.98221,0.982541,0.989453,0.953488
0,41.79664049515173,0.972355,0.967423,0.953488,1.006098
0,42.35195559775696,0.972549,0.993878,1.006098,0.99697
0,42.13548738001189,1.0,0.997947,0.99697,1.062817
1,48.04562893411086,1.061492,1.06893,1.062817,1.001907
1,48.22932185786414,1.00095,0.99615,1.001907,0.960038
0,44.658421884479246,0.985769,0.971014,0.960038,0.961348
0,41.57984901584924,0.948027,0.960199,0.961348,0.972165
0,39.54727455246697,0.985787,0.954404,0.972165,0.931071
0,35.09899098693071,0.948507,0.939197,0.931071,0.920273
0,31.048679640264883,0.9,0.9,0.920273,1.023515
0,33.29860914611698,1.023313,1.059603,1.023515,0.992745
0,32.93314742493836,1.010791,0.9975,0.992745,1.048721
0,37.83180919697862,1.029656,1.051378,1.048721,1.039489
0,41.72793983744609,1.034562,1.014303,1.039489,1.020112
1,43.73822194134415,1.036748,1.07168,1.020112,0.932092
0,38.776128404544515,0.931257,0.919956,0.932092,1.059929
1,44.367233428101336,1.043829,1.046484,1.059929,0.936807
0,39.9734572031792,0.974586,0.95672,0.936807,1.013018
0,41.18398207358175,0.978458,1.015476,1.013018,0.982477
0,39.999394798535825,0.99073,0.982415,0.982477,0.979786
0,38.64280147185788,0.973099,0.972554,0.979786,0.989078
0,37.90976493972382,1.0,0.998773,0.989078,1.019632
0,40.08571804108483,1.003606,1.007371,1.019632,1.008424
0,41.05892899950069,1.008383,0.996341,1.008424,0.961814
0,38.01867265443888,0.982185,0.98164,0.961814,0.923077
0,32.930850434332335,0.91052,0.9,0.923077,0.955645
0,30.584748764906212,0.946879,0.960563,0.955645,1.029536
0,33.816114959896304,1.035063,1.061584,1.029536,1.034153
0,37.543581479899444,1.0271,1.026243,1.034153,0.996037
0,37.27230404891367,1.009235,1.008075,0.996037,1.055703
1,43.43458712486346,1.05098,1.050734,1.055703,0.961055
0,40.288568883725986,0.987562,0.965693,0.961055,0.996078
0,39.98672276580202,0.960957,0.980263,0.996078,1.020997
1,42.462645321223704,1.036697,1.038926,1.020997,0.979434
1,40.65629414655238,0.992415,0.98062,0.979434,0.967192
0,37.94046468798298,0.949045,0.961792,0.967192,0.971506
0,35.77844269342503,0.967785,0.973973,0.971506,1.019553
0,38.30260743888042,1.023578,0.994374,1.019553,1.023288
0,41.318683448442435,1.01626,1.043847,1.023288,1.012048
1,42.90984745700551,1.024,1.014905,1.012048,1.026455
1,46.38875705570833,1.035156,1.021362,1.026455,0.967784
0,42.87194003190676,0.945912,0.960784,0.967784,1.043941
1,48.42964828113184,1.042553,1.014966,1.043941,1.007653
1,49.393640131246784,1.021684,1.0563,1.007653,1.029114
1,53.019043952495736,1.01623,1.005076,1.029114,1.03198
1,56.78771886712231,1.038084,1.045455,1.03198,1.013111
1,58.3113799221693,1.049704,1.02657,1.013111,1.032941
1,61.98570937771371,0.997745,1.008235,1.032941,1.039863
1,66.01760478357262,1.036158,1.031505,1.039863,0.974808
1,61.40831490464431,0.972737,0.966063,0.974808,1.060674
1,67.198796030596,1.091928,1.090164,1.060674,0.960805
1,60.500386380115565,0.949692,0.970999,0.960805,0.997795
1,60.151351718179534,0.988108,0.980088,0.997795,0.920442
0,49.15672405396373,0.924508,0.937923,0.920442,0.977191
0,46.729382103902594,0.969231,0.969916,0.977191,0.963145
0,43.1096620453908,0.958486,0.930521,0.963145,0.985969
0,41.830189727333,1.031847,1.021333,0.985969,1.010349
0,43.151655988161465,0.966667,1.006527,1.010349,1.055058
0,49.75836727347903,1.075351,1.058366,1.055058,1.029126
1,53.038821390944264,1.066508,1.003676,1.029126,1.055425
1,58.722792152038586,1.025612,1.072039,1.055425,0.989944
1,57.29277245103013,0.977199,0.995444,0.989944,0.968397
1,52.970891398025216,0.958889,0.967963,0.968397,0.968531
1,49.12279077623427,0.965238,0.972813,0.968531,0.981949
0,47.076689024363446,0.985594,0.976914,0.981949,1.002451
0,47.39133695528186,1.008526,1.012438,1.002451,0.976773
0,44.67401470391699,0.972222,0.977887,0.976773,0.991239
0,43.68031073142924,0.986335,0.973618,0.991239,0.931818
0,36.867502496891426,0.960957,0.945806,0.931818,1.02168
0,39.8605315789131,0.996068,1.0191,1.02168,1.011936
0,41.53944428547232,1.007895,1.017403,1.011936,0.985583
0,40.067159104872886,1.007833,0.985526,0.985583,1.053191
1,47.371842744225305,1.033679,1.050734,1.053191,1.018939
1,49.840743263057924,1.012531,1.003812,1.018939,0.977695
1,46.99186409325441,0.991337,0.996203,0.977695,0.953105
0,41.71370811916852,0.946317,0.951715,0.953105,0.989362
0,40.650547474136324,0.996042,0.991989,0.989362,1.028226
0,44.6392877127371,1.017219,1.020188,1.028226,0.977778
0,42.16857487850176,0.980469,0.98153,0.977778,0.981283
0,40.19548839002183,0.976096,0.978495,0.981283,0.97139
0,37.370830288782614,0.970068,0.958791,0.97139,0.981767
0,35.69840718690915,0.991585,1.0,0.981767,0.977143
0,33.69947587405721,1.0,0.97851,0.977143,1.01462
0,36.107514858696156,0.995757,1.011713,1.01462,1.005764
0,37.091749918709894,0.995739,1.002894,1.005764,1.017192
0,40.074171515876145,1.014265,1.015873,1.017192,1.060563
1,49.342060896830176,1.070323,1.048295,1.060563,0.992032
1,48.22140032941709,1.001314,1.01084,0.992032,1.013387
