1,100.0,1.040053,1.049315,1.034759,0.998708
1,96.02272727272735,1.020539,0.980418,0.998708,0.976714
1,54.22013820335629,0.971069,0.993342,0.976714,0.989404
1,44.870546094388175,0.968912,0.951743,0.989404,1.028112
1,62.93738280399461,1.028075,1.066197,1.028112,0.989583
1,55.47842837049338,0.9987,0.996037,0.989583,1.048684
1,72.00412416571378,1.053385,1.037135,1.048684,0.989962
1,66.27592619323592,0.996292,1.006394,0.989962,0.974651
1,54.584784164778206,0.977667,0.974587,0.974651,1.036411
1,64.12582530705937,1.013959,1.019557,1.036411,1.0
1,64.12582530705937,1.003755,0.993606,1.0,1.1
1,82.30013001370651,1.1,1.1,1.1,1.005464
1,82.70006827660531,0.992513,0.986842,1.005464,0.966304
1,71.85881905609062,0.96444,0.967778,0.966304,1.031496
1,75.04136908738074,1.082682,1.049369,1.031496,0.9
0,50.312131258583015,0.9,0.9,0.9,1.028607
0,53.65950875154018,1.005952,0.998729,1.028607,0.909311
0,43.39358633004376,0.912426,0.936387,0.909311,0.908245
0,36.478993072869436,0.92607,0.921196,0.908245,1.1
0,46.799220834228564,1.1,1.1,1.1,0.952694
0,43.30237708331723,0.925127,0.945623,0.952694,1.034483
0,46.30298951038872,1.03155,1.033661,1.034483,0.924
0,40.97803706478116,0.981383,0.930801,0.924,1.040404
0,44.36288500215829,0.98916,1.01895,1.040404,0.9
0,35.078140196194916,0.9,0.9,0.9,1.1
0,42.81191744704201,1.1,1.1,1.1,0.952452
0,40.50258924282811,0.931983,0.959627,0.952452,1.079563
0,45.54420734854865,1.083851,1.090615,1.079563,1.015896
1,46.59534165988873,1.025788,1.02819,1.015896,1.054054
1,50.173427360915696,1.039106,1.036075,1.054054,1.00135
1,50.26785733164097,1.0,1.0,1.00135,1.045822
1,53.49495777905756,1.068548,1.034819,1.045822,1.002577
1,53.68534138222247,0.989937,1.02961,1.002577,1.083548
1,59.489802470319965,1.086404,1.040523,1.083548,0.964413
1,56.00133711036256,0.953216,0.992462,0.964413,0.938499
1,50.66844389467482,0.960736,0.963291,0.938499,0.986894
0,49.650088893678976,0.984674,0.982917,0.986894,1.047809
1,53.289750481174565,1.02594,1.029412,1.047809,1.020279
1,54.851835130698966,1.030341,1.022078,1.020279,0.971429
0,52.151889835661414,0.988957,0.982211,0.971429,1.060102
1,56.82834918756509,1.073201,1.062096,1.060102,1.048251
1,60.37762459303223,1.017341,1.028015,1.048251,1.051784
1,63.96669777746242,1.052273,1.049763,1.051784,0.920131
1,55.22714120075056,1.00108,0.934537,0.920131,1.021403
1,56.794640719673254,0.928803,1.0,1.021403,1.071013
1,61.6896220581557,1.069686,1.073671,1.071013,0.93913
1,55.47578640984057,0.95114,0.957255,0.93913,0.96412
0,52.333226853477555,0.953196,0.941246,0.96412,0.990396
0,51.522104040107834,0.989222,1.01623,0.990396,0.933333
0,46.21837684366397,0.951574,0.937346,0.933333,0.976623
0,44.60022549080457,0.959288,0.95675,0.976623,1.003989
0,44.94618502468744,1.014589,1.028767,1.003989,0.952318
0,41.589812208110075,0.960784,0.954727,0.952318,1.008345
0,42.36234530336587,0.993197,0.980474,1.008345,1.006897
0,43.03844965251067,1.00411,1.024182,1.006897,1.006849
0,43.74904443853753,1.013643,1.013889,1.006849,1.042177
1,48.07418209414007,1.040377,1.034247,1.042177,0.996084
1,47.69200918955254,1.007762,1.0,0.996084,1.055046
1,53.29044194560992,1.041078,1.047682,1.055046,1.003727
1,53.67185886145589,0.998767,1.006321,1.003727,1.001238
1,53.80726280656906,1.023457,1.011307,1.001238,1.012361
1,55.21683055135565,0.993969,0.993789,1.012361,1.035409
1,59.11334686488841,1.059466,1.0575,1.035409,1.049528
1,63.99889680674814,1.036655,0.998818,1.049528,0.969663
1,59.10915629328914,0.98674,0.994083,0.969663,0.960603
1,53.55969002294343,0.946249,0.97619,0.960603,1.013269
1,55.03068496589094,1.027219,1.021951,1.013269,0.953571
0,49.09330375042984,0.926267,0.904535,0.953571,0.993758
0,48.37272630973094,1.024876,1.042216,0.993758,0.983668
0,46.463200404288415,0.95267,0.972152,0.983668,0.987229
0,44.991902296552325,1.003822,1.002604,0.987229,0.918499
0,37.035224527398896,0.932741,0.916883,0.918499,1.005634
0,37.787503921348964,0.978231,1.001416,1.005634,0.991597
0,37.07201382326799,0.991655,0.983027,0.991597,0.983051
0,35.61937901910262,1.001403,1.0,0.983051,1.056034
0,43.38395649321992,1.036415,1.021583,1.056034,1.014966
0,45.384692601826686,1.014865,1.03662,1.014966,0.997319
1,45.07281301429655,0.994674,0.998641,0.997319,1.014785
1,47.22106655172051,1.014726,1.013605,1.014785,1.05298
1,54.231107725185744,1.068602,1.030872,1.05298,0.92327
1,44.51998403058617,0.941975,0.953125,0.92327,0.950954
0,39.97091572807224,0.930537,0.943989,0.950954,0.938395
0,35.32756205702005,0.926761,0.93343,0.938395,0.952672
0,32.404914372650936,0.954407,0.956589,0.952672,1.05609
0,38.582851454147324,1.055732,1.058347,1.05609,0.955994
0,35.673546277653536,0.9819,0.963247,0.955994,0.990476
0,35.084101327646806,0.973886,0.985692,0.990476,1.004808
0,35.65657540600413,1.003155,1.008065,1.004808,1.012759
0,37.245855993017756,1.004717,0.9888,1.012759,0.990551
0,36.51733605570845,0.98748,1.003236,0.990551,1.009539
0,37.82697081320851,1.023772,1.008065,1.009539,1.099213
1,49.5870697122203,1.089783,1.0832,1.099213,0.9
0,35.477559715136906,0.9,0.9,0.9,1.052174
0,39.964520721777205,1.00495,1.029617,1.052174,1.014876
0,41.283706859864736,1.013136,1.027073,1.014876,0.969055
0,39.31943695754973,0.970827,0.968699,0.969055,0.988235
0,38.590924830552204,1.021703,0.998299,0.988235,1.0
0,38.5909248305522,0.964052,0.991482,1.0,0.926871
0,34.09096559117595,0.949153,0.931271,0.926871,0.946789
0,31.429193563642105,0.932143,0.950185,0.946789,0.9
0,27.106500644535533,0.9,0.9,0.9,0.952278
0,25.590351013122763,0.961123,0.959551,0.952278,0.977221
0,24.90836444167339,0.966292,0.98829,0.977221,0.941725
0,23.240826081911802,0.94186,0.921801,0.941725,1.1
0,32.23092894206493,1.1,1.1,1.1,1.024444
0,34.215104495755824,0.976987,1.029279,1.024444,0.989154
0,33.73165817964008,0.995717,0.993435,0.989154,1.024123
1,35.878219607340604,1.006452,1.006608,1.024123,1.021413
1,37.84917200098604,1.036325,1.032823,1.021413,1.025157
1,40.22363808756133,1.028866,1.029661,1.025157,1.038855
1,43.87956195148013,1.022044,1.022634,1.038855,1.029528
1,46.65349501057667,1.029412,1.026157,1.029528,1.022945
1,48.83243054878505,1.024762,1.031373,1.022945,0.942056
1,43.84967150710847,0.938662,0.931559,0.942056,1.025794
1,46.32318685804224,1.047525,1.028571,1.025794,0.9
0,37.00531324749838,0.9,0.9,0.9,1.049107
0,41.07513383178366,1.030635,1.035955,1.049107,1.042553
0,44.58044347576332,1.057325,1.047722,1.042553,1.1
1,53.26339920331573,1.1,1.066253,1.1,0.914234
0,46.85674602994295,1.012774,0.968932,0.914234,1.013972
1,47.862603716783674,0.917117,0.993988,1.013972,0.972441
0,45.98784187771687,0.978389,0.985887,0.972441,1.05668
1,50.19007687068393,1.070281,1.051125,1.05668,0.9
0,43.319751806188386,0.91182,0.906615,0.9,1.042644
0,46.30663902351852,1.010288,1.038627,1.042644,0.93865
0,42.67396814718249,0.95112,0.942149,0.93865,1.015251
0,43.78216866394881,1.006424,1.008772,1.015251,0.972103
0,42.15242598846399,0.989362,0.978261,0.972103,0.949227
0,39.36081428921794,0.924731,0.931111,0.949227,1.025581
0,41.36099199581617,1.027907,1.002387,1.025581,0.977324
0,40.06710835934795,0.986425,1.02381,0.977324,0.990719
0,39.534358135290084,0.993119,0.983721,0.990719,0.981265
0,38.43367519554211,0.976905,0.981087,0.981265,0.966587
0,36.51760019518457,0.959811,0.946988,0.966587,1.041975
0,40.40295668484721,1.051724,1.066158,1.041975,0.978673
0,39.04065618336864,0.969555,0.97136,0.978673,1.096852
1,47.511490280346116,1.1,1.1,1.096852,0.96468
1,44.828117157014944,0.922756,0.959821,0.96468,1.061785
1,49.96376784129934,1.063348,1.053488,1.061785,1.010776
1,50.87570502677553,1.008511,1.015453,1.010776,0.940299
1,45.83751962280976,0.953586,0.956522,0.940299,1.00907
1,46.65031681158018,0.988938,0.975,1.00907,1.004494
1,47.077953507956956,1.011186,1.025641,1.004494,1.1
1,57.37953723557298,1.1,1.079545,1.1,0.996024
1,56.953142620109126,1.009901,1.033684,0.996024,1.037924
1,59.99459896609566,1.027451,1.022403,1.037924,0.921154
1,51.533199778596305,0.923664,0.944223,0.921154,0.985386
0,50.230640162126036,0.983471,0.983122,0.985386,0.938559
0,45.14016541168516,0.951681,0.922747,0.938559,1.006772
0,45.75262333279213,0.99117,1.025581,1.006772,0.939462
0,41.28532772561072,0.933185,0.918367,0.939462,1.052506
0,45.91891833662254,1.057279,1.064198,1.052506,1.040816
0,49.434974149261585,1.045147,1.009281,1.040816,0.993464
0,48.864757917719515,0.99784,1.034483,0.993464,1.048246
1,53.133986307454556,1.036797,1.044444,1.048246,1.035565
1,56.178560987204584,1.041754,1.012766,1.035565,0.959596
1,51.90633025810687,0.985972,0.991597,0.959596,1.1
1,60.48267426938335,1.087398,1.074153,1.1,1.00947
1,61.18588069540175,1.007477,1.043393,1.00947,1.015009
1,62.34059205453356,1.007421,1.009452,1.015009,1.02403
1,64.20419702187787,1.027624,1.018727,1.02403,0.990975
1,62.91463164342561,1.001792,1.007353,0.990975,0.976321
1,59.5647657897445,0.962433,0.970803,0.976321,1.029851
1,62.23027905151873,1.031599,1.013158,1.029851,1.016304
1,63.680608478143,1.030631,1.038961,1.016304,1.1
1,77.13075183783162,1.1,1.1,1.1,1.058055
1,79.66509386980513,1.076923,1.057269,1.058055,0.962963
1,73.72597117269468,0.950135,0.955556,0.962963,0.997151
1,73.29010767470838,1.002837,1.007267,0.997151,0.982857
1,70.59342296767922,0.97454,0.955267,0.982857,1.065407
1,74.39775804164832,1.068215,1.069486,1.065407,1.031378
1,76.09967402240127,1.092391,1.05791,1.031378,1.084656
1,80.06983284851266,1.032338,1.041389,1.084656,0.973171
1,75.43127582175472,0.975904,1.007692,0.973171,1.052632
1,78.04607019931993,1.049383,1.026718,1.052632,1.090476
1,81.81715112407805,1.1,1.1,1.090476,1.018559
1,82.53963300710242,1.060832,1.032151,1.018559,0.914255
1,68.70469554247093,0.933602,0.907626,0.914255,0.978898
1,66.02319193771241,0.905172,0.970414,0.978898,0.982036
0,63.78889702911278,1.004762,0.970732,0.982036,0.9
0,52.76402048563832,0.9,0.9,0.9,1.054496
0,56.52749940426272,1.045515,1.089872,1.054496,1.1
1,65.0090527369186,1.1,1.1,1.1,0.9
0,38.428522432528446,0.9,0.9,0.9,0.932039
0,36.89981701818289,0.9,0.911937,0.932039,1.010417
0,37.283645824047774,1.002016,1.038627,1.010417,1.026804
0,38.33394052660488,1.016097,1.014463,1.026804,1.02008
0,39.177730428776464,1.055446,1.032587,1.02008,0.990157
0,38.89118466885707,0.964353,0.972387,0.990157,1.085487
0,42.76801384493754,1.095331,1.079108,1.085487,0.928571
0,40.2724878683819,0.907638,0.945489,0.928571,1.00789
0,40.654966747622964,1.001957,1.007952,1.00789,0.990215
1,40.30749972809094,0.994141,0.99211,0.990215,1.007905
1,40.74382290106236,1.017682,1.00994,1.007905,1.0
1,40.74382290106235,0.992278,0.996063,1.0,1.086275
1,45.79816411664149,1.083658,1.049407,1.086275,0.994585
1,45.51311431481629,1.021544,0.998117,0.994585,1.1
1,52.51530159931772,1.089631,1.075472,1.1,1.0
1,52.51530159931773,1.0,1.0,1.0,0.9
1,46.06565252935966,0.948387,0.973684,0.9,0.911712
0,41.70612762681001,0.9,0.9,0.911712,1.029644
0,43.46981735834329,1.035225,1.05102,1.029644,0.992322
0,43.09537637745919,0.984877,0.998058,0.992322,0.984526
0,42.31039861341217,0.988484,0.986381,0.984526,1.051081
0,45.767816028488625,1.052427,1.04142,1.051081,0.962617
0,43.603042814758,0.98524,0.971591,0.962617,0.98835
0,42.94676367981542,0.958801,0.97076,0.98835,1.003929
0,43.25336592779086,1.009766,1.02008,1.003929,0.937378
0,39.58764512132021,0.967118,0.937008,0.937378,1.02714
0,41.747536106667454,1.004,1.014706,1.02714,1.026423
0,43.90725603589597,1.013944,1.031056,1.026423,0.992079
0,43.3743902434515,1.011788,0.997992,0.992079,1.007984
0,44.10492315355507,0.986408,1.0,1.007984,1.085149
1,51.36831332102115,1.09252,1.086519,1.085149,1.083942
1,57.70077139469831,1.1,1.075926,1.083942,0.914141
1,49.93700421245001,0.9,0.9,0.914141,0.977901
1,48.290553183262695,1.012844,1.025145,0.977901,0.960452
0,45.46547300033426,0.934783,0.95283,0.960452,1.033333
1,48.11184641576538,1.032946,0.994059,1.033333,0.973435
0,46.126685916982616,0.988743,1.021912,0.973435,1.02924
0,48.57499288027512,1.003795,1.005848,1.02924,1.005682
0,49.07347649143802,1.011342,1.023256,1.005682,1.013183
1,50.28443801856523,1.009346,1.007576,1.013183,0.933086
0,44.432779896596706,0.953704,0.93985,0.933086,0.97012
0,42.22773916541549,0.951456,0.962,0.97012,0.985626
0,41.200187222718775,0.983673,0.989605,0.985626,0.99375
0,40.74261177001433,1.004149,0.997899,0.99375,0.981132
0,39.331347669608185,0.969008,0.968421,0.981132,1.0
0,39.331347669608185,1.006397,1.008696,1.0,0.99359
0,38.811627708370885,0.995763,0.993534,0.99359,1.03871
0,43.625036810658294,1.031915,1.034707,1.03871,0.958592
0,39.87191118364641,0.956701,0.955975,0.958592,1.045356
1,45.20268836579695,1.051724,1.02193,1.045356,1.002066
1,45.45069752523371,1.014344,1.036481,1.002066,0.991753
1,44.581520929996756,0.985859,0.987578,0.991753,1.010395
1,45.97236400418843,1.010246,1.014675,1.010395,1.018519
1,48.478855415233326,1.014199,1.008264,1.018519,1.074747
1,57.25794620157952,1.1,1.07582,1.074747,0.990602
1,55.87242080819494,0.965642,0.992381,0.990602,1.0
1,55.872420808194946,0.996255,0.992322,1.0,1.01518
1,57.76870101955118,1.011278,1.025145,1.01518,0.951402
1,50.21599581450415,0.947955,0.949057,0.951402,1.051081
1,56.36034543044219,1.052941,1.043738,1.051081,1.014953
1,58.074938733428844,1.014898,1.011429,1.014953,1.034991
1,61.90332051041116,1.049541,1.048964,1.034991,1.008897
1,62.864343392439984,1.0,0.980251,1.008897,1.037037
1,66.66753345700788,1.038462,1.056777,1.037037,1.0
1,66.66753345700788,1.013468,1.012132,1.0,1.076531
1,73.4300736454987,1.063123,0.989726,1.076531,0.936809
1,61.488341002944274,0.9625,1.017301,0.936809,1.016863
1,63.10381344368741,1.0,1.020408,1.016863,1.006633
1,63.75868473420873,1.025974,1.005,1.006633,1.026359
1,66.33278983205182,1.003165,0.996683,1.026359,1.012841
1,67.57296835783922,1.007886,1.044925,1.012841,1.025357
1,69.95660861482241,1.042254,1.028662,1.025357,0.941267
0,58.88551997582695,0.971471,0.933437,0.941267,1.0
0,58.885519975826945,0.950541,0.998342,1.0,0.955665
0,52.09217588021541,0.96748,0.950166,0.955665,0.975945
0,48.93947096501122,0.968067,0.98951,0.975945,0.971831
0,45.546773943573015,0.963542,0.95583,0.971831,1.01087
0,47.029748810182774,1.032432,1.027726,1.01087,1.026882
0,50.64831758128355,1.001745,1.017986,1.026882,1.012216
0,52.28640984235944,1.02439,1.021201,1.012216,1.006897
0,53.24149834434532,1.022109,1.00519,1.006897,0.957192
0,46.919946167971666,0.950083,0.95525,0.957192,1.044723
1,52.93766155847583,1.028021,1.036036,1.044723,1.005137
1,53.61721411193129,1.005111,1.013913,1.005137,1.028961
1,57.37336433506489,1.025424,1.015437,1.028961,1.059603
1,64.01849739415928,1.077686,1.072635,1.059603,1.06875
1,70.14455448499315,1.056748,1.048819,1.06875,1.048246
1,73.75378319104729,1.053701,1.061562,1.048246,0.997211
1,73.17640199260946,0.990358,0.984441,0.997211,1.1
1,80.96116158444639,1.1,1.1,1.1,1.062808
1,83.64821588734831,1.064792,1.038798,1.062808,0.954809
1,74.9382104285882,0.960964,0.985542,0.954809,1.098301
1,79.67246456041197,1.0908,1.061125,1.098301,0.977901
1,75.86187042950817,0.991238,1.006912,0.977901,0.929944
1,65.41661867730457,0.911602,0.914188,0.929944,1.0887
1,70.55697925697672,1.098182,1.090113,1.0887,1.1
1,76.44507140168032,1.1,1.1,1.1,1.1
1,81.20341514997007,1.1,1.02454,1.1,1.053322
1,82.89717414398439,1.076722,1.1,1.053322,1.020747
1,83.55135473744025,1.007287,1.016102,1.020747,0.9
1,63.791104902613654,0.918006,0.9,0.9,0.920345
0,57.343104404203004,0.901926,0.922115,0.920345,0.9
0,41.26833036713762,0.9,0.9,0.9,0.9
0,38.23676035867255,0.9,0.9,0.9,1.1
0,43.08564537537853,1.1,1.1,1.1,1.07485
0,45.812645562249905,1.1,1.1,1.07485,0.988858
0,45.437514878562936,0.94026,0.962857,0.988858,1.069014
0,48.23351184869046,1.058011,1.075668,1.069014,1.064559
0,50.94087808154013,1.083551,1.1,1.064559,0.9
0,43.70658249730091,0.9,0.9,0.9,0.9
0,40.72234179442123,0.9,0.9,0.9,0.9
0,37.3400118548496,0.946309,0.9,0.9,1.1
0,43.57466669142376,1.095745,1.1,1.1,0.923577
0,41.5803089609692,0.938511,0.920068,0.923577,0.97007
0,40.85199603963466,1.001724,1.007394,0.97007,1.038113
0,42.198854034533284,1.0,1.031193,1.038113,1.085664
0,45.327198122058945,1.080895,1.076512,1.085664,1.098229
1,49.02587414229401,1.1,1.1,1.098229,0.989736
1,48.61939580416189,0.975469,0.968516,0.989736,1.085926
1,52.158789379180774,1.1,1.1,1.085926,1.047749
1,54.20871099206558,1.001299,1.030598,1.047749,1.1
1,58.67622175217301,1.1,1.079622,1.1,1.1
1,63.82168918308943,1.1,1.1,1.1,0.904266
1,57.437974612975815,0.996901,0.965909,0.904266,1.003452
1,57.58695282312172,0.928497,1.017647,1.003452,0.944954
1,54.31131803840594,0.94308,0.942197,0.944954,1.044903
1,56.37141505390311,1.049704,1.040491,1.044903,0.990708
1,55.785715361144625,0.971815,0.992925,0.990708,0.963658
0,53.467456264859045,0.981439,0.973872,0.963658,0.9
0,42.58569963970387,0.9,0.9,0.9,0.9
0,39.41337324008181,0.917788,0.945724,0.9,1.018966
0,40.22489180857642,0.965798,0.993043,1.018966,0.9
0,37.24556535796194,0.903879,0.9,0.9,1.022642
0,38.21505234720773,1.048507,1.059055,1.022642,1.0
0,38.215052347207724,0.969751,0.951673,1.0,1.062731
0,41.200034067878896,1.069725,1.1,1.062731,1.0
0,41.200034067878896,1.0,1.0,1.0,1.0
0,41.2000340678789,1.0,1.0,1.0,0.993056
0,40.9096187300101,0.998285,0.991228,0.993056,1.1
1,48.443530975797096,1.1,1.076106,1.1,1.043143
1,50.89529603664195,1.056402,1.095395,1.043143,0.970458
1,49.09921119112662,0.959596,0.966967,0.970458,0.984779
1,48.18361646043327,0.995489,0.993789,0.984779,1.043277
1,50.94216038343849,1.028701,1.046875,1.043277,0.925926
1,46.211126912904405,0.920705,0.90597,0.925926,1.0528
1,49.54185055204092,1.068581,1.060956,1.0528,0.962006
0,47.15939330879933,1.022388,0.978261,0.962006,1.022117
1,48.648676347621944,0.960584,1.001587,1.022117,1.032457
1,50.88482704655084,1.021277,1.030111,1.032457,0.944611
0,47.00129938582298,0.955357,0.969231,0.944611,1.052298
1,50.62103601886553,1.056075,1.052381,1.052298,1.025602
1,52.423729189566636,1.029499,0.995475,1.025602,1.044053
1,55.510433513659905,1.031519,1.054545,1.044053,0.959212
1,51.998419783672134,0.965278,0.948276,0.959212,1.042522
1,55.06035439986357,1.057554,1.063636,1.042522,1.008439
1,55.69011993336207,0.983673,1.012821,1.008439,1.011158
1,56.564139380800995,1.017981,1.012658,1.011158,1.022069
1,58.33430472437567,1.024457,1.015278,1.022069,0.948718
1,52.82779759860995,0.948276,0.950752,0.948718,1.054054
1,57.18067722323717,1.057343,1.054676,1.054054,1.012146
1,58.16530195205629,1.002646,1.002729,1.012146,1.061333
1,62.86542673148492,1.062005,1.042177,1.061333,1.006281
1,63.34745635028908,1.012422,1.043081,1.006281,0.962547
1,58.44536608252166,0.957055,0.93617,0.962547,1.045396
1,62.12756174767664,1.05,1.054813,1.045396,1.012407
1,63.132744097693724,1.013431,1.026616,1.012407,0.976716
1,59.880768786426586,0.962651,0.955556,0.976716,0.991217
1,58.68148275673745,1.003755,1.014212,0.991217,1.036709
1,62.070667540070836,1.027431,1.0,1.036709,0.981685
1,59.35853064786633,0.996359,1.014013,0.981685,0.997512
1,58.98843372427369,0.98173,0.977387,0.997512,0.967581
0,54.25275565984437,0.977667,0.996144,0.967581,0.984536
0,52.17096637453715,0.977157,0.975484,0.984536,1.040576
0,56.78436514223318,1.04026,1.047619,1.040576,0.989937
0,55.30190688876807,1.006242,0.992424,0.989937,1.01906
1,57.54020312920955,1.002481,0.98855,1.01906,0.956359
0,51.10906320511631,0.966584,0.983269,0.956359,1.044329
1,56.22724814207212,1.056338,1.04712,1.044329,0.995006
1,55.491248054829235,0.978182,0.98,0.995006,1.005019
1,56.109950441742185,1.032218,1.020408,1.005019,1.003745
1,56.59725394053717,0.973589,1.0,1.003745,1.05597
1,63.197842733123906,1.05672,1.04375,1.05597,0.955241
1,55.51951104717865,1.004667,0.960479,0.955241,0.933416
0,46.814998168712236,0.9,0.922693,0.933416,1.007926
0,47.79439378672585,1.007905,1.02027,1.007926,0.989515
0,46.56317568974887,1.0,0.993377,0.989515,1.033113
0,50.82627857919352,1.037908,1.033333,1.033113,0.979487
0,48.177219970303106,0.972292,0.981935,0.979487,1.040576
1,53.26017989346079,1.032383,1.018397,1.040576,0.96478
0,48.6213932420549,0.964868,0.981935,0.96478,0.988266
0,47.19841472579221,0.994798,0.994744,0.988266,0.994723
0,46.54639733183958,1.005229,0.993395,0.994723,0.97878
0,43.93208052298392,0.962289,0.969415,0.97878,0.97561
0,41.13309448706333,0.975676,0.97668,0.97561,1.002778
0,41.578477862999534,1.00831,1.01264,1.002778,0.947368
0,36.00458196357707,0.982143,0.943135,0.947368,0.932749
0,30.648382468831286,0.902098,0.922059,0.932749,0.976489
0,29.126752185802832,0.975194,0.985646,0.976489,0.995185
0,28.81858322804606,0.99682,0.998382,0.995185,0.941935
0,25.352187110024964,0.944179,0.93517,0.941935,1.017123
0,27.944888730406547,1.006757,1.02253,1.017123,0.93771
0,24.547610732359903,0.946309,0.937288,0.93771,0.971275
0,23.23231293546185,0.962766,0.940325,0.971275,1.048059
0,29.81353136837016,1.049724,1.078846,1.048059,1.024691
0,33.13744834032912,1.038596,1.024955,1.024691,0.977625
0,31.63907330064689,0.976351,0.970435,0.977625,1.022887
0,34.8133502170859,1.00692,1.032258,1.022887,1.077453
1,44.43202582866756,1.085911,1.074653,1.077453,0.98722
1,43.21130554336462,0.988924,0.98546,0.98722,0.982201
1,41.52208415191701,0.9792,0.983607,0.982201,1.011532
1,43.047854985078345,1.00817,1.008333,1.011532,1.006515
1,43.94784230876865,1.034036,1.014876,1.006515,0.940129
0,37.970608077376205,0.942006,0.944625,0.940129,1.018933
0,40.55896820624162,0.995008,1.012069,1.018933,1.005068
0,41.27864336287813,0.998328,1.0,1.005068,1.001681
0,41.532755976558335,1.0,1.0,1.001681,1.013423
0,43.634212418880544,1.020101,1.020443,1.013423,1.018212
1,46.48254441569253,1.018062,1.020033,1.018212,0.973984
0,43.07303071052569,0.98871,0.97545,0.973984,0.974958
0,40.10316280762005,0.967374,0.97651,0.974958,1.02226
0,43.724647882468666,1.008432,1.012027,1.02226,1.0134
1,45.89270130659013,1.013378,1.016978,1.0134,0.975207
0,42.58027534731623,0.975248,0.971619,0.975207,0.99322
0,41.71559728675745,1.006768,1.005155,0.99322,0.926621
0,33.77527669553372,0.914286,0.916239,0.926621,1.040516
0,40.061428546703254,1.044118,1.020522,1.040516,0.930973
0,33.91547553313472,0.975352,0.954296,0.930973,0.956274
0,30.90434072223734,0.924188,0.957854,0.956274,0.99006
0,30.27506038949452,0.976562,0.984,0.99006,0.98996
0,29.625418745870956,0.986,0.971545,0.98996,1.016227
0,32.13465506625193,1.022312,1.020921,1.016227,1.007984
0,33.41306302827013,1.005952,1.012295,1.007984,0.994059
0,32.9123075769855,0.994083,0.987854,0.994059,1.015936
0,35.68055619477064,1.015873,1.036885,1.015936,0.97451
0,33.277566819348415,0.974609,0.974308,0.97451,0.983903
0,31.855763350463764,0.98998,0.973631,0.983903,1.02045
0,35.56193227817582,1.012146,1.027083,1.02045,0.9
0,23.286672201481476,0.9,0.9,0.9,1.007335
0,24.225598055269273,0.978723,1.012531,1.007335,1.012136
0,25.854440415511213,1.019324,1.027228,1.012136,1.026379
0,29.447593605711802,1.018957,1.021687,1.026379,1.021028
0,32.33679399898064,1.044186,1.023585,1.021028,1.02746
0,36.09453834985179,1.004454,1.009217,1.02746,0.982183
0,34.710558751544475,0.988914,1.002283,0.982183,0.993197
0,34.18127038642125,1.044843,0.970387,0.993197,1.022831
1,37.597120467527404,0.963519,1.039906,1.022831,1.026786
1,41.519302782617224,1.035635,1.031603,1.026786,0.956522
1,37.310246804348665,0.956989,0.949672,0.956522,0.963636
0,34.31334586483392,0.98427,0.976959,0.963636,1.007075
0,35.36172882525059,0.995434,1.0,1.007075,1.007026
0,36.45396351044152,0.993119,1.002358,1.007026,1.076744
1,47.05256425316131,1.08545,1.082353,1.076744,1.032397
1,51.04909188537943,1.021277,1.01087,1.032397,0.972803
1,47.68942115519205,0.997917,1.0,0.972803,1.058065
1,54.4015983092162,1.048017,1.036559,1.058065,0.955285
1,48.89615615245947,0.972112,0.975104,0.955285,0.9
0,39.66169298227718,0.901639,0.9,0.9,0.9
0,33.43939716152711,0.9,0.9,0.9,1.034211
0,36.674000563419234,1.034121,1.043597,1.034211,0.954198
0,34.19604503010925,0.969543,0.968668,0.954198,1.010667
0,35.24315684545713,0.994764,1.010782,1.010667,1.005277
0,35.79330048630006,1.007895,0.994667,1.005277,1.049869
0,40.927623196209126,1.05483,1.061662,1.049869,0.9875
0,40.02066309319003,0.987624,0.982323,0.9875,0.997468
0,39.83055408962556,0.989975,1.002571,0.997468,0.946701
0,35.96668185809557,0.972152,0.948718,0.946701,1.024129
0,38.71077251065716,1.005208,1.024324,1.024129,0.992147
0,38.12428657566226,0.997409,0.997361,0.992147,0.997361
0,37.91806440598197,0.987013,0.984127,0.997361,0.973545
0,35.830812046849026,0.986842,0.986559,0.973545,1.024457
0,39.08100201000471,1.008,1.016349,1.024457,0.986737
0,37.93153940259036,0.992063,0.989276,0.986737,0.962366
0,34.841469288400575,0.984,0.96206,0.962366,0.9
0,26.914478686431544,0.9,0.9,0.9,0.971061
0,25.70829223742487,0.93808,0.976667,0.971061,1.062914
0,32.57782222982402,1.079208,1.088737,1.062914,1.031153
0,35.935472012894856,1.018349,1.025078,1.031153,1.021148
0,38.25354636447368,1.024024,1.024465,1.021148,1.1
1,49.95426938044418,1.1,1.098507,1.1,0.926316
1,43.97194716208447,0.974227,0.953804,0.926316,1.045455
1,47.81758183744522,0.973545,1.019943,1.045455,0.997283
1,47.59768800211912,1.01087,1.013966,0.997283,0.978202
1,45.78379404492797,0.994624,0.988981,0.978202,0.983287
1,44.4166392873529,0.962162,0.97493,0.983287,0.954674
0,40.90852944931983,0.960674,0.96,0.954674,1.029674
0,43.89131661611166,1.017544,0.994048,1.029674,1.066282
1,50.12689055653706,1.091954,1.095808,1.066282,0.983784
1,48.609234921309515,0.965789,0.986339,0.983784,1.0
1,48.609234921309515,1.008174,1.00554,1.0,0.986264
1,47.227311995239475,0.972973,0.972452,0.986264,1.027855
1,50.272250461827085,1.025,1.016997,1.027855,1.01897
1,52.34506254738653,1.03523,1.041783,1.01897,1.06117
1,58.47044098815064,1.044503,1.032086,1.06117,1.072682
1,64.64166937797779,1.075188,1.088083,1.072682,0.992991
1,63.588970800620004,1.04662,1.011905,0.992991,1.068235
1,68.86702163596696,1.035635,1.004706,1.068235,1.04185
1,71.75577559483455,1.017204,1.065574,1.04185,0.978858
1,68.17053999282638,0.983087,0.964835,0.978858,1.069114
1,72.84604561154033,1.07957,1.1,1.069114,0.977778
1,69.08908908758563,0.972112,0.979466,0.977778,1.022727
1,70.71557949306201,1.020492,1.014675,1.022727,0.90303
0,56.696249232195,0.923695,0.917355,0.90303,1.071588
1,62.09183226242095,1.041304,0.990991,1.071588,0.991649
1,61.06755369618877,1.0,1.025,0.991649,1.1
1,68.02585619911913,1.1,1.1,1.1,0.935115
1,60.01109342859043,0.947273,0.949219,0.935115,0.967347
0,56.62976641043255,0.946257,0.971193,0.967347,0.902954
0,48.21799743127591,0.9,0.902542,0.902954,1.014019
0,49.276351903843796,1.013575,1.016432,1.014019,1.043779
0,52.58147317272932,1.017857,1.034642,1.043779,0.980132
0,50.889932726453104,0.993421,0.986607,0.980132,1.029279
0,53.23038073389203,1.013245,1.029412,1.029279,0.962801
0,49.882522001943855,0.96732,0.947253,0.962801,0.984091
0,48.52906859515977,0.986486,1.00232,0.984091,1.013857
0,49.786694888812306,1.004566,0.988426,1.013857,0.968109
0,46.90673615252045,0.975,0.98829,0.968109,0.952941
0,43.07346596516534,0.955711,0.952607,0.952941,1.0
0,43.07346596516534,0.995122,1.0,1.0,1.044444
0,47.54762341437619,1.04902,1.047264,1.044444,0.976359
0,45.41221295976898,1.0,0.980998,0.976359,1.075061
1,52.529617607872446,1.044393,1.060533,1.075061,1.013514
1,53.78558360532917,1.013423,1.015982,1.013514,0.977778
1,51.34718219728428,1.013245,0.986517,0.977778,0.965909
0,47.843398562870775,0.932462,0.949886,0.965909,0.992941
0,47.15041825634424,1.002336,1.009592,0.992941,1.042654
1,51.67336391739373,1.044289,1.042755,1.042654,0.979545
1,49.397033149010824,0.988839,0.979499,0.979545,1.011601
1,50.696480634469104,0.986456,0.993023,1.011601,1.057339
1,56.68568207549494,1.057208,1.021077,1.057339,1.0
1,56.68568207549493,1.030303,1.055046,1.0,0.932755
0,48.25563357308635,0.936975,0.928261,0.932755,0.969767
0,45.218661873488905,0.950673,0.971897,0.969767,1.016787
0,47.14750791360781,1.0,1.004819,1.016787,1.004717
0,47.713965337370084,1.007075,1.014388,1.004717,1.004695
0,48.31057215422653,1.002342,0.997636,1.004695,1.023364
1,51.302582708758756,1.049065,1.035545,1.023364,0.988584
