1,100.0,1.1,1.1,1.096812,0.93129
1,54.39739413680783,0.944329,0.925333,0.93129,1.046538
1,65.1828415863439,1.024242,1.01902,1.046538,0.97397
1,56.72541465255085,0.986014,1.003959,0.97397,1.026726
1,62.03084460819067,1.009274,1.007887,1.026726,1.018438
1,65.27807995491858,1.036216,1.0218,1.018438,1.078807
1,75.21479484437289,1.095462,1.090263,1.078807,1.010365
1,76.25324494222264,1.040476,1.003512,1.010365,0.978994
1,69.80402180682748,0.928604,0.998,0.978994,1.018463
1,71.99857990430318,1.017743,1.014529,1.018463,1.017148
1,73.9288131247181,1.007264,1.004938,1.017148,1.026012
1,76.6080247735168,1.033654,1.036855,1.026012,0.996244
1,75.37225200125428,0.988372,0.985308,0.996244,1.010839
1,76.54376007237202,1.030118,1.014911,1.010839,1.019114
1,78.50652349086903,1.01873,1.020379,1.019114,0.924977
0,57.70596687620629,0.946188,0.910822,0.924977,1.023739
0,60.96580829966754,1.007109,1.040286,1.023739,0.97971
0,56.83773967819285,0.969412,0.959804,0.97971,0.962032
0,50.13533547560798,0.949515,0.939224,0.962032,0.9
0,20.759451693047126,0.9,0.9,0.9,0.904849
0,19.28447369647874,0.902527,0.967294,0.904849,1.012133
0,19.990859331871324,1.025,1.021516,1.012133,0.9
0,18.24286107555152,0.927805,0.9,0.9,0.954494
0,17.696497553127244,0.921136,0.950801,0.954494,0.9
0,15.947660568048331,0.9,0.9,0.9,1.081081
0,19.5367177991715,1.059459,1.067847,1.081081,0.952632
0,18.985325182311264,0.924745,0.966851,0.952632,1.1
0,27.053365861674006,1.1,1.1,1.1,1.009357
0,27.528020668833207,0.996591,1.040392,1.009357,1.1
1,33.418395761259234,1.1,1.088235,1.1,0.965768
1,32.48923769970946,0.968912,0.967568,0.965768,1.002148
1,32.611527532903224,1.040642,1.03352,1.002148,0.979636
1,32.01816238711871,0.943474,0.978378,0.979636,1.008753
1,32.57444627552832,1.020697,1.00884,1.008753,1.1
1,38.96183506850264,1.089648,1.030668,1.1,0.94002
1,36.56646446928853,0.952987,0.998937,0.94002,0.958159
0,35.044958364670485,0.950668,0.957447,0.958159,1.004367
0,35.33472377916811,0.995676,1.0,1.004367,1.017391
0,36.553946288240084,1.024973,1.024444,1.017391,0.998932
0,36.50761653193915,1.0,0.982646,0.998932,1.055615
1,40.715420666438746,1.061441,1.082781,1.055615,1.005066
1,41.11949083278727,0.993014,0.993884,1.005066,1.022177
1,42.96161797404628,1.023116,1.011282,1.022177,1.056213
1,47.540980944373466,1.1,1.076065,1.056213,1.054155
1,51.78302928728802,0.964164,0.99623,1.054155,1.053144
1,55.76778815062395,1.075221,1.095553,1.053144,0.931034
1,49.720199151593334,0.935802,0.939551,0.931034,0.966576
1,47.23133264698544,0.94723,0.956801,0.966576,1.026168
1,49.2996660878975,1.029712,1.032661,1.026168,0.910747
0,42.95370015737879,0.929666,0.92186,0.910747,0.99
0,42.354581613363756,0.964113,0.979818,0.99,0.986869
0,41.5433557445247,1.0,0.993821,0.986869,0.963153
0,39.29863317744819,0.964789,0.968912,0.963153,0.935175
0,35.771585683687135,0.924922,0.931551,0.935175,0.977273
0,34.672813173139716,0.975197,0.971297,0.977273,1.027907
0,37.166968722748166,1.025434,1.024823,1.027907,1.024887
0,39.449128765446034,1.032694,1.034602,1.024887,1.012141
0,40.61063476226295,1.0131,1.013378,1.012141,1.016358
1,42.23778682939104,1.009698,1.0044,1.016358,0.998927
1,42.15486657951068,0.995731,1.003286,0.998927,0.992481
1,41.54010075427702,1.002144,1.0,0.992481,1.006494
1,42.31661712075937,1.011765,1.0131,1.006494,0.994624
1,41.81812245148592,0.980973,0.989224,0.994624,0.965405
0,38.67778827588222,0.962284,0.953159,0.965405,0.99888
0,38.58028673220203,1.003359,1.011429,0.99888,1.014574
0,40.67402681237667,1.015625,1.013559,1.014574,1.00884
0,41.98468355371129,1.023077,1.016722,1.00884,0.955093
0,37.421725687956915,0.937701,0.932018,0.955093,0.991972
0,36.688588176739266,0.991982,1.0,0.991972,0.990751
0,35.82477129587398,0.989607,0.985882,0.990751,0.982497
0,34.198890651324376,0.989498,1.002387,0.982497,0.9
0,26.51089601515828,0.931604,0.9,0.9,0.957503
0,24.3880307005543,0.918987,0.958165,0.957503,0.997226
0,24.25729173421518,0.995868,0.990141,0.997226,0.974965
0,23.059174638216234,0.984786,0.995733,0.974965,1.044223
0,29.516031710683446,1.033708,1.018571,1.044223,1.039617
0,35.010533178381415,1.065217,1.064516,1.039617,0.982917
0,33.74076930993059,0.965561,0.97892,0.982917,1.052139
1,40.69030613644231,1.043593,1.02961,1.052139,0.966963
1,37.84083899863605,0.964557,0.969935,0.966963,0.994744
1,37.40683375991569,1.038058,1.01752,0.994744,0.956407
0,33.94758545365512,0.927939,0.928477,0.956407,0.976519
0,32.29093431465086,0.997275,0.992867,0.976519,0.943423
0,28.73736442055729,0.923497,0.945402,0.943423,1.035982
0,33.468318007783,1.031065,1.042553,1.035982,0.984081
0,32.4064171961406,0.995696,0.979592,0.984081,0.998529
0,32.30606517381699,0.991354,1.004464,0.998529,1.011782
0,34.0651421911426,1.011628,1.01037,1.011782,0.967977
0,31.63089876955019,0.96408,0.967742,0.967977,0.933835
0,27.411915001600843,0.944858,0.937879,0.933835,1.011272
0,29.033646161920185,0.993691,1.006462,1.011272,1.095541
1,41.166804231829936,1.1,1.097913,1.095541,1.0
1,41.16680423182993,1.0,1.0,1.0,1.0
1,41.166804231829936,1.0,1.0,1.0,1.0
1,41.16680423182993,1.0,1.0,1.0,1.002907
1,41.614357676886726,0.983099,0.998538,1.002907,0.97971
1,39.35735982530085,0.994269,0.986823,0.97971,0.977811
0,37.039430663922765,0.969741,0.974777,0.977811,1.09531
1,50.28319362524999,1.090639,1.074581,1.09531,1.008287
1,51.333150282143,1.016349,1.016997,1.008287,0.924658
0,42.47745340397626,0.907507,0.9,0.924658,0.977778
0,40.428977607770655,0.986706,1.015625,0.977778,0.925758
0,34.564929269403905,0.916168,0.926154,0.925758,0.903437
0,29.093069676797633,0.949346,0.9,0.903437,1.059783
0,35.2658306946774,1.056799,1.1,1.059783,1.032479
0,38.58108801079214,0.988599,1.017094,1.032479,0.998344
0,38.469419588792526,1.008237,1.008403,0.998344,1.041459
0,42.917604100817364,1.03268,1.035,1.041459,1.004777
1,43.44595371450057,1.014241,1.006441,1.004777,1.050713
1,48.881132469042264,1.040562,1.0448,1.050713,1.013575
1,50.327062271001374,1.010495,1.012251,1.013575,0.99256
1,49.48954907232644,0.992582,0.998487,0.99256,1.01949
1,51.738346364287914,1.023916,1.021212,1.01949,1.054412
1,57.5334252520585,1.051095,0.994065,1.054412,0.933054
1,49.268308337798715,0.954167,0.997015,0.933054,0.96861
0,46.1449912351331,0.950509,0.949102,0.96861,1.060185
1,52.20484691484797,1.085758,1.029968,1.060185,1.005822
1,52.7915735083522,0.988717,1.053599,1.005822,1.008683
1,53.70952451076568,1.0,1.002907,1.008683,0.934003
0,46.279652548599046,0.937233,0.934783,0.934003,1.026114
0,49.08294906280598,1.028919,1.029457,1.026114,0.988024
0,47.818356513659026,0.983728,0.980422,0.988024,0.940909
0,42.120947418469804,0.962406,0.953917,0.940909,0.985507
0,40.909594961937195,0.967187,0.982287,0.985507,1.01634
0,42.87538816536918,1.016155,1.016393,1.01634,0.954984
0,38.96648584351202,0.961844,0.951613,0.954984,1.038721
0,43.52144821260244,1.029752,1.033898,1.038721,1.098865
1,53.44504313257509,1.1,1.1,1.098865,0.960177
1,49.31474956881724,0.945324,0.908148,0.960177,0.967742
0,46.31661893797236,0.964992,0.978793,0.967742,1.028571
1,49.169203504163896,1.029968,1.063333,1.028571,1.009259
1,50.120646798208234,1.013783,1.020376,1.009259,1.012232
1,51.42616171110713,1.034743,1.00768,1.012232,0.977341
1,48.84470712473078,0.948905,0.972561,0.977341,1.058733
1,55.00650101261559,1.061538,1.043887,1.058733,0.950365
0,49.28616403167732,0.963768,0.966967,0.950365,0.998464
0,49.12435222894816,0.995489,0.995342,0.998464,0.975385
0,46.49415564483429,0.965257,0.975039,0.975385,1.041009
1,51.07803630541574,1.040689,1.032,1.041009,1.030303
1,54.319939776459115,1.054135,1.052713,1.030303,0.967647
0,50.366160573494874,0.942939,0.954345,0.967647,1.00152
1,50.54237780266775,1.001513,1.00463,1.00152,1.007587
1,51.470134864808045,1.012085,1.00768,1.007587,1.003012
1,51.85914375039678,1.002985,1.004573,1.003012,0.956456
0,46.09001805999184,0.96131,0.963581,0.956456,0.962323
0,41.93250698953346,0.982972,0.96063,0.962323,0.96248
0,38.36125405841638,0.930709,0.952459,0.96248,0.930508
0,32.97064401446053,0.974619,0.929432,0.930508,0.979964
0,31.684227078549196,0.935764,0.981481,0.979964,0.977695
0,30.29553429353308,0.981447,0.981132,0.977695,0.901141
0,25.151206184843744,0.9,0.9,0.901141,1.0
0,25.151206184843748,1.002101,0.982906,1.0,1.029536
0,28.919910533654704,1.025157,1.008696,1.029536,1.0
0,28.9199105336547,1.02045,1.047414,1.0,1.079918
1,38.864890157589194,1.06012,1.059671,1.079918,1.005693
1,39.565350051238376,1.020794,1.029126,1.005693,0.967925
1,36.97970798690264,0.992593,0.966038,0.967925,1.062378
1,44.351792600484984,1.024254,1.048828,1.062378,0.961468
1,40.96508458425287,0.972678,0.975791,0.961468,1.015267
1,42.758308059815334,1.0,0.996183,1.015267,1.078947
1,51.14809547848324,1.089888,1.076628,1.078947,0.987805
1,49.83703088694706,0.994845,1.007117,0.987805,0.992945
1,49.063110417914984,1.003454,0.992933,0.992945,1.008881
1,50.10611493948564,0.987952,1.003559,1.008881,1.001761
1,50.32519588760801,1.015679,1.007092,1.001761,0.963093
0,45.77919592314844,0.955403,0.957746,0.963093,1.016423
1,47.94928975231731,1.003591,1.012868,1.016423,0.985637
0,46.1800012332611,0.996422,0.980036,0.985637,1.030965
1,50.370805034158124,1.059246,1.037037,1.030965,0.954064
0,44.64501137146029,0.930508,0.946429,0.954064,1.042593
1,50.053782189997314,1.030965,1.028302,1.042593,0.952043
0,44.55057640634977,0.980565,0.983486,0.952043,1.039179
1,49.226389220819875,1.005405,1.014925,1.039179,1.025135
1,52.12482624328341,1.028674,1.023897,1.025135,1.070053
1,59.277618702256824,1.080139,1.068223,1.070053,1.027823
1,61.88404629729405,1.012903,1.016807,1.027823,1.089172
1,68.93711450432754,1.1,1.1,1.089172,0.96345
1,63.30530372418087,0.943262,0.939883,0.96345,0.971168
1,59.337737262427716,0.971429,0.979719,0.971168,1.007812
1,60.04736507300248,1.010836,0.987261,1.007812,0.951938
0,53.780629895366715,0.961715,0.956452,0.951938,1.021173
1,55.86097993955239,1.030255,1.048904,1.021173,1.001595
0,56.02494831116185,0.996909,1.006431,1.001595,0.960191
0,50.93110920528216,0.970543,0.961661,0.960191,1.066335
1,57.57721963675439,1.038339,1.046512,1.066335,1.021773
1,59.63779690035639,1.033846,1.039683,1.021773,1.08828
1,66.82670629589582,1.065476,1.044275,1.08828,0.914685
1,55.60866271831474,0.945531,0.954678,0.914685,0.996942
1,55.280999421747836,0.994092,0.980092,0.996942,0.964724
0,51.521287446450714,0.958395,0.98125,0.964724,1.065183
1,57.11984036084979,1.043411,1.049363,1.065183,0.964179
0,53.243654155278115,0.968796,0.971168,0.964179,0.995356
0,52.76167207323788,0.98773,0.992187,0.995356,1.024883
1,55.09635571174484,1.024845,1.011024,1.024883,1.003035
1,55.39313251023133,1.006061,1.018692,1.003035,1.036309
1,58.90325082833871,1.034639,1.030581,1.036309,0.978102
1,55.940396686261266,0.979622,0.980712,0.978102,0.964179
0,51.47866972284213,0.988113,0.969743,0.964179,0.956656
0,46.7898790561804,0.935338,0.957878,0.956656,0.967638
0,43.72627485578609,0.96463,0.967427,0.967638,1.013378
0,45.26993389747124,1.015,1.003367,1.013378,1.019802
0,47.592228697356816,1.021346,1.030201,1.019802,0.991909
0,46.7030077809273,0.991961,0.993485,0.991909,1.003263
0,47.128546956295516,1.001621,1.003279,1.003263,0.988618
0,45.751665708760555,0.990291,0.988562,0.988618,0.967105
0,41.97810051694474,0.985294,0.961983,0.967105,1.07483
1,51.46286312586564,1.063018,1.056701,1.07483,1.004747
1,52.03854182895545,0.99688,1.019512,1.004747,1.034646
1,56.14624371157899,1.057903,1.046252,1.034646,0.996956
1,55.67937700532801,0.985207,0.983232,0.996956,1.024427
1,58.6421910247071,1.033033,1.035659,1.024427,1.056632
1,64.6810467710236,1.053779,1.035928,1.056632,1.014104
1,66.08449534303085,1.0,1.007225,1.014104,1.030598
1,69.00272557160177,1.034483,0.985653,1.030598,1.063428
1,74.1249866571888,1.077333,1.1,1.063428,0.992386
1,72.47839894641186,0.983911,0.974227,0.992386,1.07289
1,77.57481203264486,1.07673,1.063492,1.07289,0.933254
1,64.86597692319899,0.933411,0.960199,0.933254,1.019157
1,66.45140751095218,1.013767,1.0,1.019157,0.931078
0,56.40142038229631,0.95679,0.949482,0.931078,1.030956
0,59.18156567850366,0.992258,1.030014,1.030956,1.037859
1,62.43425100468841,1.039012,1.018543,1.037859,1.098113
1,69.47900304845717,1.1,1.1,1.098113,0.934708
1,60.54373105903311,0.957955,0.944706,0.934708,0.998775
1,60.39698067220759,0.98102,0.993773,0.998775,0.980368
0,57.97561648412482,0.986699,0.988722,0.980368,1.035044
1,60.92775028099443,1.015931,1.015209,1.035044,1.054414
1,65.16330935492232,1.06152,1.061174,1.054414,1.053899
1,68.94933272504998,1.080682,1.072941,1.053899,1.023939
1,70.56206841272437,1.002103,1.013158,1.023939,0.97237
1,66.18685393364305,0.970619,0.984848,0.97237,0.997814
1,65.848620870081,1.004324,0.99011,0.997814,0.996714
1,65.30948709913788,1.001076,1.006659,0.996714,1.06044
1,70.13686567705686,1.05914,1.052922,1.06044,0.990674
1,68.45810037212128,0.982741,0.989529,0.990674,0.972803
1,63.713591737443615,0.992769,0.980952,0.972803,0.990323
0,62.10896316303739,0.96358,0.981661,0.990323,1.014115
1,63.53744605725176,1.050756,1.01978,1.014115,1.004283
1,63.98732458369797,0.96814,1.002155,1.004283,1.030917
1,67.15167185971028,1.032909,1.035484,1.030917,1.020683
1,69.16402031649525,1.026721,1.018692,1.020683,0.941236
0,58.05636410500731,0.934935,0.927625,0.941236,1.016146
0,59.85214163136823,1.012848,1.028571,1.016146,1.008475
1,60.815708518707375,1.011628,0.996795,1.008475,0.980042
0,57.29840143340421,0.977011,0.986066,0.980042,0.994641
0,56.37438976251124,1.00107,0.997826,0.994641,1.016164
0,58.534745280854416,1.012821,1.018519,1.016164,1.054083
1,64.89923877778885,1.055907,1.02139,1.054083,1.028169
1,67.81964261892568,1.051948,1.049215,1.028169,0.971624
1,62.06039730670694,0.964862,0.988024,0.971624,1.046324
1,66.86677898232894,1.052165,1.033333,1.046324,0.961501
1,59.775339937276286,0.953227,0.975562,0.961501,0.957958
0,53.37456835699401,0.9421,0.945892,0.957958,1.031348
1,56.92281829881973,1.048958,1.039195,1.031348,1.001013
1,57.04017752724699,1.003972,0.996942,1.001013,0.976721
0,53.434365059204815,0.996044,0.976483,0.976721,0.980311
0,50.58930506094203,0.944389,0.983246,0.980311,0.946089
0,43.841568510801146,0.969506,0.946752,0.946089,1.0
0,43.841568510801146,0.979393,0.991001,1.0,0.975419
0,41.099029328660265,0.976744,0.964813,0.975419,1.013746
0,43.18669087547031,1.035147,1.037647,1.013746,1.023729
0,46.74405612512496,1.001095,1.019274,1.023729,1.037528
1,51.98598040921565,1.049234,1.040044,1.037528,1.005319
1,52.72294871240359,1.007299,1.009626,1.005319,1.025397
1,56.19829200487571,1.004141,0.995763,1.025397,1.0
1,56.198292004875725,1.0,1.0,1.0,1.0
1,56.19829200487572,1.0,1.0,1.0,1.0
1,56.19829200487572,1.0,1.0,1.0,1.0
1,56.19829200487571,1.0,1.0,1.0,1.0
1,56.19829200487571,1.0,1.0,1.0,1.0
1,56.19829200487572,1.0,1.0,1.0,1.1
1,80.9707986493486,1.1,1.1,1.1,1.033552
1,82.68029227505865,1.034818,1.024979,1.033552,0.984956
1,79.1325152104843,0.981221,0.970755,0.984956,1.049839
1,81.86684264974218,1.082935,1.086192,1.049839,1.095712
1,85.8831088329256,1.065538,1.026194,1.095712,0.947589
1,75.13077237483839,0.970974,1.014264,0.947589,0.919617
1,62.82100403286528,0.9,0.9,0.919617,1.076183
1,67.77649406862393,1.093675,1.0775,1.076183,1.059613
1,71.25149753265866,1.068082,1.083527,1.059613,1.1
1,78.35340708780676,1.1,1.062099,1.1,1.081917
1,81.32170303394537,1.082346,1.1,1.081917,1.014582
1,81.8382381924212,1.00821,1.043981,1.014582,0.9
0,56.70268145422808,0.9,0.9,0.9,0.9
0,50.37378649272747,0.9,0.9,0.9,0.942745
0,47.53626256239799,0.96307,0.9,0.942745,0.9
0,42.77332815173049,0.9,0.907226,0.9,1.1
1,57.46655804428082,1.1,1.1,1.1,1.039412
1,59.02474599516988,1.095745,1.1,1.039412,0.9
0,51.81761028275593,0.9,0.9,0.9,1.011128
0,52.27022695779484,0.983453,0.987218,1.011128,1.062362
1,54.85805171200099,1.094367,1.089109,1.062362,0.9
0,48.88119225494424,0.9,0.9,0.9,0.919685
0,45.80170000888965,0.9,0.9,0.919685,0.9
0,42.39000155157583,0.900595,0.9,0.9,1.062082
0,44.770000421410984,1.069811,1.1,1.062082,0.95054
0,43.14575743162531,0.947972,0.950504,0.95054,1.039735
0,44.79289606003036,1.051163,1.044359,1.039735,1.008189
0,45.15954147128713,1.00885,1.01662,1.008189,1.060469
0,47.931843038642455,1.050877,1.045413,1.060469,1.035745
1,49.65013467988459,1.03005,1.038228,1.035745,1.1
1,54.53589778326962,1.1,1.075314,1.1,1.037946
1,56.36695029575825,1.066912,1.081712,1.037946,0.997133
1,56.17585220494388,0.968987,0.971942,0.997133,0.990654
1,55.51709318729329,1.001422,1.005181,0.990654,0.96299
1,52.89640950282116,0.950994,0.962445,0.96299,0.92841
0,48.32069257929279,1.0,0.933435,0.92841,1.092532
1,53.51698059964886,1.01419,1.065574,1.092532,1.078009
1,57.73250997782526,1.07732,1.071538,1.078009,1.059269
1,60.86317910021799,1.0581,1.068198,1.059269,0.997398
1,60.63820977503659,0.994186,1.008737,0.997398,1.018917
1,61.74231397234279,1.052632,1.034644,1.018917,0.9
0,47.723698943608156,0.9,0.9,0.9,0.928906
0,44.233497789052905,0.951311,0.980881,0.928906,1.021026
0,45.41456985298427,0.965354,1.009322,1.021026,0.933278
0,42.28946310414354,0.933931,0.91016,0.933278,1.07767
0,46.58955910404571,1.077729,1.1,1.07767,1.012285
0,47.310239210170806,1.008914,0.983512,1.012285,1.003236
0,47.51362302162128,1.004016,1.030176,1.003236,0.904032
0,42.284348389559085,0.9136,0.9,0.904032,0.955397
0,40.27847266060557,0.962347,0.948182,0.955397,0.975724
0,39.236157914854225,0.959054,0.985618,0.975724,1.083254
0,44.4191621653358,1.085389,1.068093,1.083254,1.010601
0,45.114570801927414,1.004371,1.030055,1.010601,0.972902
0,43.59704131255935,0.977372,0.965517,0.972902,1.000898
0,43.662873455289535,0.993767,1.009158,1.000898,1.047576
1,47.18157251576367,1.060036,1.049002,1.047576,0.928877
0,42.68529951805902,0.918005,0.91609,0.928877,0.979705
0,41.554900480303225,0.988029,0.995279,0.979705,0.983992
0,40.65887627600773,1.017707,0.991461,0.983992,0.967464
0,38.85439521897788,0.936813,0.959809,0.967464,0.982196
0,37.89551783989246,0.971652,0.967099,0.982196,0.988922
0,37.289872085812796,0.993964,1.002062,0.988922,1.034623
0,40.45746294981194,1.031377,1.029835,1.034623,0.983268
0,39.38621421647952,0.991168,0.992008,0.983268,0.978979
0,38.04605509826672,0.977228,0.976838,0.978979,0.994888
0,37.716987953491,1.006079,0.987629,0.994888,1.062693
1,44.07242463446408,1.067472,1.059499,1.062693,1.004836
1,44.571690956194615,0.990566,1.016749,1.004836,1.093359
1,53.284423890991775,1.095238,1.079457,1.093359,0.952465
1,48.69542800166221,0.951304,0.963196,0.952465,0.988909
1,47.71205631901234,0.981718,0.979497,0.988909,0.971963
1,45.251747851463996,0.985102,0.986679,0.971963,0.994231
0,44.754681260215335,0.979206,0.981678,0.994231,1.025145
1,47.44851618948633,1.028958,1.023576,1.025145,1.009434
1,48.488886076363684,1.012195,1.013436,1.009434,0.929907
0,41.804364058060145,0.934198,0.9375,0.929907,1.013065
0,43.264357485338635,1.008929,1.015152,1.013065,0.980159
0,41.53782191929194,0.972468,0.975124,0.980159,1.019231
0,43.831063259674934,1.0364,1.026531,1.019231,1.005958
0,44.570495025060175,0.994146,1.0,1.005958,1.011846
1,46.09881706522443,1.006869,1.00497,1.011846,0.97561
0,43.41322892431231,0.983431,0.975272,0.97561,0.992
0,42.55880439118571,0.990089,0.997972,0.992,1.008065
0,43.751009658202236,1.005005,1.010163,1.008065,1.003
0,44.2185651875125,1.00498,1.006036,1.003,1.005982
1,45.19967202572147,1.001982,1.001,1.005982,1.005946
1,46.21836959275162,1.006924,1.007992,1.005946,1.026601
1,50.662966139999554,1.027505,1.007929,1.026601,0.958733
0,44.37352971234545,0.971319,0.976401,0.958733,1.001001
0,44.54594297550804,0.98622,1.002014,1.001001,0.964
0,39.76732088720228,0.966068,0.954774,0.964,0.992739
0,38.893639002487866,1.0,1.006316,0.992739,1.032393
0,44.68907671485892,1.022727,1.017782,1.032393,0.984818
0,42.58449602375934,0.993939,0.996917,0.984818,0.975334
0,39.388281650535546,0.970528,0.97732,0.975334,0.965227
0,35.44852057813103,0.963351,0.940928,0.965227,1.001092
0,35.658542432407906,1.001087,1.025785,1.001092,1.003272
0,36.32783170801538,1.0,0.998907,1.003272,1.001087
0,36.564705688930104,1.013029,1.00547,1.001087,0.996743
0,36.13044850659951,0.993569,0.993471,0.996743,1.020697
0,40.91640626187431,1.020496,1.01862,1.020697,0.98079
0,38.010496496806624,0.972516,0.98172,0.98079,0.98803
0,36.313213768013775,0.990217,0.993428,0.98803,0.996696
0,35.84313579646332,1.001098,0.99559,0.996696,1.003315
0,36.72524102584364,1.001096,1.0,1.003315,0.955947
0,30.670197602679128,0.951807,0.953488,0.955947,1.023041
0,36.32331184982211,1.042578,1.030197,1.023041,0.98536
0,34.36201016217939,0.981236,0.984216,0.98536,0.945143
0,28.288365432634468,0.937008,0.936999,0.945143,0.935913
0,23.375348762060824,0.930372,0.932763,0.935913,0.990956
0,22.811831286374993,1.0,1.003932,0.990956,0.916558
0,18.435820548533375,0.92129,0.912533,0.916558,1.071124
0,29.770573610158802,1.057423,1.050072,1.071124,0.994688
0,29.418360331535958,1.010596,1.019074,0.994688,0.959947
0,26.85241273254204,0.952818,0.949198,0.959947,1.026426
0,30.95964591160155,1.016506,1.019718,1.026426,1.028455
0,35.28484148984002,1.031123,1.037293,1.028455,1.01581
1,37.687140467037565,1.01706,1.011984,1.01581,1.014267
1,39.88988786921638,1.012903,1.017105,1.014267,1.057545
1,47.98979587635819,1.082803,1.064683,1.057545,0.997582
1,47.68226298433011,0.978824,1.0,0.997582,0.953939
1,42.15477587288376,0.961538,0.948967,0.953939,1.022872
1,45.384464596777256,1.0175,1.03073,1.022872,0.976398
1,42.67588575194971,0.981572,0.975155,0.976398,1.024173
1,46.137700617972605,1.022528,1.021656,1.024173,0.996273
1,45.66873841913742,0.991432,0.996259,0.996273,1.007481
1,46.832706635867794,1.0,1.001252,1.007481,1.016089
1,49.36391689127407,1.014815,1.015,1.016089,0.990256
1,47.854066767887666,1.004866,0.998768,0.990256,0.99016
0,46.32807168700365,0.978208,0.990136,0.99016,0.982609
0,43.70170480345528,0.982673,0.978829,0.982609,0.998736
0,43.51195714056885,0.997481,0.996183,0.998736,1.010127
0,45.548812012021436,1.008838,1.010217,1.010127,1.031328
1,51.441379963017575,1.035044,1.03287,1.031328,0.998785
1,51.2026897071808,1.003628,0.992656,0.998785,1.004866
1,52.15893129336746,1.004819,1.009864,1.004866,0.952785
0,43.25813548417673,0.954436,0.947497,0.952785,1.024142
0,47.92083908862553,1.017588,1.027062,1.024142,0.973945
0,43.65129308406127,1.017284,0.983689,0.973945,0.938854
0,35.799914796746975,0.908981,0.936224,0.938854,1.012212
0,38.049885474344904,1.00267,1.00545,1.012212,0.985255
0,36.372070237761015,0.981358,0.98374,0.985255,0.997279
0,36.060721445729996,0.998643,1.002755,0.997279,0.984993
0,34.320592948452365,0.982337,0.979396,0.984993,1.027701
0,39.9906547234026,1.035961,1.023843,1.027701,1.013477
0,42.65628011749805,1.008011,1.017808,1.013477,0.972074
0,38.76229987436865,0.988079,0.983849,0.972074,0.982216
0,36.53862299105244,0.963807,0.974008,0.982216,1.020891
0,40.76141245460629,1.029207,1.025281,1.020891,0.976808
0,37.699662331784516,0.975676,0.964384,0.976808,0.98324
0,35.66328226077854,0.98892,0.984375,0.98324,1.019886
0,39.752073660419086,1.007003,1.027417,1.019886,1.005571
0,40.90761167103215,1.006954,1.011236,1.005571,1.018006
1,44.62488758317446,1.017956,1.013889,1.018006,1.023129
1,49.13133060585988,1.02171,1.015068,1.023129,1.023936
1,53.45088510829474,1.029216,1.016194,1.023936,0.97013
1,47.85860829898707,0.987097,0.985392,0.97013,1.012048
1,50.06040944344425,0.993464,1.010782,1.012048,1.009259
1,51.76643317131159,1.021053,1.002667,1.009259,1.006553
1,53.00147305795437,1.020619,1.009309,1.006553,0.964844
0,46.13215272209234,0.953283,0.961792,0.964844,0.987854
0,44.08125858468758,0.977483,0.982192,0.987854,1.039617
1,51.554859664046674,1.047425,1.059972,1.039617,1.034166
1,57.09183399624189,1.045278,1.028947,1.034166,1.067344
1,65.69830449382523,1.045792,1.042199,1.067344,1.02381
1,68.28358699242791,1.039053,1.031902,1.02381,0.977907
1,63.395288784304874,0.989749,0.98692,0.977907,1.011891
1,64.82265529172054,0.996548,1.012048,1.011891,0.908343
0,48.828780799379985,0.922633,0.914286,0.908343,0.931436
0,41.361112359940854,0.908636,0.902344,0.931436,1.008333
0,42.43443910559106,1.001377,1.011544,1.008333,0.9
0,33.77849315745428,0.92022,0.9,0.9,1.1
0,49.22307904660768,1.1,1.1,1.1,1.01455
0,50.48964230789274,1.031414,1.066761,1.01455,1.053455
1,54.995640039687316,1.035533,1.069241,1.053455,0.920792
0,47.69809564695565,0.977941,0.92279,0.920792,1.032258
1,50.35827722068461,0.973684,1.00135,1.032258,0.933594
0,45.10790543114319,0.965251,0.958221,0.933594,0.995816
0,44.81193477813688,0.961333,1.0,0.995816,1.009804
0,45.70709451842754,1.024965,1.014065,1.009804,1.004161
0,46.11052363061764,0.99594,0.991678,1.004161,0.964088
0,43.120048672724685,0.97962,0.976224,0.964088,1.017192
0,44.89633583066195,0.987517,1.008596,1.017192,1.011268
0,46.10470119441752,1.009831,1.002841,1.011268,0.965181
0,42.93604899362743,0.995828,0.981586,0.965181,0.98557
0,41.70145200721767,0.962291,0.930736,0.98557,0.926794
0,36.1104380187745,0.930334,0.947287,0.926794,1.015798
0,37.903603938825505,1.014041,1.04419,1.015798,1.055988
0,43.99737499754949,1.049231,1.037618,1.055988,0.969072
0,41.44251382142598,0.989736,0.993958,0.969072,1.053191
1,46.96963043246433,1.034074,1.037994,1.053191,0.917749
0,40.298537605121666,0.929799,0.931186,0.917749,0.97956
0,38.94012905244459,0.961479,0.963836,0.97956,0.985554
0,37.985482499479254,1.022436,0.982055,0.985554,0.942997
0,34.448552841022114,0.929467,0.961794,0.942997,0.998273
0,34.350139512706455,0.983137,0.993092,0.998273,0.974048
0,32.8348556726846,0.975986,0.970435,0.974048,1.001776
0,33.04690143202354,0.994728,0.983871,1.001776,1.015957
0,35.03479729492622,1.012367,1.029144,1.015957,1.031414
0,38.93958459923886,1.033159,1.024779,1.031414,0.974619
0,36.946641110955646,0.986486,0.989637,0.974619,0.991319
0,36.28008698937867,0.981164,0.95986,0.991319,1.022767
1,39.34410626948739,1.019197,1.021818,1.022767,1.008562
1,40.528608158194146,1.02226,1.048043,1.008562,1.022071
1,43.61185698721894,1.011725,1.005093,1.022071,1.054817
1,50.61158030275169,1.05298,1.054054,1.054817,1.1
1,66.30770054265153,1.1,1.078526,1.1,1.046667
1,69.48617499798294,1.042216,1.1,1.046667,1.1
1,76.35085327463355,1.1,1.1,1.1,0.923164
1,65.55145690074662,0.916013,0.9,0.923164,1.089351
1,70.39295035729064,1.1,1.064935,1.089351,0.91573
1,60.91988277895056,0.941372,0.981707,0.91573,1.067485
1,64.67426733650112,1.030552,1.047205,1.067485,0.9
0,53.17195056741882,0.9,0.9,0.9,1.013245
0,53.93908801249929,0.988564,1.006757,1.013245,0.90719
0,47.934805538386684,0.9,0.9,0.90719,0.959654
0,45.77093313192504,1.002874,1.004566,0.959654,0.945946
0,43.07835133342839,0.919771,0.95303,0.945946,1.025397
0,44.63718392473317,1.023364,1.022258,1.025397,0.955108
0,42.37219705476913,0.961948,0.951788,0.955108,0.959481
0,40.465924220831326,0.955696,0.964052,0.959481,1.059122
0,44.247567952580646,1.051325,1.037288,1.059122,0.980861
0,43.23357706881896,0.987402,1.003268,0.980861,1.00813
0,43.811362501967565,0.99362,1.006515,1.00813,0.969355
0,42.0594712324218,0.967897,0.959547,0.969355,1.018303
0,43.46886346328505,1.024876,1.030354,1.018303,0.988562
0,42.75611273358394,0.978964,0.977087,0.988562,0.971901
0,40.9979576817628,0.980165,0.973199,0.971901,0.954082
0,38.303931351982584,0.952782,0.958692,0.954082,1.003565
0,38.62565088333223,1.023009,1.005386,1.003565,1.060391
0,43.97426317344911,1.032872,1.035714,1.060391,0.984925
0,42.90829616419851,1.018425,1.008621,0.984925,1.037415
1,46.332958089105,1.003289,1.030769,1.037415,1.047541
1,50.544304936821085,1.057377,1.033167,1.047541,0.964006
1,47.369434032118555,0.967442,0.988764,0.964006,0.933442
0,42.272044744825436,0.926282,0.923701,0.933442,0.996522
0,42.03442336008541,1.00173,1.005272,0.996522,1.027923
0,44.711975929005995,1.020725,1.017483,1.027923,0.979626
0,43.10381501459436,1.0,0.986254,0.979626,1.024263
0,45.56375912392229,1.001692,1.010453,1.024263,0.98308
0,44.09716673327267,0.989865,0.987931,0.98308,0.993115
0,43.494100642197886,1.0,1.006981,0.993115,0.951473
0,39.42915776649566,0.957338,0.94974,0.951473,1.001821
0,39.646105960859835,0.994652,1.0,1.001821,1.009091
0,40.78808007144818,1.003584,1.005474,1.009091,1.018018
0,43.1066856465799,1.008929,1.016334,1.018018,1.0
0,43.106685646579905,1.00177,0.998214,1.0,1.023009
1,46.27829878858434,1.031802,1.0322,1.023009,0.979239
