1,0,1.0,1.0,1.0,0.915668
1,0.0,0.963096,0.950273,0.915668,0.938252
1,0.0,0.9,0.912088,0.938252,1.004462
1,2.9703720542548204,1.023965,0.986804,1.004462,0.981122
1,2.614875439361733,0.940426,0.989535,0.981122,1.052632
1,27.998553700859482,1.078054,1.045828,1.052632,1.066667
1,47.60750707149839,1.046695,1.1,1.066667,0.969254
1,41.604772038861476,1.003008,0.97551,0.969254,0.940198
0,33.12502905031604,0.926537,0.941946,0.940198,1.017699
0,36.97442997523668,0.992449,0.992782,1.017699,1.00163
0,37.33858449194951,1.010326,1.006711,1.00163,0.978839
0,34.54428374594245,0.974718,0.994444,0.978839,1.031596
1,41.44187409742181,1.034768,1.02514,1.031596,1.009135
1,43.35895236964156,1.029333,1.013624,1.009135,1.090522
1,58.12318809676343,1.076166,1.054839,1.090522,0.9
0,37.86506602597482,0.9,0.9,0.9,1.019722
0,40.21971580812003,0.989189,0.955752,1.019722,0.9
0,31.40020355947173,0.9,0.9,0.9,1.067585
0,37.85951546489499,1.054334,1.031834,1.067585,1.017824
0,39.58439208475576,1.040491,1.1,1.017824,0.9
0,33.77099014848655,0.9,0.9,0.9,1.038281
0,37.16305762922428,1.051402,1.050069,1.038281,0.943726
0,34.27734869552677,0.970159,0.947093,0.943726,1.006854
0,34.90305013763884,0.978403,1.00069,1.006854,0.9
0,27.49039906929408,0.9,0.9,0.9,1.056385
0,31.538879344702384,1.058776,1.065141,1.056385,0.996075
0,31.40005275174501,1.02313,1.047934,0.996075,1.074074
0,37.013343003393416,1.049736,1.061514,1.074074,1.074101
1,42.4612804698133,1.062455,1.040862,1.074101,1.1
1,52.9953060285885,1.1,1.1,1.1,0.949033
1,49.50111368939959,0.953134,1.014175,0.949033,0.987654
1,48.7060755422873,1.022127,1.013342,0.987654,1.018125
1,49.96104713644537,0.999399,1.01442,1.018125,1.065684
1,54.39462613718797,1.056558,1.057478,1.065684,0.963134
1,51.45779938426551,0.969818,0.95675,0.963134,1.019139
1,52.82915679834036,1.02936,1.031155,1.019139,0.93838
0,48.033988525043746,0.962921,0.937204,0.93838,1.056285
1,52.051380218330685,1.005332,1.036662,1.056285,1.056838
1,55.96216700760751,1.078374,1.042073,1.056838,1.057703
1,59.75489557413977,1.087432,1.088941,1.057703,0.930614
1,53.4498131505324,0.9,0.930682,0.930614,1.034149
1,55.75268029134215,1.044134,1.039261,1.034149,1.067694
1,60.10937239025425,1.058855,1.068333,1.067694,0.909794
1,52.22974902536274,0.974735,0.910036,0.909794,0.936544
0,47.901821758404836,0.9,0.914857,0.936544,0.949788
0,44.93051067786667,0.971601,0.966271,0.949788,0.996178
0,44.71458557090595,0.98694,0.992889,0.996178,0.980818
0,43.586686266552,0.970384,0.976562,0.980818,1.1
1,51.86755778785126,1.1,1.1,1.1,0.922274
0,46.664949629027355,0.95389,0.925904,0.922274,1.004403
0,46.96422581193084,0.966163,0.99872,1.004403,1.028804
0,48.98985739217679,1.04753,1.044872,1.028804,0.92392
0,44.064709026882454,0.937313,0.920859,0.92392,0.945982
0,41.142618954915726,0.925478,0.932712,0.945982,1.0
0,41.14261895491573,0.993806,1.012143,1.0,1.036212
0,43.879663204809326,1.032548,1.028934,1.036212,1.073253
1,49.211247371237896,1.099933,1.082305,1.073253,1.007514
1,49.77693753024873,0.996341,1.014575,1.007514,1.043505
1,53.06124720828929,1.04896,1.030606,1.043505,1.018463
1,54.480902446538266,1.009335,1.01697,1.018463,0.98655
1,53.19539034581536,0.999422,0.983909,0.98655,0.962656
1,49.73376090957165,0.951995,0.982435,0.962656,1.001232
1,49.84534235296722,0.995747,0.995684,1.001232,0.958795
0,46.149510755425766,0.957901,0.952322,0.958795,1.000641
0,46.213612499804846,0.998726,0.992848,1.000641,1.007051
0,46.96152126364006,1.021046,1.020301,1.007051,0.9669
0,43.856894054268984,0.957527,0.971117,0.9669,0.930876
0,38.34449151350775,0.926288,0.919365,0.930876,1.014144
0,39.89418192193006,1.014789,1.01294,1.014144,0.98675
0,38.89403376994842,0.984733,0.990064,0.98675,0.99576
0,38.56523282014093,1.004228,1.005018,0.99576,0.969482
0,36.203133641952974,0.969123,0.96291,0.969482,1.019034
0,38.6499786741924,1.034757,1.02963,1.019034,0.967672
0,36.071324755705554,0.960112,0.958993,0.967672,0.990349
0,35.3378263819813,0.996356,0.993998,0.990349,1.012744
0,37.138004500276324,0.994879,0.984906,1.012744,1.00148
0,37.35895243615634,1.001471,1.026054,1.00148,1.03252
1,42.17432465908352,1.047724,1.038088,1.03252,1.003579
1,42.713248084530875,0.988788,0.998561,1.003579,1.003566
1,43.282504685361076,1.006378,1.005764,1.003566,0.948117
0,37.43385080977672,0.956338,0.932665,0.948117,0.986507
0,36.13717311472004,0.976436,0.986943,0.986507,0.913374
0,29.231118631445195,0.91629,0.929961,0.913374,0.975042
0,27.729305480471634,0.976955,0.966527,0.975042,1.043515
0,33.942647180127665,1.035383,1.051948,1.043515,0.92641
0,29.1756908350587,0.940602,0.921811,0.92641,0.987643
0,28.505053790280428,0.986159,0.9875,0.987643,0.98034
0,27.43773542196926,0.97807,0.987342,0.98034,0.958067
0,25.304269286782116,0.96861,0.934982,0.958067,0.961941
0,23.58678386223704,0.95463,0.956905,0.961941,1.0
0,23.586783862237038,0.984481,1.004094,1.0,1.004946
0,24.331335304680795,1.012808,1.022426,1.004946,0.9
0,19.903627025898576,0.913424,0.907278,0.9,1.096703
0,31.11145725709285,1.070288,1.068132,1.096703,1.068136
1,38.29650089976615,1.081592,1.029835,1.068136,0.948405
0,35.107054781537826,0.936523,0.998002,0.948405,0.931751
0,31.556353977778482,0.959725,0.931932,0.931751,1.004246
0,31.9858061662618,1.004094,1.009667,1.004246,1.02537
0,34.635874499914564,1.027523,1.021277,1.02537,0.935052
0,31.19936703081228,0.915675,0.942708,0.935052,0.9
0,22.862576349185034,0.9,0.9,0.9,0.907514
0,21.058684295141955,0.922078,0.916159,0.907514,1.1
0,29.90026775049028,1.1,1.1,1.1,0.926694
0,28.01508042448372,0.919619,0.9,0.926694,1.1
0,37.398457027627,1.1,1.1,1.1,1.022872
0,38.72186721509404,0.995175,1.029987,1.022872,0.971429
0,37.62727533660716,0.984242,0.987342,0.971429,1.079284
1,42.35755543303859,1.07266,1.05641,1.079284,1.067536
1,46.38341947270137,1.064294,1.008495,1.067536,0.957825
1,44.16867071508984,0.953614,1.022864,0.957825,1.041715
1,46.76216717727612,1.0181,1.035294,1.041715,1.085651
1,51.90797608063286,1.095556,1.063636,1.085651,1.005123
1,52.23085871119013,1.011156,1.036325,1.005123,0.901121
1,45.80578165876712,0.9,0.9,0.901121,0.949095
0,43.153655222330386,0.963087,0.972093,0.949095,0.9
0,38.133916505338235,0.9,0.9,0.9,1.099462
0,43.63404911387802,1.082011,1.038147,1.099462,1.011002
0,44.2828403562899,1.020782,1.05643,1.011002,1.027811
0,45.99365491807293,1.02515,1.036025,1.027811,0.955294
0,43.61105560513591,0.964953,0.965228,0.955294,0.901478
0,39.02738296299875,0.9,0.909317,0.901478,0.909836
0,35.6942412324341,0.916667,0.903005,0.909836,0.957958
0,34.353769893963346,0.962742,0.916793,0.957958,0.9
0,31.322546809180906,0.930341,0.940594,0.9,1.1
0,38.32069068353335,1.094842,1.1,1.1,0.96467
0,37.14867206322566,0.984802,0.96729,0.96467,1.039809
0,39.32105344413851,1.030864,1.025765,1.039809,0.961715
0,37.90994794181092,0.973054,0.979592,0.961715,0.907643
0,34.79056633151939,0.9,0.9,0.907643,1.012281
0,35.480584417598045,1.010435,0.991071,1.012281,1.013865
0,36.310048517677124,1.008606,1.036036,1.013865,0.960684
0,34.92008009888514,0.976109,0.975652,0.960684,1.003559
0,35.15254526304962,0.993007,0.987522,1.003559,0.9
0,28.830918045055554,0.9,0.9,0.9,1.048889
0,31.39499137959062,1.041485,1.064073,1.048889,0.95339
0,30.222384368539018,0.953878,0.946237,0.95339,1.073333
0,34.192847433376606,1.1,1.097727,1.073333,0.975155
0,33.44753034077662,0.944554,0.939959,0.975155,1.076433
0,37.82598318825853,1.079665,1.088106,1.076433,1.003945
1,38.06974828650928,1.027184,1.024291,1.003945,1.0
1,38.06974828650929,1.0,1.0,1.0,1.0
1,38.06974828650928,1.0,1.0,1.0,1.0
1,38.06974828650928,1.0,1.0,1.0,1.0
1,38.06974828650928,1.0,1.0,1.0,1.0
1,38.06974828650928,1.0,1.0,1.0,1.049116
1,42.468095047118815,1.071834,1.055336,1.049116,1.029963
1,45.152854072370125,0.984127,0.998127,1.029963,0.976364
1,43.381485131900384,0.980287,0.97561,0.976364,0.945996
0,39.64509190266317,0.943327,0.965385,0.945996,1.031496
1,42.58336761600044,1.02907,1.039841,1.031496,0.9
0,34.73084650648192,0.9,0.9,0.9,1.076923
0,40.70393088298231,1.076754,1.065909,1.076923,1.061224
1,45.32279189622772,1.0611,1.066098,1.061224,1.034615
1,47.9429326503671,1.059501,1.072,1.034615,0.998141
1,47.80587233802831,0.974638,0.975746,0.998141,0.964618
1,45.16396565293772,1.001859,0.99044,0.964618,1.03668
1,48.24417440494383,1.005566,1.030888,1.03668,1.050279
1,52.34105565332527,1.042435,1.035581,1.050279,1.044326
1,55.827680849207205,1.042478,1.019892,1.044326,1.01528
1,57.04597428097971,1.022071,1.039007,1.01528,0.978261
1,54.69921615376523,0.990033,0.989761,0.978261,1.006838
1,55.3084306881983,0.993289,1.008621,1.006838,0.942275
0,49.246095420704115,0.951014,0.940171,0.942275,1.063063
1,54.74514463535976,1.056838,1.038182,1.063063,1.025424
1,56.9004026019517,1.033613,1.049037,1.025424,0.971901
1,53.77465398197905,0.978862,0.979967,0.971901,1.091837
1,61.087088031194085,1.089701,1.059625,1.091837,1.03271
1,63.5049211183146,1.032012,1.054662,1.03271,1.001508
1,63.62083905753611,1.004431,1.001524,1.001508,0.900602
0,51.903222405796626,0.916176,0.9,0.900602,1.075251
1,57.63280363100041,1.041734,1.059322,1.075251,0.9
0,45.55477786711515,0.9,0.9,0.9,1.030909
0,47.711923789503224,0.984429,1.009107,1.030909,1.040564
0,50.56564920708575,1.057996,1.018051,1.040564,0.994915
0,50.1809454202896,0.981728,1.031915,0.994915,1.017036
0,51.5053721386753,1.015228,1.005155,1.017036,1.036851
1,54.37883872843214,1.056667,1.052991,1.036851,0.938611
0,48.98026260808212,0.955836,0.922078,0.938611,0.981067
0,47.50989100588615,0.943894,0.985915,0.981067,0.97193
0,45.37613160844816,0.973776,0.951786,0.97193,0.9
0,36.45090176031414,0.9,0.9,0.9,1.040169
0,39.45901834749786,1.031185,1.045455,1.040169,1.00813
0,40.10183901963243,1.028226,1.022774,1.00813,0.981855
0,39.095974204538614,0.996078,0.981781,0.981855,1.020534
0,40.87065626982297,0.992126,1.014433,1.020534,1.012072
0,41.96338550834173,0.998016,0.993902,1.012072,1.1
1,60.18735718936114,1.1,1.1,1.1,1.0
1,60.18735718936114,1.0,1.0,1.0,1.0
1,60.18735718936113,1.0,1.0,1.0,1.0
1,60.18735718936112,1.0,1.0,1.0,1.074883
1,65.28694098661732,1.1,1.1,1.074883,1.029028
1,67.17366987638286,1.041725,1.030702,1.029028,0.954866
1,61.42137896723829,0.906542,0.930496,0.954866,1.007386
1,61.9693781389339,1.082474,1.030488,1.007386,1.049853
1,65.55267134910167,0.985034,0.992604,1.049853,1.1
1,76.63822948577346,1.1,1.1,1.1,1.022857
1,77.61410416296069,0.995662,1.011806,1.022857,0.934078
1,68.52087946080833,0.946623,0.94049,0.934078,1.014354
1,69.30848633763966,1.004603,1.021092,1.014354,1.011792
1,69.98249417989933,1.004582,1.017011,1.011792,0.968531
1,65.78198385740315,0.961231,0.953405,0.968531,1.1
1,72.91476439357712,1.1,1.1,1.1,0.979809
1,70.19304277484278,0.950769,0.980541,0.979809,0.918655
0,60.580210782865386,0.926645,0.931643,0.918655,1.009445
0,61.190739446123736,1.005821,0.997633,1.009445,0.969591
0,58.04429996727343,0.966435,0.964413,0.969591,0.916767
0,50.607158232489105,0.913772,0.907749,0.916767,0.989474
0,49.81028166285111,1.014417,1.014905,0.989474,0.933511
0,45.037037772968375,0.927649,0.930574,0.933511,1.012821
0,46.03940882336671,1.02507,1.020086,1.012821,1.061885
0,50.76669829023382,1.027174,1.049226,1.061885,0.93245
0,45.76236588428398,0.956349,0.922252,0.93245,1.025568
0,47.72112258876852,1.0,1.002907,1.025568,1.1
1,56.6245893539776,1.1,1.1,1.1,1.028152
1,58.46874209296162,1.029126,1.012453,1.028152,0.941667
1,53.27228286790392,0.946934,0.936039,0.941667,1.005057
1,53.63454827368764,1.019925,1.04205,1.005057,0.914465
0,46.9681755133027,0.901099,0.906683,0.914465,0.977992
0,45.53408253061528,0.966125,0.956885,0.977992,0.988748
0,44.79756562058324,1.007013,1.017442,0.988748,1.059744
0,49.42290886261194,1.043175,1.028571,1.059744,1.020134
0,51.00194204221281,1.021362,1.025,1.020134,1.010526
1,51.86508167458673,1.011765,1.028455,1.010526,0.934896
0,46.367399477314024,0.936693,0.930171,0.934896,1.026462
0,48.597168548406245,1.027586,1.015581,1.026462,0.960651
0,45.488585031373376,0.967785,0.97629,0.960651,0.988701
0,44.64027403259995,0.997226,0.994286,0.988701,0.984286
0,43.44067363026677,0.969402,0.977011,0.984286,1.1
1,58.6652470008875,1.1,1.1,1.1,0.933655
1,52.66731647566688,0.9,0.925791,0.933655,1.014212
1,53.6871670711362,1.002522,1.023653,1.014212,0.91465
0,47.039021689674975,0.903145,0.908858,0.91465,1.02507
0,48.87083457514154,1.029248,1.008475,1.02507,1.044837
1,52.13920405015669,1.050068,1.060224,1.044837,0.968791
0,49.65325539576305,0.966495,0.964333,0.968791,1.095302
1,56.292458124069825,1.1,1.1,1.095302,1.018382
1,57.565609654049624,0.983529,1.009877,1.018382,0.980746
1,55.70178009392375,1.004785,0.992665,0.980746,1.006135
1,56.17926260950985,0.986905,1.007389,1.006135,1.04878
1,59.902832921809036,1.038601,1.026895,1.04878,0.990698
1,58.82620560871035,0.996516,1.007143,0.990698,0.969484
1,55.344737599542334,0.962704,0.959811,0.969484,1.049637
1,59.42292776077349,1.050847,1.050493,1.049637,1.029988
1,61.80510629670714,1.035714,1.016413,1.029988,1.067189
1,66.66822261617467,1.073415,1.062284,1.067189,1.1
1,73.0191321240426,1.094301,1.035831,1.1,1.057765
1,75.9426306647331,1.098485,1.1,1.057765,0.984781
1,73.55075888976972,0.955172,0.978261,0.984781,0.917273
1,62.24865305553176,0.951264,0.905556,0.917273,1.000991
1,62.317179611120665,0.971537,1.013292,1.000991,0.973267
1,59.1929367495036,0.981445,0.979818,0.973267,1.050865
1,62.902110079502194,1.077612,1.057673,1.050865,1.1
1,71.19256543758587,1.1,1.1,1.1,0.984746
1,69.15463058648578,1.010788,0.992255,0.984746,1.004303
1,69.41652406198298,0.995895,1.004337,1.004303,0.994859
1,68.66312650547222,1.002473,0.946459,0.994859,1.083549
1,73.6434260804839,1.077303,1.1,1.083549,0.967409
1,68.67525129958628,0.944275,0.930979,0.967409,0.939195
1,60.71395233602457,0.929669,0.972414,0.939195,0.939633
0,54.383263134718035,0.965217,0.927305,0.939633,1.005587
0,54.824379788324144,0.998198,1.031549,1.005587,1.041667
0,58.09717260682958,1.026173,1.015755,1.041667,1.009778
0,58.88135668726071,1.016711,1.029197,1.009778,0.998239
0,58.666382657233676,0.990484,0.993794,0.998239,0.912698
0,49.10862809058644,0.933624,0.918822,0.912698,1.034783
0,52.16075686348878,1.005613,1.029126,1.034783,1.011204
0,53.16897791110641,1.009302,1.014151,1.011204,1.021237
1,55.12126352483307,1.02765,1.017674,1.021237,1.045208
1,59.11182743165097,1.055605,1.045704,1.045208,1.009516
1,59.955442849717855,0.998301,1.01049,1.009516,1.042845
1,63.62882523216994,1.039149,1.044983,1.042845,1.1
1,71.19749041168033,1.1,1.06043,1.1,0.995556
1,70.48489614847692,1.009615,1.015613,0.995556,0.971726
1,65.98075544143421,0.965568,0.969254,0.971726,1.063553
1,70.42608429810896,1.066768,1.070579,1.063553,1.038157
1,72.86445761244356,1.045519,1.055556,1.038157,1.027739
1,74.56869032581523,1.017007,0.975439,1.027739,0.905533
1,60.29531497514543,0.901003,0.935971,0.905533,1.084948
1,66.00201279354401,1.098738,1.092237,1.084948,1.050137
1,69.06789387084937,1.043919,1.04715,1.050137,0.962721
1,64.19965924801583,0.990291,0.940188,0.962721,1.1
1,74.41935322058546,1.1,1.1,1.1,1.055305
1,76.75384019044135,1.050083,1.093694,1.055305,0.9
0,57.15202568636291,0.9,0.9,0.9,1.1
1,66.5422657134939,1.1,1.067453,1.1,0.9
0,55.56931244233984,0.9,0.972393,0.9,0.9
0,44.07091875601607,0.9,0.9,0.9,1.094291
0,47.0678421305701,1.1,1.017301,1.094291,1.0917
0,50.13043793319714,1.1,1.1,1.0917,0.9
0,45.005398085192446,0.9,0.9,0.9,1.094953
0,48.0028164877299,1.036349,1.094654,1.094953,1.090625
0,51.00800764115667,1.1,1.076861,1.090625,0.924785
0,48.28754123873656,0.974825,0.958364,0.924785,0.9
0,43.65483780342682,0.9,0.9,0.9,0.9
0,38.54351794705625,0.9,0.9,0.9,1.1
0,46.50743566793962,1.1,1.1,1.1,0.9
0,43.37770759172894,0.9,0.9,0.9,1.048485
0,44.644562368387,1.081188,1.05285,1.048485,1.003854
0,44.75548801368819,0.980769,1.003937,1.003854,1.074856
0,46.98637944460582,1.069094,1.058824,1.074856,1.059821
1,48.895415110155284,1.043668,1.065741,1.059821,0.939343
1,46.93925176654101,0.940586,0.929626,0.939343,1.096861
1,50.160238086768715,1.1,1.075701,1.096861,1.034342
1,51.395897152755516,1.00236,1.086012,1.034342,0.976285
1,50.434056238330044,1.010204,0.9784,0.976285,1.054251
1,52.56894763705071,1.013986,1.009812,1.054251,1.002304
1,52.66725481660398,1.02682,1.019433,1.002304,1.05977
1,55.26348195877957,1.046269,1.028594,1.05977,0.9
0,49.42449010571399,0.920114,0.945174,0.9,1.05216
1,51.680108531541514,1.013178,1.040033,1.05216,0.991479
1,51.25697665468654,0.993879,0.972506,0.991479,0.934375
0,48.02344635284964,0.965358,0.963651,0.934375,0.9
0,40.463704485579285,0.9,0.9,0.9,0.9
0,36.54773198276132,0.9,0.911236,0.9,1.025641
0,37.48488423956017,0.979191,1.001233,1.025641,0.930952
0,35.90748587614986,0.938607,0.91133,0.930952,1.040921
0,37.47090009404145,1.038994,1.095946,1.040921,0.985258
0,37.10537305968378,0.978208,0.949445,0.985258,1.098504
0,41.17380157452437,1.095297,1.1,1.098504,0.908059
0,38.428977087335,0.920904,0.914219,0.908059,1.005
0,38.64649381177113,1.014724,0.997429,1.005,0.976368
0,37.960490217723105,0.962515,0.981959,0.976368,1.089172
1,42.04233332162484,1.086683,1.07874,1.089172,1.1
1,46.73317382784903,1.089017,1.046229,1.1,0.983015
1,45.99587411636166,1.0,1.059302,0.983015,0.9946
1,45.75294890838408,0.997877,0.990121,0.9946,1.07709
1,49.80683305134787,1.078723,1.063193,1.07709,0.96371
1,47.85409866393936,0.991124,0.993743,0.96371,0.940377
1,44.85544406146171,0.9,0.934942,0.940377,1.008899
1,45.372831415758405,1.042035,0.989899,1.008899,1.017641
1,46.454882393273884,0.980892,1.011338,1.017641,0.975081
0,45.07276241882595,0.977273,0.975336,0.975081,1.031111
0,47.13481170154912,1.03433,1.052874,1.031111,1.019397
1,48.47398564346173,1.025696,1.021834,1.019397,0.98203
0,47.25642891245479,0.990605,0.981838,0.98203,1.077503
1,52.677850689784364,1.059009,1.022851,1.077503,0.964036
1,49.9151687037331,0.975124,0.997872,0.964036,1.05285
1,53.625672120873595,1.063265,1.074627,1.05285,1.057087
1,57.483367906074434,1.060461,1.061508,1.057087,1.021415
1,58.94195751034715,1.01629,1.023364,1.021415,0.952598
1,54.39816298700447,0.952805,0.949772,0.952598,0.914833
0,47.63033774061676,0.928972,0.913462,0.914833,1.018828
0,49.01199432038182,0.983903,1.001053,1.018828,0.986653
0,48.0264940423019,0.985685,0.998948,0.986653,1.021852
0,49.783063070757535,1.024896,1.027368,1.021852,0.952138
0,46.03318235269813,0.958502,0.953893,0.952138,1.013904
0,47.217467386996084,1.011616,1.012889,1.013904,1.025316
0,49.42407854026731,1.021921,1.026511,1.025316,0.940329
0,44.574303588411695,0.953013,0.942149,0.940329,1.012035
0,45.66329800991007,1.005359,1.012061,1.012035,1.006486
0,46.28326328722322,0.997868,1.0,1.006486,1.021482
1,48.39682037328567,1.017094,1.007584,1.021482,1.015773
1,49.98624440510829,1.016807,1.024731,1.015773,1.012422
1,51.279109472057335,1.015496,1.012592,1.012422,0.97137
1,48.151347822370724,0.982706,0.98342,0.97137,1.010526
1,49.33981341480347,0.998965,1.004215,1.010526,1.066667
1,56.25140282650909,1.088083,1.049318,1.066667,0.969727
1,52.51413867114006,0.950476,0.988,0.969727,1.0
1,52.51413867114006,0.997996,0.97166,1.0,0.959718
0,47.765168752922165,0.978916,0.990625,0.959718,0.998951
0,47.6491567077767,0.981538,0.995794,0.998951,0.97584
0,44.945271240445585,0.985371,0.960929,0.97584,1.010764
0,46.37020941376508,1.002121,1.021978,1.010764,1.0
0,46.37020941376508,1.01164,1.007527,1.0,1.041534
1,51.99054379219464,1.044979,1.032017,1.041534,1.0
1,51.99054379219465,0.994995,1.002068,1.0,1.0
1,51.99054379219465,1.0,1.0,1.0,1.0
1,51.99054379219465,1.0,1.0,1.0,1.0
1,51.99054379219465,1.0,1.0,1.0,1.0
1,51.99054379219465,1.0,1.0,1.0,1.0
1,51.99054379219464,1.0,1.0,1.0,1.0
1,51.99054379219466,1.0,1.0,1.0,1.0
1,51.99054379219466,1.0,1.0,1.0,0.994888
0,50.66429320459415,1.018109,1.002064,0.994888,0.973279
0,44.33141864448358,0.951581,0.970134,0.973279,1.036959
1,52.871498110013164,1.028037,1.028662,1.036959,1.056008
1,62.585017878688674,1.1,1.04644,1.056008,0.959499
1,53.514434524781855,0.932727,0.97929,0.959499,0.938693
0,43.62511051574192,0.935673,0.939577,0.938693,0.936831
0,36.58328546150068,0.923958,0.92926,0.936831,0.9
0,28.983210711721938,0.9,0.9,0.9,1.010178
0,30.383228963618894,1.030265,1.032552,1.010178,0.923174
0,26.1500240807845,0.908201,0.907945,0.923174,1.038199
0,30.908551123905116,1.032345,1.047222,1.038199,0.954008
0,28.441545852009895,0.95953,0.954907,0.954008,0.988981
0,27.893519587458428,0.983673,0.968056,0.988981,1.051532
0,34.207735528094254,1.047026,1.064562,1.051532,0.992053
0,33.692492080866295,1.005284,1.002695,0.992053,0.998665
0,33.60165101917348,0.984231,0.974462,0.998665,1.004011
0,34.17503511235374,1.004005,1.02069,1.004011,1.018642
1,36.91295060990404,1.019947,1.02027,1.018642,0.966013
0,34.078072309208366,0.98957,0.974834,0.966013,0.985115
0,32.92595152050584,0.963109,0.978261,0.985115,1.004121
0,33.585428470994486,1.008208,1.0125,1.004121,1.032832
1,38.77188409770354,1.033921,1.017833,1.032832,0.980132
0,36.83572426725615,0.989501,0.993261,0.980132,1.043243
1,43.336579429923056,1.043767,1.039349,1.043243,0.975389
1,40.66072552033955,0.961881,0.964752,0.975389,1.022576
1,43.992922634170164,1.02642,1.035183,1.022576,1.001299
1,44.19145208286922,1.0,1.0,1.001299,1.06096
1,52.681257926604836,1.078507,1.035294,1.06096,0.959658
1,47.2466432270102,0.947494,0.984848,0.959658,0.992357
1,46.31119320995759,0.982368,0.984615,0.992357,1.01027
1,47.795358154758134,1.015385,1.013021,1.01027,1.022872
1,51.07266552985132,1.020202,1.01671,1.022872,0.995031
1,50.31671649477421,0.993812,0.981037,0.995031,0.977528
0,46.94905779782639,1.0,1.006443,0.977528,0.905492
0,36.21720690566663,0.9,0.900128,0.905492,1.015515
0,38.468794371744785,1.015449,1.01707,1.015515,0.934722
0,33.093333966726924,0.965422,0.925874,0.934722,0.992571
0,32.571890905194294,0.964183,0.987915,0.992571,1.020958
0,35.630266347147554,1.014859,1.033639,1.020958,0.980938
0,34.08428583325853,0.988287,0.977811,0.980938,1.020927
0,37.24235025179766,1.013333,1.018154,1.020927,0.960469
0,33.87187125952104,0.972222,0.973254,0.960469,1.035061
0,38.94121194981362,1.022556,1.016794,1.035061,1.008837
1,40.228476093393525,1.027941,1.018018,1.008837,0.976642
0,37.931916626702765,0.965665,0.967552,0.976642,0.988042
0,36.80067699927353,0.994074,1.003049,0.988042,1.015129
0,39.239962057568704,1.007452,1.010638,1.015129,0.9
0,26.624145958216587,0.9,0.9,0.9,1.1
0,37.93432183526406,1.1,1.1,1.1,0.957861
0,35.38873449374158,0.923664,0.978333,0.957861,1.08291
0,43.13367767499041,1.079339,1.011925,1.08291,1.053125
1,47.808620315251616,1.062787,1.099327,1.053125,0.980712
1,46.24324470774214,0.95389,0.998469,0.980712,0.960666
0,43.19689628315227,0.966767,0.960123,0.960666,1.1
1,52.524043469800255,1.1,1.038339,1.1,0.920792
1,46.173514389593485,0.933522,0.995385,0.920792,1.1
1,53.6152276726873,1.1,1.02473,1.1,0.926389
1,48.11286071445962,0.925272,1.004525,0.926389,0.935532
0,44.15367794310576,0.973568,0.929429,0.935532,0.93109
0,40.55933219937663,0.9,0.927302,0.93109,0.998279
0,40.47680911326474,0.984848,0.97561,0.998279,0.965517
0,38.777474644269546,0.979487,0.998214,0.965517,1.075
0,44.086259468369015,1.071553,1.033989,1.075,0.940199
0,40.8189964292373,0.944625,0.975779,0.940199,0.987633
0,40.1952107781313,0.991379,0.978723,0.987633,0.976744
0,39.00313844712271,0.975652,0.983696,0.976744,0.9
0,33.99239021009942,0.941176,0.9,0.9,0.9
0,30.104960500251384,0.9,0.9,0.9,1.037209
0,32.48084055667787,1.022883,1.074442,1.037209,1.1
0,39.90542096704514,1.1,1.099307,1.1,0.94
0,37.44211989436634,0.943026,0.985294,0.94,0.955319
0,35.777268394376634,0.941667,0.923241,0.955319,1.055679
0,39.240900812830716,1.059735,1.083141,1.055679,1.046414
1,42.19532818031585,1.1,1.046908,1.046414,1.066532
1,46.40512554204071,1.035514,1.077393,1.066532,0.9
0,39.2265282198969,0.9,0.9,0.9,1.024336
0,40.63925960403253,0.987526,1.022173,1.024336,1.006479
0,41.04179405838644,1.014737,1.0,1.006479,1.040773
1,43.64812265157647,1.033195,1.045553,1.040773,0.954639
0,41.36777613445281,0.947791,0.954357,0.954639,1.028078
1,43.2543474503803,1.010593,1.01087,1.028078,0.966387
0,41.48509321433266,0.97065,0.980645,0.966387,0.958696
0,39.42290904187708,0.980562,0.967105,0.958696,0.907029
0,35.340445305757214,0.905286,0.9,0.907029,0.94
0,33.174768538925804,0.919708,0.937173,0.94,1.055851
0,36.822928298111115,1.068783,1.1,1.055851,1.030227
0,38.87640097976601,1.014851,1.020253,1.030227,1.012225
0,39.75506614867902,1.036585,1.019851,1.012225,1.096618
1,46.39405745304471,1.091765,1.072993,1.096618,0.92511
0,42.14287862314361,0.954741,0.943311,0.92511,1.1
1,50.60181550160269,1.1,1.091346,1.1,0.954071
1,47.79571465685278,0.901923,0.997797,0.954071,1.004376
1,48.07760738369444,1.006397,1.004415,1.004376,0.921569
0,43.522024111333934,0.902542,0.918681,0.921569,1.004728
0,43.840397927554136,1.0,0.983254,1.004728,1.0
0,43.840397927554136,0.997653,0.997567,1.0,1.049412
1,47.44790288637717,1.065882,1.04878,1.049412,0.957399
0,44.65308585194961,0.944812,0.97907,0.957399,1.01171
0,45.56182863449798,1.035047,1.023753,1.01171,0.9
0,39.426924026811335,0.9,0.9,0.9,1.036082
0,42.098435296418806,1.03856,1.034483,1.036082,1.062189
1,46.62541502548434,1.074257,1.05641,1.062189,1.025761
1,48.5321555182497,1.011521,1.046117,1.025761,1.070776
1,53.56649227888172,1.075171,1.071926,1.070776,1.049041
1,56.932440071609285,1.1,1.064935,1.049041,1.036585
1,59.4121521583383,0.98289,1.022358,1.036585,1.1
1,71.560296038516,1.1,1.091451,1.1,0.9
1,58.48577958262536,0.9,0.959927,0.9,1.065693
1,61.64489448488629,1.085455,1.096774,1.065693,1.041096
1,63.63182841908188,1.028476,1.027682,1.041096,0.978618
1,61.76535428403397,0.996743,0.984848,0.978618,0.902521
0,54.135764743927396,0.906863,0.911111,0.902521,0.968343
0,52.10418238092509,0.945946,0.943715,0.968343,1.1
1,60.62284868943887,1.1,1.1,1.1,1.1
1,65.99150906209636,1.055385,1.068493,1.1,0.9
0,50.17644872967472,0.9,0.9,0.9,1.1
1,55.459973974703786,1.1,1.09542,1.1,1.1
1,62.32145948134251,1.1,1.1,1.1,1.1
1,67.83806967255785,1.1,1.1,1.1,0.935638
1,63.412475891876895,0.9,0.909747,0.935638,0.905732
1,57.84350075599005,0.924433,0.919312,0.905732,0.980309
1,56.82670426838373,0.959128,0.984173,0.980309,0.941176
0,53.84174050529566,0.960227,0.957602,0.941176,1.1
1,57.69414460765323,1.1,1.096183,1.1,0.9
0,52.02608635986629,0.9,0.9,0.9,1.014019
0,52.590381400218575,1.009036,1.00312,1.014019,0.963134
0,50.871947377338586,0.979104,0.975117,0.963134,0.964912
0,49.28225448791499,0.929878,0.955343,0.964912,1.066116
0,52.20657529548474,1.07541,1.051753,1.066116,0.967442
0,50.5584037400698,0.984756,0.990476,0.967442,1.033654
0,52.184081251779,1.043344,1.027244,1.033654,1.049612
1,54.632053036295,1.017804,1.045242,1.049612,0.939439
0,51.027458633222714,0.941691,0.947761,0.939439,0.926101
0,47.184162751758464,0.919505,0.903937,0.926101,1.003396
0,47.36583326961737,1.006734,1.02439,1.003396,1.01692
0,48.32296683267176,1.018395,1.011905,1.01692,0.948419
0,45.557244244604476,0.967159,0.952941,0.948419,1.022807
0,46.929005690395165,1.0,1.005291,1.022807,0.910806
0,42.334129619152236,0.906621,0.917544,0.910806,0.969868
0,41.00380409974108,0.975655,0.977055,0.969868,0.932039
0,38.17756889657872,0.950096,0.937378,0.932039,1.022917
0,39.5869366602216,1.016162,1.022965,1.022917,1.1
1,47.95096392870863,1.1,1.1,1.1,1.003552
1,48.16564042660577,0.904088,0.9875,1.003552,0.987611
1,47.428309945448,0.98087,0.971067,0.987611,1.023297
1,48.9900534658792,1.033688,1.057728,1.023297,0.93345
