1,100.0,1.04119,1.049645,1.026376,0.994413
1,81.02981029810321,1.032967,0.976351,0.994413,0.938202
1,24.953457019965235,0.904255,0.956171,0.938202,1.022754
1,40.31896385835514,1.009412,0.972256,1.022754,1.01171
1,46.5247922486785,1.019814,1.047146,1.01171,1.023148
1,56.30981739944361,1.028571,1.005924,1.023148,1.026018
1,64.38155363279684,1.021111,1.036514,1.026018,0.940463
1,43.88278122127299,0.948857,0.965909,0.940463,1.079719
1,60.80607774496638,1.066514,1.004706,1.079719,0.991314
1,58.56829875498966,0.988172,1.055035,0.991314,0.985761
1,55.02453600077387,0.991295,0.977802,0.985761,1.056667
1,64.18098660151965,1.070252,1.057889,1.056667,1.011567
1,65.79834340131669,0.990769,0.987124,1.011567,1.003119
1,66.2459854813815,1.028986,1.031522,1.003119,0.996891
1,65.32521937759965,0.974849,0.972603,0.996891,0.9
0,42.72743452989669,0.949432,0.900325,0.9,1.014019
0,45.045103728875866,0.953261,1.019254,1.014019,0.906682
0,34.806265220282555,0.90992,0.922078,0.906682,0.911055
0,28.72884839514107,0.9,0.9,0.911055,1.1
0,41.46525683972594,1.1,1.1,1.1,0.95614
0,38.28183861169833,0.95995,0.985564,0.95614,1.069463
0,45.149128488404486,1.1,1.049268,1.069463,0.910539
0,38.75309831155235,0.940828,0.926396,0.910539,1.04576
0,42.816350183586394,1.005031,1.013699,1.04576,0.970399
0,40.842407419178365,0.956195,0.956757,0.970399,1.04244
1,44.6647829777022,1.03534,1.088983,1.04244,1.003817
1,45.023421167266534,1.0,0.992218,1.003817,1.016477
1,46.63740304412404,1.030341,1.035294,1.016477,1.028678
1,49.46416696434522,1.02454,1.02399,1.028678,1.1
1,58.43370367916765,1.097006,1.061652,1.1,0.963816
1,54.48353847675108,0.960699,0.994193,0.963816,0.982935
1,52.738357589061685,1.001136,1.0,0.982935,1.00463
1,53.169142682355854,0.99319,1.007009,1.00463,1.03341
1,56.2804989538294,1.026286,1.018561,1.03341,0.984392
1,54.40143018807978,0.98441,0.964692,0.984392,1.073613
1,60.92459339894938,1.1,1.1,1.073613,0.938819
1,53.56151840286006,0.908818,0.93617,0.938819,0.996629
1,53.20335308209523,0.993385,0.992045,0.996629,1.034949
1,56.44450042662853,1.023307,1.019473,1.034949,0.961874
0,52.06038064042387,0.9859,0.978652,0.961874,1.041903
1,55.95508846681366,1.017602,1.021814,1.041903,1.005435
1,56.46975318268947,1.012973,1.029213,1.005435,1.04973
1,60.98640986932294,1.041622,1.039301,1.04973,0.927909
0,52.12335906421454,0.992828,0.940126,0.927909,1.036626
1,55.413074131521746,0.966976,1.017877,1.036626,1.089936
1,62.48023189894077,1.096051,1.075741,1.089936,0.982318
1,60.2754990455944,1.008763,1.012245,0.982318,0.957
1,55.259039581573475,0.927606,0.9375,0.957,1.030303
1,57.80931616222178,1.026015,1.044086,1.030303,0.921907
0,49.70751720090757,0.944219,0.929969,0.921907,0.976898
0,47.74234492172209,0.95811,0.96567,0.976898,1.074324
1,53.909680759676085,1.090807,1.080275,1.074324,0.931866
0,47.91245731534098,0.933196,0.935244,0.931866,1.066367
0,53.0211437563767,1.052863,1.052213,1.066367,0.988397
0,51.997189385150136,0.986402,0.979504,0.988397,1.010672
1,52.88793894155074,1.018028,1.035242,1.010672,1.039071
1,56.13154216273579,1.036458,1.034043,1.039071,1.1
1,67.99613295586379,1.1,1.1,1.1,0.989735
1,66.73532090572111,0.988126,0.992939,0.989735,0.987035
1,65.11011170135406,0.981974,0.983111,0.987035,1.08056
1,69.94466492632137,1.1,1.1,1.08056,0.989465
1,68.50025923751676,0.960648,0.995915,0.989465,1.023751
1,69.98911533209983,1.02249,1.022149,1.023751,0.9728
1,66.04755574881493,0.962294,0.917335,0.9728,1.023849
1,67.71752392132397,1.025306,1.073491,1.023849,1.000803
1,67.77638092510183,1.001592,0.99674,1.000803,1.085072
1,73.32755333416947,1.1,1.08749,1.085072,0.9
0,57.05165201599493,0.9,0.9,0.9,0.98402
0,55.50511076950604,1.0,0.986278,0.98402,1.046154
0,58.913993457381174,1.02592,1.041739,1.046154,0.990196
0,57.85327039904986,0.994295,0.998331,0.990196,0.9
0,30.42322809521931,0.9,0.9,0.9,0.941896
0,29.400893236689658,0.9,0.921659,0.941896,1.069805
0,32.17821768115341,1.05939,1.05,1.069805,0.9
0,30.102160348236186,0.921212,0.933333,0.9,1.032258
0,31.395960770481462,1.009868,1.003401,1.032258,1.1
0,41.93487944128988,1.1,1.1,1.1,0.992318
0,41.695643252417426,1.018892,1.001312,0.992318,1.1
1,47.45292201529197,1.090235,1.044561,1.1,0.924036
1,44.49042121891084,0.935374,1.005019,0.924036,0.9
1,40.581107492576336,0.905455,0.9,0.9,0.993046
0,40.382083158099626,0.990629,0.963483,0.993046,1.026611
1,41.55508129969896,0.990541,0.95481,1.026611,1.1
1,47.15380386247952,1.1,1.1,1.1,1.068841
1,50.23421697760639,1.044444,1.1,1.068841,0.910734
1,46.21352122475961,0.984323,0.919355,0.910734,1.014888
1,46.90864828438446,0.96132,1.018797,1.014888,1.026895
1,48.22963492995838,1.022485,1.02706,1.026895,1.05
1,50.74905456205622,1.028935,0.961677,1.05,0.9
0,42.792754011338594,0.9,0.905355,0.9,1.04502
0,44.8548226489922,1.030667,0.997249,1.04502,1.06658
1,47.97585280881567,1.098318,1.082759,1.06658,0.9
0,43.22346038377232,0.9,0.915924,0.9,1.05931
0,45.91990999441015,1.049933,1.054242,1.05931,1.003906
0,46.112197623383956,1.001285,1.001319,1.003906,0.944228
0,43.713050204799856,0.953787,0.956522,0.944228,0.986264
0,43.15077882169745,1.002692,0.987603,0.986264,0.997214
0,43.03156224109351,0.981208,0.987448,0.997214,0.928771
0,39.9969723672209,0.93844,0.933616,0.928771,0.942857
0,37.85490485778702,0.931487,0.944024,0.942857,0.9
0,32.608687221568545,0.9,0.9,0.9,1.057582
0,35.33993049075515,1.099048,1.046278,1.057582,0.987296
0,34.983657297612886,0.958406,1.026923,0.987296,0.952206
0,33.62761416890919,0.940325,0.919476,0.952206,1.046332
0,36.090237955811276,1.092308,1.1,1.046332,0.979705
0,35.44117785249274,0.955986,0.957486,0.979705,0.990584
0,35.1318929488903,0.985267,1.013514,0.990584,1.039924
0,37.595112668586765,1.026168,1.015238,1.039924,1.034735
1,39.821655993304375,1.043716,1.046904,1.034735,1.1
1,48.913153013703294,1.1,1.1,1.1,1.084098
1,53.628473950257494,1.067164,1.093313,1.084098,1.0
1,53.62847395025749,1.00979,0.975818,1.0,0.943583
1,49.7549593095343,0.933518,0.962099,0.943583,0.929746
1,45.588320051306994,0.924332,0.916667,0.929746,0.982315
0,44.645972037374726,0.995185,1.001653,0.982315,0.9
0,38.55937781353356,0.9,0.9,0.9,1.046904
0,41.320639264286264,1.038745,1.041667,1.046904,1.039427
0,43.71776394672833,1.058615,1.045455,1.039427,1.044828
0,46.49939358431071,1.038591,1.027826,1.044828,0.907591
0,41.71704862167658,0.911147,0.927242,0.907591,1.04
0,44.14733175703077,1.044326,1.038321,1.04,0.952797
0,41.84139566657957,0.942275,0.956063,0.952797,0.990826
0,41.41003619348624,0.992793,0.985294,0.990826,0.944444
0,38.82380576656432,0.956443,0.945896,0.944444,1.031373
0,40.94227297599064,1.009488,1.025641,1.031373,0.941065
0,38.18334918777551,0.947368,0.946154,0.941065,1.018182
0,39.45885914684123,1.011905,1.00813,1.018182,0.972222
0,38.1404963693646,0.984314,0.981855,0.972222,0.926531
0,34.91047555152764,0.908367,0.9,0.926531,0.971366
0,33.79739215027367,0.980263,0.970252,0.971366,0.941043
0,31.625566611173614,0.950783,0.978774,0.941043,1.00241
0,31.807073206663198,1.011765,1.0,1.00241,0.990385
0,31.44746549669357,0.986047,0.985542,0.990385,1.014563
0,32.6770110334999,1.002358,0.963325,1.014563,1.1
1,47.8008076271174,1.1,1.1,1.1,0.90748
1,42.43909443937701,0.904398,0.957983,0.90748,0.904555
0,38.12742621222773,0.947146,0.912281,0.904555,1.045564
0,40.91877635072548,0.973214,0.987981,1.045564,1.022936
1,42.39187210806379,1.043578,1.053528,1.022936,0.975336
0,41.175686895644425,0.982418,0.995381,0.975336,0.931034
0,37.97578179629889,0.923937,0.928074,0.931034,1.054321
0,41.562318908993426,1.050847,1.05,1.054321,1.007026
0,42.05437873772593,0.995392,1.009524,1.007026,1.095349
1,48.44369003978912,1.1,1.056604,1.095349,0.974522
1,46.816586308324915,0.989775,1.020089,0.974522,0.976035
1,45.3141101043965,1.002066,0.978118,0.976035,1.006696
1,45.82475849557991,0.946392,0.988814,1.006696,0.957871
0,43.08097857516206,0.95207,0.966063,0.957871,1.011574
0,44.03070820421936,1.004577,1.007026,1.011574,0.97254
0,42.21034764923168,0.981777,0.97907,0.97254,0.934118
0,38.23790775054009,0.925754,0.907363,0.934118,1.042821
0,41.81806529528419,1.042607,1.060209,1.042821,1.02657
0,44.07697684829879,1.028846,1.012346,1.02657,1.030588
1,46.71021643185569,1.035047,1.053659,1.030588,1.022831
1,48.71084563386727,1.020316,1.025463,1.022831,0.979911
1,47.00061994165904,0.997788,0.988713,0.979911,0.997722
1,46.80398857582216,1.017738,0.997717,0.997722,1.077626
1,53.87030940533184,1.041394,1.032037,1.077626,0.923729
1,46.78400299952357,0.926778,0.962306,0.923729,1.043578
1,50.485985647332605,1.031603,1.036866,1.043578,0.997802
1,50.287702841656376,0.997812,0.997778,0.997802,1.013216
1,51.51805706896882,1.019737,1.011136,1.013216,0.984783
1,49.96438848807611,1.0,0.993392,0.984783,1.03532
1,53.422075406863776,1.010753,1.015521,1.03532,1.008529
1,54.272832247800615,1.025532,1.030568,1.008529,0.976744
1,51.487697786497556,0.973029,0.966102,0.976744,1.008658
1,52.44340836225162,1.004264,1.013158,1.008658,0.976395
0,49.55235452511181,0.972399,0.963203,0.976395,0.967033
0,45.84123583397885,0.99345,0.98427,0.967033,0.972727
0,43.062697152789596,0.956044,0.974886,0.972727,1.023364
0,46.000055169996465,1.009195,1.01171,1.023364,0.931507
0,39.42839587815336,0.95672,0.939815,0.931507,1.02451
0,42.38320358162819,1.007143,1.007389,1.02451,1.007177
0,43.27717561524447,0.997636,1.01467,1.007177,1.023753
0,46.269829379802005,1.021327,1.024096,1.023753,1.020882
1,48.88370654115536,1.030162,1.014118,1.020882,1.009091
1,50.04684664115972,1.022523,1.025522,1.009091,0.954955
0,44.584141381713366,0.936123,0.941176,0.954955,0.96934
0,41.41943609813696,0.974118,0.980769,0.96934,1.058394
1,48.664222440375845,1.057971,1.02451,1.058394,0.9
0,36.81482616788767,0.9,0.9,0.9,0.992042
0,36.32217868283642,0.994778,1.016349,0.992042,1.0
0,36.322178682836416,1.002625,0.994638,1.0,1.010695
0,37.613144420302405,1.034031,1.018868,1.010695,0.994709
0,37.206976529044354,0.964557,0.984127,0.994709,1.007979
0,38.28354793498361,1.013123,1.013441,1.007979,1.029024
0,42.19681365769536,1.010363,1.015915,1.029024,0.992308
0,41.425345893783216,1.030769,1.007833,0.992308,1.03876
1,46.67492284039591,1.024876,1.028497,1.03876,1.014925
1,48.657087588417475,1.0,1.015113,1.014925,1.036765
1,53.327879120912584,1.036408,1.032258,1.036765,1.021277
1,55.919054559107174,1.028103,1.03125,1.021277,0.974537
1,52.11099684513852,0.961276,0.962704,0.974537,0.988124
1,50.429895961179696,0.990521,1.0,0.988124,1.007212
1,51.442082100279414,1.002392,1.002421,1.007212,1.073986
1,60.43291175599694,1.1,1.067633,1.073986,1.04
1,64.53864334483686,1.025974,1.036199,1.04,1.044872
1,68.62862607965411,1.061181,1.054585,1.044872,0.95501
1,60.72668524592954,0.934394,0.94824,0.95501,1.008565
1,61.592580953403285,1.031915,1.0131,1.008565,1.021231
1,63.74469032899042,1.006186,0.997845,1.021231,1.045738
1,67.99373741513375,1.065574,1.084233,1.045738,1.013917
1,69.2294438635163,1.009615,0.996016,1.013917,0.966667
1,62.88009615507423,0.948571,0.976,0.966667,1.028398
1,65.67229792550863,1.03012,1.014344,1.028398,0.962525
1,59.1675052072175,0.959064,0.969697,0.962525,1.022541
1,61.54246602493691,1.022358,1.022917,1.022541,1.034068
1,64.93671756124398,1.043738,1.034623,1.034068,0.912791
0,51.88295833536017,0.946667,0.911417,0.912791,1.002123
0,52.11333159042391,0.961771,1.015119,1.002123,1.025424
0,54.90356951643045,1.027197,1.025532,1.025424,1.008264
0,55.82750568103284,0.995927,0.993776,1.008264,1.004098
0,56.30949954128988,1.00409,1.008351,1.004098,1.038776
1,60.69705814324092,1.046843,1.043478,1.038776,1.019646
1,62.81371190482461,1.019455,1.001984,1.019646,0.963391
1,56.578975105578884,0.954198,0.968317,0.963391,1.1
1,67.26164105488063,1.1,1.1,1.1,1.050179
1,70.97423895465967,1.065603,1.038113,1.050179,0.981229
1,67.72494496938023,0.960067,0.961538,0.981229,0.949565
1,59.93461301333694,0.993068,0.990909,0.949565,1.005495
1,60.44155061177456,0.966841,0.990826,1.005495,1.058288
1,65.4615272679641,1.055957,1.044444,1.058288,1.065404
1,70.28401250096701,1.063248,1.072695,1.065404,1.01454
1,71.30590203201136,1.073955,1.033058,1.01454,1.022293
1,72.86887611620244,0.97006,0.9584,1.022293,0.904984
0,58.035516198742386,0.925926,0.953255,0.904984,1.030981
1,60.5851879745756,1.0,1.019264,1.030981,1.005008
1,61.01037972497456,1.008333,1.020619,1.005008,0.948505
0,54.47127848663426,0.980165,0.957912,0.948505,1.0
0,54.47127848663426,0.969646,0.994728,1.0,0.980736
0,52.1701707663967,0.973913,0.969965,0.980736,1.055357
0,57.605574709720884,1.0625,1.047359,1.055357,1.059222
1,62.75222192367418,1.070588,1.048696,1.059222,1.00639
1,63.30056411910144,1.026688,1.039801,1.00639,0.990476
1,61.83019010229844,0.955657,0.972887,0.990476,0.969551
1,57.29182016990214,1.0128,0.990164,0.969551,1.013223
1,58.66748370812118,0.982622,1.003311,1.013223,1.021207
1,60.8730264053517,1.036977,1.028053,1.021207,1.067093
1,66.9997879302087,1.066667,1.067416,1.067093,1.005988
1,67.52139973031942,0.988372,0.983459,1.005988,1.050595
1,71.62669346098576,1.060294,1.071865,1.050595,1.041076
1,74.57828064559588,1.023578,1.018545,1.041076,1.057143
1,78.1271289400587,1.063686,1.078431,1.057143,1.1
1,87.14551302411586,1.1,1.1,1.1,0.974306
1,82.47449828470579,0.986667,1.040956,0.974306,1.03692
1,83.78488354098802,1.036383,1.027322,1.03692,0.986775
1,81.35180720535793,0.973922,1.003191,0.986775,0.969072
1,75.87589499365201,0.974253,0.990456,0.969072,0.906383
0,62.57107535430449,0.953488,0.9,0.906383,0.946009
0,56.94953667943647,0.902439,0.970803,0.946009,1.060794
0,60.97190528171064,1.074939,1.062657,1.060794,1.032749
0,63.09392091420719,1.049143,1.037736,1.032749,0.91393
0,54.441432661125866,0.9,0.901136,0.91393,1.054523
0,58.02996298968396,1.054455,1.035309,1.054523,1.099882
1,63.93921687088419,1.1,1.1,1.099882,0.9
0,53.8524140756849,0.932851,0.9,0.9,1.020457
0,55.087778416278546,0.950166,1.02439,1.020457,1.009434
1,55.688930088238465,1.002331,0.959524,1.009434,0.928738
0,50.174197161653176,0.936047,0.975186,0.928738,0.9
0,43.8161625160253,0.9,0.9,0.9,1.037921
0,46.204305533143724,1.057423,1.054363,1.037921,1.093369
0,51.83835033951946,1.074172,1.052917,1.093369,1.043317
1,54.444601497080214,1.045623,1.069588,1.043317,1.01898
1,55.62675194803163,1.061321,1.03253,1.01898,0.974389
1,53.56835744407284,0.934444,0.94049,0.974389,1.046595
1,56.632018592189375,1.060642,1.055831,1.046595,1.022831
1,58.15677986504776,1.022422,1.042303,1.022831,0.998884
1,58.04688781570494,0.992325,1.0,0.998884,1.1
1,66.6085239489104,1.1,1.1,1.1,0.98335
1,64.69031930726331,0.966603,0.97716,0.98335,1.1
1,75.3486628986221,1.1,1.1,1.1,0.950846
1,69.53109862627123,0.923196,0.960166,0.950846,1.095763
1,73.5977737598578,1.088235,1.051858,1.095763,1.1
1,77.89899994880106,1.1,1.0682,1.1,0.950207
1,71.95803768593737,0.97865,1.046154,0.950207,1.1
1,76.62439514606655,1.1,1.1,1.1,1.007747
1,76.9081583340902,1.018273,0.996732,1.007747,0.9
1,65.12980678444914,0.9,0.9,0.9,1.1
1,73.44169369141689,1.1,1.1,1.1,0.989474
1,72.37997289897909,0.964692,0.923977,0.989474,0.919031
1,64.71192679824443,0.952184,0.922152,0.919031,1.1
1,70.93298156522043,1.1,1.1,1.1,1.1
1,78.68137850207074,1.1,1.1,1.1,1.034722
1,79.6321290344639,1.05897,1.092576,1.034722,0.9
0,57.45368712419605,0.9,0.9,0.9,0.9
0,44.85729915384494,0.9,0.9,0.9,0.9
0,42.5857629835229,0.9,0.9,0.9,1.07677
0,44.30539746345803,1.092722,1.071351,1.07677,1.1
1,55.0100853619737,1.1,1.1,1.1,0.961772
0,53.775496855407795,1.061893,0.961772,0.961772,1.0
0,53.77549685540781,1.0,1.0,1.0,1.1
1,56.62485346982913,0.996571,1.072555,1.1,0.9
0,49.172536015885925,0.9,0.9,0.9,0.9
0,44.51454111645016,0.9,0.9,0.9,0.9
0,42.60104092888738,1.040431,0.980296,0.9,1.1
0,46.912202851349136,1.06563,1.1,1.1,0.9
0,43.73362347016947,0.9,0.9,0.9,1.069882
0,45.25836110041095,1.087753,1.050505,1.069882,0.955842
0,44.38271699649238,0.935284,0.990385,0.955842,1.06641
0,46.00010514135624,1.070142,1.035922,1.06641,1.1
1,49.71993849161609,1.1,1.1,1.1,1.043273
1,50.94779846440066,1.039261,1.040404,1.043273,0.993213
1,50.72948626287345,1.006667,1.05178,0.993213,1.061503
1,52.69417780241302,1.044886,1.054615,1.061503,1.1
1,56.3931545567234,1.1,1.053246,1.1,1.012195
1,56.82489104119918,0.994424,1.054017,1.012195,0.903614
1,52.358791820704525,0.986293,0.936268,0.903614,0.999298
1,52.32965254837959,0.918509,0.985965,0.999298,1.1
1,57.94978844512832,1.1,1.045552,1.1,0.99575
1,57.71974980058289,1.037037,1.1,0.99575,1.061585
1,60.176155762905914,1.023419,1.018405,1.061585,0.966111
1,58.05431673422266,0.982838,0.993976,0.966111,0.918549
0,53.35020802666158,0.934226,0.9,0.918549,0.9
0,41.44460294266448,0.9,0.9,0.9,1.1
0,45.128765410487105,1.045833,1.1,1.1,0.9
0,40.98522867322238,0.9,0.9,0.9,1.040698
0,42.260684713794,1.053384,1.086294,1.040698,1.056797
0,44.14869064074497,1.058824,0.948598,1.056797,1.1
0,49.669141078375766,1.1,1.1,1.1,0.930566
0,47.23458293561705,0.941353,0.964783,0.930566,1.014599
0,47.77395690715247,1.029553,1.025467,1.014599,0.940847
0,45.70547040688164,0.936385,0.962748,0.940847,1.1
1,52.315646388049196,1.1,1.1,1.1,1.032212
1,53.561060428236054,1.025388,1.08193,1.032212,1.006241
1,53.82083617465731,1.00619,0.997877,1.006241,1.01654
1,54.550956552845555,1.010253,1.028369,1.01654,1.1
1,60.590167349500845,1.1,1.1,1.1,1.005914
1,60.849539444044844,1.007067,0.964436,1.005914,0.990006
1,60.12509013313592,1.012281,1.04375,0.990006,0.92696
1,55.02098143725376,0.986135,0.932335,0.92696,0.9
0,47.962507487770054,0.9,0.9,0.9,0.982392
0,47.17255205435617,0.977682,0.976727,0.982392,0.982823
0,46.3841074377895,0.981591,0.984627,0.982823,1.098024
0,51.300565054837534,1.090023,1.091335,1.098024,1.008997
0,51.78043152372404,1.029594,1.027897,1.008997,0.997942
0,51.653939681132876,1.001337,1.002088,0.997942,0.9189
0,46.810179871098015,0.922563,0.904167,0.9189,1.014211
0,47.661237319209164,0.984081,1.033794,1.014211,1.1
1,53.48297288804547,1.1,1.026746,1.1,0.965863
1,51.21567942770695,0.963672,1.041968,0.965863,0.983368
1,50.138497011029884,0.99109,0.983333,0.983368,0.919662
0,45.26817581105218,0.925311,0.915254,0.919662,0.995402
0,45.02030476131613,0.9858,0.99537,0.995402,0.989992
0,44.45236216638341,0.978014,0.98062,0.989992,1.031882
0,46.734627668823315,1.050388,1.043478,1.031882,0.993971
0,46.33459381663503,0.98524,0.979545,0.993971,1.004549
0,46.7030671985947,1.002996,1.006961,1.004549,1.042264
1,50.143810270160856,1.041822,1.048387,1.042264,0.973208
0,47.941589584213794,0.972043,0.9663,0.973208,1.064732
1,53.151620401317665,1.075221,1.081122,1.064732,1.001398
1,53.267408701589986,0.996571,1.000701,1.001398,1.02582
1,55.46057287687463,1.013076,0.983882,1.02582,1.017687
1,56.98812474254364,1.031929,1.047721,1.017687,0.975936
1,54.215514896785436,0.971692,0.972808,0.975936,1.030137
1,56.97101454713021,1.049458,1.044724,1.030137,1.042553
1,60.67806804872539,1.035507,1.044147,1.042553,1.049745
1,64.67270607137853,1.058603,1.049968,1.049745,0.969016
1,60.35534308457451,0.942285,0.95363,0.969016,1.037618
1,63.446967319394744,1.04125,1.014075,1.037618,1.061631
1,68.01364534059148,1.054622,0.998107,1.061631,1.002846
1,68.22322125205078,1.003984,1.085967,1.002846,1.020431
1,69.75954288793132,1.03288,1.037253,1.020431,0.978309
1,66.03483544985296,0.969813,0.955107,0.978309,0.959636
1,59.77730076187713,0.96661,0.964747,0.959636,0.954384
0,53.820723773287405,0.954333,0.963459,0.954384,0.986344
0,52.21965103401135,0.989571,1.001896,0.986344,0.914412
0,43.58741090618692,0.902046,0.9,0.914412,1.027529
0,46.39418351236593,1.029553,1.048399,1.027529,0.99866
0,46.27022182874741,1.004005,1.004752,0.99866,1.063045
0,52.67101328846056,1.060505,1.047973,1.063045,0.953312
0,47.83939255319704,0.984326,0.973565,0.953312,1.038385
0,51.587881285819414,1.003185,1.017219,1.038385,0.975781
0,49.0983327335149,0.980952,0.990885,0.975781,0.976486
0,46.79439704599293,0.982524,0.980946,0.976486,1.026087
1,49.55599201354187,1.02635,1.020094,1.026087,0.994133
1,48.92489646844349,1.002567,0.977019,0.994133,0.92918
0,42.010931416989536,0.924456,0.94086,0.92918,1.008469
0,42.975211336612,1.003463,1.017857,1.008469,0.927222
0,37.2015097727293,0.944099,0.924912,0.927222,0.939623
0,33.47580320004224,0.923977,0.940061,0.939623,0.967068
0,31.722358382440646,0.962816,0.933818,0.967068,0.958472
0,29.68059887142993,0.96138,0.994814,0.958472,0.928943
0,26.651024864652236,0.945299,0.9,0.928943,1.015858
0,28.285342942807638,0.986438,1.054081,1.015858,0.934803
0,25.708902096315203,0.943171,0.941231,0.934803,0.944008
0,23.832084977014578,0.938776,0.913776,0.944008,1.049948
0,28.561646991053212,1.054865,1.084599,1.049948,1.02775
0,31.243673102863905,1.025515,1.014,1.02775,0.960463
0,29.497348182053262,0.969378,0.964497,0.960463,1.096386
1,38.206534437859595,1.09773,1.1,1.096386,1.050366
1,42.582674608590104,1.059353,1.057354,1.050366,0.989538
1,41.885698842945075,0.971138,0.985127,0.989538,0.903965
0,36.10498070384704,0.925699,0.905861,0.903965,1.005848
0,36.62348672800522,0.98678,1.005882,1.005848,0.995155
0,36.358698564331576,1.003828,1.0,0.995155,0.964946
0,34.42861711072984,0.961868,0.961988,0.964946,1.038345
0,38.16026539885556,1.03667,1.036474,1.038345,1.025267
1,40.64905637957738,1.01434,1.01173,1.025267,1.008531
1,41.52632986892555,1.00754,1.010628,1.008531,0.989662
0,40.73383307185419,0.990645,0.998088,0.989662,0.984805
0,39.55147602889325,0.983003,0.982759,0.984805,0.997107
0,39.32101154856366,1.001921,0.996101,0.997107,0.975822
0,37.366974995374164,0.967402,0.976517,0.975822,1.004955
0,38.03026328809331,1.014866,1.009018,1.004955,1.017751
1,40.474207644362885,1.010742,1.016882,1.017751,0.959302
0,36.824867655594595,0.958454,0.948242,0.959302,0.986869
0,35.75039453646217,1.011089,1.004119,0.986869,0.98567
0,34.580217822638396,0.961117,0.969231,0.98567,0.98027
0,33.001465205892025,0.986515,0.987302,0.98027,0.911017
0,27.108852901414533,0.963197,0.912111,0.911017,0.944186
0,24.425015901324947,0.9,0.951821,0.944186,1.022167
0,27.33046535959576,1.017032,1.019753,1.022167,0.966265
0,25.676804509210733,0.9689,0.958838,0.966265,1.004988
0,26.362271342314944,1.0,1.010101,1.004988,0.970223
0,24.879611256462333,0.977778,0.97625,0.970223,1.021739
0,27.969873330531815,1.012626,0.982074,1.021739,1.017522
0,30.50531077581376,1.021197,1.052151,1.017522,0.97048
0,28.643913940667577,0.970696,0.975217,0.97048,1.062104
1,37.08480998529588,1.1,1.060991,1.062104,0.972554
1,34.99239583252999,0.929545,0.964072,0.972554,0.9
0,28.27059179384316,0.914425,0.9,0.9,0.962759
0,26.618616362741125,0.954545,0.927978,0.962759,1.007163
0,27.46392183124268,0.992997,1.022388,1.007163,1.012802
0,29.04826048567712,1.019746,1.032117,1.012802,1.016854
0,31.20585025823982,1.005533,1.015559,1.016854,1.033149
0,35.43467647216619,1.037139,1.026462,1.033149,1.020053
1,37.999901172354534,1.030504,1.024423,1.020053,0.920052
0,32.3678875405688,0.970399,0.927152,0.920052,1.054131
1,38.48441376730306,0.988064,1.044286,1.054131,0.975676
0,36.78725353471505,0.991946,0.984952,0.975676,1.022161
1,39.34770965660426,1.012179,1.022222,1.022161,0.95122
0,35.83098308197735,0.969251,0.951087,0.95122,1.012821
0,37.33877943098714,0.986207,1.011429,1.012821,1.016878
0,39.383944622583726,1.012587,1.004237,1.016878,1.006916
1,40.25888072864971,1.029006,1.021097,1.006916,1.008242
1,41.35284106393771,0.989262,0.998623,1.008242,0.972752
0,38.802207429418345,0.989145,0.984828,0.972752,0.962185
0,35.60904164201155,0.957476,0.959384,0.962185,0.979622
0,34.04459015757502,0.974212,0.969343,0.979622,1.022288
0,37.22676634870828,1.066176,1.016566,1.022288,0.902616
0,30.214512661442225,0.9,0.9,0.902616,1.046699
0,35.847321089219115,1.046474,1.036667,1.046699,0.970769
0,33.91578837328305,1.007657,0.998392,0.970769,0.992076
0,33.405675009579376,0.954407,0.990338,0.992076,0.972843
0,31.66199548634784,0.977707,0.969106,0.972843,1.013136
0,33.42314189234925,1.02443,1.030201,1.013136,0.920583
0,28.567026655351718,0.930048,0.920195,0.920583,1.015845
0,30.56259366069615,0.988034,1.00531,1.015845,0.974003
0,29.10329820740562,1.00692,0.987676,0.974003,0.94484
0,26.30760534162521,0.926117,0.944742,0.94484,1.001883
0,26.552706877701972,1.001855,0.992453,1.001883,1.003759
0,27.07511962812751,1.0,1.011407,1.003759,1.016854
0,29.505046474361688,1.037037,1.018797,1.016854,0.998158
0,29.387873404551165,0.973214,0.987085,0.998158,0.98155
0,28.182568936629423,0.983486,0.985047,0.98155,0.981203
0,26.990439936342444,0.990672,0.981025,0.981203,0.908046
0,22.14764436175276,0.911488,0.9,0.908046,0.921941
0,19.276474126204626,0.907025,0.917031,0.921941,1.1
1,39.398802764025824,1.1,1.1,1.1,1.011429
1,40.488072390295784,0.998127,1.026,1.011429,1.1
1,55.33129521532226,1.1,1.052632,1.1,1.077287
1,60.39240957615434,1.096215,1.1,1.077287,0.9
1,49.6384406569474,0.910791,0.921997,0.9,0.986577
1,48.778301905179795,0.935229,0.964467,0.986577,0.965986
1,46.60410320572376,0.986486,0.991228,0.965986,1.1
1,53.81000750902333,1.09589,1.076106,1.1,1.007899
1,54.32067895662287,1.020312,1.016447,1.007899,0.981191
1,52.81157644653608,1.016845,1.011327,0.981191,0.955272
0,49.36539873093163,0.909639,0.9216,0.955272,1.031773
0,51.67004958527459,1.046358,1.019097,1.031773,0.957861
0,48.42212440697752,0.957278,0.991482,0.957861,1.025381
0,50.360754301926484,1.01157,1.02921,1.025381,0.910891
0,43.955558092697636,0.923203,0.904841,0.910891,1.019928
0,45.47682343280719,1.010619,1.020295,1.019928,1.031972
0,47.96582734245304,1.035026,1.0434,1.031972,1.070568
1,53.20583764689812,1.059222,1.055459,1.070568,1.033762
1,55.66834509418218,1.036741,1.047619,1.033762,1.020218
1,57.17091074135238,1.072419,1.028213,1.020218,1.01372
1,58.22652193843818,0.961207,0.983232,1.01372,1.1
1,68.38851189475162,1.1,1.1,1.1,1.003876
1,68.61481072933034,0.935252,0.947781,1.003876,0.969112
1,64.6288028017388,0.987179,1.026171,0.969112,0.969456
1,60.973187668200566,0.954545,0.966443,0.969456,0.99863
1,60.81212999591464,0.997279,1.001389,0.99863,0.939643
0,54.04734162006158,0.963165,0.945908,0.939643,0.989781
0,53.03653246025121,0.964589,0.956012,0.989781,1.011799
0,54.093224059245244,1.013216,0.981595,1.011799,1.007289
0,54.778083992104804,1.031884,1.065625,1.007289,0.946454
0,48.95757137861301,0.962079,0.947214,0.946454,0.995413
0,48.50751426432031,0.953285,0.990712,0.995413,0.904762
0,40.26860896079769,0.943338,0.90625,0.904762,1.016978
0,41.980313731511735,1.00974,1.027586,1.016978,1.055092
0,47.34298406237233,1.069132,1.057047,1.055092,0.969937
0,44.776826166696104,0.944361,0.966667,0.969937,1.047308
0,49.29447157532444,1.025478,1.031199,1.047308,1.006231
1,49.90323303939448,1.023292,1.019108,1.006231,0.972136
0,47.159402228948444,0.974203,0.978125,0.972136,0.966561
0,44.112084755925764,0.953271,0.963259,0.966561,0.957166
0,40.61300922892863,0.972222,0.960199,0.957166,0.946644
0,36.858866827894175,0.94958,0.939551,0.946644,1.025455
0,39.57537227932172,1.0,1.016544,1.025455,1.019504
0,41.697797999049364,1.028319,1.034358,1.019504,0.991304
0,40.99295922113138,1.015491,0.98951,0.991304,1.040351
0,45.55226772677154,1.020339,1.040636,1.040351,1.021922
1,47.99803483565127,1.011628,1.020374,1.021922,1.00495
1,48.572146391765315,1.024631,1.003328,1.00495,0.949097
0,43.257623178587664,0.932692,0.93864,0.949097,0.991349
0,42.4508409832636,1.005155,0.989399,0.991349,1.015707
1,44.45885022203212,0.996581,1.025,1.015707,0.97079
0,41.5124218270421,0.994854,0.97561,0.97079,1.040708
1,46.66271733799955,1.015517,1.026786,1.040708,0.967687
0,43.272764911986386,0.974533,0.975652,0.967687,0.97188
0,40.598036606868,0.968641,0.976827,0.97188,0.931284
0,35.05593062681005,0.965827,0.937956,0.931284,1.005825
0,35.801040174813394,0.990689,0.998054,1.005825,1.007722
0,36.841524847146765,0.981203,1.005848,1.007722,1.030651
0,40.96321258890088,1.030651,1.027132,1.030651,0.996283
0,40.606487568263624,0.998141,0.998113,0.996283,1.027985
1,44.50953537126169,1.03352,1.039698,1.027985,0.994555
