1,100.0,1.027081,1.055907,1.02008,1.009843
1,100.0,1.023438,1.0,1.009843,0.9
1,19.290695948953804,0.90458,0.907093,0.9,1.034973
1,35.46217106764391,1.011603,1.031938,1.034973,1.059134
1,53.15247865669836,1.049009,1.040555,1.059134,1.011964
1,55.93954865765594,1.018887,1.017436,1.011964,1.047291
1,64.92769678063215,1.047805,1.035282,1.047291,0.990593
1,62.08612093930336,1.0,1.012658,0.990593,0.983856
1,57.480547071205315,1.000931,0.990385,0.983856,1.015444
1,60.453913810117875,0.990698,1.009709,1.015444,1.0
1,60.45391381011786,0.993427,0.980769,1.0,1.002852
1,61.04626673304953,1.021739,1.030392,1.002852,0.994313
1,59.13834364774194,0.978723,0.983825,0.994313,0.949476
0,45.585323193724484,0.954631,0.962282,0.949476,0.937751
0,35.37273023903902,0.957426,0.929648,0.937751,0.907923
0,26.50319809418786,0.916236,0.902703,0.907923,0.908019
0,21.289186126179068,0.9,0.912575,0.908019,0.98961
0,20.836416955120956,0.991105,0.992126,0.98961,0.922572
0,17.825455869458832,0.908974,0.9,0.922572,1.02845
0,21.943165387030987,1.052186,1.086495,1.02845,0.959889
0,20.35076651944156,0.931635,0.935754,0.959889,1.004323
0,20.989537427025343,1.015827,1.032836,1.004323,0.978479
0,20.120656311829357,1.0,0.975434,0.978479,1.052786
0,27.841117023900868,1.025496,1.045926,1.052786,0.9039
0,23.210627691255414,0.907459,0.9,0.9039,1.1
1,35.58431588864909,1.1,1.072231,1.1,1.031812
1,38.880839786740346,1.030345,1.077844,1.031812,1.1
1,50.31101335557588,1.1,1.1,1.1,1.017815
1,51.82696099483407,1.028436,1.038224,1.017815,1.1
1,60.76470224571424,1.1,1.1,1.1,0.990635
1,59.73188423876829,0.97855,0.970053,0.990635,1.039916
1,62.62075876218566,1.043841,1.079383,1.039916,0.957576
1,57.694134823900704,0.965,0.941777,0.957576,1.1
1,69.00959664901605,1.1,1.1,1.1,0.947741
1,63.086282589755164,0.955497,0.981326,0.947741,0.981308
1,61.16958553219068,1.008219,0.989534,0.981308,0.954286
1,56.71590243984989,0.92029,0.952885,0.954286,1.022954
1,58.28325072959845,1.011811,0.995964,1.022954,1.025366
1,60.04458967294281,1.036965,1.050659,1.025366,1.092293
1,65.83942067838927,1.1,1.089682,1.092293,1.1
1,74.98335429282658,1.1,1.1,1.1,0.994909
1,74.32268202599823,0.980905,0.985348,0.994909,0.982456
1,71.98095273493198,0.986301,0.98513,0.982456,0.924851
1,62.986810565757665,0.994152,0.922264,0.924851,0.972647
1,60.25724424902753,0.9,0.947627,0.972647,1.009926
1,60.90125608685942,1.036184,1.036269,1.009926,0.92629
0,53.85285582851058,0.926984,0.925,0.92629,0.962865
0,50.89272131461283,0.9375,0.941441,0.962865,1.044077
0,54.004405915564604,1.040183,1.073684,1.044077,1.007916
0,54.585478520114464,1.057068,1.018717,1.007916,0.927574
0,48.50023108400926,0.9,0.902012,0.927574,1.0254
0,50.435932703063315,1.051643,1.037827,1.0254,1.005505
0,50.87779117830796,0.986607,1.011215,1.005505,0.975365
0,48.77075065203906,0.969231,0.917745,0.975365,1.091674
1,55.90829087821498,1.1,1.1,1.091674,1.001714
1,56.042891880239324,1.00339,1.036607,1.001714,1.074423
1,61.54266179763832,1.079392,1.047373,1.074423,1.023885
1,63.25014982246015,1.032864,1.056743,1.023885,0.966563
1,59.193352885995054,0.944697,0.935409,0.966563,1.1
1,66.64165431367563,1.1,1.1,1.1,0.959479
1,61.75140412101873,0.980548,0.975664,0.959479,1.025641
1,63.50255415013163,1.019838,1.007559,1.025641,1.068382
1,67.83981121729693,1.058357,1.069017,1.068382,0.92223
1,58.71030651771585,0.914227,0.917895,0.92223,0.990299
1,57.74748616632488,1.0,0.95948,0.990299,1.009043
1,58.425257288783705,1.0,1.010359,1.009043,0.910381
0,49.81906974858098,0.928518,0.947161,0.910381,0.979491
0,48.22528942487588,0.963913,0.976686,0.979491,0.932161
0,43.38268526582733,0.935108,0.930094,0.932161,0.982929
0,42.30945038975646,0.975089,0.983501,0.982929,0.985375
0,41.381059190669475,0.998175,0.997204,0.985375,0.913729
0,36.3836233472434,0.92596,0.913084,0.913729,1.032487
0,39.10854301560124,1.023692,1.018424,1.032487,0.985251
0,38.28080705515055,0.969142,0.978894,0.985251,0.999002
0,38.22272589710292,1.034826,1.025667,0.999002,1.1
1,47.269434344269904,1.1,1.083083,1.1,1.009946
1,48.12646385525044,0.983493,1.018484,1.009946,0.98299
1,46.71416206762668,0.993816,0.980944,0.98299,0.985428
1,45.50318364584097,0.973333,0.989824,0.985428,0.942699
0,41.061210025594235,0.944292,0.949533,0.942699,0.959804
0,38.39217795436117,0.961315,0.954724,0.959804,0.983657
0,37.37128343743642,0.978873,0.95567,0.983657,0.929387
0,33.316471350023384,0.931141,0.962244,0.929387,0.931844
0,30.155603432161747,0.932671,0.926009,0.931844,1.039568
0,33.81393209369103,1.03432,1.026634,1.039568,0.931949
0,30.716215960829228,0.937071,0.949292,0.931949,0.972772
0,29.62633461918584,0.978022,0.971429,0.972772,1.007634
0,30.352160429603092,1.009988,1.008951,1.007634,0.987374
0,29.80049078771597,0.976514,0.963245,0.987374,1.080563
0,37.506816459902296,1.079747,1.097368,1.080563,0.956213
0,35.07171980829981,1.0,0.958034,0.956213,1.013614
0,36.3938694778942,0.98007,1.01627,1.013614,0.9
0,30.04475386579917,0.9,0.9,0.9,1.042076
0,33.576633989256834,1.008119,1.008427,1.042076,1.021534
0,35.44850275215809,1.024161,1.036212,1.021534,0.947299
0,32.94863712757175,0.95675,0.961022,0.947299,0.974965
0,31.85980948061572,0.982192,0.976224,0.974965,0.952924
0,29.908431330541656,0.953975,0.955587,0.952924,0.953593
0,28.163352494249168,0.954678,0.953523,0.953593,0.907378
0,25.155049390079306,0.9,0.9,0.907378,0.986159
0,24.768714994300133,0.974403,0.961471,0.986159,0.97193
0,23.975624387175568,0.978984,0.974499,0.97193,1.075812
0,30.285974859579202,1.071556,1.057944,1.075812,0.946309
0,28.354837555758937,0.948247,0.973498,0.946309,1.086879
0,35.17145121715738,1.1,1.090744,1.086879,1.009788
1,35.97474239464563,1.0032,1.019967,1.009788,0.978998
1,34.96385497284419,0.988836,0.985318,0.978998,0.99835
1,34.88265498512175,0.979032,0.985099,0.99835,1.014876
1,36.31614021894571,1.031301,1.018487,1.014876,1.019544
1,38.267484642909864,1.014377,1.023102,1.019544,1.054313
1,43.54566476171631,1.047244,1.040323,1.054313,1.1
1,58.24575466163221,1.1,1.1,1.1,0.982278
1,56.53835485878025,0.988651,1.033738,0.982278,0.9
1,47.989617446242804,0.9,0.9,0.9,0.94835
0,44.6746443605376,0.982808,0.97474,0.94835,0.928896
0,40.719891312379346,0.909621,0.916159,0.928896,1.04886
0,44.12022098765507,1.040064,1.043261,1.04886,1.037267
0,46.7516569345191,1.038521,1.036683,1.037267,0.98503
0,45.78420970139831,0.979228,0.993846,0.98503,0.99696
0,45.58105385702861,1.001515,1.004644,0.99696,1.030488
0,48.062906127467386,1.036309,1.032357,1.030488,0.93787
0,43.569155952869586,0.937226,0.944776,0.93787,0.966877
0,41.48081746817317,0.957944,0.944708,0.966877,0.982055
0,40.38877261939364,0.982114,0.979933,0.982055,1.076412
1,46.70723301425122,1.1,1.1,1.076412,0.929012
0,41.92193284634327,0.914671,0.927245,0.929012,1.024917
0,43.93892665116996,1.011457,1.015025,1.024917,0.928687
0,39.595032678727165,0.944984,0.9375,0.928687,0.944154
0,36.749502341880834,0.928082,0.931579,0.944154,0.935305
0,33.88144890977933,0.935424,0.93032,0.935305,0.94664
0,31.818466951247274,0.95858,0.963563,0.94664,1.025052
0,33.74921951370811,1.026749,1.021008,1.025052,0.977597
0,32.831424473467244,0.967936,0.985597,0.977597,0.99375
0,32.5712708200562,0.991718,0.977035,0.99375,1.031447
0,35.33054033691933,1.035491,1.034188,1.031447,0.971545
0,33.934765202865634,0.965726,0.975207,0.971545,0.968619
0,32.4553196877625,0.991649,0.978814,0.968619,0.952484
0,30.364410881786245,0.934737,0.939394,0.952484,1.043084
0,34.30102972192848,1.063063,1.02765,1.043084,1.063043
1,39.88689378594193,1.057203,1.078475,1.063043,0.97546
1,38.43083292367001,0.965932,0.972973,0.97546,1.08805
1,45.87777057077687,1.080913,1.040598,1.08805,1.009634
1,46.70421320712651,1.023033,1.047228,1.009634,1.001908
1,46.878923536569324,1.003752,1.017647,1.001908,1.04
1,50.54530155790076,1.041121,1.050096,1.04,0.937729
1,45.11598545895002,0.937163,0.92844,0.937729,1.044922
1,49.09910513472165,1.028736,1.041502,1.044922,1.001869
1,49.271484977914895,1.020484,1.00759,1.001869,0.927239
0,43.135983580168,0.930657,0.922787,0.927239,1.050302
1,47.63727119858001,1.031373,1.053061,1.050302,1.011494
1,48.687107661358,1.005703,0.968992,1.011494,1.1
1,57.03603897683718,1.1,1.1,1.1,1.02921
1,59.2821394961056,1.010084,0.998239,1.02921,1.056761
1,63.402975489738814,1.079867,1.098765,1.056761,1.053712
1,66.9996684631795,1.033898,1.032103,1.053712,1.013493
1,67.89900927393624,1.031297,1.041991,1.013493,0.973373
1,64.13446709079331,0.963873,0.964179,0.973373,1.056231
1,68.05516420398348,1.046477,1.029412,1.056231,1.092086
1,73.45966244849525,1.1,1.1,1.092086,1.1
1,79.15616492613516,1.1,1.095816,1.1,1.059649
1,81.43578309180775,1.0553,1.05665,1.059649,1.012141
1,81.8956938394269,1.025109,1.058275,1.012141,0.9
1,63.07781475714653,0.911608,0.9,0.9,1.059194
1,66.26741771337231,0.984813,1.036755,1.059194,0.946492
1,60.84751588384629,0.966785,0.959658,0.946492,0.9
0,52.25584379564238,0.907975,0.9,0.9,0.901685
0,46.378813711752265,0.9,0.905444,0.901685,0.909657
0,42.14896706915557,0.915902,0.919304,0.909657,1.068493
0,45.81898988764978,1.06177,1.05852,1.068493,1.1
1,57.21801827252422,1.1,1.1,1.1,1.0
1,57.21801827252422,1.01519,1.027778,1.0,0.992308
1,56.686041237240396,1.018703,0.994852,0.992308,1.071059
1,60.32727243568875,1.04284,1.031048,1.071059,1.073583
1,63.94728577926066,1.052817,1.067754,1.073583,0.957303
1,60.25856852675799,0.971014,0.984724,0.957303,0.994131
1,59.77001996038453,0.989667,0.994033,0.994131,1.035419
1,61.77264269537222,1.051044,1.051621,1.035419,0.9
0,52.647095696519095,0.901766,0.9,0.9,0.965385
0,50.414574730031426,0.930233,0.92545,0.965385,0.942895
0,46.996540609005976,0.955263,0.926389,0.942895,0.990141
0,46.444502739660315,1.012397,1.037481,0.990141,1.1
0,53.93637323448172,1.1,1.1,1.1,0.97604
0,52.2738546592231,0.997576,1.006519,0.97604,0.909561
0,46.57758131936226,0.902795,0.910622,0.909561,1.007102
0,47.02166138403113,0.963661,0.992888,1.007102,0.995769
0,46.77044660721912,1.00838,1.007163,0.995769,1.1
1,57.06355864801847,1.1,1.1,1.1,0.980746
1,55.5819871977219,1.034483,0.995074,0.980746,1.017178
1,56.642749837058794,0.996552,0.997525,1.017178,1.027744
1,58.400401125876904,1.001153,1.047146,1.027744,1.076291
1,62.96922102422618,1.069124,1.055687,1.076291,1.06434
1,66.55937160062292,1.076509,1.06734,1.06434,0.97541
1,63.84768865660593,0.992993,0.983176,0.97541,0.940126
1,57.822447119499834,0.93246,0.95508,0.940126,1.031285
1,59.82794052117469,1.005405,0.984323,1.031285,1.010834
1,60.54941334467843,1.021505,0.997725,1.010834,1.022508
1,62.08920768433775,1.018947,1.075257,1.022508,0.922432
0,54.079140769915576,0.942149,0.932131,0.922432,0.960227
0,50.74463720462027,0.933114,0.934016,0.960227,0.937278
0,46.10831933102838,0.961222,0.950061,0.937278,1.012626
0,47.09057580819516,0.996333,0.997436,1.012626,1.051122
0,51.03141965983312,1.04908,1.077121,1.051122,1.042705
1,54.253368500018304,1.036257,1.03222,1.042705,1.1
1,61.39579494714579,1.1,1.1,1.1,0.945529
1,56.07933875765482,0.936747,0.956021,0.945529,0.933696
0,50.643732754555636,0.938907,0.933187,0.933696,1.006985
0,51.145332429866116,1.001142,1.004695,1.006985,0.96185
0,48.241427065648395,0.973774,0.957944,0.96185,0.918269
0,42.84334502451987,0.903981,0.914634,0.918269,0.971204
0,41.23569645018942,1.01943,0.981333,0.971204,1.051213
0,45.06980569326335,1.001271,1.044837,1.051213,0.978205
0,43.696253705070255,0.993655,0.985696,0.978205,0.996068
0,43.44462943383877,0.97318,0.976253,0.996068,1.1
1,55.712246343609635,1.1,1.1,1.1,0.973154
1,53.4749284700006,0.979121,0.973684,0.973154,1.034483
1,55.86105603140276,1.020202,1.0047,1.034483,1.1
1,63.51797169465343,1.1,1.1,1.1,0.9
1,54.11739483873893,0.908734,0.949791,0.9,1.1
1,60.88158477159631,1.1,1.073789,1.1,0.991202
1,60.134413513610944,1.037464,1.026667,0.991202,0.989152
1,59.17846876630745,0.930556,0.964036,0.989152,1.038883
1,61.51442294491218,1.077612,1.070466,1.038883,1.0
1,61.51442294491217,1.0,1.0,1.0,1.0
1,61.51442294491217,1.0,1.0,1.0,1.0
1,61.514422944912184,1.0,1.0,1.0,1.0
1,61.51442294491217,1.0,1.0,1.0,1.0
1,61.51442294491216,1.0,1.0,1.0,1.0
1,61.51442294491218,1.0,1.0,1.0,1.0
1,61.51442294491218,1.0,1.0,1.0,1.0
1,61.51442294491216,1.0,1.0,1.0,1.0
1,61.51442294491217,1.0,1.0,1.0,1.0
1,61.51442294491217,1.0,1.0,1.0,1.0
1,61.51442294491216,1.0,1.0,1.0,1.0
1,61.51442294491217,1.0,1.0,1.0,1.076775
1,70.56801378481579,1.036011,1.016457,1.076775,1.032086
1,73.5799993226614,1.065954,1.081905,1.032086,1.028497
1,76.0041802209776,1.009197,1.035211,1.028497,1.1
1,83.84212503740466,1.1,1.1,1.1,1.002217
1,83.94669859746503,0.977825,0.970149,1.002217,1.00885
1,84.38211476614569,1.022677,1.038462,1.00885,0.952485
1,72.85509781277774,0.937768,0.948889,0.952485,0.984651
1,69.70008479601339,0.98627,0.956284,0.984651,1.050663
1,73.68813714907705,1.050271,1.090612,1.050663,0.975519
1,68.74135491550544,0.97349,0.973802,0.975519,0.961977
0,61.95491894806373,0.964448,0.95465,0.961977,1.003162
0,62.27578117507152,1.002353,1.008857,1.003162,1.001576
0,62.44632156463364,1.003912,1.001596,1.001576,1.025964
0,65.23868427152199,1.048324,1.03506,1.025964,0.924847
0,52.70525104736974,0.907807,0.9,0.924847,0.940299
0,45.75091398011723,0.948403,0.976623,0.940299,1.007055
0,46.59411885564196,1.006908,1.00266,1.007055,0.981611
0,44.63297042143247,0.982847,0.981432,0.981611,0.991079
0,43.68993894508015,0.980803,0.992793,0.991079,1.005401
0,44.44834765629879,0.996441,1.008167,1.005401,1.03581
0,49.346375662342986,1.048214,1.028803,1.03581,1.017286
1,51.642234569223234,1.051959,0.997375,1.017286,1.068819
1,59.62398016431927,1.052632,1.096491,1.068819,1.034976
1,63.17928031134565,1.022308,1.016,1.034976,1.006912
1,63.87989032829648,0.997743,0.985039,1.006912,0.921434
1,51.74509044994524,0.918552,0.953637,0.921434,1.053808
1,57.26253559530608,1.091133,1.065381,1.053808,1.010998
1,58.366707365830194,0.981941,1.006294,1.010998,0.956488
0,52.521381789515864,0.963985,0.95387,0.956488,1.021121
1,54.78546103079806,1.031797,1.028689,1.021121,0.981702
0,52.404767343142616,0.98228,0.976892,0.981702,1.04376
1,57.116484261865835,1.016471,1.022838,1.04376,1.1
1,68.81451509542717,1.1,1.094099,1.1,0.981732
1,66.05688923484625,0.977333,1.040816,0.981732,0.984149
1,63.71458708317126,1.04161,0.998599,0.984149,1.004202
1,64.07248573923626,0.940406,0.978962,1.004202,1.039052
1,67.31307185085033,1.050836,1.058739,1.039052,0.99396
1,66.27838840322488,0.988072,0.987821,0.99396,1.048616
1,70.22187292537131,1.044266,1.041096,1.048616,0.974887
1,65.7374992784761,0.977521,0.976316,0.974887,0.999339
1,65.62178219465144,1.013798,1.007412,0.999339,1.060145
1,70.67976972153868,1.056384,1.055518,1.060145,0.941397
1,60.73874106038689,0.955215,0.953739,0.941397,0.944371
0,53.497605767168274,0.917791,0.913621,0.944371,1.000701
0,53.568573070649585,1.006998,1.024,1.000701,1.1
1,62.849236193998344,1.1,1.073153,1.1,0.949335
0,56.45352128593597,0.96125,0.959629,0.949335,1.1
1,68.68099231094835,1.1,1.1,1.1,1.086883
1,73.1042197329875,1.080556,1.053269,1.086883,0.9
0,53.78706386337282,0.9,0.901149,0.9,0.9
0,47.63853994841303,0.9,0.9,0.9,0.9
0,40.1375144753845,0.9,0.9,0.9,0.9
0,37.16180770252321,0.9,0.919255,0.9,1.0
0,37.16180770252321,1.0,1.0,1.0,1.1
0,49.230514216022954,1.1,1.1,1.1,0.902564
0,45.431793611200725,0.945055,0.9,0.902564,1.1
1,50.69908246305749,1.1,1.1,1.1,1.053457
1,52.84884091754191,1.0427,1.035766,1.053457,0.9
0,45.77036988720923,0.9,0.9,0.9,0.946385
0,44.07175094443952,0.9,0.9,0.946385,0.9
0,40.67286825763389,0.924658,0.9,0.9,1.1
1,47.075181274671976,1.1,1.1,1.1,0.952769
0,45.547731554788946,0.95607,0.95443,0.952769,1.023077
0,46.419304464508144,1.037594,1.043324,1.023077,1.1
1,50.5545938756508,1.1,1.1,1.1,1.069277
1,53.28160370780237,1.046681,1.043779,1.069277,1.014789
1,53.90651227264259,1.02439,1.041943,1.014789,0.998612
1,53.83265899626423,0.997279,0.984463,0.998612,1.1
1,58.95040577447253,1.1,1.1,1.1,1.010572
1,59.43750284224837,0.982196,1.027511,1.010572,1.017231
1,60.273643186862415,1.032024,0.993151,1.017231,0.970357
1,58.01965133352487,0.95726,0.995611,0.970357,0.912718
0,52.03254950919002,0.961468,0.904912,0.912718,1.032104
1,53.75773245954314,0.975191,1.045233,1.032104,0.944408
0,50.27734969474708,0.952381,0.936751,0.944408,1.039944
0,52.52353062367839,1.037671,1.042644,1.039944,0.980458
0,51.254904299343714,0.971617,0.980232,0.980458,1.002749
0,51.42916603866457,0.997283,1.009736,1.002749,0.9
0,43.943009968179325,0.9,0.9,0.9,0.9
0,38.729329845410966,0.9,0.9175,0.9,0.950442
0,36.988139731287724,0.948085,0.940963,0.950442,0.9
0,32.103154612342934,0.9,0.9,0.9,1.1
0,36.84922733195235,1.1,1.1,1.1,1.018163
0,37.756119583219835,1.004902,0.964286,1.018163,1.028741
0,39.26931622786049,1.032195,1.079365,1.028741,0.973988
0,38.33489344236058,0.969754,0.957843,0.973988,0.987141
0,37.86767179469992,1.030214,1.003071,0.987141,0.970942
0,36.79045483538222,0.929044,0.972449,0.970942,1.1
1,42.93885233622036,1.1,1.099685,1.1,1.030812
1,44.809291939619314,1.025735,1.033397,1.030812,1.01087
1,45.50878222965776,1.016129,1.007387,1.01087,1.1
1,51.714782589459766,1.1,1.1,1.1,0.993491
1,51.26959667936609,0.956221,1.007488,0.993491,0.953317
1,48.092889870856716,0.935743,0.931462,0.953317,0.9811
1,46.88538950868217,0.996567,1.003546,0.9811,1.02014
1,48.34556105942888,1.062016,1.026502,1.02014,0.981116
1,47.01419221906031,0.935929,0.967298,0.981116,0.965004
0,44.60880832171038,0.957539,0.951957,0.965004,0.988214
0,43.82404991886231,1.00181,1.013084,0.988214,1.006422
0,44.39132960909585,0.996387,1.001845,1.006422,1.073838
1,50.60694787683507,1.095195,1.075506,1.073838,1.1
1,58.240131674389986,1.1,1.098459,1.1,0.936203
1,52.359876966221144,0.96012,0.929852,0.936203,1.013136
1,53.3379343235798,0.996865,1.031014,1.013136,1.042139
1,56.46608201191524,1.033019,1.043089,1.042139,0.986003
1,55.089364317227684,0.973364,0.980514,0.986003,0.958202
1,51.135956036757186,0.967944,0.960254,0.958202,0.975309
0,48.99274116521688,0.976575,0.975166,0.975309,1.007595
0,49.6741943234438,1.00579,1.009338,1.007595,0.995812
0,49.280291161386515,0.978618,0.986543,0.995812,1.019344
0,51.19738870528408,1.022689,1.025575,1.019344,0.958746
0,47.0352392739871,0.963846,0.960931,0.958746,0.993115
0,46.3854739623931,0.98636,0.992215,0.993115,1.1
1,63.85956474580257,1.1,1.1,1.1,0.961103
1,59.445817634691586,0.95189,0.984559,0.961103,1.016188
1,60.61833750888704,1.017329,1.019417,1.016188,1.005069
1,61.00466645111105,1.00071,1.014652,1.005069,1.002882
1,61.238662534256164,1.003546,0.992058,1.002882,0.951149
1,55.177051781107345,0.949117,0.95706,0.951149,1.003021
1,55.4563600625614,1.00968,1.003802,1.003021,0.982681
0,53.39599304166118,0.967552,0.981061,0.982681,0.990038
0,52.215155892539094,0.996189,0.988417,0.990038,1.00387
0,52.64888927194746,0.996174,1.007812,1.00387,0.994603
0,51.93811520012964,0.993088,0.993798,0.994603,1.018605
0,54.22011171664551,1.019335,1.01014,1.018605,0.962709
0,49.0948116270583,0.972686,0.973745,0.962709,0.997628
0,48.79071894691786,0.99844,0.998414,0.997628,0.918384
0,39.698921867268886,0.907812,0.905481,0.918384,1.012942
0,41.41116754193809,1.02926,1.015789,1.012942,0.984668
0,39.94537198804985,0.9699,0.990501,0.984668,1.013841
0,41.913543623133485,1.027586,1.020052,1.013841,1.013652
0,43.893758625477496,0.998322,0.992308,1.013652,1.031145
1,48.28437661611816,1.031933,1.040482,1.031145,0.998367
1,48.06541894566995,1.002443,1.005795,0.998367,1.0
1,48.06541894566994,0.998375,1.000823,1.0,1.022077
1,51.50831525695866,1.030106,1.025493,1.022077,0.9728
1,47.25960392905803,0.968404,0.968725,0.9728,1.006579
1,48.33938377006893,0.999184,1.004139,1.006579,0.974673
0,44.534472520757944,0.979592,0.971146,0.974673,0.974853
0,41.158152976545885,0.980833,0.985569,0.974853,1.010318
0,43.01904688407801,1.016992,1.011197,1.010318,1.000851
0,43.18031095075454,0.984127,0.992334,1.000851,0.996599
0,42.660224299311764,0.998302,0.996567,0.996599,1.028157
1,48.20306774738071,1.036565,1.023256,1.028157,0.974274
0,43.90905661045685,0.981952,0.984007,0.974274,0.956559
0,37.923672325665066,0.940685,0.957228,0.956559,0.929653
0,30.897709905366366,0.932504,0.921358,0.929653,0.961686
0,28.062771777860323,0.993333,0.969932,0.961686,0.951195
0,25.032744537038546,0.93768,0.953,0.951195,1.038743
0,31.08375497940034,1.021472,0.992655,1.038743,1.076613
0,41.52440405622829,1.079079,1.1,1.076613,0.969101
0,38.777339104953434,0.972171,0.971292,0.969101,0.974879
0,36.71637958304739,0.972328,0.992118,0.974879,1.063429
1,44.531397707572644,1.073602,1.064548,1.063429,0.971109
1,41.83639427253853,0.968007,0.958955,0.971109,1.012476
1,43.38378562469836,1.01322,1.021401,1.012476,1.002844
1,43.75565489677917,0.996272,1.000952,1.002844,0.964083
0,40.15762694571573,0.968195,0.966698,0.964083,0.980392
0,38.36930636342118,0.988406,0.982283,0.980392,1.019
0,41.05485879125801,1.004888,0.997996,1.019,0.972522
0,38.39933957560315,0.967899,0.986948,0.972522,0.956609
0,34.6885514522506,0.964824,0.961343,0.956609,1.009494
0,36.080849250227,0.998958,1.006349,1.009494,1.00627
0,37.04439129879563,1.012513,1.002103,1.00627,1.010384
0,38.70288245959054,1.010299,1.01574,1.010384,0.996917
0,38.37625904928504,1.002039,0.998967,0.996917,1.093814
1,51.69350321263093,1.096643,1.088935,1.093814,0.987747
1,50.030148998655015,1.008349,0.993352,0.987747,1.075382
1,58.72238974617491,1.068997,1.030593,1.075382,1.1
1,67.44549042043569,1.067126,1.064007,1.1,0.91371
1,55.48787799549734,0.921774,0.979948,0.91371,0.948808
1,50.28374843505196,0.943132,0.930605,0.948808,0.970233
0,47.62955149790439,0.986085,0.991396,0.970233,0.935762
0,42.56367993010338,0.931326,0.935391,0.935762,1.026639
0,45.00801267913528,1.031313,1.030928,1.026639,0.919162
0,39.38463901100757,0.94809,0.911,0.919162,0.988056
0,38.67789476256675,0.947314,0.992316,0.988056,1.041758
0,42.51551216444403,1.040349,1.034292,1.041758,0.983122
0,41.34234264687897,0.98218,0.973262,0.983122,1.023605
0,43.64501972922862,1.036286,1.038462,1.023605,0.998952
0,43.561310900069785,0.992791,0.992593,0.998952,0.992655
0,42.940461868379245,0.998963,0.99467,0.992655,0.990486
0,42.10947521340936,0.989616,1.001072,0.990486,0.995731
0,41.72301464919272,0.983211,0.987152,0.995731,0.963558
0,38.48952472507754,0.965848,0.97397,0.963558,0.983315
0,37.1226405449165,0.98453,0.983296,0.983315,0.9
0,29.283123748233805,0.9,0.9,0.9,0.937099
0,26.47347019380472,0.946835,0.957333,0.937099,1.047945
0,31.52717925532921,1.025401,1.050139,1.047945,1.013072
0,32.94529622605835,1.014342,1.018568,1.013072,1.021935
0,35.39489130832818,1.050129,1.002604,1.021935,1.020202
0,37.70162529486384,0.995104,1.037662,1.020202,1.018564
1,39.86924586315831,1.02706,1.021277,1.018564,0.9
0,32.886363183524224,0.926946,0.9,0.9,1.04607
0,37.59465313935841,1.0,1.053867,1.04607,0.966321
0,35.54129461834641,0.976744,0.97772,0.966321,0.986595
0,34.755031818762774,0.988095,0.981233,0.986595,0.953804
0,32.15074326030334,0.965194,0.95765,0.953804,1.054131
0,37.76385229263,1.037448,1.005706,1.054131,1.004054
0,38.198542088621615,1.006684,1.051064,1.004054,1.032301
1,41.70632606963197,1.030544,1.02969,1.032301,0.98957
1,40.873528066843065,0.983247,0.986894,0.98957,0.988142
1,39.908065102887576,1.019659,0.99336,0.988142,0.958667
0,36.69306255547378,0.946015,0.955882,0.958667,1.006954
0,37.56669740943194,0.998641,1.00979,1.006954,1.01105
0,39.01678302353949,1.009524,0.99723,1.01105,0.9
0,30.52318218608621,0.9,0.9,0.9,1.012442
0,31.957046994013485,1.012422,1.025806,1.012442,0.93702
0,28.689175922298954,0.961656,0.949686,0.93702,1.029508
0,31.977858118309634,1.011164,1.034768,1.029508,0.990446
0,31.457085238207746,0.985804,0.9776,0.990446,1.024116
0,34.336141039872835,1.032,1.037643,1.024116,0.910518
0,29.299747369173232,0.917829,0.910095,0.910518,0.994828
0,29.058163776855295,0.981419,0.991334,0.994828,0.909879
0,25.182321499752096,0.929432,0.909091,0.909879,0.967619
0,24.05280166985176,0.95,0.971154,0.967619,0.962598
0,22.820781086955986,0.984405,0.966337,0.962598,0.993865
0,22.623734495952693,0.976238,0.985656,0.993865,1.080247
0,30.96849365372836,1.1,1.091476,1.080247,0.986667
0,30.336105131642125,0.947368,0.958095,0.986667,1.007722
0,31.200664411000677,1.003831,1.013917,1.007722,0.971264
0,29.71154928876466,0.980916,0.988235,0.971264,0.905325
0,25.514980601230793,0.900778,0.9,0.905325,0.936819
0,23.367529511257107,0.933045,0.949541,0.936819,1.039535
0,27.2338093563384,1.046296,1.072464,1.039535,1.038031
0,30.983685359438603,1.026549,1.024775,1.038031,0.982759
0,30.19509862219969,0.99569,0.997802,0.982759,1.078947
1,37.859658599424584,1.073593,1.070485,1.078947,1.006098
1,38.46600369292974,1.054435,1.004115,1.006098,1.064646
1,44.66805784546102,1.036329,1.032787,1.064646,0.994307
1,44.218095239518014,1.005535,1.039683,0.994307,0.956107
1,40.8228298604705,0.963303,0.95229,0.956107,0.948104
0,37.33305492674414,0.921905,0.943888,0.948104,1.012632
0,38.636718332921646,1.004132,1.002123,1.012632,1.006237
0,39.31647339517997,1.002058,0.991525,1.006237,1.033058
1,42.94649817876516,1.032854,1.047009,1.033058,0.986
0,41.769275917946665,0.984095,0.995918,0.986,0.981744
0,40.24192575186175,0.985859,0.979508,0.981744,0.929752
0,35.03057790160847,0.930328,0.910042,0.929752,1.024444
0,37.83544685237972,1.019824,1.034483,1.024444,1.043384
0,42.68080257038454,1.047516,1.055556,1.043384,1.04158
1,47.119571135818255,1.035052,1.031579,1.04158,1.057884
1,52.82428161987557,1.065737,1.067347,1.057884,1.0
1,52.82428161987556,1.048598,1.00956,1.0,0.984906
1,51.06191172155691,0.939394,0.971591,0.984906,1.032567
1,54.53328014112839,1.036053,1.017544,1.032567,0.942486
1,47.86560116809859,0.932234,0.94636,0.942486,1.1
1,57.738480845133594,1.1,1.1,1.1,1.1
1,73.28869165883138,1.1,1.1,1.1,0.991667
1,72.19539764330706,0.9,0.943056,0.991667,0.9
1,58.55526385796215,0.905687,0.910162,0.9,0.945774
1,54.24215517460045,0.924962,0.935275,0.945774,0.920742
0,48.88200347126656,0.915563,0.901384,0.920742,0.967033
0,46.96775090018812,0.992767,0.988484,0.967033,1.028409
0,48.76824984489107,1.010929,1.01165,1.028409,0.957643
0,46.179312452605494,0.96036,0.998081,0.957643,0.955769
0,43.68200710918366,0.945591,0.951923,0.955769,1.030181
0,45.74277860793478,1.031746,1.034343,1.030181,1.041016
0,48.5795928632693,1.026923,1.023438,1.041016,0.968105
0,46.461799010263064,0.988764,0.980916,0.968105,1.054264
1,50.30453349542774,1.045455,1.052529,1.054264,0.950368
0,46.815114580659206,0.95471,0.948244,0.950368,0.978723
0,45.4324224741688,0.971537,0.982456,0.978723,1.029644
1,47.70081181432596,1.021484,1.005952,1.029644,0.996161
1,47.41777202784738,0.996176,1.00789,0.996161,0.911368
0,41.34170421220085,0.930902,0.921722,0.911368,1.021142
0,43.05014886154785,0.997938,1.008493,1.021142,1.016563
0,44.44419011287309,1.018595,1.010526,1.016563,0.991853
0,43.86600644766913,1.016227,1.0125,0.991853,1.065708
1,49.523390563978104,1.045908,1.057613,1.065708,1.023121
1,51.4974937864864,1.020992,1.023346,1.023121,1.045198
1,55.26570276742959,1.057944,1.053232,1.045198,0.981982
1,53.403968166412064,1.017668,0.971119,0.981982,0.968807
1,50.3017066980443,0.960069,0.975836,0.968807,0.99053
1,49.392892514132264,0.958409,0.986667,0.99053,0.984704
0,47.901652535680164,0.988679,0.982625,0.984704,0.998058
0,47.707757460939206,0.986641,0.996071,0.998058,0.990272
0,46.69011341075367,0.996132,0.95858,0.990272,0.996071
0,46.26500064917578,0.998058,1.026749,0.996071,0.944773
0,40.680569320936975,0.949416,0.953908,0.944773,0.989562
0,39.7576915226261,0.991803,0.991597,0.989562,1.014768
0,41.750040995193196,0.997934,1.0,1.014768,1.002079
0,42.04491879374808,1.006211,1.014831,1.002079,1.022822
0,45.323774793038176,1.020576,1.018789,1.022822,1.030426
1,49.51799009195586,1.044355,1.028689,1.030426,0.964567
