1,100.0,1.02665,1.028903,1.023244,0.974538
1,45.30831099195714,0.981459,0.948081,0.974538,0.988217
1,35.79925044810171,0.982368,1.005291,0.988217,0.95775
1,19.878616619222353,0.951282,0.947368,0.95775,1.000812
1,20.578687180412455,0.998652,1.016667,1.000812,1.01325
1,31.159032665465034,1.019703,1.00765,1.01325,1.047505
1,54.74443840521655,1.044733,1.039859,1.047505,0.95949
1,41.17429670374203,0.979225,0.964798,0.95949,0.966543
0,33.98495424411074,0.959897,0.983243,0.966543,0.981593
0,30.895723861450698,0.966577,0.968664,0.981593,1.065771
1,48.55837920583737,1.078081,1.035755,1.065771,0.96875
0,42.61807502113951,0.959131,1.006027,0.96875,1.06045
1,53.97961780591253,1.067422,1.056645,1.06045,0.992331
1,52.4743615755777,0.995452,0.990979,0.992331,1.082947
1,64.05915334632982,1.073096,1.079844,1.082947,0.97764
1,59.499515331495,0.9728,0.924855,0.97764,1.054258
1,65.73125210731362,1.093849,1.1,1.054258,0.966536
1,59.33789665373234,0.942432,0.939216,0.966536,0.964422
1,53.57162959451078,0.966981,1.001499,0.964422,1.082941
1,62.41504228704556,1.075366,1.073104,1.082941,0.985139
1,60.02597221544304,0.982763,0.977447,0.985139,1.039684
1,63.9368213197203,1.047773,1.058516,1.039684,0.900223
0,50.130168356932906,0.918062,0.9,0.900223,1.009422
0,51.09696238855439,0.994962,1.001504,1.009422,0.9
0,39.37257310266909,0.93441,0.9,0.9,1.003684
0,39.72978559010853,0.92129,0.98309,1.003684,1.042349
0,43.84134688745657,1.042017,1.009038,1.042349,1.073673
0,50.443250426029394,1.066667,1.1,1.073673,1.075933
1,56.5329384996924,1.085938,1.076126,1.075933,1.030715
1,58.90007214044099,1.0246,1.034649,1.030715,1.007279
1,59.480554933579604,1.007928,1.013721,1.007279,1.041102
1,62.70670893667036,1.068989,1.057123,1.041102,1.060087
1,67.01172062090406,1.033845,1.031033,1.060087,0.999591
1,66.95162543832897,1.00854,1.023784,0.999591,1.045241
1,70.13838397538409,1.034677,0.98273,1.045241,0.957109
1,63.59423297363773,0.97233,0.990167,0.957109,1.019235
1,65.09944710112038,1.008818,1.00993,1.019235,1.083919
1,70.86760789685383,1.078268,1.087866,1.083919,1.045194
1,73.60950307125238,1.046242,1.031154,1.045194,0.9
1,58.01662453735973,0.934672,0.920552,0.9,1.09968
1,64.28742916556223,1.0422,1.094003,1.09968,1.022206
1,65.6413617235469,1.018257,1.007407,1.022206,1.017272
1,66.7216370528057,1.023966,1.037132,1.017272,1.051812
1,69.83809936842067,1.088766,1.047855,1.051812,1.1
1,79.21945663761967,1.1,1.1,1.1,1.1
1,83.69565203550711,1.1,1.1,1.1,0.9
1,69.42897524125718,0.907595,0.9,0.9,1.009252
1,69.82626529737303,0.961709,0.994836,1.009252,1.050618
1,71.99077417659996,1.050626,1.058743,1.050618,0.932473
1,64.95745582448812,0.946417,0.917419,0.932473,0.987253
1,63.77628174709361,0.972421,1.003657,0.987253,0.947665
0,59.086476597382436,0.962367,0.957119,0.947665,0.911291
0,52.418537381583874,0.9,0.916398,0.911291,0.971847
0,50.638651340157104,0.99874,0.966608,0.971847,0.97725
0,49.22507299205994,0.960896,0.971901,0.97725,1.041534
0,51.80981901142635,1.022645,1.037075,1.041534,1.036983
0,54.14139842992888,1.054076,1.049524,1.036983,0.980617
0,52.65045673900377,0.980362,0.986719,0.980617,1.040639
1,55.37159346704335,1.038509,1.037213,1.040639,0.948184
0,51.169625408276715,0.935257,0.943664,0.948184,1.051282
1,54.64774784862888,1.06219,1.046433,1.051282,1.038872
1,57.260278439940194,1.054636,1.046691,1.038872,0.965517
1,54.16369238263131,0.948623,0.966027,0.965517,0.918541
0,47.812532354680364,0.911389,0.91896,0.918541,1.014725
0,48.88432021557198,1.013536,0.995341,1.014725,0.9925
0,48.33182526221623,1.009446,1.013039,0.9925,1.072121
1,53.708917027747916,1.056793,1.006601,1.072121,0.944836
0,49.1881942872059,1.02,1.010328,0.944836,1.1
1,56.16396230295992,1.028289,1.0503,1.1,0.987349
1,55.056317243647015,0.990102,1.014831,0.987349,1.010429
1,55.82006892895445,1.026169,1.027858,1.010429,0.911236
0,48.22942311852555,0.904011,0.904621,0.911236,1.017638
0,49.56669729530352,1.001585,1.013098,1.017638,1.002385
0,49.75902637146593,0.999525,1.006787,1.002385,0.962405
0,46.726972261031996,0.998892,0.973034,0.962405,1.011867
0,47.76825446725057,0.978922,0.97806,1.011867,1.024108
0,49.93452795403374,1.026388,1.055996,1.024108,1.033561
1,52.93170653598317,1.037855,1.036416,1.033561,1.08341
1,59.61903312231598,1.078723,1.039451,1.08341,1.032528
1,62.07100929746927,1.036912,1.060044,1.032528,0.999037
1,61.947184295188336,1.013587,1.013986,0.999037,1.002892
1,62.19086559933982,0.984182,0.969793,1.002892,1.018536
1,63.79592824156779,1.030509,1.051202,1.018536,0.952278
1,56.96671596120851,0.958102,0.952239,0.952278,0.98641
1,55.239756813815845,0.975997,0.989059,0.98641,0.997704
0,54.940813120352125,0.991943,0.9898,0.997704,0.94088
0,47.78676593413257,0.943716,0.948911,0.94088,0.99205
0,46.953712499679874,0.981579,0.984552,0.99205,0.979966
0,44.84876902088637,0.999846,0.963337,0.979966,0.958956
0,40.8857653666844,0.940923,0.967908,0.958956,1.004592
0,41.483154147037496,1.01864,1.017661,1.004592,1.097453
1,52.504166463213025,1.086677,1.090373,1.097453,1.03079
1,55.624926405571586,1.031019,0.998498,1.03079,1.038961
1,59.37449832496391,1.043696,1.067669,1.038961,1.020972
1,61.34184799868465,1.022649,1.028592,1.020972,1.046388
1,65.4150176064466,1.064161,1.04861,1.046388,1.025871
1,67.5629292585118,0.998613,1.018673,1.025871,1.041313
1,70.76599849995301,1.052419,1.033585,1.041313,0.935621
1,60.35155805417806,0.923908,0.934268,0.935621,0.993236
1,59.425755512445534,0.994544,0.999735,0.993236,0.998167
1,59.16261566156212,0.999216,0.99044,0.998167,0.946471
0,51.94385123889927,0.947712,0.95482,0.946471,1.027724
0,54.85194914854631,1.023448,1.018253,1.027724,0.945239
0,48.44319566101283,0.950135,0.944015,0.945239,1.023545
0,50.95133295308647,1.053475,1.022787,1.023545,0.916492
0,42.80932918377738,0.9,0.9,0.916492,0.986766
0,41.76540359067976,1.008189,1.025723,0.986766,1.031139
0,45.1121597035167,1.01068,1.031505,1.031139,1.025714
0,47.859905607973865,1.028427,1.036317,1.025714,1.022591
1,50.275684459012034,1.025615,1.022287,1.022591,0.993729
1,49.57351691103291,0.987724,0.992685,0.993729,0.992685
1,48.72408487539693,0.989571,0.99003,0.992685,1.000144
1,48.742630852731054,1.006063,0.977817,1.000144,1.051719
1,55.01550867283344,1.045631,1.071642,1.051719,0.941484
0,47.557234196210736,0.958007,0.953343,0.941484,1.007733
1,48.49279531451541,0.993984,0.985391,1.007733,1.018098
1,50.72548202593297,1.022914,1.03232,1.018098,1.018771
1,53.04038572485715,1.012257,1.008186,1.018771,0.950028
0,46.64056088576835,0.949061,0.955698,0.950028,1.015868
0,48.65335296773346,1.025664,1.015502,1.015868,1.031096
1,52.495072919067304,1.022734,1.037135,1.031096,1.050217
1,58.11466574672865,1.059695,1.04557,1.050217,0.995325
1,57.39976457974161,1.004222,1.008392,0.995325,1.061997
1,63.740513118633814,1.075933,1.060671,1.061997,1.075183
1,69.94498894422206,1.040049,1.035687,1.075183,0.969092
1,64.67686628412328,0.983564,0.999389,0.969092,1.079554
1,70.6207778556393,1.1,1.067734,1.079554,0.98315
1,67.81091687196076,0.951861,0.97916,0.98315,1.004228
1,68.14757567739571,0.997977,1.011578,1.004228,1.1
1,76.7218613921005,1.1,1.1,1.1,1.1
1,82.91497784017825,1.1,1.1,1.1,0.900104
1,68.08736832666067,0.916235,0.94085,0.900104,0.943351
1,61.99329320942899,0.951932,0.933359,0.943351,1.076726
1,66.16073909456442,1.043564,1.067358,1.076726,0.995819
1,65.70555413078534,1.010247,0.996796,0.995819,0.953535
1,60.72565299469589,0.939144,0.949742,0.953535,0.980288
0,58.78474380284271,0.9966,1.001436,0.980288,0.956211
0,54.68570009652058,0.95585,0.954224,0.956211,1.081341
0,60.018544170838666,1.070124,1.042069,1.081341,0.989141
0,58.94019946750962,0.993624,1.030175,0.989141,0.986228
0,57.54338525612723,0.997137,0.982705,0.986228,1.036733
1,60.214335983794946,1.014851,1.009461,1.036733,0.999707
1,60.18064011725509,1.00478,1.019047,0.999707,1.026264
1,62.222052725127,1.023303,1.018691,1.026264,1.035487
1,64.90850784278794,1.048961,1.047374,1.035487,0.919331
0,54.99485586597241,0.913523,0.908611,0.919331,1.01719
1,56.399737583565525,1.022378,1.030297,1.01719,1.013362
1,57.52867168732478,1.018886,1.018812,1.013362,0.975858
0,54.734299953654954,0.965589,0.969388,0.975858,0.948733
0,49.38129832909133,0.949006,0.948672,0.948733,0.981464
0,47.659449280180276,0.97666,0.963331,0.981464,1.045668
0,52.01638102797426,1.047053,1.051558,1.045668,0.985102
0,50.47292344366327,0.980523,0.972356,0.985102,1.014295
0,51.92498461246803,1.019036,1.004506,1.014295,1.078636
1,59.12588640233445,1.082132,1.0989,1.078636,0.971312
1,55.59686459039024,1.031898,0.981825,0.971312,1.00078
1,55.672093702996065,0.948723,1.004158,1.00078,1.1
1,64.47183005368852,1.092477,1.059838,1.1,1.005813
1,64.92750784411116,1.003947,0.999907,1.005813,0.935196
1,56.220790607977,0.944779,0.986605,0.935196,1.1
1,63.928962980869464,1.096828,1.046577,1.1,0.995753
1,63.380208930782054,1.012479,1.040631,0.995753,1.009297
1,64.10359838214717,1.015989,1.021557,1.009297,1.045382
1,67.50888304181363,1.018852,1.027712,1.045382,0.971059
1,63.204193597124814,0.993162,0.988703,0.971059,1.029221
1,65.52527557459103,1.016444,1.020851,1.029221,1.024428
1,67.42901521793596,1.013229,1.008987,1.024428,0.997789
1,67.05927103484356,1.00118,1.01336,0.997789,0.933054
0,56.90592801618419,0.946657,0.936316,0.933054,0.983971
0,54.90585871873377,0.973278,0.986346,0.983971,1.018445
0,56.759046579399275,1.016797,1.005364,1.018445,1.031821
1,59.87887815021295,1.044025,1.042169,1.031821,0.980725
0,57.10568612848075,0.969719,0.974814,0.980725,1.043656
1,61.383895832085216,1.040338,1.026175,1.043656,0.983733
1,58.9226508794597,0.985669,0.998927,0.983733,0.969697
0,54.60207973796537,0.963086,0.969341,0.969697,1.006216
0,55.30418019231718,1.027426,1.018755,1.006216,0.993071
0,54.29000213232623,0.993388,0.980753,0.993071,1.041614
1,59.10641023221961,1.023091,1.011263,1.041614,1.1
1,68.4506585911919,1.1,1.1,1.1,1.0
1,68.45065859119188,1.0,1.0,1.0,0.935024
1,57.893900671823815,0.900056,0.923241,0.935024,1.008286
1,58.71155593456788,1.021773,0.995779,1.008286,0.988604
1,57.056819098579616,0.989117,1.017914,0.988604,1.018585
1,59.060214191519144,1.011003,1.017678,1.018585,0.972438
0,54.89422251772,0.976788,0.971204,0.972438,1.02478
1,57.70337363824462,1.014414,1.007154,1.02478,0.981381
0,54.86980501243533,0.990783,0.998816,0.981381,0.988192
0,53.12132633672958,0.983333,0.98625,0.988192,0.949016
0,46.33670696830126,0.959795,0.953449,0.949016,1.005372
0,47.064798255108,0.985051,0.99395,1.005372,0.995575
0,46.502117806114946,0.996415,0.985036,0.995575,1.032456
0,51.099384787533616,1.051967,1.04712,1.032456,1.010397
1,52.551721396402364,0.989977,0.983607,1.010397,0.98762
0,50.604404142828244,1.007232,1.016917,0.98762,0.969312
0,46.10076854115069,0.955724,0.970335,0.969312,0.985556
0,44.16938698382677,0.988147,0.98843,0.985556,0.95697
0,39.00280452122564,0.996368,0.958134,0.95697,0.945686
0,33.851851788376685,0.907164,0.927501,0.945686,0.906224
0,27.472171630698583,0.913925,0.923373,0.906224,1.042286
0,33.02659062495007,1.036814,1.037068,1.042286,0.986543
0,32.147161906885515,0.986291,0.990763,0.986543,1.062746
0,40.05459159195592,1.0589,1.028071,1.062746,0.975851
0,38.098873490357875,0.975352,1.0069,0.975851,0.965413
0,35.490636467877366,0.968242,0.951542,0.965413,0.978504
0,33.98719615096497,1.0067,0.992078,0.978504,0.990512
0,33.330436722937264,0.954604,0.974697,0.990512,1.034569
0,37.987430369228036,1.040375,1.042664,1.034569,0.982287
0,36.53064799386245,0.989898,0.990612,0.982287,0.920287
0,30.891149957248754,0.946347,0.914813,0.920287,1.010354
0,32.23781172708428,0.981209,0.990992,1.010354,0.955482
0,29.544511440144294,0.949402,0.966936,0.955482,0.983278
0,28.620313636861432,0.986017,0.997767,0.983278,1.075416
0,37.897659384410524,1.068116,1.061124,1.075416,1.052459
1,43.7837846195204,1.065295,1.037736,1.052459,0.9
0,36.081147211184216,0.9,0.906738,0.9,1.041185
0,40.097291572812935,1.046821,0.981364,1.041185,0.972778
0,38.31315133337344,0.980563,1.04399,0.972778,0.923244
0,33.862524752616686,0.915644,0.9,0.923244,0.94507
0,31.27728563315653,0.96925,0.983055,0.94507,1.006938
0,31.945195344428424,0.990482,1.0,1.006938,1.1
0,41.69729983885978,1.094042,1.023289,1.1,0.960651
0,39.29192162084565,0.967326,1.044104,0.960651,0.93795
0,35.91220205812859,0.982446,0.942118,0.93795,1.007148
0,36.54732372869139,0.968577,0.996078,1.007148,0.981933
0,35.58072459945498,0.988295,0.995144,0.981933,1.011828
0,36.73903718207867,0.997039,1.003429,1.011828,0.993506
0,36.34801373464445,0.987734,0.997766,0.993506,1.008498
0,37.282540031711186,1.015556,1.010406,1.008498,0.962147
0,34.81002957626953,0.966534,0.965063,0.962147,1.014956
0,36.533106615683145,1.003463,1.006349,1.014956,0.996416
0,36.28189521512584,1.001725,0.995302,0.996416,1.010525
0,37.63320273396407,1.008214,1.006878,1.010525,1.051549
1,43.967070885731154,1.052037,1.056255,1.051549,0.965145
1,40.79478074344931,0.968399,0.971088,0.965145,1.051962
1,46.748361167522575,1.053528,1.025855,1.051962,1.089158
1,55.455478864925574,1.091087,1.1,1.089158,0.989342
1,54.21263298464834,1.004152,1.002068,0.989342,0.950034
1,48.7546499780636,0.950944,0.947942,0.950034,1.016285
1,50.419127024249526,0.996357,1.002903,1.016285,0.996914
1,50.08174104724205,0.995636,1.007478,0.996914,0.973925
0,47.215754856776805,0.969557,0.969233,0.973925,1.043399
1,52.00994088213585,1.047037,1.047801,1.043399,0.984769
1,50.21143092259383,0.983664,0.983143,0.984769,0.989173
0,48.935768898634834,0.988493,0.98717,0.989173,0.994948
0,48.32552674116862,0.99772,0.998542,0.994948,1.000967
0,48.457372972391795,1.002526,1.005231,1.000967,1.048551
1,54.71066050167776,1.045471,1.037028,1.048551,1.084543
1,63.433857589407715,1.08779,1.074679,1.084543,0.930013
1,53.475096517299555,0.933643,0.939305,0.930013,1.009364
1,54.4337044835089,0.99887,1.004508,1.009364,0.959385
0,49.613952821209985,0.966063,0.964327,0.959385,1.071344
1,56.58976137493126,1.090164,1.031026,1.071344,0.958613
1,51.7907314046482,0.935661,0.997801,0.958613,1.015501
1,53.321341497765395,1.02009,1.014963,1.015501,1.006784
1,54.020063727419405,1.043214,0.997714,1.006784,1.012129
1,55.31661428204447,0.988781,1.02291,1.012129,0.955948
0,49.76181078249619,0.95767,0.957447,0.955948,0.99141
0,48.77855183165038,0.982,0.996491,0.99141,1.026578
0,51.917184181728224,1.023086,1.0027,1.026578,1.00901
1,52.996636462213644,1.027101,1.034765,1.00901,1.003165
1,53.395985377029255,0.982336,0.992421,1.003165,1.068507
1,61.120548587776646,1.076534,1.079904,1.068507,1.032057
1,64.30619881097871,1.05439,1.016572,1.032057,1.019209
1,66.1531893144956,0.999505,1.017548,1.019209,1.006817
1,66.82193148226212,1.015849,1.019592,1.006817,1.009957
1,67.82860045104343,0.995222,1.003803,1.009957,0.987479
1,65.12602063752098,0.990594,0.987039,0.987479,0.995208
1,64.08668532784642,0.999011,0.99798,0.995208,1.1
1,75.63645007994133,1.1,1.093117,1.1,1.024531
1,77.28254117184463,1.026942,1.064815,1.024531,0.999136
1,77.08007134150107,0.98701,0.990261,0.999136,1.084696
1,82.04069093718324,1.088086,1.067176,1.084696,1.019939
1,83.04958375582378,1.011938,0.979264,1.019939,1.1
1,88.01283753632222,1.1,1.1,1.1,0.941513
1,76.11692231232617,0.9,0.963264,0.941513,1.026738
1,77.52502018871057,1.027062,1.034664,1.026738,1.084404
1,81.36074663949762,1.0732,1.010786,1.084404,0.997566
1,80.89572245711527,1.024092,1.059364,0.997566,1.079871
1,84.09910794760502,1.070449,1.074049,1.079871,1.1
1,89.74486511773625,1.1,1.1,1.1,0.9
0,42.26475628938757,0.9,0.9,0.9,0.9
0,39.697893495958766,0.9,0.9,0.9,0.9
0,36.79659476981585,0.9,0.9,0.9,1.035061
0,37.5517408127226,1.057334,1.051719,1.035061,0.925568
0,36.51921834888542,0.910818,0.9,0.925568,0.926003
0,35.550574900236924,0.959504,1.012994,0.926003,1.1
0,38.965560979162944,1.065197,1.067776,1.1,1.022182
0,39.531097459913944,1.046274,1.095779,1.022182,0.908944
0,37.942456763339635,0.9,0.905185,0.908944,1.061784
0,39.55582363005247,1.06384,1.05401,1.061784,1.02522
1,40.28050760905495,1.038051,1.044099,1.02522,0.923829
0,38.73203260513727,0.922776,0.9,0.923829,0.9
0,36.6620549800791,0.9,0.9,0.9,0.9
0,34.72613141461345,0.9,0.9,0.9,1.031726
0,35.55728420353311,1.02893,1.073913,1.031726,0.940096
0,34.6321469976736,0.942587,0.94332,0.940096,1.024639
0,35.332768162852076,1.055277,1.030687,1.024639,0.993367
0,35.220619861623184,0.952955,0.988965,0.993367,1.047162
0,36.747606181066395,1.04833,1.048632,1.047162,1.075528
1,39.33037265130567,1.099921,1.064244,1.075528,1.099129
1,42.87625330057543,1.067098,1.046218,1.099129,0.977242
1,42.20591995013266,0.994437,1.037685,0.977242,1.024495
1,43.21162970780494,1.010341,1.016507,1.024495,1.003873
1,43.38348251701934,1.020973,1.018803,1.003873,0.991278
1,43.066165309033565,0.977486,0.986577,0.991278,0.946531
1,41.098878816911224,0.996638,0.942517,0.946531,1.0
1,41.09887881691123,0.952767,1.007398,1.0,1.031462
1,42.78706592436743,1.043909,1.029912,1.031462,1.062218
1,46.17582624694387,1.045115,1.043478,1.062218,1.1
1,51.84817761120721,1.1,1.099667,1.1,1.012809
1,52.55476961806062,1.032582,1.035617,1.012809,0.9
0,43.85574509854592,0.9,0.9,0.9,0.9
0,39.49146716105816,0.907563,0.939259,0.9,1.005871
0,39.77746464430507,0.957407,0.989353,1.005871,0.901751
0,36.638156085873895,0.901161,0.9,0.901751,1.025674
0,37.8822492226396,1.027474,1.057744,1.025674,1.001472
0,37.959417129122336,1.021099,0.966145,1.001472,1.037597
0,40.011654330836755,1.013707,1.072711,1.037597,0.930364
0,37.447939542427065,0.942079,0.918742,0.930364,1.068755
0,41.176550022716114,1.056341,1.055556,1.068755,0.956026
0,39.44571154039857,0.962279,0.978947,0.956026,1.078578
1,43.79240382850288,1.08746,1.067527,1.078578,1.0
1,43.79240382850289,0.987403,0.993151,1.0,1.062981
1,47.56604249038526,1.07949,1.070994,1.062981,1.020245
1,48.83019525429428,1.021636,1.017992,1.020245,1.021846
1,50.252197409135086,1.013704,1.04,1.021846,0.934616
1,46.03837718674519,0.928371,0.923077,0.934616,1.010103
1,46.733038887818715,1.007943,1.010465,1.010103,1.021702
1,48.28857992206962,1.051595,1.037016,1.021702,1.038234
1,51.05904801270427,1.011062,1.020899,1.038234,1.038605
1,53.85036422292731,1.034057,1.023732,1.038605,0.9
0,33.63728426667149,0.9,0.9,0.9,1.05895
0,36.2937527968835,1.054512,1.044598,1.05895,0.980427
0,35.75186358684321,0.981932,1.017767,0.980427,1.009852
0,36.257669750862355,0.996422,0.98567,1.009852,1.014121
0,37.03038309103861,1.040267,1.020354,1.014121,1.1
0,43.782424491609625,1.1,1.1,1.1,1.097621
1,48.85927472256186,1.1,1.1,1.097621,1.005929
1,49.188714357385095,0.976684,0.989329,1.005929,0.996341
1,48.977818720466715,1.016589,1.016387,0.996341,1.068747
1,53.037529869958306,1.054129,1.015918,1.068747,0.923077
1,48.10792029669723,0.928639,0.969265,0.923077,1.01158
1,48.819787498594835,1.00061,0.998964,1.01158,0.998365
1,48.71697052302837,1.001625,1.006639,0.998365,0.993448
1,48.278973016707,0.993103,0.995466,0.993448,0.97094
0,46.30355278766617,0.979984,0.973706,0.97094,0.997453
0,46.1305564204774,0.989579,0.994046,0.997453,0.992552
0,45.59547984287698,0.993682,0.995722,0.992552,0.993997
0,45.14434612770984,0.990886,0.995274,0.993997,1.031061
0,47.9942113731705,1.033583,1.022879,1.031061,1.010669
1,49.0046863508405,1.007243,1.011395,1.010669,0.987787
0,47.84646842107612,0.98459,0.989777,0.987787,1.00021
1,47.86895802190382,1.001461,1.001265,1.00021,1.010476
1,49.051945952194764,1.019171,1.014737,1.010476,0.980717
0,46.919232843991324,0.980372,0.978631,0.980717,0.996617
0,46.54429063783801,0.988947,0.994064,0.996617,0.997879
0,46.295281743407024,0.998524,1.002346,0.997879,1.003189
0,46.75543202722513,1.00528,0.993617,1.003189,0.994067
0,45.96374395096131,1.001891,1.003212,0.994067,0.990834
0,44.71164742853691,0.981338,0.987407,0.990834,0.983434
0,42.4800571639119,0.982692,0.9853,0.983434,0.997812
0,42.18557990101207,1.0,1.0,0.997812,1.003947
0,42.952169629497654,1.011307,0.975647,1.003947,0.991483
0,41.66316100167276,0.99441,1.020013,0.991483,0.989648
0,40.101283650835605,0.975135,0.978836,0.989648,1.005787
0,41.409802094841886,1.006208,1.002477,1.005787,1.001106
0,41.67368315826189,1.002424,1.014603,1.001106,0.999116
0,41.51260453345852,0.998461,1.000221,0.999116,0.999115
0,41.340522048968815,0.995817,0.994908,0.999115,0.999779
0,41.29443563542209,1.00818,1.00356,0.999779,1.051606
1,54.126567134108576,1.056579,1.049224,1.051606,0.995156
1,52.897401330114256,0.990037,0.993238,0.995156,1.012698
1,55.72224046244915,1.010063,1.004255,1.012698,0.996447
1,54.72089394707734,1.002283,1.008051,0.996447,1.059354
1,65.75380935402562,1.053013,1.052333,1.059354,0.995644
1,64.43929849853382,0.993117,0.980028,0.995644,1.051501
1,71.62990886285436,1.052673,1.068474,1.051501,1.008132
1,72.61979558256249,1.015425,1.00782,1.008132,1.063965
1,78.90561880950865,1.0804,1.066995,1.063965,0.972849
1,70.98033953718746,0.990912,0.975523,0.972849,0.967561
1,63.05296865517003,0.967295,0.970545,0.967561,1.042143
1,67.90518495541487,0.996422,1.001311,1.042143,0.990834
1,65.79591636909286,0.992819,1.015903,0.990834,0.980954
1,61.556494512993865,0.996383,0.994843,0.980954,1.000185
1,61.58188313630997,0.989111,0.990559,1.000185,1.04585
1,67.3421220399402,1.043853,1.050458,1.04585,0.972424
1,61.13290218803943,0.979961,0.975805,0.972424,1.096346
1,70.93732074682657,1.083049,1.026983,1.096346,1.012104
1,71.98554355304994,1.015402,1.05095,1.012104,0.946756
1,61.37256233934853,0.948459,0.966216,0.946756,0.988406
1,59.427403861334795,0.983147,0.987762,0.988406,0.983193
0,56.65656001984515,0.993178,0.992566,0.983193,0.987714
0,54.683044615914866,0.984149,0.984308,0.987714,0.982874
0,51.9975023049473,0.987652,0.986775,0.982874,1.022744
0,55.097307880290835,1.029897,1.020745,1.022744,0.999821
0,55.06642480795779,0.996833,0.996942,0.999821,0.997309
0,54.57229812693361,0.981821,0.996031,0.997309,0.974101
0,49.93942040204857,0.98508,0.978989,0.974101,1.016617
0,52.64528772495662,1.007299,1.009251,1.016617,1.014166
1,54.91952555385071,1.023551,1.010082,1.014166,0.982271
0,51.53644448166897,0.976106,0.993285,0.982271,1.06217
1,60.55068197777743,1.078694,1.059565,1.06217,1.002403
1,60.872458698826485,0.999832,1.000345,1.002403,1.014726
1,62.875679119913954,1.015131,1.020514,1.014726,1.075768
1,71.17359810885762,1.065585,1.057432,1.075768,1.035608
1,74.3010475218828,1.033261,1.02476,1.035608,1.017116
1,75.71358671646988,1.026775,1.041465,1.017116,1.015786
1,76.99117698372157,1.009083,0.99551,1.015786,0.977716
1,71.20660906993949,0.980981,0.992482,0.977716,0.953516
1,61.120579881597216,0.954418,0.951522,0.953516,0.973581
0,56.453720096085725,0.968832,0.971183,0.973581,1.016476
0,58.52436625465833,1.013924,1.020164,1.016476,0.981408
0,55.277435045857295,1.003631,0.986502,0.981408,1.043556
0,60.67891712036801,1.019188,1.043655,1.043556,0.980605
0,57.220478012219885,0.978086,0.978617,0.980605,1.071677
1,65.00484211765648,1.088672,1.071611,1.071677,1.093016
1,72.49954098009395,1.085507,1.074565,1.093016,0.985141
1,69.6929949001345,0.994259,1.006925,0.985141,1.046894
1,73.17049878163503,1.032631,1.023384,1.046894,0.951146
1,64.48048780891214,0.945124,0.939651,0.951146,0.960892
1,58.75847270685559,0.961888,0.958375,0.960892,1.037117
1,62.064683256691424,1.039336,1.071642,1.037117,1.023905
1,64.13302159029467,1.036609,1.020474,1.023905,1.00054
1,64.18164909950734,0.991768,0.98758,1.00054,1.1
1,72.37076205192001,1.1,1.1,1.1,0.976781
1,68.40884348945836,0.983896,0.984876,0.976781,1.044555
1,71.55240718449191,1.020975,0.998002,1.044555,0.988681
1,69.5739411146871,0.994894,1.005879,0.988681,0.978549
1,65.89728541256383,0.98699,1.007462,0.978549,1.069951
1,71.1385646687861,1.083444,1.066165,1.069951,0.986188
1,68.73506380200948,0.976225,0.984138,0.986188,1.090803
1,74.702633852543,1.1,1.064824,1.090803,1.023325
1,76.08033989451931,0.994639,1.035024,1.023325,1.016207
1,77.03787185887487,1.053068,1.036294,1.016207,1.1
1,82.42098129423812,1.070768,1.088793,1.1,1.1
1,86.1845504386405,1.1,1.090918,1.1,0.9
1,67.78108050653846,0.924862,0.9,0.9,1.071732
1,71.36324646736911,1.01664,1.064672,1.071732,0.930255
1,63.447004380579614,0.95221,0.932004,0.930255,1.057956
1,66.53715273461798,1.037779,1.055642,1.057956,1.000268
1,66.55205565052962,0.992028,1.0,1.000268,0.98365
1,64.66031881754462,1.002321,0.996683,0.98365,1.1
1,71.55873958002957,1.1,1.1,1.1,0.978892
1,68.93046525549278,0.964926,0.965697,0.978892,0.952529
1,63.40885884627139,0.965267,0.972896,0.952529,0.926838
0,56.28126226689798,0.943096,0.930957,0.926838,0.99805
0,56.11344171972862,0.960071,0.96552,0.99805,0.93896
0,50.99778016826981,0.969224,0.95861,0.93896,1.012189
0,51.88353707437915,0.986841,1.005322,1.012189,1.007245
0,52.44052671864413,1.014591,1.018777,1.007245,0.970354
0,49.87773701677929,0.961905,0.969216,0.970354,0.924572
0,44.14213416880532,0.923564,0.913818,0.924572,1.051788
0,48.21320769362671,1.048135,1.046048,1.051788,1.043057
0,51.53939360837901,1.041117,1.058519,1.043057,0.943709
0,47.09712175198825,0.972591,0.954714,0.943709,0.941712
0,43.18044305966742,0.922121,0.922513,0.941712,0.91399
0,38.40139861539162,0.907766,0.9,0.91399,0.962675
0,36.667905287947534,0.987088,1.004864,0.962675,1.046729
0,40.173157307109676,1.01467,1.025478,1.046729,0.95222
0,37.764071067178584,0.957108,0.971553,0.95222,1.007349
0,38.34722938012422,1.006923,1.005114,1.007349,1.046541
0,42.07597245630094,1.061383,1.043124,1.046541,0.977163
0,40.71423707039171,0.958657,0.969634,0.977163,1.068266
1,46.19230043747466,1.079248,1.076971,1.068266,1.057916
1,50.64353397116749,1.060792,1.059442,1.057916,0.910209
1,44.18697822914271,0.927023,0.913911,0.910209,1.036111
1,46.857853875605045,1.012966,1.020022,1.036111,0.954183
0,43.884814597158474,0.953029,0.936621,0.954183,1.029874
1,46.17309272987227,1.023264,1.056432,1.029874,1.06377
1,50.91213031364845,1.067034,1.025932,1.06377,0.971186
1,48.69300091256569,0.971884,1.019685,0.971186,1.037854
1,51.592118585470786,1.038535,1.016564,1.037854,1.026396
1,53.63407131865732,1.025136,1.021575,1.026396,1.048234
1,57.27427068085463,1.082581,1.080519,1.048234,1.058129
1,61.39738424709621,1.026375,1.028403,1.058129,1.032807
1,63.653206468331355,1.038021,1.04514,1.032807,0.93945
1,56.83531520607307,0.962544,0.948191,0.93945,1.030243
1,59.051659649004215,1.002773,1.022475,1.030243,1.047161
1,62.39255897217009,1.04405,1.053927,1.047161,1.056066
1,66.10054615167125,1.072877,1.052095,1.056066,1.031158
1,68.08911729667963,1.011236,1.017621,1.031158,1.000422
1,68.11724769606595,0.999074,1.005368,1.000422,0.98802
1,66.32893632978595,0.99326,1.000517,0.98802,0.932371
0,57.29415071314159,0.980405,0.934756,0.932371,1.055958
1,61.63568270085914,0.997924,1.027164,1.055958,0.92784
0,53.63910816012151,0.929946,0.914388,0.92784,1.014115
0,54.785640905123955,1.043073,1.060784,1.014115,0.966725
0,51.506133839847394,0.945477,0.963031,0.966725,1.024981
0,53.67358485820119,1.028455,1.016315,1.024981,0.955349
0,49.32402215658863,0.957809,0.965817,0.955349,1.039046
0,52.76762158434702,1.053551,1.042237,1.039046,1.058945
1,57.631116490560565,1.042995,1.054503,1.058945,1.019469
1,59.21304429726577,1.015721,1.014145,1.019469,0.988542
1,57.8181548085595,0.983663,0.984123,0.988542,0.975237
1,54.84563770133102,0.976224,0.981549,0.975237,0.925446
0,47.17642057482821,0.93553,0.926081,0.925446,1.029091
0,49.90078617953765,1.016175,1.015199,1.029091,0.975229
0,47.58487814182197,0.975323,0.985125,0.975229,0.91905
0,41.046631335443564,0.991598,0.905089,0.91905,1.04135
0,44.875918944269465,0.968543,1.05189,1.04135,1.020563
0,46.802962204779604,1.015988,1.020185,1.020563,0.989677
0,45.917339377960104,1.007423,1.003836,0.989677,1.016147
0,47.57128746552248,0.996463,1.002816,1.016147,0.987367
0,46.35747287027197,0.99369,1.000802,0.987367,1.04898
1,51.4631125957617,1.047128,1.028156,1.04898,0.963598
1,47.655068238987226,0.963237,0.965111,0.963598,1.007516
1,48.4719969754429,1.016132,1.017974,1.007516,1.058991
1,54.51709433724967,1.055082,1.062395,1.058991,1.058207
1,59.821357931307396,1.057528,1.049206,1.058207,0.932819
1,51.86567709541591,0.953843,0.940643,0.932819,1.019624
1,53.673621379261334,0.988903,1.007663,1.019624,1.022838
1,55.795342425033084,1.029985,1.021219,1.022838,0.942739
0,49.53033851558951,0.957314,0.962582,0.942739,0.969057
0,46.65621467215476,0.968284,0.965712,0.969057,0.983345
0,45.183428358405266,0.984489,0.976956,0.983345,1.012828
0,46.55940009194504,0.989138,1.013464,1.012828,1.015041
0,48.22153071529877,1.014939,1.003896,1.015041,1.005459
0,48.85269972064689,1.009748,1.020995,1.005459,1.048478
