1,100.0,1.057224,1.07674,1.047727,0.9
1,29.433962264150928,0.915327,0.906077,0.9,1.025347
1,39.72229109843783,1.003513,0.993902,1.025347,0.978811
1,35.01050685046646,0.984831,0.96319,0.978811,1.021648
1,42.37205147639743,1.013033,1.076433,1.021648,1.015303
1,47.03805690884699,1.016374,1.002959,1.015303,1.033623
1,55.66235952463938,1.039125,1.035398,1.033623,0.960179
1,45.82501780857219,0.96567,0.966952,0.960179,0.964369
0,39.38479485004023,0.974771,0.972304,0.964369,1.1
1,58.09836302624946,1.092941,1.072727,1.1,1.1
1,69.96893626118347,1.1,1.073446,1.1,1.02445
1,71.96717975832945,1.01499,1.07,1.02445,1.034368
1,74.58923921780813,1.064793,1.032956,1.034368,1.073373
1,79.21318737483726,1.051007,1.087143,1.073373,1.1
1,84.56037950108136,1.1,1.1,1.1,1.019179
1,85.28569349008687,0.998124,0.980237,1.019179,0.969514
1,78.82535785776861,0.996241,1.011694,0.969514,0.954969
1,70.57985219251555,0.94717,0.936628,0.954969,0.985366
1,68.19568114496407,0.975697,0.92766,0.985366,0.981023
1,65.16652778747587,0.978767,1.051376,0.981023,0.974348
0,61.2793430829598,0.971631,0.960733,0.974348,1.097108
1,68.69654685137205,1.1,1.1,1.097108,0.916601
0,57.51683737935368,0.950763,0.910883,0.916601,1.0897
1,63.77564226904221,1.040947,1.078788,1.0897,0.9
0,49.968328949908724,0.9,0.9,0.9,1.073563
0,54.619156004331714,1.017279,1.066602,1.073563,0.962313
0,51.76879037858274,0.961359,0.972851,0.962313,1.062305
1,55.72721581111229,1.084364,1.093023,1.062305,1.07876
1,60.424387709169146,1.06721,1.085106,1.07876,1.04932
1,63.26013624236909,1.048855,1.023529,1.04932,0.946706
1,58.17050452243756,0.931587,0.942529,0.946706,0.969116
1,55.53089207128943,1.003906,1.002439,0.969116,1.04518
1,58.412133145861716,1.008949,1.022303,1.04518,1.1
1,65.89189958697489,1.1,1.1,1.1,0.957866
1,61.68316311489435,0.954392,0.963147,0.957866,0.94608
1,56.88653780740583,0.959292,0.967623,0.94608,0.996625
1,56.60585608944802,1.004059,1.00038,0.996625,1.066215
1,60.690523711146945,1.042631,1.04447,1.066215,1.010586
1,61.358215510501466,1.018682,1.029112,1.010586,0.9
0,50.84791645976183,0.9,0.9,0.9,1.080396
1,55.73737271034273,1.061748,1.071716,1.080396,1.1
1,61.75228186125064,1.1,1.1,1.1,0.996695
1,61.45050512319769,0.994595,1.015588,0.996695,0.951592
1,57.065745555113224,1.019501,0.949616,0.951592,1.034146
1,59.1716564484553,0.947005,0.969782,1.034146,1.011119
1,59.8851883102793,1.01755,1.066667,1.011119,0.938021
0,54.14180229231105,0.939473,0.943954,0.938021,1.023446
1,55.76305022602421,1.021822,0.992443,1.023446,1.039917
1,58.515128552174076,1.016271,1.066715,1.039917,0.939252
0,52.90549339602997,0.956971,0.939837,0.939252,0.977257
0,51.05207643562443,0.968979,0.969982,0.977257,1.066909
1,55.841758304831416,1.057554,1.054064,1.066909,0.919223
0,49.16800446069817,0.953061,0.948001,0.919223,0.954765
0,46.11287599381256,0.936117,0.949627,0.954765,0.992233
0,45.61251236100842,0.983988,0.982318,0.992233,1.006262
0,46.116240356555565,1.00155,1.0,1.006262,1.036173
0,49.06899258835078,1.041006,1.052,1.036173,1.009384
0,49.8643413054225,1.020067,1.020913,1.009384,1.043511
1,53.522391247808194,1.030237,1.024209,1.043511,0.976123
1,51.21778201693185,0.975955,0.98,0.976123,1.044907
1,55.04476923839882,1.068116,1.048609,1.044907,0.968903
1,51.87365493229959,0.954206,0.969922,0.968903,1.027407
1,54.29505897632094,1.013153,1.026268,1.027407,0.93331
0,47.81770273993974,0.939649,0.932812,0.93331,1.012411
0,48.95669630741993,1.013816,0.994665,1.012411,0.93685
0,43.668734082088314,0.953223,0.950575,0.93685,0.992863
0,43.13743528954159,0.981839,1.003628,0.992863,1.037141
0,46.742741526952834,1.022432,1.014056,1.037141,0.986138
0,45.53908047319571,0.991917,0.970297,0.986138,0.97501
0,43.39946110197844,0.972837,1.00898,0.97501,1.001201
0,43.533388661160934,1.020343,1.008091,1.001201,0.9
0,34.206673877688296,0.9,0.9,0.9,1.022487
0,36.44504138593233,0.989371,1.014425,1.022487,0.958259
0,34.075504890577946,0.974038,0.958716,0.958259,0.976581
0,32.839299650958985,0.979779,0.995215,0.976581,1.052758
0,38.154997151343395,1.033771,1.015865,1.052758,1.021412
0,40.32821820890808,1.029946,1.050639,1.021412,1.078947
1,47.771537120288,1.096035,1.084685,1.078947,1.055395
1,52.59277309174233,1.027733,1.038206,1.055395,0.945554
1,47.67635432516152,0.962065,0.9624,0.945554,1.010356
1,48.606899597604446,0.995935,0.990025,1.010356,0.99221
1,47.90953524347281,0.988571,0.965575,0.99221,1.039669
1,51.68158021793274,1.056565,1.087826,1.039669,0.911765
0,43.785441213823425,0.917546,0.9,0.911765,1.010898
0,44.80808915618735,0.999574,1.0281,1.010898,0.934455
0,40.03886865032601,0.941628,0.935358,0.934455,0.975542
0,38.50011202105208,0.980543,0.974026,0.975542,0.988174
0,37.76288352931573,0.976927,0.991429,0.988174,0.986118
0,36.88065436857671,0.977326,0.9683,0.986118,0.983981
0,35.8541603080845,0.9826,0.996528,0.983981,0.994573
0,35.49947501424415,1.012297,1.000498,0.994573,1.012897
0,37.083754399645294,1.003401,1.00398,1.012897,0.9
0,27.12245394673643,0.9,0.9,0.9,1.088638
0,34.89575359598211,1.052209,1.063779,1.088638,1.045902
0,38.85532355911342,1.046892,1.065045,1.045902,0.964995
0,36.92622753345301,0.973438,0.967074,0.964995,1.017325
0,38.49681025624794,1.029963,1.026908,1.017325,0.977648
0,37.18793555428155,0.971429,0.981818,0.977648,0.972237
0,35.604906988231264,0.991979,0.972222,0.972237,0.979843
0,34.48885987607082,0.944474,0.966387,0.979843,0.929714
0,30.922430792821817,0.930365,0.904348,0.929714,0.992624
0,30.590080403866704,1.006135,1.0,0.992624,0.991331
0,30.182503748216366,0.982927,0.990385,0.991331,0.96752
0,28.65531117579364,0.96402,0.957929,0.96752,1.047773
0,33.789572738462006,1.084299,1.087838,1.047773,1.04313
0,38.31196551049107,1.011869,1.024845,1.04313,0.976373
0,36.76656319681946,0.993548,0.995152,0.976373,1.087719
1,45.36929911952116,1.077332,1.003654,1.087719,1.03337
1,48.4920138137239,1.027397,1.1,1.03337,0.972013
1,46.036004899294376,0.9744,0.974359,0.972013,1.055925
1,51.20534045433345,1.047619,1.047032,1.055925,1.00839
1,51.98993665596173,1.00627,1.001604,1.00839,1.044202
1,56.03448218097535,1.048287,1.058195,1.044202,0.970618
1,52.7148627457973,0.965825,0.951564,0.970618,0.936891
0,46.52655861431078,0.963077,0.958643,0.936891,0.920044
0,40.45569272396222,0.903088,0.918695,0.920044,1.039881
0,44.06278442379318,1.043632,1.032511,1.039881,0.973097
0,42.13453640229453,0.968362,0.980175,0.973097,1.082941
1,49.30232138189227,1.082264,1.063653,1.082941,0.932645
0,44.12572140058199,0.932075,0.945749,0.932645,0.981363
0,42.874625631138095,0.979757,0.980485,0.981363,0.976855
0,41.33636360973151,0.991145,0.992762,0.976855,0.965978
0,39.163561096289634,0.969625,0.963548,0.965978,0.996226
0,38.92746326571284,0.987715,0.994956,0.996226,1.041035
0,42.94059874634247,1.041667,1.04436,1.041035,0.939357
0,38.72463802805757,0.946866,0.93932,0.939357,1.031633
0,41.74290762084733,1.010088,1.015504,1.031633,0.999374
0,41.69776637529195,1.010612,1.003181,0.999374,0.955542
0,38.51324623573492,0.94441,0.943564,0.955542,0.948231
0,35.28426372005082,0.979071,0.94086,0.948231,0.945404
0,32.362270313888416,0.930528,0.968571,0.945404,0.922515
0,28.903568692865704,0.922469,0.929204,0.922515,0.998415
0,28.840937266850197,0.989883,0.994444,0.998415,1.1
0,42.19531731472452,1.1,1.1,1.1,1.021948
1,44.02370029503232,1.026712,1.041785,1.021948,0.96443
0,41.67262990355802,0.959973,0.958532,0.96443,1.040362
1,45.126294692777044,1.081306,1.056738,1.040362,0.972575
1,43.17990405343166,0.942159,0.961074,0.972575,1.06121
1,48.384328923798215,1.075034,1.059358,1.06121,0.953338
1,44.808640095390544,0.964467,0.964403,0.953338,0.934738
0,40.50991432995917,0.911842,0.920027,0.934738,1.029818
0,43.02392885466539,1.022367,1.02526,1.029818,0.991525
0,42.458381859182644,1.009174,1.008696,0.991525,0.986467
0,41.52759037116012,1.002098,0.97773,0.986467,1.023105
0,43.76366866686498,0.993719,1.033064,1.023105,0.926606
0,38.597556086120626,0.951545,0.929587,0.926606,1.064737
0,44.3768646192012,1.042066,1.065034,1.064737,0.974249
0,42.550194876722166,0.983003,0.971264,0.974249,0.98091
0,41.23019367692965,0.964697,0.970414,0.98091,0.995509
0,40.91475473278265,1.002987,1.005335,0.995509,0.948872
0,37.42051983001646,0.95309,0.941622,0.948872,1.032488
0,40.7084642831167,1.019531,1.02657,1.032488,1.030698
0,43.810240839899286,1.031418,1.009412,1.030698,1.06627
1,50.06918611036499,1.07578,1.082362,1.06627,1.035615
1,53.2806678857148,1.026243,1.027997,1.035615,0.99056
1,52.28647933037821,1.009421,1.009078,0.99056,0.999319
1,52.2115378561453,1.004,1.004152,0.999319,1.043597
1,56.50796290018567,1.021912,1.035837,1.043597,0.947128
1,50.339425938007224,0.945419,0.9501,0.947128,1.020675
1,52.41145510700365,1.020619,0.995098,1.020675,1.04659
1,56.86891116611599,1.053872,1.085855,1.04659,1.025806
1,59.25172160273,1.019169,0.998056,1.025806,0.972956
1,55.689927027536925,0.984326,1.0,0.972956,1.029089
1,58.501376771778034,1.01465,0.993506,1.029089,1.091709
1,66.03188563311934,1.1,1.1,1.091709,0.910242
1,54.625620889460826,0.915264,0.906504,0.910242,1.057522
1,59.067433212239195,1.048437,1.066624,1.057522,0.988643
1,57.795281850077984,0.98538,0.983784,0.988643,0.966143
0,54.097135712967116,0.969139,0.965201,0.966143,0.993742
0,53.4395518506517,0.986528,1.003163,0.993742,1.042821
1,57.245414992306564,1.03352,1.02459,1.042821,0.991546
1,56.22640109269559,1.007808,0.992,0.991546,1.09866
1,64.17360224097662,1.089988,1.069479,1.09866,1.1
1,72.63001458237477,1.1,1.1,1.1,0.980583
1,69.85549194312203,0.965893,0.996901,0.980583,1.036139
1,71.9606631965793,1.029426,1.031606,1.036139,1.004778
1,72.24659165260441,1.029538,1.03114,1.004778,0.911555
1,59.99242724105703,0.924109,0.926449,0.911555,1.017736
1,61.28511883937411,0.983976,0.991062,1.017736,0.906715
0,51.66227564366782,0.928244,0.933156,0.906715,0.998304
0,51.51867789340904,0.997807,0.989198,0.998304,1.010759
0,52.4206836938996,1.032967,1.024713,1.010759,0.984314
0,50.91723436433848,0.962766,0.976444,0.984314,1.001707
0,51.0791274185418,1.036464,1.009765,1.001707,1.065341
0,56.94204583345483,1.002132,1.02446,1.065341,1.032
1,59.65854342503709,1.055851,1.071627,1.032,0.991214
1,58.531786929061,0.989924,0.987047,0.991214,0.993222
1,57.63533834400643,1.007634,0.998425,0.993222,1.034121
1,60.86291637721461,1.00202,1.005258,1.034121,0.943655
1,53.38339958554629,0.972782,0.967573,0.943655,1.036041
1,56.83182604108559,1.000518,1.014054,1.036041,0.967809
0,52.92986669812836,0.970999,0.983475,0.967809,1.01073
0,54.02640198781386,1.0064,1.007046,1.01073,0.9862
0,52.3200319334444,0.99894,0.996233,0.9862,1.0
0,52.3200319334444,1.001061,1.001621,1.0,1.1
1,63.48375471523436,1.099629,1.023732,1.1,0.939277
1,55.376169963599175,0.942169,1.014226,0.939277,0.934325
0,48.58759795125288,0.938619,0.936623,0.934325,0.991214
0,47.79879744396564,0.985831,0.986689,0.991214,0.952355
0,43.692833651265666,0.978441,0.958966,0.952355,1.085515
0,51.38077014148414,1.068927,1.075615,1.085515,1.025723
1,53.60816029787691,1.015328,1.037057,1.025723,1.087774
1,60.43945759259764,1.093181,1.057803,1.087774,1.007685
1,61.02804259856341,1.065238,1.037755,1.007685,1.048141
1,64.60770265257865,1.014752,1.043562,1.048141,0.95498
1,58.89709953220289,0.942731,0.956422,0.95498,1.1
1,66.44633526354578,1.1,1.045564,1.1,1.017995
1,67.59670592215123,1.028369,1.081651,1.017995,0.918771
1,57.79154274964486,0.912373,0.903732,0.918771,1.054054
1,61.47132985713997,1.038684,1.060535,1.054054,1.1
1,68.05450333406462,1.1,1.073009,1.1,1.027344
1,69.56794444800778,1.017557,1.074227,1.027344,0.994297
1,68.81559320384721,0.986122,0.981574,0.994297,1.024474
1,70.29184536477821,1.045264,1.014861,1.024474,0.95894
1,64.62884189772713,0.953421,0.977264,0.95894,1.050993
1,67.9413047706313,1.034351,1.003549,1.050993,0.985185
1,65.91158140805075,1.038376,1.036149,0.985185,0.994737
1,65.17765180528964,0.943497,0.96132,0.994737,1.0839
1,70.74127482338302,1.082486,1.07929,1.0839,0.9
0,54.35383403025807,0.908142,0.9,0.9,1.016539
0,55.5233056685627,0.9659,1.025748,1.016539,1.052381
1,59.15185081005478,1.069814,1.062348,1.052381,1.031674
1,61.31474621241514,1.041898,1.023247,1.031674,1.013523
1,62.26260187473268,1.019929,1.031657,1.013523,1.043274
1,65.23749916541179,1.015352,1.011552,1.043274,0.904597
0,54.580189581659695,0.962199,0.931478,0.904597,1.026748
0,56.52023162006194,0.960357,0.989655,1.026748,1.038333
1,59.276578971754205,1.043511,1.065815,1.038333,1.076344
1,64.31464451886538,1.076978,1.043226,1.076344,0.980686
1,62.06307219097335,0.988418,1.004526,0.980686,1.043463
1,64.97710681704875,1.032809,1.012478,1.043463,1.008461
1,65.55586336145291,1.033387,0.999658,1.008461,1.077122
1,70.39835594108611,1.055521,1.1,1.077122,0.976932
1,67.12412142465347,0.97474,0.991395,0.976932,1.09445
1,72.61145015481891,1.1,1.092374,1.09445,1.059961
1,75.65226462800706,1.048289,1.010216,1.059961,0.98784
1,73.75664677038021,0.994999,1.011236,0.98784,0.968424
1,68.98166837250136,1.024868,1.002778,0.968424,1.059685
1,72.4922691216782,0.996386,1.047368,1.059685,0.949153
1,65.3063256051801,0.952073,0.956096,0.949153,0.994231
1,64.56407188279103,0.989116,0.983126,0.994231,0.991987
0,63.49089339221846,0.991197,0.990433,0.991987,1.021448
1,65.14740170139858,1.043575,1.030682,1.021448,1.003
1,65.38899963103366,0.995745,1.007166,1.003,0.921697
0,54.69808924896538,0.913462,0.916804,0.921697,0.99351
0,53.97215937965618,1.010234,1.0,0.99351,1.010095
0,54.96686733101223,0.986975,1.0,1.010095,1.043798
0,59.13479963363951,1.058358,1.038806,1.043798,0.905942
0,48.33541863148302,0.927681,0.921552,0.905942,0.970469
0,45.77480497027477,0.939068,0.959152,0.970469,0.976297
0,43.827138929076625,1.013677,0.970741,0.976297,1.02231
0,46.09681707725847,0.996235,1.035164,1.02231,0.941592
0,41.28829276609629,0.930709,0.925267,0.941592,1.01636
0,42.97772187920486,1.009814,1.018182,1.01636,1.02381
0,45.47690214457601,1.050603,1.037088,1.02381,0.993449
0,44.88019114025335,0.998405,0.992384,0.993449,1.003956
0,45.34358497355017,0.980831,0.981648,1.003956,0.939245
0,39.78979542193197,0.949837,0.96397,0.939245,0.999301
0,39.733136362080174,0.984911,0.998237,0.999301,1.008397
0,40.822124026893704,1.005571,0.997174,1.008397,1.02186
0,43.698075796160545,1.042936,1.041445,1.02186,1.035314
1,48.17556241018355,1.017928,1.02415,1.035314,1.052476
1,54.20897162335915,1.075016,1.060445,1.052476,0.950452
1,48.20323607920832,0.940534,0.949577,0.950452,0.997049
1,47.879882124308764,0.996129,0.994393,0.997049,1.004604
1,48.459076567889916,0.999676,1.005307,1.004604,1.097545
1,58.92292461663579,1.1,1.1,1.097545,0.983299
1,56.597548047052726,0.959137,0.976333,0.983299,1.017895
1,58.45769910076573,1.038704,1.018104,1.017895,0.996424
1,57.914033718880376,0.967649,0.990054,0.996424,1.061902
1,64.11399355466624,1.073134,1.067884,1.061902,0.987891
1,62.068465796414806,0.986926,0.980616,0.987891,1.077822
1,68.86105457475571,1.080045,1.087209,1.077822,0.965089
1,62.987694898986156,0.958507,0.949733,0.965089,0.964374
1,57.76238393254307,0.971958,0.982264,0.964374,0.994601
1,57.017887737508765,0.994398,0.986529,0.994601,1.007429
1,57.81908200126679,1.018873,1.023242,1.007429,0.949801
0,50.86762078803944,0.927288,0.93356,0.949801,1.054046
1,56.61225035605633,1.077519,1.06691,1.054046,1.07932
1,63.68576522718579,1.089651,1.066705,1.07932,1.031759
1,66.24668843569295,1.015744,0.994655,1.031759,1.1
1,74.45558658570377,1.1,1.1,1.1,1.002701
1,74.61143507641503,0.978571,1.006422,1.002701,0.9
0,50.896289833686204,0.9,0.9,0.9,0.9
0,42.7897397368695,0.9,0.9,0.9,1.05075
0,45.92113857407441,0.974672,0.909671,1.05075,1.011543
0,46.67239414343727,0.994624,1.053333,1.011543,0.998498
0,46.58070091259807,1.0003,1.03431,0.998498,0.987669
0,45.7863511562955,1.035725,1.047343,0.987669,0.9
0,39.70405522875009,0.9,0.9,0.9,1.1
1,54.02993946479944,1.1,1.1,1.1,1.010849
1,54.65291516699407,0.976864,1.038236,1.010849,0.9
0,41.98465837952227,0.9,0.9,0.9,0.957586
0,40.48170133727195,0.9,0.913542,0.957586,0.923299
0,37.94828113935984,0.905899,0.9,0.923299,1.042122
0,39.99867890689763,1.052326,1.1,1.042122,0.991392
0,39.69783591412689,0.989687,0.986978,0.991392,0.990185
0,39.33764495770653,1.019352,1.008925,0.990185,1.010675
0,39.96934142303655,0.976634,1.007692,1.010675,1.051301
0,43.070284229348374,1.051215,1.035878,1.051301,1.1
1,49.40329316530058,1.1,1.1,1.1,0.985774
1,48.566678597875246,0.978392,0.977558,0.985774,0.998688
1,48.48629258301985,1.008769,1.012154,0.998688,1.1
1,60.56042108906429,1.1,1.1,1.1,0.962219
1,57.57755821426081,0.961137,1.013024,0.962219,1.010582
1,58.175453067666496,0.996744,0.973169,1.010582,1.017085
1,59.18616940671427,1.1,1.033314,1.017085,1.1
1,66.96520143288626,1.060351,1.1,1.1,0.9873
1,65.66776520449181,1.068113,1.015166,0.9873,1.025727
1,67.04306790955484,0.956104,1.024096,1.025727,0.970506
1,63.80620868308764,0.96391,0.975765,0.970506,0.995693
1,63.339444364581254,1.03981,1.000482,0.995693,0.9
0,45.959861708173676,0.9,0.9,0.9,0.961783
0,44.06113583437578,0.950796,0.996835,0.961783,0.975402
0,42.88013966894683,0.955556,0.944444,0.975402,0.9
0,38.31449736143953,0.9,0.9,0.9,1.034645
0,40.35355862935395,1.044405,1.097701,1.034645,0.98849
0,39.865722238386674,0.97449,0.95637,0.98849,1.07657
0,44.60782790905758,1.071204,1.09562,1.07657,0.911832
0,40.35902112513451,0.924405,0.906063,0.911832,0.977354
0,39.41221789013603,1.003525,0.992647,0.977354,1.1
1,47.24048697102909,1.089568,1.048519,1.1,1.1
1,55.27942883450238,1.1,1.1,1.1,1.041772
1,57.45555479227963,1.029842,1.01033,1.041772,0.946717
1,53.71500118920583,0.952509,0.980119,0.946717,1.091245
1,58.43904487658031,1.1,1.066358,1.091245,0.963272
1,55.74752256690606,0.969565,0.995924,0.963272,0.938075
1,51.591533780106225,0.920601,0.910232,0.938075,1.05996
1,54.8816733066844,1.072779,1.096223,1.05996,0.999728
1,54.86236745852581,1.037927,1.003008,0.999728,1.063928
1,58.55226954806015,1.047092,1.046892,1.063928,0.972641
1,56.295684188246675,0.94839,0.955208,0.972641,1.1
1,65.06351929656721,1.1,1.1,1.1,0.999551
1,65.02009567406752,0.992657,1.01373,0.999551,0.971454
1,62.1820964738518,0.989774,0.970655,0.971454,1.027534
1,63.77750162501884,0.995384,1.01186,1.027534,0.98649
1,62.34928530200916,1.001988,0.965295,0.98649,1.022141
1,63.76212966670417,1.019176,1.062143,1.022141,1.013845
1,64.67458786001882,1.011246,1.016588,1.013845,1.010132
1,65.37127475086469,0.985458,0.988754,1.010132,0.931967
0,57.139917417061675,0.942925,0.950491,0.931967,0.945718
0,51.90607365216407,0.955581,0.947208,0.945718,1.003958
0,52.23104388235137,0.994461,1.000743,1.003958,0.994579
0,51.71362094934849,0.980867,0.975743,0.994579,1.003221
0,52.016115617859874,1.009136,1.018519,1.003221,0.983453
0,50.26826965723701,0.988011,0.983811,0.983453,0.973882
0,47.59484252163134,0.993066,0.974684,0.973882,1.044095
0,52.10519307174544,1.039152,1.05039,1.044095,0.963695
0,48.2599069980493,0.952004,0.955737,0.963695,1.036392
1,51.948890859993554,1.026468,1.040103,1.036392,0.958457
0,47.62275926563901,0.960216,0.963184,0.958457,1.041022
1,51.72062401609507,1.033248,1.007231,1.041022,1.000743
1,51.79725344750915,1.008416,1.027179,1.000743,1.012382
1,53.13243337100835,1.014728,1.00674,1.012382,0.959638
0,48.37086039776004,0.956942,0.969006,0.959638,1.017843
1,50.40161323305596,1.025531,1.01868,1.017843,1.017781
1,52.444787000284336,1.007641,1.01482,1.017781,1.029035
1,55.710281908955594,1.029843,0.997525,1.029035,0.992587
1,54.64860030410921,0.988836,1.009429,0.992587,0.951578
0,48.23058806826742,0.981984,0.969518,0.951578,0.994684
0,47.60158776132019,0.965753,0.992901,0.994684,0.938661
0,40.99415607623605,0.940729,0.932584,0.938661,0.987256
0,39.83292424578569,1.000269,0.995619,0.987256,1.007141
0,40.831424700661145,1.0,1.008251,1.007141,1.020453
0,43.73224959492239,1.016958,1.018822,1.020453,0.950561
0,38.69308126928648,0.964002,0.952343,0.950561,0.982007
0,37.1004010696141,0.965953,0.959516,0.982007,1.011451
0,38.79606321154443,1.006254,1.026956,1.011451,0.988395
0,37.6749419511653,0.998588,0.993153,0.988395,1.020619
0,40.904567476293,1.01075,1.014938,1.020619,0.980359
0,38.799500865603,0.992163,0.988112,0.980359,1.065255
1,48.15783702471041,1.058674,1.052707,1.065255,1.010478
1,49.578127232449035,1.003197,0.993469,1.010478,1.005584
1,50.36663695713743,1.006109,1.015886,1.005584,1.007139
1,51.418568652012766,1.031679,1.025074,1.007139,1.049094
1,58.05001385296615,1.02303,1.022883,1.049094,1.032783
1,61.966679465514275,1.033767,1.030599,1.032783,1.1
1,73.69643212691577,1.1,1.1,1.1,0.931393
1,62.20976032839838,0.952461,0.944481,0.931393,1.006157
1,62.732664394798505,1.013975,1.010333,1.006157,0.985041
1,60.5278968293904,0.966528,0.977727,0.985041,0.998619
1,60.320345796653285,1.015844,1.002789,0.998619,0.981797
1,57.52345934592145,0.957665,0.973111,0.981797,1.086365
1,65.53917186717422,1.1,1.078132,1.086365,0.932167
0,55.85387732528955,0.928376,0.945426,0.932167,0.976825
0,53.15956264290818,0.959837,0.932227,0.976825,1.078529
1,60.03212550607119,1.086288,1.1,1.078529,1.1
1,67.47035127357744,1.1,1.090585,1.1,0.981891
1,64.99559304918256,0.967736,0.979184,0.981891,1.001419
1,65.10163220251283,0.997791,1.00792,1.001419,1.050192
1,68.71728179087121,1.049718,1.052523,1.050192,0.983426
1,66.15756348297373,0.982742,0.986248,0.983426,1.051734
1,69.86814692866548,1.054829,1.032869,1.051734,1.023849
1,71.49976940688161,1.017203,0.981292,1.023849,0.976706
1,67.56002263367571,0.999818,1.038129,0.976706,1.01621
1,68.81769035175256,1.027283,1.01685,1.01621,1.06454
1,73.32393913593778,1.051877,1.066096,1.06454,0.997244
1,72.80888454202976,0.981653,0.992141,0.997244,0.988601
1,70.60567540051423,0.996228,0.98803,0.988601,0.991614
1,68.97104291486883,1.003442,1.001425,0.991614,1.07012
1,74.28678004841707,1.044597,1.040206,1.07012,0.925255
0,61.37108988675607,0.929721,0.943219,0.925255,1.02847
1,63.76228855089625,1.050512,1.047144,1.02847,1.001384
1,63.882673857452794,0.986214,0.98026,1.001384,0.984623
0,61.43738512513015,0.972895,0.981275,0.984623,0.996842
0,60.929411427153674,1.001927,1.0045,0.996842,0.978701
0,57.488398818269225,0.97709,0.985842,0.978701,0.918525
0,46.82622129052985,0.949884,0.921469,0.918525,1.011944
0,48.218907334290776,1.008856,1.006116,1.011944,0.90983
0,39.67084118805709,0.920807,0.921373,0.90983,1.000851
0,39.76954306814418,0.961866,0.983401,1.000851,1.020824
0,42.26190645581128,1.013707,1.006709,1.020824,1.007077
0,43.14099373353416,1.01581,0.990112,1.007077,0.991732
0,42.32454741406454,0.988327,1.027573,0.991732,1.035015
0,46.87225804137325,1.046001,1.041623,1.035015,1.023157
1,49.79075181965945,1.010103,1.001014,1.023157,1.00925
1,50.97605745590254,1.011571,1.021479,1.00925,0.926482
0,42.341484106851304,0.946879,0.937909,0.926482,1.00021
0,42.369369151629265,0.980753,0.988367,1.00021,0.968855
0,39.33717209965117,0.97453,0.982238,0.968855,0.916594
0,32.78186209233062,0.916452,0.9,0.916594,0.936019
0,29.10877481020524,0.970079,0.949647,0.936019,1.072152
0,37.1179877371476,1.041687,1.065574,1.072152,1.012043
0,38.457909984726065,0.996299,1.013221,1.012043,1.060196
0,44.85910675499105,1.089622,1.077106,1.060196,1.058539
1,50.56790349578548,1.029192,1.038106,1.058539,0.991892
1,49.75456492173218,1.007867,1.012094,0.991892,0.9
0,40.981499280969324,0.919885,0.9,0.9,1.058755
1,46.31161873020425,1.020098,1.073206,1.058755,0.955076
0,42.93144815112542,0.968914,0.940704,0.955076,1.015448
0,44.367617437187185,1.004067,1.033886,1.015448,0.965032
0,41.76589379322297,0.995275,0.969746,0.965032,1.060941
1,47.357019453263575,1.023287,1.036162,1.060941,1.05988
1,52.479193433166856,1.07954,1.069343,1.05988,1.036409
1,55.48519043244671,1.029063,1.053328,1.036409,1.025843
1,57.60950409070488,1.019889,1.013163,1.025843,1.011218
1,58.55793367498864,1.012676,1.007196,1.011218,0.938108
1,51.61913530086235,0.953206,0.949593,0.938108,1.012863
1,52.7936229349007,0.995556,1.014211,1.012863,0.977468
1,50.45343239976457,0.983969,0.968885,0.977468,0.984702
0,48.904150905098454,0.972572,0.952999,0.984702,1.053203
1,54.10212410116167,1.053435,1.035483,1.053203,0.956961
0,49.4833007329317,0.981884,1.003233,0.956961,1.1
1,58.989225536955196,1.085076,1.1,1.1,0.996397
1,58.569279690827244,1.015681,0.999027,0.996397,0.961553
1,54.15517141380908,0.957589,0.97352,0.961553,0.9
0,44.32438595047925,0.932401,0.9,0.9,1.059778
0,49.16712270787839,1.0,1.053812,1.059778,0.976725
0,47.33739857416394,0.989583,0.990426,0.976725,1.004508
0,47.73368908153382,0.994105,1.0,1.004508,0.995726
0,47.36810042329261,0.997035,0.990333,0.995726,1.012234
0,48.57690329701625,1.021665,1.014317,1.012234,0.976675
0,46.36386667804534,0.985655,0.979897,0.976675,0.975901
0,44.176771297270655,0.957604,0.957224,0.975901,0.985317
0,42.881491482979364,0.982379,0.986092,0.985317,0.965907
0,39.992378320451415,0.997309,0.984971,0.965907,0.9
0,32.522490235709284,0.9,0.9,0.9,0.982105
0,31.617730518572948,0.957441,0.966776,0.982105,1.01045
0,32.772869961224124,1.03407,1.055493,1.01045,1.044816
0,37.685214175450014,1.029601,1.009341,1.044816,0.965482
0,35.44088932771064,0.9575,0.992068,0.965482,1.065983
0,42.27382043990521,1.06423,1.059168,1.065983,0.966461
0,39.814897197186006,0.980373,0.978359,0.966461,1.007655
0,40.635191275242896,0.994494,0.99177,1.007655,1.01722
1,42.54666424039982,1.031454,1.037344,1.01722,0.995519
1,42.15968760252632,0.999268,0.99775,0.995519,0.983996
1,40.7408222833881,0.966309,0.968429,0.983996,1.070902
1,48.826200904632174,1.072511,1.080724,1.070902,0.995491
1,48.34246578305149,0.998115,0.992339,0.995491,1.036949
1,52.47870575679099,1.042483,1.04029,1.036949,1.021149
1,54.79249301952838,1.009735,1.009508,1.021149,1.023413
1,57.32218441537675,1.028475,1.019067,1.023413,0.99626
1,56.763041394900775,1.006758,1.010821,0.99626,1.021638
1,59.23182639248188,1.01256,1.008029,1.021638,1.002161
1,59.48603571962499,1.005133,1.015487,1.002161,1.019625
1,61.819179778860104,1.009574,1.001307,1.019625,1.023689
1,64.52686224865086,1.021075,1.028068,1.023689,0.940702
1,53.96555485044565,0.990712,0.961905,0.940702,1.000879
0,54.07836735323116,0.966458,0.992299,1.000879,1.021944
1,56.92065547444876,1.029101,1.021729,1.021944,0.989478
0,55.12036080716585,0.966904,0.969184,0.989478,1.055339
1,61.87777746962888,1.059359,1.066726,1.055339,0.930084
0,50.87798139734911,0.959714,0.948363,0.930084,1.032058
1,54.585775414610225,0.999787,1.005976,1.032058,0.936161
0,46.77204076303751,0.943308,0.957096,0.936161,0.978261
0,44.58114162257193,0.985088,0.975402,0.978261,0.968889
0,41.64035693685445,0.951835,0.940372,0.968889,1.000724
0,41.73372183279385,1.015663,1.03609,1.000724,0.989144
0,40.68235795976702,0.993832,0.976778,0.989144,1.027073
0,44.402956237630136,1.009788,1.034423,1.027073,0.988601
0,43.1427555167302,1.011584,0.99593,0.988601,0.962527
0,39.244464230149376,0.961673,0.959135,0.962527,1.035688
0,44.22001248388775,1.016768,1.01203,1.035688,0.992048
0,43.3379765003466,0.995937,1.005448,0.992048,1.026233
1,47.05973390405695,1.019198,1.034483,1.026233,0.990059
1,45.79985076936758,1.00259,0.995476,0.990059,0.97968
0,43.27479962272653,0.974401,0.972255,0.97968,1.049048
1,50.25851707323083,1.039287,1.045756,1.049048,1.012561
1,51.96936472555143,1.017393,1.002352,1.012561,0.934987
0,43.52106223309825,0.967632,0.953297,0.934987,1.007862
0,44.61739811588438,0.976914,1.004431,1.007862,0.974159
0,41.7278888478896,0.972993,0.970343,0.974159,0.952703
0,37.11276098119428,0.959356,0.954281,0.952703,1.035986
0,42.11078598639211,1.026608,1.033616,1.035986,1.015467
0,44.235910888274084,1.012833,1.021255,1.015467,1.051186
1,50.77585049532006,1.048447,1.031846,1.051186,1.040855
1,55.49228387117281,1.042654,1.031106,1.040855,1.022821
1,58.011262790229395,1.034091,1.014141,1.022821,0.977019
1,54.58452653708191,0.994725,1.014176,0.977019,0.973967
1,50.99414204594741,0.984313,0.964711,0.973967,1.052755
1,57.00518518237689,1.008979,1.050119,1.052755,0.938307
0,49.03150194494192,0.954171,0.944356,0.938307,0.980062
0,46.88957282751344,0.967592,0.984431,0.980062,0.995883
0,46.44734596507013,1.012771,0.999513,0.995883,1.000486
0,46.51126010774381,1.032358,0.991237,1.000486,1.018474
0,49.00204930483549,0.967965,1.00835,1.018474,1.082578
1,58.48114956746935,1.085714,1.088164,1.082578,0.978836
1,55.404089112336536,0.995833,0.987243,0.978836,1.063739
1,61.787155745250004,1.061,1.046021,1.063739,1.068812
