1,100.0,1.080563,1.064901,1.043534,0.968098
1,54.83870967741936,0.940828,0.94403,0.968098,0.939163
1,28.894699788796178,0.945912,0.965744,0.939163,0.963563
1,22.458404238047443,0.964096,0.952251,0.963563,1.009804
1,26.998534659760224,1.0,1.027221,1.009804,1.001387
1,27.650249002001775,1.004138,1.001395,1.001387,1.065097
1,50.167698153901135,1.065934,1.04039,1.065097,1.050715
1,61.01127605606709,1.043814,1.041499,1.050715,0.961634
1,51.431179060801014,0.993827,0.997429,0.961634,1.072072
1,62.795956953820095,1.047205,1.061856,1.072072,1.04922
1,68.5907898885003,1.046263,1.019417,1.04922,1.040046
1,72.52499844210094,1.038549,1.07381,1.040046,0.987899
1,69.57538368311857,0.992358,0.982262,0.987899,0.995546
1,68.48463992649928,0.993399,0.980813,0.995546,0.997763
1,67.91136326439863,1.002215,0.991945,0.997763,0.9
0,46.37924784696882,0.9,0.9,0.9,0.980989
0,44.182244383025925,0.990123,1.022667,0.980989,0.988372
0,42.87005354779033,0.96384,0.980443,0.988372,0.9
0,33.659432487923894,0.9,0.9,0.9,1.055233
0,40.45825919537469,1.079826,1.1,1.055233,0.96281
0,37.51628118352856,0.947581,0.948611,0.96281,0.998569
0,37.40778483034353,1.017021,1.011713,0.998569,0.991404
0,36.72158173628917,1.004184,0.988423,0.991404,1.026012
0,40.26194400960737,1.002778,1.030747,1.026012,0.9
0,30.014148223714926,0.9,0.9,0.9,1.069079
0,37.11215246022194,1.063694,1.039801,1.069079,1.004615
0,37.59897910984962,0.980539,1.014354,1.004615,1.093415
1,46.64354709778594,1.096183,1.073899,1.093415,1.053221
1,51.37201903430745,1.054318,1.087848,1.053221,1.037234
1,54.56697335397318,1.031704,1.018843,1.037234,0.982051
1,52.702466253199184,0.984635,0.977543,0.982051,0.977807
1,50.44829832354639,1.014304,1.009459,0.977807,1.036048
1,53.8262251314048,1.00641,1.025435,1.036048,1.009021
1,54.68864289010934,1.030573,1.015666,1.009021,1.014049
1,56.07697658804448,0.987639,0.994859,1.014049,1.012594
1,57.35616651911805,1.026283,1.034884,1.012594,0.986318
1,55.4433656522659,0.985366,0.965044,0.986318,1.002522
1,55.73243184435824,0.996287,1.006468,1.002522,1.023899
1,58.487736500989016,1.023602,1.028278,1.023899,1.1
1,68.4918823019868,1.1,1.1,1.1,0.997788
1,68.0991312658492,0.998907,0.974099,0.997788,1.1
1,80.04962276705098,1.1,1.1,1.1,1.028285
1,81.2578465857195,0.990443,1.03122,1.028285,0.933452
1,70.18355626785001,1.049123,0.965138,0.933452,0.955323
1,64.27210146347485,0.9,0.915399,0.955323,0.979104
1,61.768682923256165,1.00198,1.013499,0.979104,1.015244
1,62.88083906013158,0.988142,0.985656,1.015244,0.968969
0,59.05721997762066,0.976,0.982328,0.968969,1.078512
1,64.72103104986932,1.094262,1.079365,1.078512,0.988506
1,63.233617293547724,0.977528,0.980392,0.988506,0.982558
0,60.970123120018805,0.974138,0.965,0.982558,1.047337
1,64.60831811299234,1.077679,1.082902,1.047337,0.933145
0,56.25512236167966,0.921533,0.945455,0.933145,0.978809
0,54.03004467143373,0.978218,0.907895,0.978809,0.965979
0,50.64036059172301,0.953441,0.995541,0.965979,0.978655
0,48.64834511850881,1.003185,1.024636,0.978655,1.08615
1,56.00936409029527,1.055026,1.031694,1.08615,1.040161
1,59.19852845815211,1.045135,1.066737,1.040161,0.985521
1,57.51464866474901,0.987524,0.983118,0.985521,1.026445
1,59.73482250174756,1.024295,1.033333,1.026445,0.993321
1,58.87580193604339,1.012334,1.006843,0.993321,1.010567
1,59.85283705175967,0.99344,0.98835,1.010567,1.035171
1,63.0341551055115,1.04717,1.056974,1.035171,1.004591
1,63.45558583240919,0.989189,0.982342,1.004591,1.047532
1,67.59345127911793,1.055556,1.063387,1.047532,1.007853
1,68.26324599183938,1.000863,0.994662,1.007853,1.040693
1,71.56811751442295,1.051724,1.047406,1.040693,0.9
0,47.67807554022026,0.9,0.9,0.9,1.011089
0,48.64509960951831,1.015075,0.971875,1.011089,1.0
0,48.64509960951831,0.99802,1.049303,1.0,1.002991
0,48.94357047926705,1.014881,1.019408,1.002991,0.969185
0,45.970376510246176,0.979472,0.946894,0.969185,0.992821
0,45.30117321025457,0.971058,1.004233,0.992821,1.027893
0,48.42013884329732,1.042138,1.022129,1.027893,0.951759
0,43.65447402009386,0.954635,0.969072,0.951759,1.048574
0,48.850161370790744,1.030992,0.957447,1.048574,0.969789
0,45.878875463864084,0.98497,1.068889,0.969789,0.984424
0,44.42391900522678,0.980671,0.983368,0.984424,1.03903
1,48.74202983344288,1.037344,1.033827,1.03903,0.959391
0,44.69866124864619,0.95,0.95501,0.959391,0.969312
0,41.979707502814975,0.988421,0.979657,0.969312,0.96179
0,38.90392611122678,0.951012,0.939891,0.96179,0.994325
0,38.47028731509439,0.993281,0.981395,0.994325,0.91895
0,32.86782777603125,0.930101,0.945498,0.91895,1.098137
0,42.84213465142283,1.084848,1.067669,1.098137,0.957014
0,39.78043396857621,0.951955,0.962441,0.957014,0.983452
0,38.68358343813174,1.004695,1.013415,0.983452,1.014423
0,40.20545291730222,1.003505,1.015644,1.014423,0.986967
0,39.243909218236816,0.977881,0.971564,0.986967,0.933974
0,34.76674716263331,0.952381,0.945122,0.933974,1.001285
0,34.91214318226638,0.9925,1.00129,1.001285,1.044929
0,39.95646154079207,1.034005,1.039948,1.044929,0.945946
0,36.162204648711246,0.962241,0.954151,0.945946,1.077922
1,43.974974495533154,1.056962,1.055844,1.077922,1.042169
1,47.97481146965769,1.043114,1.04428,1.042169,1.006936
1,48.651603142000965,1.009185,1.014134,1.006936,0.938002
0,43.204144448726254,0.962457,0.943089,0.938002,1.0
0,43.204144448726254,0.99409,1.004926,1.0,0.988984
0,42.28889135305039,0.967895,0.980392,0.988984,0.961634
0,39.20788179899794,0.964373,0.9625,0.961634,0.908623
0,33.235468094729974,0.901911,0.9,0.908623,0.96034
0,31.215995086907657,0.967514,0.979412,0.96034,1.020649
0,33.395192225071966,1.018978,1.004505,1.020649,0.956647
0,31.119958713970693,0.971347,0.971599,0.956647,1.045317
0,35.82832343877818,1.054572,1.055385,1.045317,1.021676
0,38.106444594887954,1.0,0.992711,1.021676,0.991513
0,37.532479656129944,0.993007,1.023495,0.991513,1.017118
0,39.495344537968634,1.009859,1.005739,1.017118,1.014025
1,41.15474432328734,1.026499,1.029957,1.014025,1.016598
1,43.16899493152048,1.005435,1.0,1.016598,1.023129
1,45.9895353126852,1.02027,1.023546,1.023129,1.039894
1,50.64472691801303,1.064901,1.051421,1.039894,1.048593
1,55.8370825268682,1.03607,1.029601,1.048593,1.018293
1,57.727597602884856,1.012005,1.01625,1.018293,0.955689
1,51.83336900702312,0.965599,0.98155,0.955689,0.949875
0,46.32637323234213,0.936118,0.938596,0.949875,1.05277
1,51.83702871864179,1.059055,1.049399,1.05277,1.071429
1,58.39262478486174,1.090458,1.075064,1.071429,1.073684
1,64.1937027707147,1.048864,1.017751,1.073684,0.979303
1,61.41274356026198,0.986999,1.040698,0.979303,1.025584
1,63.47548848232256,1.016465,1.015642,1.025584,0.970716
1,59.4573249929958,0.984881,0.983498,0.970716,0.984358
1,57.4273563451869,1.003289,0.97651,0.984358,0.986379
1,55.67280938965451,0.960656,0.988545,0.986379,1.052934
1,60.637478932389236,1.051195,1.020857,1.052934,0.935519
0,52.513480904447064,0.953463,0.961407,0.935519,0.9
0,25.750455992831085,0.9,0.9,0.9,0.932715
0,24.820899767961063,0.931818,0.947619,0.932715,0.970149
0,24.427942291273236,0.970732,0.924623,0.970149,0.989744
0,24.289898409641616,0.987437,1.002717,0.989744,1.051813
0,26.52563585827562,1.045802,1.089431,1.051813,0.992611
0,26.399702164441464,0.997567,1.002488,0.992611,0.947891
0,25.487510134096993,0.970732,0.940447,0.947891,0.989529
0,25.308130681414767,0.952261,0.931398,0.989529,1.095238
0,30.077792698016363,1.1,1.1,1.095238,0.971014
1,29.40376059220551,0.964286,0.977833,0.971014,0.995025
1,29.285965390662188,1.004938,1.005038,0.995025,1.005
1,29.589735739007384,0.997543,0.997494,1.005,1.1
1,36.626068030287904,1.1,1.1,1.1,0.991111
1,36.30051139801876,0.99345,0.981735,0.991111,0.977578
1,35.45210684396067,0.971429,0.995349,0.977578,0.995413
1,35.274538205922696,0.988688,0.978972,0.995413,0.970046
1,34.07967630040848,1.018307,1.002387,0.970046,1.061758
1,38.56204723198652,1.026966,1.052381,1.061758,1.008949
1,39.2464806862785,1.0,1.004525,1.008949,0.949002
0,36.713822253859156,0.947484,0.939189,0.949002,0.985981
0,36.060073891715085,0.979215,0.995204,0.985981,0.950237
0,33.79204679697112,0.950472,0.944578,0.950237,0.952618
0,31.840747574189123,0.980149,0.918367,0.952618,1.002618
0,32.063102199496875,0.98481,1.061111,1.002618,0.947781
0,29.958110232118074,0.943445,0.937173,0.947781,1.052342
0,34.36648830811295,1.043597,1.019553,1.052342,1.020942
0,36.1876429892232,1.028721,1.035616,1.020942,0.992308
0,35.78663045016795,0.997462,1.021164,0.992308,1.1
1,46.792771313952606,1.1,1.1,1.1,1.004556
1,47.16784729111983,1.056818,1.009281,1.004556,1.0
1,47.16784729111983,0.991398,0.990805,1.0,1.029478
1,49.83374228137622,0.986985,1.025522,1.029478,1.092511
1,57.32579452443674,1.1,1.097285,1.092511,1.064516
1,61.98421251828175,1.050388,1.002062,1.064516,0.994318
1,61.308518934259006,1.016605,1.078189,0.994318,1.015238
1,62.48301102995189,0.972777,0.959924,1.015238,0.915572
1,52.77802171401267,0.932836,0.914513,0.915572,0.971311
0,50.167337348504745,0.952,1.004348,0.971311,1.016878
0,51.63944369026622,1.044118,1.017316,1.016878,0.921162
0,44.860425866837694,0.919517,0.934043,0.921162,1.011261
0,45.86739290716356,1.0,1.013667,1.011261,0.957684
0,42.6778895527906,0.960613,0.959551,0.957684,0.962791
0,40.14617769772929,0.963554,0.960187,0.962791,1.009662
0,41.087084371252416,1.002364,1.007317,1.009662,1.059809
0,46.72411074910197,1.068396,1.05569,1.059809,1.0
0,46.72411074910197,0.995585,1.013761,1.0,1.06772
1,52.984880184369466,1.064302,1.036199,1.06772,1.02537
1,55.25021614714031,1.025,1.032751,1.02537,1.043299
1,58.97551361270328,1.04065,1.042283,1.043299,1.039526
1,62.2027145691762,1.037109,1.026369,1.039526,1.076046
1,67.67895955741298,1.096045,1.1,1.076046,0.913428
1,56.81882347440742,0.945017,0.900885,0.913428,1.007737
1,57.41950038877141,0.958182,0.988212,1.007737,1.06142
1,61.97644602376267,1.062619,1.047714,1.06142,1.01085
1,62.780743567733424,1.017857,1.009488,1.01085,1.033989
1,65.28494321211366,1.042105,1.071429,1.033989,0.963668
1,60.444259617575,0.969697,0.973684,0.963668,0.960503
0,55.7782401839109,0.954861,0.956757,0.960503,1.097196
1,63.04065558347817,1.067273,0.998117,1.097196,1.011925
1,63.900124449900794,1.040886,1.1,1.011925,1.001684
1,64.02881518344655,1.001637,0.993209,1.001684,0.973109
1,60.32343880409114,0.98366,0.982906,0.973109,1.031088
1,62.922992227144995,1.026578,1.008696,1.031088,1.030151
1,65.36666851984499,1.043689,1.039655,1.030151,1.079675
1,70.97484642595893,1.054264,1.087894,1.079675,1.048193
1,73.94241189579253,1.051471,1.044207,1.048193,1.014368
1,74.80917975099501,0.988811,0.979562,1.014368,0.98017
1,71.23658001106521,0.988685,0.980626,0.98017,1.060694
1,75.08126988529169,1.0701,1.037994,1.060694,1.050409
1,77.88562253964524,1.042781,1.081991,1.050409,0.963684
1,71.34234846136499,0.966667,0.985115,0.963684,0.908479
0,58.490666943329494,0.925729,0.913462,0.908479,0.97037
0,55.33343869557709,0.974212,0.960902,0.97037,0.981679
0,53.46854655426152,0.954412,0.992175,0.981679,1.1
1,61.30919624085312,1.1,1.069401,1.1,0.932394
0,54.2557361903539,0.966434,0.973451,0.932394,1.05136
0,57.94638159931519,1.011577,1.042424,1.05136,0.99569
0,57.50552003778758,1.011445,1.001453,0.99569,0.948052
0,52.357710293181874,0.940594,0.944848,0.948052,0.972603
0,49.9500058006485,0.992481,0.976959,0.972603,1.061033
1,54.79996508765147,1.030303,1.011006,1.061033,0.952802
0,50.477770814412885,0.979412,1.00311,0.952802,0.965944
0,47.69271784356103,0.942943,0.951938,0.965944,0.93109
0,42.73023486323162,0.966561,0.936482,0.93109,1.063683
0,47.766557662762004,1.028007,1.057391,1.063683,0.982201
0,46.458493863148426,0.985577,0.991776,0.982201,1.024712
0,48.52842408196484,1.01626,0.99005,1.024712,1.051447
1,52.727174716883965,1.0608,1.083752,1.051447,0.923547
0,46.363170565469645,0.962293,0.914992,0.923547,0.923841
0,41.41111623396179,0.9,0.920608,0.923841,1.060932
0,46.00199434156285,1.080501,1.020183,1.060932,0.989865
0,45.32700857823525,1.011589,1.046763,0.989865,0.921502
0,40.429174273669474,0.9,0.9,0.921502,1.022222
0,42.18427130677732,1.02952,1.059961,1.022222,0.994565
0,41.85229166852318,1.017921,0.989051,0.994565,0.989071
0,41.1547099032724,0.963028,0.99631,0.989071,0.983425
0,40.07568184247111,0.981718,0.977778,0.983425,0.990637
0,39.456744589508936,1.0,0.986742,0.990637,0.962193
0,36.99547606458832,0.955307,0.952015,0.962193,1.009823
0,38.036117374672294,1.015595,1.020161,1.009823,0.970817
0,36.10924195339457,0.963532,0.968379,0.970817,0.995992
0,35.84847558985693,1.001992,1.006122,0.995992,0.985915
0,34.89854207310332,0.978131,0.98783,0.985915,0.965306
0,32.63669004166358,0.977642,0.967146,0.965306,0.991543
0,32.109357855348414,0.97921,0.980892,0.991543,0.927505
0,27.972147594665984,0.932059,0.937229,0.927505,1.052874
0,34.15296350887705,1.047836,1.018476,1.052874,0.997817
0,34.01628849817123,1.004348,1.029478,0.997817,0.984683
0,33.02014384835794,0.980519,0.975771,0.984683,1.026667
0,36.455571808826924,1.022075,1.029345,1.026667,1.045455
1,42.05654806900446,1.047516,1.028509,1.045455,1.041408
1,46.860504572856684,1.063918,1.051173,1.041408,0.982107
1,45.050452549226456,0.959302,0.98783,0.982107,1.032389
1,48.834231483656694,1.036364,1.039014,1.032389,0.986275
1,47.29967618455598,0.982456,0.98419,0.986275,0.962227
1,43.32051072500301,0.960317,0.961847,0.962227,1.06405
1,50.619783542707246,1.07438,1.068894,1.06405,1.046602
1,55.40771202968727,1.044231,1.019531,1.046602,0.974026
1,52.22653832433841,0.974217,0.994253,0.974026,1.024762
1,54.82047193801737,1.017013,1.013487,1.024762,1.018587
1,56.76514879260147,1.037175,1.038023,1.018587,1.001825
1,56.96463639711198,1.0,0.992674,1.001825,1.001821
1,57.17742063435204,1.007168,0.979705,1.001821,0.949091
0,49.75874906980243,0.94306,0.977401,0.949091,1.032567
1,53.687674176093786,1.022642,1.028902,1.032567,0.96846
0,49.517477812812196,0.987085,0.973783,0.96846,0.969349
0,45.903515596822096,0.947664,0.959615,0.969349,1.011858
0,47.452313123718106,1.013807,1.018036,1.011858,1.029297
0,51.2128973767146,1.033074,1.027559,1.029297,0.99241
0,50.18156340592613,1.026365,0.990421,0.99241,1.022945
1,53.22483848841595,0.983486,1.011605,1.022945,0.971963
0,49.18057524465153,1.0,0.986616,0.971963,0.990385
0,47.87472087194534,0.962687,0.988372,0.990385,0.9
0,36.73898648654449,0.901163,0.9,0.9,1.030303
0,40.66507304300287,1.047312,1.041667,1.030303,0.991597
0,39.903087272041766,0.969199,0.981053,0.991597,1.021186
0,42.7892931731316,1.03178,1.025751,1.021186,1.024896
0,46.13253372512248,1.024641,1.01046,1.024896,0.945344
0,40.41048470933615,0.95992,0.964803,0.945344,1.029979
0,44.2704114109385,1.010438,1.017167,1.029979,1.014553
1,46.1486906568153,1.016529,1.018987,1.014553,1.02459
1,49.30313805823599,1.02439,1.014493,1.02459,1.036
1,53.68560787547277,1.03373,1.034694,1.036,1.03861
1,58.02719049431883,1.047985,1.053254,1.03861,1.078067
1,65.36897210617252,1.075092,1.059925,1.078067,1.015517
1,66.71263624353534,1.011925,1.026502,1.015517,1.1
1,77.96550586974035,1.1,1.1,1.1,1.072961
1,81.14759801269106,1.070932,1.1,1.072961,0.941333
1,71.54758484105388,0.941558,0.94844,0.941333,1.021246
1,72.7319183351106,1.005517,1.010014,1.021246,1.1
1,79.2447010741605,1.1,1.1,1.1,0.964891
1,73.98852667891023,0.930233,0.942613,0.964891,1.1
1,81.14182816987878,1.1,1.1,1.1,1.1
1,86.30419771086771,1.1,1.1,1.1,0.913688
1,75.11856419651536,0.92087,0.9,0.913688,1.1
1,82.47959410642076,1.1,1.1,1.1,0.948737
1,76.81308170569399,0.904729,0.96519,0.948737,0.9
1,62.15154393466179,0.902383,0.9,0.9,0.97351
1,60.56701370418432,0.946337,0.948912,0.97351,0.9
0,48.98993112400204,0.9,0.9,0.9,0.9
0,45.34889355637096,0.9,0.9,0.9,0.975504
0,44.701826409917466,0.987032,1.004831,0.975504,1.06647
0,46.86318319829389,1.1,1.1,1.06647,0.9
0,41.957419455884065,0.9,0.9,0.9,1.046901
0,43.387048437678914,1.017886,1.030769,1.046901,1.1
0,47.0489031073251,1.1,1.1,1.1,0.9
0,43.789684099040066,0.923611,0.9,0.9,0.9
0,40.931841741423725,0.9,0.9,0.9,0.9
0,37.76829058667382,0.9,0.9,0.9,1.1
0,41.03992684825876,1.076768,1.1,1.1,0.926641
0,39.57207445104586,0.909944,0.917323,0.926641,1.1
1,45.68336245773778,1.1,1.1,1.1,0.905245
0,43.30393660660007,0.930348,0.920213,0.905245,1.042991
0,44.58066902112776,1.005348,1.044316,1.042991,1.1
1,52.06150209233314,1.1,1.1,1.1,0.973088
1,51.10771440136485,0.95498,0.970194,0.973088,1.069869
1,53.42897110905311,1.05,1.1,1.069869,1.010884
1,53.8224731005992,1.02449,0.991837,1.010884,1.043069
1,55.44420829415808,1.075697,1.046639,1.043069,1.043871
1,57.165508075480886,1.017284,1.051114,1.043871,0.907293
1,52.36020568652057,0.996359,0.915212,0.907293,0.941417
0,49.776727091647665,0.9,0.933243,0.941417,0.904486
0,46.023192455178076,0.915014,0.906569,0.904486,1.0912
0,49.56071042527835,1.077399,1.088567,1.0912,1.014663
0,50.17762595876837,1.0,0.994083,1.014663,1.040462
0,51.94975390975527,1.063218,1.035714,1.040462,0.9
0,43.15346893566791,0.9,0.9,0.9,0.928196
0,41.09164491716459,0.911519,0.966418,0.928196,1.066038
0,43.57028030458954,1.045788,1.069498,1.066038,1.019469
0,44.36262059441912,1.02627,0.980144,1.019469,1.046875
0,46.35374775572965,1.037543,1.090239,1.046875,0.995025
0,46.156094687560696,0.993421,0.978041,0.995025,1.06
1,48.96816282775731,1.057947,1.074266,1.06,1.012579
1,49.59811594413018,1.029734,0.985531,1.012579,0.979814
1,48.54932655695832,1.024316,1.011419,0.979814,0.988906
1,47.961224446813304,0.930267,0.98871,0.988906,1.046474
1,50.62944764081965,1.052632,1.030995,1.046474,0.986217
1,49.776449284295175,0.989394,1.006329,0.986217,0.992236
1,49.27971360143866,0.990812,0.993711,0.992236,0.998435
1,49.17401923724048,0.995363,0.992089,0.998435,1.007837
1,49.75429877275081,1.006211,1.017544,1.007837,0.99689
1,49.51080037450245,1.009259,0.909091,0.99689,1.054602
1,53.77434941948753,1.051988,1.1,1.054602,0.971893
1,51.24452439744492,0.976744,0.963636,0.971893,0.951294
0,47.21566175874798,0.947917,0.974843,0.951294,1.0112
0,48.17551043925981,1.0,1.006452,1.0112,0.998418
0,48.041111024690416,1.0,1.00641,0.998418,1.026941
1,50.56593431192117,1.028257,1.023885,1.026941,1.037037
1,53.966798689343726,1.036641,1.017107,1.037037,1.056548
1,58.79982422677503,1.066274,1.06422,1.056548,0.953521
1,53.54253502911726,0.969613,0.9,0.953521,0.995569
1,53.07792161237924,0.992877,1.0768,0.995569,0.998516
1,52.913097997140625,0.978479,0.989599,0.998516,0.939079
0,46.5328996135076,0.941349,0.944444,0.939079,0.988924
0,45.5236310307415,0.992212,0.990461,0.988924,0.9424
0,40.641539338139744,0.938776,0.94061,0.9424,1.011885
0,41.9452670336948,1.010033,1.013652,1.011885,0.983221
0,40.57425441195586,0.971854,0.968013,0.983221,1.02901
0,43.9295161031819,1.032368,1.043478,1.02901,0.976783
0,41.83467100626036,0.980198,0.976667,0.976783,1.018676
0,44.090621139124124,1.016835,1.015358,1.018676,1.008333
0,45.13232404155242,1.018212,1.015126,1.008333,0.973554
0,42.409279397161086,0.964228,0.970199,0.973554,1.018676
1,44.87189981572685,1.021922,1.020478,1.018676,1.001667
1,45.1017239686764,1.00165,0.983278,1.001667,1.0
1,45.101723968676396,1.0,1.0,1.0,1.0
1,45.10172396867641,1.0,1.0,1.0,1.1
1,59.45675438884649,1.1,1.081633,1.1,0.973094
1,55.33224781860717,0.975182,1.02044,0.973094,1.024578
1,58.11372019904743,1.004491,1.004622,1.024578,0.988006
1,56.2283750220608,0.994039,1.007669,0.988006,1.047041
1,61.447748061176135,1.044978,1.04414,1.047041,1.014493
1,62.98120279835823,1.010043,0.982507,1.014493,0.992857
1,61.6605659691347,1.0,1.026706,0.992857,1.018705
1,63.78673675747562,1.026989,1.020231,1.018705,0.946328
0,54.30631400975432,0.941909,0.944759,0.946328,1.007463
0,55.24879615744556,0.992658,0.992504,1.007463,1.048889
1,60.9706513456504,1.059172,1.045317,1.048889,0.99435
1,59.969741296175,0.988827,1.011561,0.99435,0.953125
0,52.33636913054721,0.961864,0.95,0.953125,0.962742
0,47.41269136521472,0.954479,0.960902,0.962742,1.0
0,47.41269136521472,0.998462,0.99374,1.0,1.0
0,47.41269136521473,0.998459,1.007874,1.0,1.013932
0,49.54686966794521,1.012346,1.0125,1.013932,0.977099
0,46.18281106470145,1.006098,0.984568,0.977099,0.992187
0,45.08397486286081,0.965152,0.987461,0.992187,0.981102
0,42.472100627478646,0.985871,0.985714,0.981102,1.008026
0,43.929694148274926,1.004777,1.003221,1.008026,0.993631
0,42.991241064267186,0.998415,0.998395,0.993631,0.987179
0,41.10014987645402,0.977778,0.980707,0.987179,0.951299
0,34.900343323644734,0.964286,0.954098,0.951299,1.010239
0,36.94887302813891,1.006734,1.015464,1.010239,0.978041
0,34.42149567213471,0.989967,0.972927,0.978041,0.953368
0,29.854014843192804,0.942568,0.951304,0.953368,0.998188
0,29.69684175734494,0.987455,0.992687,0.998188,0.949183
0,25.628306697001136,0.978221,0.961326,0.949183,0.938815
0,21.930436195031493,0.916512,0.93295,0.938815,1.02444
0,26.229093808156982,1.020243,1.026694,1.02444,0.982107
0,25.112274043860513,0.994048,0.986,0.982107,0.993927
0,24.734213513920416,0.992016,0.957404,0.993927,1.00611
0,25.93501963245559,1.004024,1.038136,1.00611,1.008097
0,27.59374614587049,1.006012,1.012245,1.008097,0.993976
0,27.10347892154783,0.986056,0.983871,0.993976,1.014141
0,30.21893242443856,1.016162,1.018443,1.014141,1.051793
1,40.40655715655076,1.049702,1.038229,1.051793,0.977273
1,37.67282419046865,0.996212,0.988372,0.977273,0.95155
0,32.708021807725544,0.937262,0.956863,0.95155,1.040733
1,39.56931496602005,1.042596,1.043033,1.040733,1.009785
1,41.183909673005594,1.01751,1.0,1.009785,0.978682
0,38.732112415513456,0.975143,0.990177,0.978682,1.041584
1,45.413319872878596,1.033333,1.031746,1.041584,0.986692
1,43.70254748383508,0.99241,0.990385,0.986692,1.05395
1,51.56274062886541,1.063098,1.027184,1.05395,0.987203
1,49.69472934090979,0.973022,1.011342,0.987203,0.988889
1,48.086655562842815,0.996303,0.990654,0.988889,0.996255
1,47.534491771266296,0.988868,0.99434,0.996255,1.031955
1,52.52465851563256,1.035647,1.037951,1.031955,1.016393
1,54.96670096240838,1.023551,1.0,1.016393,1.046595
1,61.17918494955868,1.053097,1.018282,1.046595,1.010274
1,62.466008085893044,0.994958,1.025135,1.010274,0.991525
1,60.66145173521206,1.006757,1.014011,0.991525,1.008547
1,61.84837970933963,1.013423,1.0,1.008547,0.99322
1,60.28139766390673,0.97351,0.989637,0.99322,1.011945
1,62.0914677673329,1.044218,1.020942,1.011945,0.935919
0,49.02901232048972,0.908795,0.935043,0.935919,0.98018
0,46.011473868120596,0.987455,0.987203,0.98018,1.0
0,46.01147386812059,0.989111,0.987037,1.0,0.983456
0,43.47263673546741,0.998165,1.001876,0.983456,0.95514
0,37.52620120223748,0.952206,0.941948,0.95514,0.92955
0,30.734957796579554,0.934363,0.940358,0.92955,1.018947
0,33.95300527083201,1.002066,1.008457,1.018947,1.035124
0,39.65600675934365,1.057732,1.044025,1.035124,0.966068
0,36.28213947035947,0.961014,0.971888,0.966068,1.0
0,36.28213947035947,0.983773,0.993802,1.0,0.9
0,25.906799848229664,0.9,0.9,0.9,1.048193
0,31.978640033421943,1.029817,1.051852,1.048193,1.068966
0,39.93055199043484,1.042316,1.077465,1.068966,1.027957
1,43.03809764805784,1.053419,1.028322,1.027957,1.020921
1,45.378904677640456,0.991886,1.021186,1.020921,1.096311
1,54.78386748236916,1.1,1.087137,1.096311,0.945794
1,49.15932255417987,0.946396,0.961832,0.945794,0.91502
0,42.23520476546193,0.955078,0.906746,0.91502,1.049676
1,46.570177340814055,0.99591,1.04814,1.049676,0.987654
1,45.60861358617818,0.997947,1.0,0.987654,1.029167
1,48.29144899414977,1.024691,1.020877,1.029167,0.9
0,26.763591725694535,0.9,0.9,0.9,1.070922
0,29.93680543615829,1.02027,1.05,1.070922,0.950331
0,28.924561879130135,0.976821,0.955782,0.950331,1.010453
0,29.438442692167158,0.99661,1.024911,1.010453,1.034483
0,31.223476737641956,1.05102,0.996528,1.034483,0.983333
0,30.803873943304513,0.97411,1.027875,0.983333,0.969492
0,30.021794364607466,0.953488,0.952542,0.969492,0.996503
0,29.930864395881144,1.006969,1.007117,0.996503,0.961404
0,28.894153322641117,0.986159,0.968198,0.961404,0.923358
0,26.973342731859038,0.9,0.9,0.923358,1.019763
0,28.197256998111957,1.023529,1.020325,1.019763,0.934109
0,26.56693061263353,0.942529,0.924303,0.934109,0.979253
0,26.08914474108811,0.96748,1.00431,0.979253,0.991525
0,25.888584473064565,0.995798,0.987124,0.991525,1.081197
0,31.2923724481257,1.088608,1.095652,1.081197,0.916996
0,28.793426197773634,0.918605,0.920635,0.916996,1.047414
0,31.862874385726556,1.029536,1.034483,1.047414,1.037037
1,34.35614159292939,1.094262,1.029167,1.037037,0.964286
0,33.05360904140688,0.93633,0.979757,0.964286,1.004115
1,33.35594360442459,0.988,1.004132,1.004115,1.0
1,33.35594360442459,1.004049,0.987654,1.0,0.983607
0,32.67146697778981,0.979839,0.995833,0.983607,1.0
0,32.67146697778981,0.99177,0.983264,1.0,0.979167
0,31.727618570746433,0.983402,0.995745,0.979167,0.987234
0,31.146218773980607,0.991561,0.987179,0.987234,0.905172
0,27.208631378350326,0.902128,0.9,0.905172,0.942857
0,25.327736579002686,0.948113,0.930693,0.942857,1.060606
0,30.501625927504936,1.049751,1.085106,1.060606,1.009524
0,31.355311986582,1.009479,1.019608,1.009524,0.990566
0,30.945945779876553,0.995305,1.0,0.990566,1.090476
1,39.08267684840912,1.1,1.086538,1.090476,0.930131
0,35.309529414896,0.965812,0.938053,0.930131,0.99061
0,34.85652930041671,0.938053,0.971698,0.99061,1.014218
1,36.179178623194865,1.023585,1.033981,1.014218,0.96729
0,34.422941056479,0.976959,0.971831,0.96729,0.975845
0,33.1838369168366,0.962264,0.971014,0.975845,0.990099
0,32.67713967086143,0.990196,0.9801,0.990099,1.015
0,34.2977482725954,1.00495,0.979695,1.015,1.073892
1,41.836828232476385,1.1,1.082902,1.073892,0.986239
1,40.827787675924235,0.947598,1.014354,0.986239,1.004651
1,41.33569819243903,1.02765,1.018868,1.004651,0.972222
1,39.16355979696815,0.946188,0.944444,0.972222,1.014286
1,40.83758801331425,1.014218,1.029412,1.014286,1.028169
1,44.147786592870965,1.037383,1.033333,1.028169,1.063927
1,51.032384793596485,1.058559,1.046083,1.063927,1.1
1,61.87678683573958,1.1,1.1,1.1,0.988593
1,60.43542531896821,1.045283,1.035857,0.988593,0.988462
1,58.95644916608922,0.949458,0.973077,0.988462,1.042802
1,62.57312260688417,1.030418,1.039526,1.042802,0.958955
1,57.149819050102614,0.95572,0.942966,0.958955,1.081712
1,63.63055151932511,1.088803,1.08871,1.081712,0.967626
1,59.47870906394782,0.971631,0.981481,0.967626,1.05948
1,63.97856255591235,1.047445,1.041509,1.05948,0.9
0,52.260085530172304,0.9,0.92029,0.9,0.980392
0,50.59670222217505,0.984496,0.948819,0.980392,0.956
0,47.048750655542435,0.944882,0.962656,0.956,1.020921
0,48.80601231426625,1.041667,1.038793,1.020921,0.913934
0,42.43614838684858,0.9,0.921162,0.913934,1.013453
0,43.56922554292266,1.017778,1.013514,1.013453,0.946903
0,40.163671909611985,0.960699,0.942222,0.946903,1.018692
0,41.79679241555939,1.022727,1.023585,1.018692,1.050459
0,46.149508552103875,1.022222,1.032258,1.050459,0.960699
0,43.296514479715775,0.973913,0.973214,0.960699,1.036364
0,46.464669596553314,1.022321,1.036697,1.036364,0.969298
0,44.140709191058434,0.969432,0.969027,0.969298,1.00905
0,44.98732288714936,1.009009,1.004566,1.00905,0.986547
0,43.91221714801084,0.986607,0.990909,0.986547,0.981818
0,42.45535997078534,0.986425,0.977064,0.981818,0.949074
0,38.65715117336848,0.949541,0.957746,0.949074,1.004878
0,39.189768101679086,1.0,1.0,1.004878,1.009709
0,40.306105860584715,1.009662,1.014706,1.009709,0.995192
0,39.9115826198313,1.023923,1.0,0.995192,1.028986
0,43.48591073878508,1.009346,1.019324,1.028986,1.023474
1,46.349939064882335,1.013889,1.018957,1.023474,0.977064
1,43.95123672325739,0.981735,0.986047,0.977064,0.953052
0,39.543487848064004,0.948837,0.948113,0.953052,1.0
0,39.543487848064004,1.004902,1.0,1.0,1.029557
1,43.48726771464528,1.02439,1.029851,1.029557,1.028708
1,47.196762873074704,1.038095,1.019324,1.028708,1.0
1,47.196762873074704,0.990826,1.004739,1.0,0.976744
0,44.38125831050051,0.976852,0.966981,0.976744,0.980952
0,42.21179403066175,0.985782,1.0,0.980952,0.966019
0,38.65107878104897,0.966346,0.970732,0.966019,1.020101
0,41.67853912286104,1.014925,1.01005,1.020101,1.0
0,41.67853912286104,1.0,1.004975,1.0,1.0
0,41.67853912286103,1.004902,1.00495,1.0,1.004926
0,42.56355917616482,0.995122,0.990148,1.004926,1.014706
1,45.247863353162586,1.034314,1.029851,1.014706,0.995169
