1,100.0,1.025721,1.008997,1.01381,1.018576
1,100.0,1.039144,1.043312,1.018576,0.915502
1,25.19905551589699,0.9,0.909646,0.915502,0.957503
1,18.38139460362161,0.977763,0.958389,0.957503,1.056865
1,40.56796955724318,1.0301,1.053221,1.056865,0.984908
1,37.4896667362411,0.991558,0.99734,0.984908,1.032645
1,46.7586128641478,1.022921,1.024,1.032645,1.012903
1,50.01641388084377,1.017286,1.002604,1.012903,0.97707
0,44.7128835205422,0.988043,0.995455,0.97707,1.042373
1,54.16348840872714,1.029299,1.030659,1.042373,1.080675
1,66.42848939134623,1.097153,1.066456,1.080675,0.999421
1,66.2804298775656,0.976875,1.011869,0.999421,0.971627
1,59.30524374956828,0.977483,0.973607,0.971627,0.966031
1,52.3973834819769,0.968104,0.963855,0.966031,0.923504
0,41.16422461574412,0.935937,0.934375,0.923504,1.015364
0,43.58031827994986,1.026076,1.002007,1.015364,0.9
0,32.79687034340308,0.9,0.9,0.9,1.010378
0,34.231700415398215,1.007965,1.030395,1.010378,0.912693
0,28.635218744301348,0.902299,0.9,0.912693,1.045016
0,34.09564418488973,1.06051,1.092827,1.045016,0.958462
0,31.585917355636266,0.93994,0.918919,0.958462,1.016051
0,33.53723022364427,1.03754,1.059664,1.016051,0.972354
0,31.82645706356195,0.99846,0.975416,0.972354,1.030869
0,35.66371882031087,0.998458,1.018699,1.030869,0.9
0,27.95040702377375,0.9,0.9,0.9,1.056569
0,33.50123902521618,1.062999,1.093137,1.056569,0.989637
0,32.97176700627511,0.959098,0.993722,0.989637,1.058464
0,38.78867463637395,1.067015,1.074007,1.058464,1.046167
1,43.22373110295049,1.044046,1.040336,1.046167,1.008668
1,44.080803745055164,1.003906,1.005654,1.008668,0.979687
1,42.44966683321832,0.977432,0.987149,0.979687,0.994418
1,41.9990681264864,1.030255,1.011391,0.994418,1.01684
1,43.92221496148098,0.98068,1.001609,1.01684,1.038644
1,48.235159029505844,1.085106,1.041767,1.038644,0.939256
0,42.489461125108015,0.918664,0.933693,0.939256,0.987874
0,41.49147634765932,0.993676,1.004129,0.987874,0.998363
0,41.35201214109171,0.974543,0.988487,0.998363,1.0
0,41.3520121410917,1.002449,0.977537,1.0,1.007377
0,42.36309421506363,1.007329,1.02383,1.007377,1.068348
1,50.87550967072666,1.062247,1.0532,1.068348,0.969535
1,47.293559466635394,0.983257,1.000789,0.969535,1.084839
1,56.250031312809355,1.071981,1.031546,1.084839,1.1
1,64.97445007090117,1.1,1.1,1.1,0.9
1,49.334466981148836,0.927097,0.9,0.9,1.1
1,59.80267344925466,1.075157,1.038931,1.1,0.98692
1,58.606312453778806,1.023301,1.08964,0.98692,1.066932
1,62.66793634718517,1.018343,0.984491,1.066932,0.924224
1,55.574389678620996,0.930435,0.986986,0.924224,1.030242
1,57.48594947310352,1.05741,1.061069,1.030242,0.964123
1,54.40470737794644,0.94697,0.947024,0.964123,0.94249
0,49.94885710903962,0.943333,0.93232,0.94249,0.982771
0,48.73515130695448,1.018375,1.012593,0.982771,0.945946
0,45.09653541463532,0.92297,0.942209,0.945946,0.949035
0,42.07897518854945,0.930827,0.923913,0.949035,0.999186
0,42.0330823674397,0.998384,0.991597,0.999186,0.997557
0,41.88549499821645,0.997573,1.033898,0.997557,1.040816
0,45.330847983413285,1.052717,1.014754,1.040816,1.066667
1,50.68356695103791,1.080123,1.090468,1.066667,0.981618
1,49.159019033373895,0.970043,0.974815,0.981618,1.1
1,57.20033230436857,1.088235,1.011398,1.1,0.978378
1,55.12803421826359,1.006757,1.081893,0.978378,0.998619
1,54.9939328670167,0.984564,0.980556,0.998619,0.990318
1,54.00363383443911,1.00818,1.012748,0.990318,0.981145
1,52.05671111172326,0.951318,0.954545,0.981145,1.026335
1,54.47865172517944,1.030561,1.045421,1.026335,1.1
1,68.91952271425144,1.1,1.1,1.1,0.905006
1,58.37927041771869,0.935357,0.951807,0.905006,0.934632
1,52.94847148200769,0.911058,0.929114,0.934632,1.022192
1,54.398088867407196,1.019129,1.008174,1.022192,1.061842
1,58.33577882051811,1.058252,1.062838,1.061842,0.918216
0,51.597926551806886,0.912538,0.933249,0.918216,0.9
0,45.0220427483203,0.991957,0.903951,0.9,1.004521
0,45.31258780399093,0.912838,0.985682,1.004521,1.018755
0,46.57938534687596,1.008882,1.009174,1.018755,0.934462
0,42.78014496661179,0.979457,0.959091,0.934462,1.06383
0,47.015876887971565,1.024719,1.038705,1.06383,1.025926
0,48.78023603898814,1.025585,1.036502,1.025926,1.001444
0,48.884981785848474,1.001426,1.012472,1.001444,1.031723
1,51.24712601579339,1.024911,1.007246,1.031723,0.951782
0,47.53714185214272,0.961806,0.971942,0.951782,0.958884
0,44.70826539735345,0.952347,0.955588,0.958884,0.983155
0,43.61029834146018,0.993177,0.991479,0.983155,1.070872
1,49.170848285183794,1.067939,1.058594,1.070872,0.9
0,42.265640787955434,0.9,0.9,0.9,1.046154
0,45.61440391440759,1.053183,1.056106,1.046154,0.958978
0,43.11049358629976,0.955624,0.953125,0.958978,0.990315
0,42.54109615498385,0.993595,1.00082,0.990315,0.979625
0,41.31675579094281,0.987107,0.98362,0.979625,0.983361
0,40.31708436380741,0.976327,0.965862,0.983361,0.961083
0,38.037500587634426,0.95903,0.952586,0.961083,0.980634
0,36.96113146696625,0.993897,1.00724,0.980634,1.034111
0,40.11340901618418,1.019298,1.024259,1.034111,0.934896
0,36.25951008200933,0.944062,0.942982,0.934896,1.077994
0,42.8787914628504,1.083865,1.061395,1.077994,1.039621
1,46.175200496098874,1.026072,1.048203,1.039621,1.018227
1,47.72885779929949,1.054918,0.989967,1.018227,0.956062
1,44.34528139621539,0.938617,0.981419,0.956062,0.971915
0,42.36856847928474,0.958609,0.978485,0.971915,0.969352
0,40.315933645671734,0.971503,0.968338,0.969352,0.980126
0,39.035757200672485,0.981333,0.97911,0.980126,0.9
0,32.30672192844943,0.9,0.9,0.9,0.9653
0,30.894306439236356,0.966562,0.989011,0.9653,1.014161
0,32.15269930568034,1.015135,1.027778,1.014161,0.904404
0,28.346950646980414,0.923323,0.9,0.904404,1.045131
0,32.045400985196125,1.058824,1.068712,1.045131,1.05
0,36.154700579771394,1.010893,1.037887,1.05,0.984848
0,35.42075011828258,0.998922,0.995575,0.984848,1.034066
0,38.402579867498545,1.015102,1.015556,1.034066,1.020191
1,40.22433846897395,1.042508,1.037199,1.020191,1.025
1,42.53621613609015,1.007136,1.029536,1.025,1.077236
1,49.232219587154056,1.078947,1.039959,1.077236,0.979245
1,47.506507562463945,0.984991,0.985222,0.979245,1.020231
1,49.332218817523554,1.01619,1.031,1.020231,0.9
0,41.30258491988985,0.9,0.9,0.9,1.013684
0,42.50457239251106,1.031414,1.0141,1.013684,0.919003
0,37.53768428702542,0.913706,0.930481,0.919003,1.012429
0,38.626889288446236,1.008889,1.022989,1.012429,1.071429
0,44.67205308600773,1.079295,1.040449,1.071429,1.069792
1,50.20200443995337,1.05102,1.059395,1.069792,0.996105
1,49.881461806747915,1.038835,1.027523,0.996105,0.99609
1,49.54080857262657,0.966355,0.994048,0.99609,0.984298
1,48.1250499601498,0.983559,0.99002,0.984298,0.948156
0,43.74918296767304,0.962635,0.955645,0.948156,0.992639
0,43.17999606566186,0.996936,0.993671,0.992639,1.023305
0,45.57651372474955,1.003074,1.022293,1.023305,0.92029
0,39.324805694862654,0.934627,0.922118,0.92029,1.028121
0,42.10168788726158,1.00765,1.01464,1.028121,0.97593
0,40.35154385780735,0.989154,0.987791,0.97593,0.947309
0,36.82923939014668,0.98136,0.947191,0.947309,1.001183
0,36.955335561691086,0.946369,0.979834,1.001183,0.977541
0,35.50517613291383,0.994097,0.990315,0.977541,1.027811
0,38.643914822024996,1.027316,1.023227,1.027811,0.96
0,35.86522765173927,0.946821,0.959379,0.96,0.977941
0,34.45281523702092,0.97558,0.975093,0.977941,1.028822
0,37.822293413161304,1.037547,1.040868,1.028822,0.953715
0,34.65281653761169,0.949337,0.952147,0.953715,0.99106
0,34.08616381252337,1.006353,0.996134,0.99106,0.962629
0,31.768453479004737,0.953283,0.953428,0.962629,1.041499
0,36.72163938730392,1.066225,1.02171,1.041499,1.001285
0,36.8808176526195,0.97764,1.025232,1.001285,0.970475
0,34.7176443341195,1.015248,0.927461,0.970475,0.984127
0,33.61000727825913,0.932416,1.019553,0.984127,0.997312
0,33.41863923253028,1.002685,1.008219,0.997312,1.013477
0,35.39922312962988,1.032129,1.02038,1.013477,1.06117
1,43.69621530768364,1.095979,1.0253,1.06117,0.969925
1,40.75515719468708,0.930178,0.993506,0.969925,1.05168
1,47.14092043675945,1.041985,1.039216,1.05168,0.932432
0,40.65252682873225,0.935287,0.945912,0.932432,0.957839
0,37.424979132857516,0.960836,0.952128,0.957839,0.986245
0,36.451044506967975,0.975543,0.988827,0.986245,0.934449
0,32.208544252367304,0.948468,0.918079,0.934449,1.040299
0,36.76199506125415,1.029369,1.041538,1.040299,1.028694
0,39.97807281354365,1.024251,1.016248,1.028694,1.006974
0,40.78880404733494,1.030641,1.030523,1.006974,1.1
1,67.05246081552093,1.1,1.1,1.1,0.966867
1,63.40474352656959,0.978916,1.032186,0.966867,0.943925
1,57.85804328669221,0.979487,0.976344,0.943925,1.044004
1,60.607088845154166,0.994764,1.005507,1.044004,1.017914
1,61.749131064530495,1.071579,1.051479,1.017914,1.015528
1,62.774618310277525,0.971513,1.00625,1.015528,0.977574
1,60.22439895552446,0.977755,0.979296,0.977574,0.987487
1,58.82072235905641,0.994829,0.983087,0.987487,1.023231
1,60.63231512735295,1.049896,0.983871,1.023231,1.1
1,71.62953331813229,1.1,1.1,1.1,1.092254
1,75.89918743864166,1.1,1.1,1.092254,0.968924
1,71.62796441125273,0.925,0.943548,0.968924,0.991776
1,70.53193800833158,0.99841,1.025641,0.991776,1.1
1,77.18612990566622,1.1,1.074167,1.1,0.924078
1,67.45509127392386,0.938804,0.989915,0.924078,0.988263
1,66.17164264693872,0.962963,0.960815,0.988263,1.1
1,75.62710292155525,1.1,1.1,1.1,0.905624
1,65.49238288989937,0.976083,1.00504,0.905624,1.074946
1,68.73715307473489,1.017881,1.032235,1.074946,1.051793
1,70.92435236469578,1.03188,1.030534,1.051793,0.988005
1,69.6461470783003,0.994325,1.032323,0.988005,1.064537
1,72.48490703972476,1.057705,1.050881,1.064537,0.954982
1,67.44103948238768,0.969424,0.968963,0.954982,0.935889
0,61.20346571177849,0.959184,0.942345,0.935889,0.95769
0,57.65644009816463,0.935525,0.96261,0.95769,0.975456
0,55.72427206960823,0.963473,0.950565,0.975456,1.005751
0,56.08651638933534,1.042918,1.008915,1.005751,1.059328
0,59.76456421650868,1.052126,1.089838,1.059328,0.9278
0,53.53898217187655,0.923077,0.921622,0.9278,0.981818
0,52.17153446133918,1.012006,0.987537,0.981818,1.0
0,52.17153446133918,1.0,1.0,1.0,1.0
0,52.17153446133918,1.0,1.0,1.0,1.0
0,52.171534461339185,1.0,1.0,1.0,1.0
0,52.17153446133918,1.0,1.0,1.0,1.0
0,52.171534461339185,1.0,1.0,1.0,1.1
1,60.63988515565243,1.036288,1.1,1.1,1.1
1,82.75551649286254,1.1,1.1,1.1,1.1
1,91.26253606241657,1.1,1.1,1.1,1.1
1,93.53561840056383,1.1,1.1,1.1,1.090645
1,94.2620966945172,1.1,1.1,1.090645,1.037086
1,94.55609450270464,1.006486,1.001539,1.037086,1.002201
1,94.57451751116493,1.018797,0.974063,1.002201,0.9
1,73.10482107433957,0.9,0.9,0.9,0.924411
1,67.31824482585942,0.984183,0.951705,0.924411,0.904281
0,61.2103779718115,0.9,0.9,0.904281,1.058777
0,63.20665118736986,1.059794,1.026068,1.058777,0.903542
0,57.654500086810756,0.922422,0.966216,0.903542,1.068946
0,60.09262947232763,1.061429,1.067413,1.068946,0.984655
0,59.21906285577172,0.948584,0.965933,0.984655,0.974115
0,57.7181820206937,0.997643,0.995931,0.974115,0.957158
0,55.285359033724,0.944619,0.958867,0.957158,0.967989
0,53.54700165709774,0.966935,0.964489,0.967989,0.946737
0,50.77764365426868,0.939368,0.921944,0.946737,0.978671
0,49.72760834653495,0.993882,1.00607,0.978671,1.010739
0,50.27328533048563,1.001539,0.985075,1.010739,0.974063
0,48.87849860548942,0.994161,1.000967,0.974063,1.096888
0,53.891158955117334,1.093972,1.070853,1.096888,1.04943
1,56.46380250901275,1.067816,1.077293,1.04943,0.977146
1,54.86425648463221,0.938873,0.94919,0.977146,1.058186
1,58.04828764566225,1.051297,1.060294,1.058186,0.933693
1,53.17672883631973,0.95067,0.958391,0.933693,0.9
0,46.91942276853232,0.9,0.9,0.9,0.990648
0,46.4491823986131,1.005449,1.013333,0.990648,0.900065
0,41.68614446753958,0.905324,0.901645,0.900065,1.020976
0,42.87789262428684,1.006338,0.974097,1.020976,0.997166
0,42.748121983505264,1.053884,1.049064,0.997166,1.002131
0,42.88773257465139,0.949203,0.982863,1.002131,1.021624
0,44.37290966301847,1.019937,1.03705,1.021624,1.023248
0,46.03290745586311,1.014403,1.004203,1.023248,0.953544
0,43.19446733363427,1.004057,0.980119,0.953544,0.938478
0,39.852678055564134,0.9,0.922776,0.938478,0.996969
0,39.6997218961847,0.991379,0.998072,0.996969,1.1
1,47.24913986276205,1.1,1.089645,1.1,1.000344
1,47.27480344499644,0.990149,0.998582,1.000344,0.964249
0,44.83197149441701,0.980789,0.987926,0.964249,0.987522
0,44.007808723780805,0.986359,0.988497,0.987522,1.019134
1,45.637542785795695,1.006738,1.005818,1.019134,0.930925
0,40.9185146770603,0.930609,0.939262,0.930925,1.007991
0,41.618636972593805,1.012869,1.013087,1.007991,1.01057
0,42.595407531851585,1.014948,1.014438,1.01057,0.980949
0,41.24192067886401,0.972754,0.977903,0.980949,0.997334
0,41.04912039603241,1.002271,0.995787,0.997334,1.001909
0,41.26035096994302,0.993202,0.986538,1.001909,1.025152
0,44.107303129094966,1.047909,1.047953,1.025152,1.01487
1,45.82117803052673,0.992743,1.010045,1.01487,1.047985
1,51.108693865339056,1.070175,1.038306,1.047985,1.020273
1,53.28260660557149,1.007514,1.02625,1.020273,0.961631
1,48.7727529396034,0.961017,0.963014,0.961631,1.058425
1,54.804984887796465,1.087478,1.028715,1.058425,0.989566
1,53.522027878276724,0.955563,1.008374,0.989566,1.026871
1,56.32776841421968,1.045485,1.02699,1.026871,0.980126
1,53.677432553233174,0.967532,0.983827,0.980126,1.004731
1,54.2187197678091,1.009396,1.014384,1.004731,0.997645
1,53.87970777190131,0.993351,0.988859,0.997645,0.938301
0,45.81464319691248,0.956158,0.94196,0.938301,0.999641
0,45.774321562533686,0.99335,0.993838,0.999641,1.037743
0,50.68238191264179,1.034884,1.047411,1.037743,0.985798
0,48.824072021524564,0.994212,0.988858,0.985798,1.1
1,64.0556588855899,1.1,1.057042,1.1,0.962873
1,58.82746818548106,0.97961,1.047968,0.962873,1.011694
1,59.89652911029687,1.031066,1.009218,1.011694,0.970947
1,55.96317424653549,0.986442,0.944882,0.970947,1.065315
1,61.85202720362545,1.022602,1.078333,1.065315,1.035941
1,64.82180440964936,1.056153,1.004946,1.035941,0.974636
1,61.0781540326211,0.962952,0.967395,0.974636,0.968292
1,56.775776238721214,0.952423,1.003816,0.968292,1.0173
1,58.44130223637822,1.044712,1.038961,1.0173,0.989675
0,57.005106774145595,0.96281,0.97561,0.989675,0.961338
0,51.91354877852745,0.977315,0.976562,0.961338,0.986594
0,50.30076930482703,0.986826,0.98816,0.986594,0.970883
0,46.93583405586118,0.986968,0.966645,0.970883,1.051649
0,52.792937968366594,1.028986,1.042881,1.051649,1.000951
0,52.90129691511656,1.000313,1.012849,1.000951,1.006648
0,53.70241922066972,1.003442,1.00444,1.006648,1.004403
1,54.26097964107145,1.019333,1.004421,1.004403,1.033813
1,58.42771710406938,1.017742,1.026721,1.033813,1.032405
1,62.110474812919364,1.029456,1.034599,1.032405,1.024347
1,64.72120513033857,1.021606,1.00148,1.024347,1.014891
1,66.28843154573842,1.01429,1.028369,1.014891,1.1
1,78.8064951390905,1.1,1.1,1.1,0.960105
1,71.38128602371376,0.982139,0.97296,0.960105,0.99577
1,70.65151720628693,0.980378,1.008669,0.99577,0.931534
1,60.00360206701894,0.935807,0.940597,0.931534,0.976663
0,57.06290467304189,0.954356,0.953238,0.976663,1.02362
1,59.191939896536496,1.044001,1.019735,1.02362,1.1
1,67.01557662189963,1.090314,1.086536,1.1,0.92845
0,57.826748086525505,0.945978,0.945293,0.92845,1.1
1,66.37275981570748,1.096701,1.063795,1.1,1.099977
1,71.65400175783748,1.099977,1.1,1.099977,0.9
1,56.799265199503914,0.92005,0.9,0.9,0.9
0,49.63308475043178,0.921564,0.9,0.9,0.9
0,36.94438678656508,0.9,0.9,0.9,0.9
0,34.354600494887755,0.9,0.9,0.9,1.1
0,40.34880029745636,1.1,1.1,1.1,1.055263
0,42.4394013628597,1.069767,1.1,1.055263,0.9
0,37.65383104612721,0.9,0.9,0.9,1.04628
0,39.248550739907095,1.005809,1.016221,1.04628,1.1
1,50.820484364708186,1.1,1.1,1.1,0.9
0,45.25463550848519,0.906091,0.9,0.9,0.987433
0,44.91628362880608,0.910596,0.930113,0.987433,0.900727
0,42.26207173431069,0.908364,0.9,0.900727,1.1
1,46.59438614284363,1.1,1.1,1.1,0.9
0,43.41860456432176,0.912212,0.964961,0.9,1.026693
0,44.288389094837,1.06558,1.030192,1.026693,0.95421
0,43.03369304415507,0.910415,0.962376,0.95421,1.05612
0,44.99625191820645,1.0508,1.028807,1.05612,1.1
1,49.99714915952227,1.1,1.0864,1.1,1.034692
1,51.3169618143971,1.087908,1.067747,1.034692,0.927734
1,48.354486556985016,0.900619,0.958621,0.927734,1.047018
1,50.222431126894314,1.036782,1.055036,1.047018,0.975201
1,49.1648881022452,0.993369,0.983294,0.975201,1.005498
1,49.412923032046464,0.985981,0.99896,1.005498,0.9
0,44.68735240449931,0.964794,0.9,0.9,0.984639
0,44.12284964494019,0.916842,0.995703,0.984639,0.972699
0,43.096844244203204,0.963261,0.9694,0.972699,1.046111
0,45.34536835527154,1.055622,1.050587,1.046111,0.999233
0,45.311834022002394,0.990591,0.997304,0.999233,1.007672
0,45.74393941108686,1.022796,0.999614,1.007672,0.9
0,38.72526619909575,0.9,0.9,0.9,0.9
0,34.55667864891992,0.9,0.9,0.9,1.003704
0,34.72699269717494,0.985552,1.01055,1.003704,0.9
0,31.915742991573786,0.9,0.9,0.9,1.041741
0,33.75336470929973,1.046181,1.087202,1.041741,0.973669
0,33.12072889632103,0.971703,0.952106,0.973669,1.1
0,41.12880348248155,1.1,1.1,1.1,0.937842
0,39.09597103114922,0.973214,0.935285,0.937842,1.031813
0,40.61326891095206,1.029562,1.03899,1.031813,0.914697
0,37.80694417290048,0.9,0.924419,0.914697,1.068539
1,41.03189836811243,1.085095,1.048599,1.068539,1.037855
1,42.91326823473607,1.014864,1.037623,1.037855,0.964032
1,41.506935008036415,0.975758,0.983184,0.964032,1.001051
1,41.56502827695748,0.998965,1.009086,1.001051,1.04252
1,43.9911779080096,1.045596,1.043432,1.04252,0.935549
0,41.08802666196069,0.921705,0.928934,0.935549,0.958558
0,39.4034017200719,0.975269,0.972678,0.958558,1.034812
0,41.48381489428842,1.084895,1.023034,1.034812,0.955507
0,39.54983110305197,0.90752,0.946183,0.955507,1.085179
1,44.63463705098058,1.082307,1.017411,1.085179,0.946625
0,42.044742072342004,0.950336,1.015973,0.946625,1.041459
1,44.59062916815026,1.043005,1.051095,1.041459,1.029193
1,46.44845257796893,1.020355,0.996795,1.029193,0.949458
0,43.640686908979376,0.952941,0.977492,0.949458,1.0239
1,45.24118419214223,1.041331,1.003289,1.0239,1.046154
1,48.363638840313286,1.02268,1.066667,1.046154,0.998986
1,48.295460906876244,1.0,1.001537,0.998986,1.07868
1,53.73838232941202,1.1,1.069054,1.07868,1.019765
1,55.11713461145756,1.017383,1.026794,1.019765,0.927088
1,49.1791517127543,0.934353,0.93383,0.927088,0.996018
1,48.89193670115833,0.984119,0.996507,0.996018,1.011994
1,49.83839923539511,0.992176,0.982474,1.011994,1.074568
1,55.43081080450317,1.080335,1.08104,1.074568,0.95864
1,51.729017118630615,0.958485,0.975483,0.95864,0.975072
0,49.66525714515605,0.983341,0.976317,0.975072,1.025074
1,51.70051290804217,1.022265,1.028713,1.025074,0.971703
0,49.22099066686749,0.963542,0.971126,0.971703,0.993583
0,48.66714968054984,1.00688,0.992567,0.993583,0.995032
0,48.217698475229234,0.980966,0.988018,0.995032,1.005991
0,48.828417453116714,1.004975,1.000505,1.005991,1.012903
0,50.19890699650871,1.013366,1.021212,1.012903,0.988241
0,48.897082608307166,0.99023,0.991592,0.988241,1.001983
0,49.13384921473566,1.00888,1.005486,1.001983,0.995547
0,48.58837486862747,0.996577,0.996032,0.995547,1.016402
1,50.747500584283465,1.003925,1.005976,1.016402,1.002934
1,51.14920832267029,1.013685,1.007921,1.002934,1.017552
1,53.594802985808904,1.0135,1.006876,1.017552,0.972688
0,49.37960908225407,0.984776,0.989268,0.972688,0.996552
0,48.871266674253334,0.984058,0.994576,0.996552,0.97479
0,45.21881334711512,0.976927,0.963808,0.97479,0.995943
0,44.65503805634976,1.003518,1.003086,0.995943,1.005092
0,45.568585679004464,1.002003,1.002564,1.005092,1.026849
1,50.2552209614474,1.021989,1.025575,1.026849,0.981746
0,47.19985827065776,0.976039,0.969077,0.981746,1.028141
1,51.960355886810625,1.026052,1.0386,1.028141,0.992669
1,50.64323209676143,0.99707,0.999504,0.992669,0.997538
1,50.18655910633322,0.99951,1.000496,0.997538,1.016288
1,53.18696057738382,1.016659,1.014866,1.016288,1.015056
1,55.87566719847995,1.039036,1.016602,1.015056,0.998565
1,55.54319778196306,0.970779,0.994236,0.998565,0.981313
1,51.27211265233344,0.989011,0.985507,0.981313,0.983398
0,47.819770515363935,0.977295,0.984804,0.983398,0.996028
0,47.01755980645219,1.004943,0.994525,0.996028,0.999501
0,46.911620749750384,0.986719,0.997497,0.999501,0.979052
0,42.5728861689741,1.005484,0.976919,0.979052,1.020377
0,47.54838778510346,0.998017,1.01849,1.020377,0.999001
0,47.327592911371276,1.022851,0.984367,0.999001,0.970515
0,41.243261142355614,0.951918,0.98873,0.970515,0.977343
0,37.38347302377904,0.972959,0.978238,0.977343,0.954689
0,31.23127105220268,0.963818,0.957097,0.954689,0.953091
0,26.5759932619428,0.951034,0.940786,0.953091,1.008107
0,28.467267684126952,1.004005,1.017059,1.008107,0.995405
0,28.02306745741714,0.996011,0.998843,0.995405,0.998269
0,27.847583886740605,0.990847,0.985524,0.998269,1.005202
0,29.278383801415057,1.006351,1.015276,1.005202,1.0
0,29.27838380141506,1.0,1.0,1.0,1.025877
0,36.57208298217968,1.026965,1.017361,1.025877,1.038117
1,45.687500083901995,1.048603,1.002275,1.038117,0.983261
1,42.676424952884,0.976026,1.027809,0.983261,0.98737
1,40.54153632083377,0.990175,0.988404,0.98737,0.985539
1,38.21428579919117,0.985116,0.982123,0.985539,1.011851
1,41.15261681696527,1.010073,1.011945,1.011851,0.998327
1,40.85371343420684,1.00554,1.002811,0.998327,0.995531
0,40.01897059447574,0.985124,0.983744,0.995531,1.012346
1,43.44142001484485,1.015101,1.020513,1.012346,0.993348
0,42.03260905797679,0.989532,0.990508,0.993348,1.005022
1,43.512225401860086,1.006682,1.007328,1.005022,0.98834
0,40.88958051403831,0.990044,0.989368,0.98834,1.003933
0,42.141450324516214,1.002793,1.001131,1.003933,1.00056
0,42.3293545646436,1.0,0.99774,1.00056,0.990492
0,39.95382208237878,0.988858,0.99547,0.990492,1.003388
0,41.20790223797445,1.006197,1.009101,1.003388,1.00619
1,43.53618778238986,1.006719,1.001691,1.00619,1.088367
1,64.98552844055752,1.082314,1.069218,1.088367,0.966084
1,55.50099352727618,0.99332,0.983684,0.966084,0.993085
1,53.834349111918016,0.977755,0.980738,0.993085,0.977504
1,48.74180899564868,0.97672,0.991271,0.977504,1.023562
1,53.58303725983188,1.029252,1.012658,1.023562,0.965739
0,46.53781814090777,0.951053,0.969565,0.965739,0.998337
0,46.23096813911249,0.99834,0.991592,0.998337,0.997224
0,45.6902424440813,0.997228,1.006218,0.997224,0.996102
0,44.89849168226635,0.996109,0.992697,0.996102,0.994969
0,43.84646024355944,1.001116,1.003396,0.994969,1.039326
1,53.0591798618904,1.036789,0.990976,1.039326,1.032432
1,59.23304185206653,1.048387,1.075697,1.032432,0.982199
1,54.83202643091546,0.984103,0.983069,0.982199,1.002132
1,55.25325331108132,0.983846,1.004306,1.002132,1.004787
1,56.242055870135594,1.007415,1.001072,1.004787,0.973531
0,49.67463325714452,0.969506,0.960385,0.973531,0.947798
0,40.01353302226403,0.960954,0.941472,0.947798,1.010901
0,42.4011928857099,0.997743,1.034932,1.010901,1.021566
0,46.949244908728616,1.022624,1.021739,1.021566,1.003333
0,47.65209639209196,1.002765,0.99832,1.003333,1.017165
1,51.246084402431684,1.015444,1.022995,1.017165,1.004899
1,52.270623624207296,1.01032,0.998355,1.004899,0.964247
0,44.8305201582253,0.983871,0.944536,0.964247,1.009551
0,46.92604314799711,0.986339,1.027907,1.009551,1.001113
0,47.18023158513557,1.000554,1.006222,1.001113,1.019455
1,51.55306896647409,1.022702,1.027544,1.019455,0.983642
0,47.89309785685305,0.990254,0.9814,0.983642,1.022173
1,52.71350455686639,1.032258,1.016722,1.022173,1.023861
1,57.38376281024232,1.012712,1.033443,1.023861,0.990466
1,54.990998692336944,0.996339,0.988329,0.990466,1.014439
1,57.83137724120414,0.99685,1.003221,1.014439,0.981023
1,53.02638908369334,0.997894,0.987159,0.981023,0.997851
1,52.504393764272066,0.991557,0.995122,0.997851,1.008616
1,54.43652263947156,1.013305,1.004902,1.008616,1.012814
1,57.246059574039556,1.045168,0.968022,1.012814,0.956247
0,46.55469970961565,0.913568,0.991041,0.956247,1.007718
0,48.308347578489126,1.008801,1.012994,1.007718,0.991247
0,46.43318895323378,0.996183,0.99275,0.991247,1.030353
1,53.16339861113355,1.022441,1.032584,1.030353,1.012855
1,55.77458545472171,1.015525,1.001088,1.012855,1.007932
1,57.37410938530288,1.011597,1.02663,1.007932,0.97639
1,51.37141421762504,0.974987,0.959767,0.97639,0.986029
0,48.23157578602453,0.983431,0.999448,0.986029,0.984741
0,45.03898167254936,0.985326,0.991722,0.984741,1.006087
0,46.53622107208634,1.002758,1.002226,1.006087,0.99835
0,46.166835577829794,1.006601,1.002776,0.99835,0.956474
0,37.68407670908391,0.953005,0.951274,0.956474,0.949309
0,30.87800511353187,0.963303,0.956345,0.949309,0.981796
0,28.957883581152817,0.966071,0.976872,0.981796,0.99382
0,28.325585580447054,0.993839,0.988785,0.99382,0.977612
0,26.11488327586372,0.988841,0.989918,0.977612,0.907125
0,19.476101026230733,0.9,0.9,0.907125,0.9
0,14.540923944431327,0.9,0.938712,0.9,1.061847
0,23.429992306751327,1.081928,1.072727,1.061847,1.032526
0,27.937825428537167,1.031923,1.026965,1.032526,1.013919
0,29.90157994905375,1.014388,1.029257,1.013919,1.1
1,46.63437685154245,1.1,1.068513,1.1,0.965343
1,43.59785266584637,0.998749,1.015007,0.965343,0.932768
0,38.53716486329249,0.9,0.94086,0.932768,0.96711
0,36.45757568203167,0.96583,0.974286,0.96711,0.994935
0,36.14473180417575,1.006498,0.998534,0.994935,0.992727
0,35.67378087484168,0.993544,0.984581,0.992727,1.006593
0,36.47600487052203,0.99639,1.012677,1.006593,1.024017
0,39.45743445646696,1.024638,1.0,1.024017,1.002843
0,39.82609417728365,1.005658,1.030928,1.002843,0.999291
0,39.760909447325666,0.99789,0.994286,0.999291,0.978723
0,37.76398379901216,0.976039,0.982759,0.978723,0.996377
0,37.42660371858261,1.0,0.967105,0.996377,1.005818
0,38.375243896084775,0.999278,1.029478,1.005818,1.022415
1,42.04199637655475,1.028902,1.035977,1.022415,1.050212
1,49.4593434132718,1.044944,1.017718,1.050212,1.040404
1,54.731723664019704,1.045027,1.059889,1.040404,1.027832
1,58.104841918882464,1.047588,1.031537,1.027832,1.1
1,68.32960795169829,1.09822,1.079618,1.1,1.061897
1,72.82905697302654,1.045277,1.091445,1.061897,0.952406
1,64.74117731018325,0.952941,0.927568,0.952406,1.1
1,83.29992367896168,1.1,1.1,1.1,0.919862
1,72.86214167727081,0.96319,0.909893,0.919862,0.974573
1,70.10119956784733,0.934315,0.966287,0.974573,0.912746
1,61.68322761888281,0.927567,0.917575,0.912746,1.05717
1,64.43386325435519,1.044557,1.026616,1.05717,0.920213
0,57.83686664942364,0.912929,0.904167,0.920213,0.976879
0,56.18488580313766,1.012524,1.03277,0.976879,1.011834
0,56.8485529245469,0.998097,1.006941,1.011834,1.046784
0,59.49166410697696,1.030982,1.045298,1.046784,0.945065
0,55.02982736131422,0.938511,0.9,0.945065,0.960591
0,52.172924942968436,0.980296,1.02537,0.960591,1.036923
0,54.46420096787433,1.024121,1.030928,1.036923,1.037587
1,56.81595906121297,1.044652,1.0065,1.037587,0.982364
0,55.31807043297037,0.973227,1.011426,0.982364,0.95245
0,51.44909512904513,0.947394,0.947446,0.95245,1.028018
0,53.41818978470347,1.029037,1.031623,1.028018,1.039148
1,56.168041208365665,1.043564,1.025628,1.039148,0.934192
0,50.553889770678616,0.931214,0.941695,0.934192,0.915773
0,44.78941461045056,0.922058,0.919875,0.915773,0.991081
0,44.26235416394518,0.98674,0.996041,0.991081,1.033183
0,46.750726905174,1.041433,1.03975,1.033183,0.965161
0,44.4333913707688,0.977957,0.96177,0.965161,1.029329
0,46.7432391212995,1.010995,1.0318,1.029329,1.019726
0,48.3441702390831,1.016857,1.013209,1.019726,0.988716
0,47.44814830052036,0.991979,0.994025,0.988716,0.971196
0,45.17257595272507,0.971429,0.968306,0.971196,0.997202
0,44.95354065825621,0.997225,0.998871,0.997202,1.025253
1,47.42441440830153,1.017251,1.023164,1.025253,0.991242
0,46.62307911631897,1.004376,0.991165,0.991242,1.00497
1,47.16389605959301,0.991285,0.998329,1.00497,1.015934
1,48.95846708949298,1.015934,1.016741,1.015934,0.989183
1,47.753833986927496,0.996755,0.99506,0.989183,0.959541
0,43.489977559096985,0.963646,0.95422,0.959541,0.992593
0,42.767532479937735,0.997748,1.0,0.992593,0.950057
0,38.194755962093375,0.939616,0.940462,0.950057,1.023565
0,41.22839146328591,1.019219,1.029502,1.023565,1.010626
0,42.62807569691161,1.009428,1.011343,1.010626,1.02979
0,46.51475608147303,1.037361,1.030697,1.02979,0.97958
