1,100.0,1.021352,1.029144,1.014298,0.962115
1,25.679012345679038,0.972125,0.953982,0.962115,0.947802
1,12.459681135379236,0.939068,0.957328,0.947802,0.992271
1,11.560191792895253,0.990458,0.989341,0.992271,1.027264
1,30.47776923563372,1.017341,1.023506,1.027264,0.992417
1,28.595702017237247,0.998106,0.998086,0.992417,1.020057
1,39.2080611725658,1.02277,1.022052,1.020057,1.009363
1,43.513317774107776,1.004638,0.999062,1.009363,0.969388
0,34.76388377540282,0.990766,0.978404,0.969388,1.009569
0,38.781002939810115,0.984157,1.0,1.009569,0.987678
0,35.70306307900508,0.99053,0.982726,0.987678,1.022073
1,44.14888817892035,1.026769,1.037109,1.022073,0.983099
0,39.748400500088486,0.975791,0.974576,0.983099,1.002865
0,40.80736678053073,1.016221,1.014493,1.002865,0.950476
0,30.726577932857513,0.947418,0.945714,0.950476,0.965932
0,26.173741818754156,0.966303,0.947633,0.965932,0.938797
0,20.49785202640106,0.942564,0.952179,0.938797,0.99337
0,20.022334236693798,0.996736,0.985491,0.99337,0.941046
0,16.40257455449943,0.924672,0.917327,0.941046,1.039007
0,25.44090867225519,1.05549,1.075309,1.039007,0.957907
0,22.503178990540988,0.949664,0.956372,0.957907,1.007126
0,24.03506549347895,1.004711,1.006002,1.007126,0.979953
0,22.66785470513,0.992966,0.988067,0.979953,0.995187
0,22.345761853716166,0.988194,0.990338,0.995187,0.929867
0,18.28797698798456,0.919952,0.920732,0.929867,1.027308
0,23.69110202835453,1.031169,1.019868,1.027308,0.981013
0,22.54439044267189,0.981108,0.994805,0.981013,1.060645
0,33.41893241972994,1.062901,1.063969,1.060645,1.019465
1,36.678186731686154,1.019324,1.020859,1.019465,1.013126
1,38.89289530642974,1.007109,0.986779,1.013126,0.971731
1,35.939393579494094,0.971765,0.989038,0.971731,1.035152
1,41.70046772468326,1.054479,1.046798,1.035152,0.982436
1,39.71115577758344,0.966705,0.970588,0.982436,0.979738
1,37.5262178390344,0.985748,0.989091,0.979738,1.03528
1,43.26130090380329,1.037349,1.023284,1.03528,0.958872
0,38.64978485779778,0.953542,0.973653,0.958872,0.990196
0,37.66157484130527,0.985384,0.98401,0.990196,1.007426
0,38.92289848433534,1.007417,1.0,1.007426,1.022113
1,42.670511308403825,1.030675,1.01875,1.022113,1.1
1,57.14436647829903,1.1,1.1,1.1,1.0
1,57.14436647829903,0.956256,0.998914,1.0,0.97619
1,53.40504616126811,0.978723,0.967391,0.97619,1.014412
1,55.26775632281832,0.997826,1.007865,1.014412,0.949727
1,47.96145016405974,1.010893,0.958751,0.949727,0.958573
0,43.15338591761722,0.9,0.939535,0.958573,0.971188
0,40.25602704120562,0.984431,1.0,0.971188,0.997528
0,40.014918393435664,0.992701,0.996287,0.997528,0.976456
0,37.70453650529102,0.970588,0.967702,0.976456,1.020305
0,40.80412706939355,1.022727,1.028241,1.020305,0.971393
0,37.88590641122338,0.979012,0.970037,0.971393,0.976953
0,35.7321221521024,0.965952,0.972973,0.976953,1.011796
0,37.6410008882208,1.015666,1.007937,1.011796,0.98057
0,35.73588101636101,0.988432,0.992126,0.98057,0.959049
0,32.117921562839214,0.954486,0.944444,0.959049,1.027548
0,36.57905195219954,1.027248,1.036415,1.027548,1.008043
0,37.8976242234849,1.007958,1.014865,1.008043,1.003989
0,38.58516613595767,0.994737,0.986684,1.003989,1.019868
1,42.040351818188554,1.026455,1.036437,1.019868,1.001299
1,42.27351856927787,0.994845,0.988281,1.001299,1.024643
1,46.66388289416098,1.023316,1.025033,1.024643,0.978481
1,43.47769085819278,0.991139,0.992288,0.978481,0.98577
1,41.50300045090641,0.983397,0.977979,0.98577,1.011811
1,43.75391671632303,1.005195,1.009272,1.011811,1.029831
1,49.139989347216826,1.040052,1.027559,1.029831,0.994962
1,48.274200771348546,0.986335,0.996169,0.994962,1.018987
1,51.710163757293515,1.02267,1.020513,1.018987,1.029814
1,56.66966475675537,1.022167,1.002513,1.029814,1.041013
1,62.53929278943999,1.046988,1.008772,1.041013,1.008111
1,63.631604228930776,1.019563,1.055901,1.008111,0.989655
1,61.16225151757148,0.990971,0.997647,0.989655,0.955865
1,51.98856572043241,0.95672,0.965802,0.955865,0.957473
0,45.25566137953487,0.957143,0.95116,0.957473,0.997462
0,44.897839669004334,0.978856,0.987163,0.997462,0.983461
0,42.54321280062582,0.986023,0.993498,0.983461,0.949547
0,36.379294650707,0.957474,0.955497,0.949547,0.9
0,19.18558225948228,0.9,0.9,0.9,0.990196
0,18.970060674274418,0.992218,1.01004,0.990196,1.021782
0,21.070746703219378,1.013725,1.019881,1.021782,0.984496
0,20.651424714363934,0.982592,0.982456,0.984496,0.970472
0,19.85362569909308,0.974409,0.972222,0.970472,0.965517
0,18.959668820977594,0.973737,0.965306,0.965517,0.94958
0,17.74489040855024,0.946058,0.953488,0.94958,1.028761
0,20.70842602729138,1.024123,1.017738,1.028761,0.963441
0,19.70844912402298,0.972163,0.96732,0.963441,1.026786
0,22.551425903553373,1.017621,1.027027,1.026786,0.971739
0,21.656793921796197,0.978355,0.975877,0.971739,0.988814
0,21.306689397764316,0.993363,0.988764,0.988814,0.984163
0,20.799729091711,0.979955,0.986364,0.984163,1.0
0,20.799729091710997,0.990909,0.983871,1.0,0.965517
0,19.638472298392568,0.981651,0.981265,0.965517,1.004762
0,20.27758062982874,0.992991,1.002387,1.004762,1.028436
0,24.174125283512705,1.023529,1.02381,1.028436,0.956221
0,22.31442907534117,0.965517,0.960465,0.956221,1.06988
1,31.035073787146672,1.066667,1.065375,1.06988,1.038288
1,35.598978753589826,1.046875,1.043182,1.038288,1.017354
1,37.68875828673463,1.004264,1.006536,1.017354,0.96162
1,34.94140046608006,0.985138,0.969697,0.96162,1.004435
1,35.50397301108434,0.989224,1.008929,1.004435,0.988962
1,34.69621619638673,0.984749,0.975664,0.988962,1.002232
1,35.014660691562234,0.995575,1.0,1.002232,1.002227
1,35.35414582583193,1.002222,1.0,1.002227,1.0
1,35.354145825831935,1.015521,0.981859,1.0,1.02
1,38.696865285306046,1.0131,1.046189,1.02,1.006536
1,39.8140318541134,1.002155,1.002208,1.006536,0.997835
1,39.55526835674558,1.008602,1.002203,0.997835,1.004338
1,40.38972287889531,0.991471,1.004396,1.004338,0.976242
0,37.33671648627374,0.997849,0.989059,0.976242,0.997788
0,37.06244359279235,0.974138,0.980088,0.997788,1.002217
0,37.55643471177916,1.004425,1.011287,1.002217,1.013274
1,40.5704644567888,1.019824,1.017857,1.013274,1.015284
1,43.9684678890091,1.00432,1.0,1.015284,1.025806
1,49.318304313766774,1.030108,1.035088,1.025806,0.987421
1,46.90674477786339,0.985386,0.980932,0.987421,0.963907
0,40.8168267798948,0.966102,0.971922,0.963907,0.988987
0,39.204625627501834,0.997807,0.995556,0.988987,0.962138
0,34.25106314166474,0.958242,0.959821,0.962138,1.006944
0,35.7928375362015,1.002294,1.004651,1.006944,1.022989
0,40.77799233709362,1.029748,1.018519,1.022989,1.004494
0,41.75206285720811,1.0,1.006818,1.004494,1.002237
0,42.26340679986681,0.997778,0.988713,1.002237,1.035714
1,49.8494139059906,1.035635,1.041096,1.035714,0.984914
1,46.9433893841609,0.997849,1.0,0.984914,0.973742
0,42.38208148008892,0.969828,0.971491,0.973742,0.973034
0,38.367308739640364,0.973333,0.968397,0.973034,1.006928
0,39.90007973099527,1.004566,1.011655,1.006928,0.990826
0,38.52437521020952,0.993182,0.990783,0.990826,1.050926
1,48.94984908012522,1.05492,1.048837,1.050926,1.011013
1,50.984357805760055,1.0,1.006652,1.011013,1.004357
1,51.81163189166313,1.013015,1.004405,1.004357,1.004338
1,52.671870144276305,0.991435,0.982456,1.004338,0.987041
1,49.79970604940027,0.991361,1.013393,0.987041,0.954048
0,41.309257623919315,0.969499,0.953744,0.954048,1.004587
0,42.31790704441348,0.993258,1.009238,1.004587,1.011416
0,44.868803051403276,1.004525,0.997712,1.011416,1.011287
0,47.375073478915475,1.013514,1.011468,1.011287,0.977679
0,43.15007335876587,0.988889,0.988662,0.977679,0.97032
0,38.360575545994145,0.968539,0.972477,0.97032,0.988235
0,36.6744742100348,0.976798,0.985849,0.988235,0.990476
0,35.33635448879879,1.0,0.971292,0.990476,0.971154
0,31.6101739058346,0.966746,0.982759,0.971154,0.962871
0,27.68086233436078,0.968059,0.969925,0.962871,1.025707
0,33.606167781765784,1.022843,1.0,1.025707,0.987469
0,32.1861893320207,0.992556,1.015504,0.987469,1.015228
0,35.69740258821468,1.015,1.015267,1.015228,1.005
0,36.87076723242642,0.997537,1.007519,1.005,1.044776
1,46.35794580806117,1.066667,1.029851,1.044776,0.992857
1,45.140345154445484,0.969907,1.004831,0.992857,0.978417
1,41.609496609911716,0.976134,0.973558,0.978417,1.002451
1,42.15093955233427,1.002445,1.0,1.002451,1.01956
1,46.43053263085253,1.02439,1.019753,1.01956,0.997602
1,45.97270612581315,0.997619,1.004843,0.997602,1.021635
1,50.68570452085177,1.02148,1.004819,1.021635,1.016471
1,54.043622464874616,1.011682,1.009592,1.016471,0.99537
1,52.93456703989987,1.0,1.016627,0.99537,1.016279
1,56.31371090641868,1.016166,1.011682,1.016279,1.004577
1,57.25793858519514,1.013636,1.006928,1.004577,0.98861
1,54.109263235119506,0.984305,0.988532,0.98861,1.023041
1,58.96906213955667,1.015945,1.018561,1.023041,0.984234
1,54.609487730890265,0.986547,0.995444,0.984234,1.029748
1,60.456394094265704,1.027273,1.020595,1.029748,1.006667
1,61.683027608858964,1.00885,1.004484,1.006667,0.995585
1,60.33923641278483,1.0,1.002232,0.995585,0.971175
0,52.35517665872733,0.967105,0.973274,0.971175,1.063927
1,63.54415632110905,1.063492,1.004577,1.063927,0.984979
1,59.7653967320293,0.989339,1.041002,0.984979,0.973856
0,53.853148832836126,0.978448,0.967177,0.973856,1.017897
1,56.9132776676117,1.008811,1.020362,1.017897,0.986813
0,54.01994909263885,0.9869,0.993348,0.986813,1.0
0,54.01994909263885,1.004425,1.002232,1.0,0.995546
0,52.97874953713309,0.995595,0.993318,0.995546,1.006711
0,54.3985724622189,1.0,0.988789,1.006711,0.977778
0,49.07875229179303,0.986726,0.995465,0.977778,1.022727
0,53.93059522596729,1.017937,1.020501,1.022727,1.02
1,57.82540138068912,1.017621,1.017857,1.02,1.002179
1,58.24777332427716,0.997835,0.993421,1.002179,0.971739
0,51.085226660742244,0.989154,0.975717,0.971739,0.997763
0,50.57008913624643,0.986842,1.00905,0.997763,0.982063
0,46.52790553847367,0.988889,0.975336,0.982063,0.988584
0,44.15247637594185,0.975281,0.977011,0.988584,0.942263
0,34.631962832485165,0.942396,0.945882,0.942263,0.931373
0,27.483925957539906,0.943765,0.935323,0.931373,1.015789
0,30.780885509202115,1.010363,1.021277,1.015789,1.049223
0,40.0725249550195,1.071795,1.054688,1.049223,0.965432
0,36.21495847285206,0.971292,0.960494,0.965432,1.025575
0,40.61257969524194,0.992611,1.023136,1.025575,0.997506
0,40.31326254102241,1.002481,1.0,0.997506,1.01
0,42.14988516999979,1.002475,1.002513,1.01,1.002475
1,42.625207166757576,1.032099,1.015038,1.002475,0.992593
1,41.522962622134,0.9689,0.982716,0.992593,1.1
1,63.31643375341157,1.1,1.065327,1.1,0.957082
1,56.26014134101309,0.965665,1.025943,0.957082,1.044843
1,60.94716719875947,1.055556,1.064368,1.044843,0.957082
1,54.641549143546044,0.943158,0.950324,0.957082,0.995516
1,54.03944762710418,1.011161,0.990909,0.995516,1.009009
1,55.104963024874635,0.99117,1.016055,1.009009,1.026786
1,58.2332803227116,1.03118,1.006772,1.026786,1.008696
1,59.252520743546484,1.030238,1.038117,1.008696,0.959052
0,52.67679209479055,0.947589,0.956803,0.959052,1.026966
1,55.99818299527742,1.030973,1.031603,1.026966,1.019694
1,58.358745818896686,1.017167,1.008753,1.019694,0.991416
1,56.897772179715886,0.987342,0.976139,0.991416,1.019481
1,59.362829875133215,1.019231,1.044444,1.019481,1.006369
1,60.18033115831987,1.018868,1.002128,1.006369,1.061181
1,67.07550913220388,1.047325,1.03397,1.061181,0.976143
1,62.270459905805396,0.976424,0.991786,0.976143,0.928717
0,50.832537740679356,0.943662,0.937888,0.928717,0.986842
0,49.165321855577886,0.968017,0.98234,0.986842,0.98
0,46.69152491454767,0.995595,0.988764,0.98,0.945578
0,40.796549359572566,0.929204,0.936364,0.945578,0.992806
0,40.11477138253493,1.009524,1.002427,0.992806,1.036232
0,45.05871007394694,1.021226,1.031477,1.036232,0.986014
0,43.51131830935702,0.993072,0.99061,0.986014,1.007092
0,44.53692340704365,0.990698,0.992891,1.007092,1.065728
1,53.096386002296136,1.070423,1.071599,1.065728,1.011013
1,54.448284046639756,1.050439,1.011136,1.011013,0.980392
1,51.56712181302536,0.956159,0.969163,0.980392,0.991111
1,50.29333680838088,0.99345,1.009091,0.991111,0.970852
0,46.291218721619956,0.956044,0.959459,0.970852,1.006928
0,47.332774362805296,1.006897,0.988263,1.006928,1.002294
0,47.69688066585807,1.018265,1.035629,1.002294,1.002288
0,48.083406589582786,0.986547,0.993119,1.002288,1.02968
1,52.9511541308015,1.031818,1.036952,1.02968,0.980044
0,49.491472958038,0.975771,0.977728,0.980044,0.972851
0,45.24655245337442,0.981941,0.974943,0.972851,0.997674
0,44.90093315336148,0.988506,0.997664,0.997674,1.002331
0,45.35048880066687,1.006977,1.002342,1.002331,1.002326
0,45.82649306989971,0.997691,1.002336,1.002326,1.013921
1,48.71296974242874,1.013889,1.004662,1.013921,0.995423
0,47.79872836528383,0.995434,1.00232,0.995423,0.990805
0,45.94161998276799,0.995413,0.993056,0.990805,0.99768
0,45.46603007036339,0.997696,0.997669,0.99768,0.986047
0,42.61547401018292,0.981524,0.985981,0.986047,1.004717
0,43.878565313815365,1.004706,1.00237,1.004717,1.025822
1,50.35139750195528,1.035129,1.030733,1.025822,0.949657
0,40.332214108399675,0.945701,0.949541,0.949657,1.016867
0,44.14089685297806,1.011962,1.009662,1.016867,1.011848
0,46.75527331863983,1.01182,1.014354,1.011848,1.018735
1,50.728764770376074,1.03271,1.025943,1.018735,1.006897
1,52.17024853815719,0.997738,1.002299,1.006897,1.006849
1,53.63117084134744,1.006803,1.006881,1.006849,1.013605
1,56.49336547874477,1.015766,1.006834,1.013605,0.982103
1,51.89384745823714,0.973392,0.986425,0.982103,1.029613
1,57.89320943018151,1.031891,1.029817,1.029613,1.00885
1,59.56419188998308,1.00883,0.995546,1.00885,1.026316
1,64.15936038369433,1.037199,1.040268,1.026316,1.012821
1,66.22603475331236,1.012658,1.008602,1.012821,1.00211
1,66.57200603466629,0.995833,1.006397,1.00211,1.008421
1,67.98473787839603,1.014644,1.006356,1.008421,0.966597
1,57.514196223296786,0.975258,0.96,0.966597,0.980562
0,52.606224358379244,0.964059,0.991228,0.980562,1.057269
1,62.548969433611376,1.063596,1.044248,1.057269,1.070833
1,71.09019833478789,1.061856,1.050847,1.070833,0.990272
1,68.61201995454141,1.001942,1.016129,0.990272,0.988212
1,65.65433329207481,0.976744,0.984127,0.988212,1.067594
1,72.80769688993855,1.06746,1.054435,1.067594,1.039106
1,76.11643613187239,1.087361,1.042065,1.039106,1.075269
1,81.07600615866664,1.041026,1.084404,1.075269,1.065
1,84.32998240773296,1.065681,1.032149,1.065,1.01252
1,84.90342516029175,1.001541,1.029508,1.01252,0.998454
1,84.48722110594164,0.996923,0.990446,0.998454,0.98452
1,80.25065150307427,1.015432,1.0209,0.98452,0.984277
1,76.13901010979521,0.960486,0.982677,0.984277,0.976038
1,70.31910455535683,0.988924,0.972756,0.976038,1.1
1,81.10383266235242,1.1,1.1,1.1,0.9
1,63.4402068599746,0.9,0.9,0.9,1.048362
1,66.71100552972844,1.033033,1.065079,1.048362,1.03869
1,69.19985791995254,1.021802,1.007452,1.03869,1.047278
1,72.0555972946586,1.075391,1.069527,1.047278,1.008208
1,72.55387209804778,0.98545,0.986169,1.008208,1.005427
1,72.90078797987277,1.002685,1.029453,1.005427,1.094467
1,78.11426019354279,1.091031,1.088556,1.094467,0.961776
1,71.54941035555885,0.96319,0.968711,0.961776,1.062821
1,75.1101184514995,1.067516,1.059432,1.062821,0.985525
1,72.71012615402323,0.97852,0.979268,0.985525,1.1
1,78.83890936281979,1.1,1.1,1.1,1.1
1,82.96011338807907,1.1,1.1,1.1,1.01472
1,83.47485113481534,1.014272,1.017964,1.01472,0.901354
1,68.35398263887593,0.9,0.9,0.901354,1.022532
1,69.57590214786997,1.058635,1.034216,1.022532,1.074502
1,73.32594565058199,1.032226,1.064034,1.074502,1.1
1,78.34596556038477,1.1,1.038114,1.1,1.1
1,83.6605555824623,1.1,1.1,1.1,0.976244
1,80.24975562789831,0.946809,0.990122,0.976244,0.9
1,61.96935709227855,0.91161,0.9,0.9,0.925455
0,56.667410102359625,0.906327,0.92968,0.925455,0.9
0,45.890418868956885,0.9,0.9,0.9,1.040791
0,47.58541478343162,0.908306,0.978934,1.040791,1.051069
0,49.792418111510315,1.06057,1.059494,1.051069,1.012429
0,50.368149903727364,1.058231,1.057348,1.012429,0.930804
0,47.09046237077309,0.9,0.916384,0.930804,1.046763
0,49.324385255168515,1.048984,1.062885,1.046763,1.088202
0,53.49891975176316,1.1,1.096288,1.088202,0.934737
0,49.93215101419387,0.952286,0.939683,0.934737,0.9
0,44.018974511503565,0.9,0.9,0.9,1.040155
0,45.864052375184016,1.055696,0.997279,1.040155,0.996264
0,45.70705177886044,0.968825,1.065484,0.996264,0.93625
0,43.011503551373515,0.949257,0.946223,0.93625,0.985314
0,42.43027500456948,0.996089,0.987821,0.985314,0.9729
0,41.33652450357047,0.950262,0.982192,0.9729,1.043175
0,43.75660775791591,1.034435,1.030683,1.043175,1.086782
1,48.54940710581852,1.08522,1.075778,1.086782,0.977887
1,47.34618294355317,0.986503,0.972327,0.977887,0.976131
1,46.04886238965759,0.975124,0.997413,0.976131,1.066924
1,50.08037538356533,1.066327,1.040208,1.066924,0.9807
1,48.87029630628548,0.990431,1.004988,0.9807,0.99016
1,48.24262568573466,0.977053,0.995037,0.99016,0.935404
0,44.26313881250319,0.988875,0.932668,0.935404,1.015936
0,45.38280387359027,0.9775,1.018717,1.015936,0.956863
0,42.83446963301227,0.948849,0.956693,0.956863,1.027322
0,44.85547831232738,1.022911,1.027435,1.027322,1.023936
0,46.682447974435,1.02108,1.021362,1.023936,0.980519
0,45.334535871788106,0.987097,0.985621,0.980519,0.960265
0,42.68023912994218,0.960784,0.908488,0.960265,0.9
0,36.08244269447383,0.921088,0.925547,0.9,0.968652
0,34.75243918674504,0.926145,0.960568,0.968652,0.911003
0,31.332138620386324,0.909091,0.901478,0.911003,1.008881
0,31.98746842314178,1.010526,1.032787,1.008881,0.994718
0,31.791424978127676,0.986111,0.970018,0.994718,1.042478
0,35.21231855768668,1.042254,1.061818,1.042478,0.983022
0,34.43731567014622,0.988176,0.976027,0.983022,1.027634
0,36.8328619475146,1.02735,1.014035,1.027634,0.968067
0,35.18861040828764,0.966722,0.989619,0.968067,1.060764
1,40.461289534469294,1.051635,1.045455,1.060764,0.991817
1,39.96113470732174,0.993453,1.001672,0.991817,1.0
1,39.96113470732175,1.003295,0.998331,1.0,1.008251
1,40.80969882103094,1.009852,1.011706,1.008251,1.01964
1,42.895710997720236,1.02439,1.024793,1.01964,0.967897
1,40.34373920296529,0.95873,0.964516,0.967897,0.978441
0,38.730805314780035,0.985099,0.98495,0.978441,0.979661
0,37.25035639219644,1.001681,0.979626,0.979661,0.975779
0,35.54338156023981,0.958054,0.970537,0.975779,0.998227
0,35.41853289570367,0.987741,0.996429,0.998227,1.001776
0,35.661909042630924,1.003546,1.003584,1.001776,1.033688
0,40.26783197429912,1.037102,1.032143,1.033688,0.994854
0,39.783543320113424,0.989779,0.99654,0.994854,0.986207
0,38.455364960528605,0.991394,0.986111,0.986207,0.986014
0,37.12075481818596,1.0,0.985915,0.986014,1.01773
1,39.927283291839075,1.001736,1.023214,1.01773,1.019164
1,42.94404152712875,1.019064,1.019197,1.019164,0.998291
1,42.73394050104532,0.998299,0.993151,0.998291,0.988014
1,41.21391169304614,0.998296,0.993103,0.988014,1.031196
1,46.48514655445941,1.035836,1.032986,1.031196,1.013445
1,48.68738391600362,1.016474,1.011765,1.013445,1.001658
1,48.97007325292669,0.980551,0.986711,1.001658,1.013245
1,51.28238283488435,1.019835,1.020202,1.013245,0.995098
1,50.36080994354177,0.996759,1.0033,0.995098,0.981938
1,47.023959061768345,0.978862,0.976974,0.981938,1.008361
1,48.68822651824852,1.011628,1.013468,1.008361,0.973466
0,43.93203232740078,0.977011,0.971761,0.973466,1.008518
0,45.716617296703745,1.001681,1.010256,1.008518,0.978041
0,41.97569772092512,0.974832,0.976311,0.978041,1.013817
0,44.96046423412759,1.012048,1.005199,1.013817,1.001704
0,45.33897038471799,1.005102,1.008621,1.001704,1.006803
0,46.91165641343887,1.005076,1.005128,1.006803,0.994932
0,45.846253167156334,1.0,1.001701,0.994932,1.003396
1,46.715075600776004,1.005051,1.003396,1.003396,1.023689
1,52.46425125962028,1.015075,1.013536,1.023689,1.003306
1,53.24042408097082,1.011551,1.013356,1.003306,1.009885
1,55.58351026625179,1.001631,0.995058,1.009885,1.006525
1,57.125941188970046,1.02443,1.018212,1.006525,0.975689
1,50.09984879294751,0.961844,0.97561,0.975689,0.978405
0,44.94092330216583,0.978512,0.975,0.978405,1.0
0,44.940923302165835,1.005068,1.003419,1.0,0.996604
0,44.130122841372184,0.989916,0.998296,0.996604,1.028961
1,52.04915129811708,1.027165,1.015358,1.028961,1.001656
1,52.475872383047474,1.001653,1.001681,1.001656,1.008264
1,54.64901971456129,1.009901,1.016779,1.008264,0.995082
1,53.08065443296675,1.0,1.00165,0.995082,0.998353
1,52.53938530172997,0.995098,0.996705,0.998353,1.014851
1,56.808183757298515,1.013136,1.008264,1.014851,1.014634
1,60.62240726378695,1.027553,1.014754,1.014634,1.012821
1,63.6917289073802,1.001577,1.016155,1.012821,0.987342
1,58.75936599591918,0.985827,0.987281,0.987342,0.996795
1,57.55928091373615,1.001597,1.0,0.996795,1.0
1,57.55928091373616,1.0,0.99839,1.0,0.996785
1,56.227439216786344,0.990431,0.990323,0.996785,1.009677
1,59.27207580210867,1.014493,1.013029,1.009677,1.011182
1,62.54526915639476,1.004762,1.004823,1.011182,0.988942
1,57.5632079658813,1.007899,0.9984,0.988942,0.974441
0,48.12677284269412,0.962382,0.974359,0.974441,0.986885
0,44.22315429071796,0.982085,0.981908,0.986885,1.0
0,44.22315429071796,1.006633,1.005025,1.0,0.961794
0,34.809032701889755,0.958814,0.956667,0.961794,1.022453
0,42.28731059558492,1.024055,1.019164,1.022453,1.011824
0,45.886923275426454,1.010067,1.017094,1.011824,1.008347
0,48.36429523029353,1.006645,1.001681,1.008347,1.02649
1,55.400712302697066,1.026403,1.033557,1.02649,0.998387
1,54.897192793309024,0.998392,1.0,0.998387,1.004847
1,56.18378740146436,1.009662,1.003247,1.004847,1.012862
1,59.50144171557443,1.007974,1.016181,1.012862,1.009524
1,61.83544998337278,1.007911,0.985669,1.009524,0.992138
1,58.79454201767231,0.993721,1.016155,0.992138,0.987322
1,54.20168227760533,0.992101,0.987281,0.987322,0.998395
1,53.63764145110627,1.0,1.0,0.998395,1.012862
1,57.452242467942376,1.009554,0.99839,1.012862,0.961905
0,45.387330069441916,0.974763,0.972581,0.961905,1.014851
0,49.656799978013204,1.0,1.011609,1.014851,1.001626
0,50.12337318531768,1.0,1.003279,1.001626,0.996753
0,49.14241575907467,0.998382,1.0,0.996753,0.990228
0,46.21997628465389,0.988655,0.99183,0.990228,1.0
0,46.21997628465389,1.0,0.996705,1.0,0.988487
0,42.77786955979604,0.990164,0.990083,0.988487,0.991681
0,40.46005982901735,0.988411,0.991653,0.991681,1.003356
0,41.81803457205034,1.008375,1.005051,1.003356,1.010033
0,45.811041303932384,1.003322,1.005025,1.010033,0.983444
0,40.7868594175538,0.985099,0.981667,0.983444,1.003367
0,42.15329294798345,1.006723,1.006791,1.003367,0.971477
0,34.80179740896482,0.974958,0.971332,0.971477,1.008636
0,38.214783590113065,1.008562,1.012153,1.008636,0.976027
0,33.004982644902235,0.983022,0.977702,0.976027,1.005263
0,35.04840184437472,0.994819,1.0,1.005263,0.993019
0,33.57781454233197,0.993056,0.996491,0.993019,0.987698
0,31.11718819129473,0.982517,0.980634,0.987698,1.019573
0,38.717151827892344,1.032028,1.025135,1.019573,1.041885
1,51.33350774097909,1.034483,1.019264,1.041885,0.981575
1,46.59837765727049,0.981667,1.003436,0.981575,1.018771
1,51.42383904736737,1.018676,1.015411,1.018771,0.98325
1,47.24432277772946,0.99,0.988196,0.98325,1.015332
1,51.096684189204574,1.010101,1.006826,1.015332,1.021812
1,56.08502366069084,1.018333,1.027119,1.021812,0.993432
1,54.251319289106256,0.991817,0.971947,0.993432,0.942149
0,41.47374527473132,0.968647,0.95416,0.942149,1.005263
0,42.71907966758696,0.979557,1.014235,1.005263,1.013962
0,46.01775524284074,1.013913,1.012281,1.013962,0.996558
0,45.31517175291338,1.001715,1.0,0.996558,1.015544
0,49.08252679548561,1.011986,1.010399,1.015544,0.991497
0,47.139551310007654,0.99154,0.994854,0.991497,0.960549
0,39.410966019756586,0.974403,0.956897,0.960549,1.028571
0,46.03881858435104,1.012259,1.030631,1.028571,0.984375
0,43.17764027036209,0.991349,0.98951,0.984375,0.994709
0,42.23540184033017,0.991274,0.9947,0.994709,0.973404
0,37.79437163934253,0.984155,0.973357,0.973404,1.0
0,37.79437163934253,0.982111,0.994526,1.0,1.003643
0,38.7896398533348,1.009107,1.009174,1.003643,1.0
0,38.7896398533348,0.998195,1.0,1.0,1.016334
0,43.5068790765895,1.016275,1.001818,1.016334,0.9875
0,40.86875859202716,1.001779,1.0,0.9875,0.9783
0,36.75429961863591,0.968028,0.970962,0.9783,1.009242
0,39.487911625004955,1.005505,1.013084,1.009242,0.981685
0,36.12490828125391,0.989051,0.983395,0.981685,0.938433
0,27.73154794258288,0.928044,0.934334,0.938433,0.998012
0,27.52286187788983,1.001988,0.995984,0.998012,0.98008
0,25.45959453803745,0.990079,0.979839,0.98008,1.026423
0,32.53967772242047,1.014028,1.030864,1.026423,1.031683
0,40.08292781673508,1.035573,1.007984,1.031683,1.011516
1,42.67170728003853,1.013359,1.039604,1.011516,0.981025
0,39.600700519301796,0.984934,0.973333,0.981025,0.990329
0,38.12334034530435,0.986616,0.998043,0.990329,0.972656
0,34.26838085595067,0.984496,0.976471,0.972656,1.014056
0,37.662543417094525,0.996063,0.997992,1.014056,1.00198
0,38.1538556545788,1.0,1.01006,1.00198,1.019763
1,42.992515206987825,1.033597,1.023904,1.019763,1.005814
1,44.39794519549555,1.00956,1.007782,1.005814,1.019268
1,48.91862113889468,1.003788,1.009653,1.019268,0.994329
1,47.666541044049,0.996226,0.996176,0.994329,0.986692
1,44.78607739349821,0.992424,0.994242,0.986692,0.942197
0,35.01907438077212,0.942748,0.934363,0.942197,0.993865
0,34.21550038446229,0.98583,0.969008,0.993865,1.032922
0,41.87604709963055,1.057495,1.061834,1.032922,1.015936
0,45.30557201310055,0.998058,1.01004,1.015936,0.980392
0,41.97183403052886,0.972763,0.982107,0.980392,1.042
1,50.250699116594035,1.042,1.034413,1.042,0.950096
0,42.21944733498096,0.978887,0.966732,0.950096,0.99596
0,41.667773033233026,0.97451,0.995951,0.99596,1.008114
0,43.26453259730273,1.002012,1.004065,1.008114,1.004024
0,44.08864354903909,1.014056,1.002024,1.004024,0.985972
0,41.80009042802029,0.982178,0.987879,0.985972,0.99187
0,40.50618586025901,0.993952,0.98773,0.99187,1.018443
0,44.65719236617456,1.010142,1.014493,1.018443,1.022133
1,49.3121951427194,1.022088,1.028571,1.022133,1.0
1,49.3121951427194,1.001965,1.0,1.0,0.998031
1,48.87872884042492,0.998039,1.003968,0.998031,1.003945
1,49.82861546080845,1.0,0.994071,1.003945,1.007859
1,51.759244806308445,1.007859,1.005964,1.007859,1.007797
1,53.67882842750025,1.019493,1.021739,1.007797,1.029014
1,60.09194902877415,1.017208,1.011605,1.029014,1.035714
1,66.43162689305554,1.037594,1.034417,1.035714,0.987296
1,62.49280951927508,1.01087,1.003697,0.987296,1.033088
1,67.78262221647638,1.030466,1.003683,1.033088,1.021352
1,70.74486897253553,1.0,1.034862,1.021352,0.979094
1,64.37096193139452,0.977391,0.973404,0.979094,1.039146
1,69.75165810724667,1.042705,1.051002,1.039146,0.989726
1,66.78918922484291,0.993174,0.980936,0.989726,0.99827
1,66.28389917948421,0.993127,1.008834,0.99827,0.951473
0,53.97152108362577,0.965398,0.961471,0.951473,1.020036
0,57.32522324376091,1.012545,1.005464,1.020036,1.053571
1,64.84775724078149,1.051327,1.043478,1.053571,0.988136
1,62.097165426771205,1.001684,1.003472,0.988136,0.96741
0,55.247293701037606,0.954622,0.968858,0.96741,1.049645
1,61.91470308572845,1.042254,1.039286,1.049645,0.956081
0,53.88650892638768,0.961149,0.962199,0.956081,1.056537
1,60.64945783770403,1.068541,1.060714,1.056537,1.025084
1,63.36193794863516,1.029605,1.030303,1.025084,0.980424
1,59.810008147081504,0.969649,0.968954,0.980424,0.988353
1,57.77540189495368,0.981878,0.993255,0.988353,0.978114
0,54.09501278825876,0.983221,0.979626,0.978114,1.020654
1,56.82881628878419,1.042662,0.994801,1.020654,0.979764
0,53.40378793904982,0.9509,0.998258,0.979764,0.987952
0,51.45560503880625,0.994836,0.994764,0.987952,0.944251
0,43.621416024736746,0.955017,0.945614,0.944251,1.0369
0,48.861891766894395,1.021739,1.03525,1.0369,1.014235
0,50.83066440881874,1.014184,1.010753,1.014235,1.010526
0,52.31349768594046,1.013986,1.012411,1.010526,1.010417
1,53.813519372318,1.012069,1.015762,1.010417,1.005155
1,54.58278661683786,0.998296,1.0,1.005155,0.981197
1,51.21448267221416,0.994881,0.989655,0.981197,0.980836
0,48.023020331223364,0.974271,0.977352,0.980836,0.98579
0,45.7882496687959,0.992958,0.989305,0.98579,1.054054
1,54.36457988865195,1.037234,1.03964,1.054054,1.005128
1,55.12904567736979,1.011966,1.008666,1.005128,1.020408
1,58.149039834463984,1.016892,1.022337,1.020408,0.973333
1,53.024651442019,0.971761,0.966387,0.973333,0.994863
1,52.097601406469735,1.005128,1.008696,0.994863,0.987952
0,49.90513931247402,0.988095,0.987931,0.987952,1.008711
1,51.47596473788538,1.008606,0.994764,1.008711,1.02418
1,55.667734223928484,1.020478,1.031579,1.02418,1.0
1,55.667734223928484,0.998328,1.003401,1.0,0.998314
1,55.27219593315668,0.9933,0.988136,0.998314,0.998311
1,54.852469946274475,1.001686,1.010292,0.998311,0.974619
