1,100.0,1.084459,1.1,1.059574,0.9
1,31.70731707317073,0.920171,0.9,0.9,1.031222
1,42.18551461245233,0.973339,1.020548,1.031222,0.9
1,26.506986027944087,0.915217,0.901566,0.9,1.063976
1,39.29486366518706,1.033254,1.056079,1.063976,1.039315
1,45.92074115225428,1.057471,0.986842,1.039315,1.082332
1,56.93751706799899,1.095652,1.1,1.082332,0.932155
1,47.61982275061881,0.92381,0.934025,0.932155,0.992501
0,46.77057903599912,0.983677,0.999556,0.992501,0.984
0,44.94272209295718,0.973799,0.953333,0.984,0.900181
0,35.714998983096834,0.943946,0.900233,0.900181,1.1
1,47.825766182275025,1.063658,1.1,1.1,1.029213
1,50.63196169799164,1.035284,1.043398,1.029213,1.091703
1,58.414094382165736,1.092321,1.061947,1.091703,1.0144
1,59.59009744652843,1.038705,1.052083,1.0144,0.90418
0,49.42915614942598,0.929278,0.90099,0.90418,1.059747
1,54.17349361995098,1.009411,1.007033,1.059747,0.9
0,30.826402530347487,0.9,0.9,0.9,0.911618
0,29.190621382515697,0.9,0.9,0.911618,1.064894
0,31.79936767823052,1.081664,1.1,1.064894,0.917034
0,30.169706991553955,0.9,0.910569,0.917034,1.1
0,34.399014280965176,1.096595,1.094156,1.1,0.912382
0,32.45836043359981,0.969675,0.920623,0.912382,0.980952
0,32.07187161036374,0.935964,0.979855,0.980952,0.9
0,29.158532301142817,0.9,0.9,0.9,1.1
0,33.76679524041016,1.1,1.1,1.1,0.972927
0,33.20708471788158,0.974769,0.983986,0.972927,1.1
1,38.930339982026545,1.1,1.1,1.1,1.078149
1,42.20036046746106,1.081387,1.082812,1.078149,1.020408
1,43.12378438632949,1.015331,1.010101,1.020408,1.003448
1,43.29200413450351,1.003432,0.972857,1.003448,0.982818
1,42.6133528423073,1.012312,1.046256,0.982818,0.992308
1,42.29915152253267,0.964865,0.968421,0.992308,1.067653
1,46.03860954162123,1.084734,1.07971,1.067653,1.1
1,55.30028444184665,1.1,1.1,1.1,1.0
1,55.30028444184666,1.0,1.0,1.0,1.0
1,55.30028444184666,1.0,1.0,1.0,1.0
1,55.30028444184666,1.0,1.0,1.0,1.0
1,55.30028444184666,1.0,1.0,1.0,1.0
1,55.30028444184666,1.0,1.0,1.0,1.0
1,55.30028444184666,1.0,1.0,1.0,1.1
1,62.18640735922739,1.072589,1.1,1.1,1.1
1,70.8611580085193,1.1,1.1,1.1,0.9
1,56.1002127231443,0.900294,0.9,0.9,1.03267
1,57.85901423547665,0.948598,0.966581,1.03267,1.032625
1,59.65416832110901,1.059606,1.1,1.032625,0.929153
0,54.08981149176247,0.927011,0.932818,0.929153,0.99897
0,54.01648625550015,0.978435,0.978756,0.99897,1.087158
1,59.0661451318503,1.091748,1.1,1.087158,0.917457
0,52.65485362501369,0.942723,0.920422,0.917457,0.979317
0,51.27693249876826,0.954681,0.96875,0.979317,1.040127
0,53.75324526051937,1.068336,1.056452,1.040127,0.9
0,47.0745131014949,0.919922,0.901781,0.9,0.970107
0,45.438787690292074,0.934713,0.936795,0.970107,1.05407
0,48.80065618392436,1.063032,1.070482,1.05407,1.039162
0,51.26930546472294,1.019231,1.04108,1.039162,1.027601
1,53.05463107161784,1.035115,1.040541,1.027601,1.026343
1,54.80355385638898,1.036456,1.023377,1.026343,0.97081
1,52.412153000668255,0.955545,0.970051,0.97081,0.973561
0,50.33237054995584,0.966258,0.952904,0.973561,0.979766
0,48.77920159684637,0.997354,1.00659,0.979766,0.9875
0,47.81739847439611,0.976127,0.980906,0.9875,1.087507
1,54.496932164147196,1.073913,1.006674,1.087507,1.044534
1,57.72245699191202,1.054656,1.093923,1.044534,0.997093
1,57.42357263760285,0.997121,1.019697,0.997093,0.944121
1,51.87884815180129,0.939365,0.942546,0.944121,1.013381
1,52.98418319457257,1.022029,1.02207,1.013381,0.9
0,42.83620367786908,0.9,0.9,0.9,0.99186
0,42.345126060152296,1.002895,0.994083,0.99186,1.016999
0,43.78280846181755,1.015589,1.000595,1.016999,0.98098
0,42.48455749623857,0.969301,0.997026,0.98098,0.9
0,34.53173724909386,0.9,0.9,0.9,1.040984
0,37.69802831213381,1.02607,1.041259,1.040984,0.976378
0,36.55564869104168,0.97329,0.952317,0.976378,0.925403
0,33.21359894876312,0.970549,0.96615,0.925403,1.093682
0,40.07082021351079,1.045517,1.0,1.093682,0.99004
0,39.562161641923836,0.996042,1.082482,0.99004,1.011402
0,40.484249692433224,1.019205,1.008092,1.011402,1.032493
1,43.17536299671383,1.020143,1.030769,1.032493,1.053308
1,47.505305952526655,1.054777,1.038287,1.053308,0.983537
1,46.27016392913764,1.017512,0.99375,0.983537,0.953503
1,42.93106972885138,0.934718,0.943396,0.953503,0.961638
0,40.45761834896615,0.95619,0.975333,0.961638,0.923597
0,36.16050092806429,0.911687,0.917293,0.923597,0.937775
0,33.29572566396525,0.94319,0.942623,0.937775,0.957065
0,31.553774844418214,0.974517,0.964427,0.957065,0.963295
0,30.163307254305764,0.953249,0.959016,0.963295,0.996613
0,30.036602614673647,0.991687,1.000855,0.996613,0.969414
0,28.861541964827214,0.974015,0.960717,0.969414,0.9
0,25.127009930867892,0.902754,0.9,0.9,0.984221
0,24.693498819442322,0.979028,0.995992,0.984221,1.033066
0,27.47282072186758,1.021422,1.026157,1.033066,0.903007
0,24.519632790584232,0.93041,0.9,0.903007,1.080559
0,30.54951798959656,1.036885,1.079121,1.080559,1.067594
0,35.57482907786608,1.067194,1.050916,1.067594,0.978585
0,34.66127178730105,0.993519,1.010659,0.978585,0.976213
0,33.64975809003889,0.984157,0.978907,0.976213,0.954191
0,31.772511384053356,0.954545,0.94907,0.954191,0.944842
0,29.72095812621119,0.938492,0.944272,0.944842,0.941622
0,27.788620864669905,0.927061,0.940984,0.941622,0.946039
0,26.192430432456497,0.969213,0.907085,0.946039,1.063107
0,30.920226996001794,1.052941,1.1,1.063107,1.021689
0,32.618599118698256,1.005587,0.996516,1.021689,0.9
0,28.629081009994717,0.91,0.9,0.9,1.1
0,35.50958153933083,1.1,1.1,1.1,1.013699
0,36.486472050467995,0.977174,0.988506,1.013699,0.984234
0,35.80503418566053,1.002225,1.013953,0.984234,1.025172
1,37.771836461858975,1.00333,0.997706,1.025172,1.054687
1,42.03181595457567,1.066372,1.074713,1.054687,1.013757
1,43.14387974665696,1.014523,1.019251,1.013757,1.049061
1,47.09547126215152,1.029652,1.03148,1.049061,0.989055
1,46.28467534023452,0.991063,0.991862,0.989055,1.025151
1,48.45656507492311,1.032064,1.035897,1.025151,1.1
1,58.210069577663766,1.1,1.079208,1.1,0.917606
1,50.86183744295407,0.939655,0.963303,0.917606,0.9
0,42.2217507152205,0.9,0.9,0.9,1.056831
0,45.82564307150263,1.027083,1.043575,1.056831,1.028956
0,47.71672181767295,1.022312,1.056745,1.028956,0.990955
0,47.1470308187797,0.979167,0.97771,0.990955,1.014199
0,48.183384537662896,1.033435,1.015544,1.014199,0.937
0,44.002104410211345,0.926471,0.947959,0.937,0.981857
0,42.91976772272783,1.001058,0.98493,0.981857,0.965217
0,40.88131997846866,0.951374,0.967213,0.965217,1.021396
0,42.62377858408696,1.014444,1.00904,1.021396,0.996692
0,42.41122380087855,1.0,1.004479,0.996692,0.942478
0,38.799520499928725,0.950712,0.942029,0.942478,1.003521
0,39.12162508503137,0.998848,1.002367,1.003521,0.953216
0,36.37282865057283,0.981546,0.96222,0.953216,0.946012
0,33.57798396763047,0.908343,0.930061,0.946012,0.976654
0,32.47851915964708,0.98577,0.980211,0.976654,0.98008
0,31.551372560459832,0.984252,0.990579,0.98008,1.001355
0,31.691370352824272,1.001333,0.998641,1.001355,0.993234
0,31.34615082829032,0.981358,0.986395,0.993234,0.989101
0,30.768630646087747,0.986431,0.986207,0.989101,1.07438
1,38.945533593425,1.089409,1.088112,1.07438,1.019231
1,41.029093110274836,1.02904,1.003856,1.019231,1.044025
1,45.686633815547246,1.030675,1.037132,1.044025,0.986747
1,44.49714510465825,0.984524,0.980247,0.986747,1.086691
1,53.00256347859638,1.096735,1.074307,1.086691,1.005618
1,53.54248750020429,1.015436,1.03517,1.005618,0.9
0,42.16901434341724,0.9,0.9,0.9,1.02799
1,44.72132230442644,0.996333,0.998718,1.02799,1.009901
1,45.66048371279901,1.02454,1.037227,1.009901,0.985294
0,44.440818644928356,0.982036,0.983911,0.985294,1.029851
1,47.463391580853894,1.012195,1.021384,1.029851,0.919082
0,40.79163346771271,0.957831,0.922414,0.919082,1.013141
0,42.099824845327895,0.977358,1.017356,1.013141,0.946822
0,38.35777043192603,0.947233,0.946194,0.946822,0.983562
0,37.31241204775703,0.980978,0.973648,0.983562,1.030641
0,40.51321170059092,1.029086,1.042735,1.030641,0.9
0,33.41432085543905,0.90175,0.9,0.9,0.977099
0,32.337466825022695,0.970149,0.955316,0.977099,1.065625
0,38.330382524201646,1.050769,1.035484,1.065625,1.020528
0,40.23072269495996,1.039531,1.074766,1.020528,1.028736
1,42.93598310694508,1.014085,1.024638,1.028736,1.058659
1,48.23473397712846,1.066667,1.046676,1.058659,1.065963
1,53.741630086377754,1.098958,1.081081,1.065963,1.1
1,74.36141896075928,1.1,1.1,1.1,1.1
1,81.38717226585034,1.1,1.1,1.1,1.1
1,84.97074902899533,1.1,1.1,1.1,0.963209
1,80.41012027547356,0.93732,0.953875,0.963209,0.959925
1,75.8125218028264,0.969325,0.967118,0.959925,0.986301
1,74.31111591270549,0.986076,1.004667,0.986301,1.085979
1,77.30720000424664,1.08344,1.080956,1.085979,0.9
1,64.1645961727053,0.9,0.9,0.9,1.005594
1,64.41047575400154,1.010892,0.95285,1.005594,1.047288
1,66.51367883507655,1.040404,1.095273,1.047288,0.941567
0,61.45244248331596,0.92945,0.906945,0.941567,0.924542
0,55.88417274862081,0.938719,0.956134,0.924542,1.022883
0,57.05900373485047,1.022255,1.037325,1.022883,1.018643
0,58.06130733593123,1.001451,0.993253,1.018643,0.9
0,49.88544930224437,0.936232,0.9,0.9,1.04655
0,52.36708917931165,0.989938,1.033613,1.04655,1.1
1,60.051690629451905,1.1,1.1,1.1,1.1
1,65.51000445506288,1.081913,1.1,1.1,1.1
1,71.19895498090997,1.1,1.1,1.1,0.909619
1,63.40198736493404,0.916494,0.903156,0.909619,0.909355
1,57.243277129631295,0.939445,0.933735,0.909355,0.999361
1,57.20491697540437,0.954819,0.983871,0.999361,0.921995
0,52.575916534617235,0.934385,0.919344,0.921995,0.932039
0,49.13632062453031,0.939905,0.932953,0.932039,1.046875
0,51.34021081447514,1.050287,1.071865,1.046875,0.996446
0,51.15078089036363,1.008208,0.998573,0.996446,1.064194
0,54.41143021355254,1.093623,1.057143,1.064194,1.075737
1,58.18537300597989,1.019851,1.065541,1.075737,0.948287
1,54.60942434010976,0.951946,0.959417,0.948287,0.971748
0,52.7990087990244,0.974441,0.96497,0.971748,0.97904
0,51.4741256674549,1.016393,0.989726,0.97904,1.004834
0,51.768435101618145,0.970323,0.989619,1.004834,1.0
0,51.768435101618145,1.009309,1.00979,1.0,1.074914
1,56.529689447044376,1.054018,1.031856,1.074914,0.983376
1,55.13164018231514,0.965,1.012081,0.983376,0.96619
0,52.34344692083201,0.96956,0.970159,0.96619,0.962988
0,49.4923991374422,0.980628,0.972659,0.962988,0.985325
0,48.40821625446459,0.986376,0.985242,0.985325,1.042553
0,51.66607846012976,1.023481,1.021398,1.042553,0.954422
0,48.0195587241968,0.95749,0.964385,0.954422,0.927299
0,43.03933683614208,0.967583,0.936278,0.927299,0.97156
0,41.36349142954767,0.929352,0.941995,0.97156,0.981804
0,40.31268928870961,0.974922,1.005747,0.981804,1.067687
0,45.7347196326496,1.1,1.032653,1.067687,1.026415
0,47.860038416616156,1.029218,1.071146,1.026415,1.069853
1,53.21602402805764,1.05181,1.050923,1.069853,0.92646
0,47.32001156759627,0.931174,0.9375,0.92646,0.96365
0,44.86838995932957,0.96087,0.966292,0.96365,0.950731
0,41.8207151141598,0.966817,0.944961,0.950731,1.003239
0,42.08549208907243,0.978159,0.989336,1.003239,1.044391
0,45.74197225566686,1.060606,1.06136,1.044391,0.9
0,38.91132030395293,0.900752,0.9,0.9,1.020833
0,40.527794933254505,1.01586,1.022648,1.020833,1.034864
0,43.28860046973842,1.012325,1.017036,1.034864,1.009039
0,44.03918450432445,1.010552,1.007538,1.009039,1.021987
1,45.930807578040415,1.010442,1.007481,1.021987,1.003984
1,46.29286170641419,1.00318,1.014851,1.003984,1.002381
1,46.524236767521614,1.022187,1.017073,1.002381,0.961995
0,43.30931427066954,0.946512,0.929656,0.961995,1.093004
1,51.76047170946659,1.1,1.1,1.093004,0.918675
0,44.874927962320356,0.914971,0.928244,0.918675,1.088525
1,51.78255517769766,1.057983,1.044408,1.088525,0.945783
0,47.50846081206557,0.987237,0.985827,0.945783,1.009554
1,48.274756891159434,0.971863,1.00639,1.009554,1.025237
1,50.356021458826824,1.025039,1.021429,1.025237,0.972308
0,48.01534180144537,0.974809,0.977467,0.972308,0.927215
0,42.56956549427983,0.945967,0.928458,0.927215,0.958191
0,39.96940366709334,0.937914,0.953767,0.958191,1.002671
0,40.210193511808875,1.006178,1.003591,1.002671,1.017762
0,41.88381045894734,1.011404,1.011628,1.017762,1.000873
0,41.971273916438,0.996531,1.000884,1.000873,1.02354
0,44.40415183957364,1.028721,1.021201,1.02354,0.915673
0,38.09711355578215,0.918782,0.922145,0.915673,1.1
1,46.94957423062412,1.089319,1.009381,1.1,0.953508
0,43.53515518385334,0.968724,1.013941,0.953508,1.0
0,43.53515518385334,0.992147,1.025665,1.0,1.087766
1,50.97768897481097,1.1,1.094727,1.087766,1.1
1,58.77925718425896,1.082006,1.002449,1.1,0.949227
1,53.946333833758715,0.977189,1.046417,0.949227,1.006977
1,54.472158526096266,0.986446,1.003891,1.006977,1.1
1,61.38351073724157,1.1,1.1,1.1,1.026573
1,63.131882995117216,1.007407,0.993007,1.026573,0.997275
1,62.80951816204808,0.985294,1.014789,0.997275,1.1
1,73.64340153391674,1.1,1.1,1.1,0.974475
1,70.32310846216834,0.966854,1.040373,0.974475,1.06752
1,73.6243405970762,1.1,1.088955,1.06752,1.1
1,81.36200126097889,1.1,1.1,1.1,1.088551
1,83.87168587289409,1.081778,1.011489,1.088551,1.069022
1,85.63870861336108,1.1,1.1,1.069022,1.003075
1,85.71894637479171,0.978503,1.00158,1.003075,0.976628
1,81.9587943650016,0.9875,0.989748,0.976628,0.958415
1,75.74121206710144,0.949751,0.920319,0.958415,0.9
0,63.58704684439578,0.964459,0.930736,0.9,1.059681
1,66.63294295985288,1.016332,1.065581,1.059681,0.987962
0,65.3742001807131,0.981459,0.994326,0.987962,1.030461
0,67.05002191735608,1.009656,0.992098,1.030461,0.989443
0,65.82471843601262,1.017464,1.035398,0.989443,1.0
0,65.8247184360126,1.0,1.0,1.0,1.0
0,65.82471843601262,1.0,1.0,1.0,1.1
1,72.56298173481728,1.089089,1.098291,1.1,0.9
0,57.56752283227748,0.905066,0.9,0.9,0.923313
0,51.49062923869025,0.9,0.923077,0.923313,0.904129
0,45.517760380194744,0.906922,0.914216,0.904129,1.055118
0,48.8398346155105,1.068076,1.072922,1.055118,0.988557
0,48.14728734017458,0.96282,0.974513,0.988557,1.1
1,56.83168685802936,1.1,1.1,1.1,1.008297
1,57.3144618113686,0.973961,0.981603,1.008297,0.909052
0,50.58128679908763,0.956878,0.933512,0.909052,1.029061
0,52.33302227290228,0.980622,1.001434,1.029061,1.00787
1,52.834789896544486,1.015625,1.0358,1.00787,1.060634
1,56.65052771578056,1.08371,1.058986,1.060634,0.968818
1,54.08048365645902,0.964092,0.967363,0.968818,1.02861
1,55.99167263541872,1.002599,1.020243,1.02861,1.050413
1,59.29827408129574,1.065659,1.058201,1.050413,1.069921
1,63.59043395623437,1.088772,1.070833,1.069921,1.04563
1,66.26540195404138,1.016009,1.01323,1.04563,0.946376
1,60.39368273941605,0.946134,0.965438,0.946376,1.026182
1,62.06629467980125,1.045314,0.998409,1.026182,1.1
1,70.55954704971695,1.1,1.1,1.1,0.940675
1,63.98863112162451,0.92908,0.972789,0.940675,1.071777
1,67.67792071271758,1.033333,0.998252,1.071777,1.0
1,67.67792071271757,1.0,1.0,1.0,1.0
1,67.67792071271758,1.0,1.0,1.0,1.0
1,67.67792071271758,1.0,1.0,1.0,1.0
1,67.67792071271758,1.0,1.0,1.0,1.1
1,78.38882487906766,1.1,1.1,1.1,0.9
0,56.62448278578395,0.9,0.9,0.9,0.916639
0,51.39805350985842,0.925645,0.923051,0.916639,0.9
0,40.50246283774809,0.9,0.9,0.9,0.905697
0,37.99682688451847,0.9,0.9,0.905697,1.1
0,46.59393741156531,1.1,1.1,1.1,1.1
0,50.37669316408219,1.1,1.1,1.1,0.9
0,46.467557116350385,0.922688,0.900039,0.9,1.074264
0,49.22255404718851,0.994518,1.049892,1.074264,1.1
1,55.25170737961421,1.1,1.1,1.1,0.9
1,49.35805004281309,0.9,0.9,0.9,0.9
0,43.73607582317495,0.9,0.9,0.9,0.9
0,38.68962908494024,0.9,0.9,0.9,1.006124
0,38.851295558688776,0.919258,0.985915,1.006124,0.9
0,36.69434499796542,0.9,0.9,0.9,1.045961
0,37.87857047385482,1.088435,1.047755,1.045961,1.054594
0,39.39545216229146,0.99,0.988435,1.054594,1.061237
0,41.22378168801896,1.09154,1.1,1.061237,1.1
1,45.9654888020773,1.1,1.1,1.1,1.1
1,51.26605089295675,1.1,1.1,1.1,0.982387
1,50.613984143869665,0.952946,1.002277,0.982387,1.058718
1,52.73431734081878,1.038214,1.039527,1.058718,0.981795
1,51.945940999996914,1.005376,1.00743,0.981795,1.004743
1,52.1430444538238,0.988482,0.999132,1.004743,0.9
1,47.455181555545884,0.976696,0.9,0.9,0.96977
0,46.30698781538058,0.9,0.972437,0.96977,0.966848
0,45.05838000977631,0.956917,0.948782,0.966848,1.04043
0,46.87723128015131,1.029515,1.055556,1.04043,0.972946
0,45.74188059990689,0.966958,0.97716,0.972946,0.992922
0,45.44019244211484,1.021608,0.995935,0.992922,0.9
0,39.161773037823714,0.9,0.9,0.9,0.932039
0,37.19991433728016,0.936591,0.967097,0.932039,1.1
0,41.79777175302847,1.074534,1.040694,1.1,0.91
0,38.9338884989976,0.920809,0.925,0.91,1.03426
0,40.45587301545143,1.035782,1.09702,1.03426,1.0
0,40.455873015451424,0.97697,0.965888,1.0,1.05375
0,43.123556782793706,1.060794,1.079791,1.05375,0.919336
0,40.06651010226465,0.947368,0.914597,0.919336,0.98
0,39.38120499865001,0.987654,0.97351,0.98,0.949967
0,37.67965037146129,0.91875,0.971429,0.949967,1.092862
1,42.40483529597875,1.078231,1.057423,1.092862,1.030438
1,44.0415600447365,1.042902,1.059603,1.030438,0.958154
0,42.21146999378316,0.951603,0.95,0.958154,0.995504
0,42.017908924808594,1.008264,1.007237,0.995504,1.04129
1,44.52268875359876,1.031526,1.045069,1.04129,0.916976
0,40.57084931931474,0.909535,0.9125,0.916976,0.998649
0,40.51304999951841,1.001344,1.002055,0.998649,0.983762
0,39.78065315086387,1.028188,0.991798,0.983762,0.957359
0,37.875729122105064,0.922977,0.951068,0.957359,1.002874
0,38.08173400823596,0.999293,0.980435,1.002874,0.992837
0,37.74475909779436,0.993631,1.012565,0.992837,1.041126
0,40.95209806980451,1.032764,1.045985,1.041126,0.992377
0,40.51826535302917,0.996552,0.986043,0.992377,0.974162
0,39.02086889329408,0.977163,0.980892,0.974162,0.985663
0,38.199095655023484,1.000708,0.963203,0.985663,1.088727
1,45.709957266185256,1.095541,1.086891,1.088727,1.092852
1,52.75509605570501,1.085271,1.1,1.092852,0.999389
1,52.70210930963485,1.002381,0.998161,0.999389,0.957187
1,48.99260335202492,0.946556,0.958845,0.957187,0.975719
1,47.05628846299577,0.988708,0.970532,0.975719,0.982973
1,45.724697785759254,0.967005,0.983498,0.982973,1.031979
1,48.615622291620156,1.021654,1.02349,1.031979,1.026469
1,51.015665260719494,1.027617,1.030164,1.026469,0.990566
1,50.09380723348184,0.993125,0.989815,0.990566,0.973968
0,47.56384120906124,0.989301,0.985852,0.973968,1.009126
0,48.51993089309931,1.002545,1.007828,1.009126,0.945736
0,43.40601467135676,0.955584,0.943689,0.945736,1.0
0,43.40601467135676,0.982072,1.004115,1.0,0.980191
0,41.64841488560677,0.973631,0.971995,0.980191,1.0223
0,44.327270203448705,1.019444,1.004919,1.0223,0.997273
0,44.055008482132074,1.001362,1.013287,0.997273,1.019822
0,46.61510692813643,1.017007,1.015873,1.019822,0.981233
0,44.49782377361774,0.997993,0.993207,0.981233,1.025956
1,47.952910511466044,1.023458,1.021888,1.025956,1.007324
1,48.94372386286801,0.991487,0.98996,1.007324,0.992069
1,47.873043869217796,1.009247,1.012847,0.992069,0.996003
1,47.31570075180236,0.981675,0.982644,0.996003,1.017391
1,50.03053358935023,1.032667,1.03125,1.017391,1.015779
1,52.46550223054728,1.005165,1.006588,1.015779,0.944337
0,44.161227798605395,0.946692,0.950262,0.944337,0.99109
0,43.05192522616695,1.008141,0.99449,0.99109,0.99101
0,41.91797533964867,0.969044,0.986842,0.99101,1.04187
1,48.6416258741557,1.053472,1.043509,1.04187,1.017415
1,51.27390404860199,1.018457,1.011432,1.017415,1.013167
1,53.258466648275906,0.996764,0.994681,1.013167,1.007797
1,54.45702858801864,1.017532,1.033422,1.007797,1.001934
1,54.76928807572893,1.001276,0.976714,1.001934,1.01287
1,56.89132240496526,1.022945,1.041722,1.01287,0.997459
1,56.32219015527974,0.986916,0.9822,0.997459,1.021019
1,59.88741141638855,1.032828,1.030421,1.021019,0.993138
1,58.182577716984646,0.98533,0.984296,0.993138,0.991834
1,56.14826293190406,0.992556,1.006382,0.991834,0.982901
0,52.07572083141907,0.989375,0.980977,0.982901,0.998711
0,51.776142866341786,0.981049,0.990304,0.998711,0.988387
0,49.041709352398236,0.998068,0.984987,0.988387,1.036554
1,56.702906271388734,1.044516,1.045726,1.036554,1.1
1,76.59633478324591,1.1,1.1,1.1,0.9
1,55.96772316760142,0.9,0.9,0.9,1.004209
1,56.372172577116274,0.968786,0.98253,1.004209,0.923353
0,47.73744151823631,0.997613,0.941754,0.923353,0.910506
0,40.529530515254145,0.9,0.902344,0.910506,0.991453
0,39.964449195059686,0.999299,0.999278,0.991453,0.948994
0,36.703744028322944,0.939649,0.953069,0.948994,1.012112
0,37.93272926501247,0.999253,0.958333,1.012112,1.027674
0,40.79552023143078,1.040359,1.075099,1.027674,1.010917
0,41.96420437170608,1.007902,0.997059,1.010917,0.991361
0,41.26247043878084,0.988596,0.989676,0.991361,1.000726
0,41.350486379775624,0.999279,1.014903,1.000726,1.044993
1,46.6847389230576,1.045455,1.024963,1.044993,0.981944
1,44.84282852965832,0.994479,1.011461,0.981944,0.957567
0,40.83853165187817,0.954892,0.949717,0.957567,1.041359
1,45.71118063750902,1.043605,1.049217,1.041359,1.049645
1,51.12953438951168,1.031337,0.954513,1.049645,1.008108
1,52.01371697965266,1.058744,1.072971,1.008108,1.010724
1,53.22877672014998,0.978316,1.039556,1.010724,0.994032
1,52.424652231027636,0.980443,0.980641,0.994032,0.97465
1,49.05499439324634,0.973404,0.985705,0.97465,0.998631
1,48.876926664939425,1.010929,0.997928,0.998631,1.006169
1,49.760703740724146,0.998649,1.0,1.006169,0.963896
0,44.844263982455914,0.979026,0.96955,0.963896,1.007067
0,45.9297675588573,0.990325,1.009279,1.007067,1.006316
0,46.94185910161116,1.006978,1.010608,1.006316,1.017434
0,49.75527670637808,1.020097,1.015395,1.017434,0.941056
0,41.58617544590116,0.933424,0.931082,0.941056,0.994173
0,40.913237223355466,1.0131,1.005181,0.994173,0.948718
0,35.500105500142965,0.948276,0.950663,0.948718,1.057915
0,44.04269347226428,1.039394,1.03873,1.057915,0.918978
0,36.36602643127856,0.963557,0.93214,0.918978,0.981732
0,35.004541715039984,0.944024,0.976,0.981732,1.004045
0,35.569266498515816,0.996795,1.004918,1.004045,0.99033
0,34.78803514890178,0.993569,0.986949,0.99033,1.013019
0,36.78178381768182,1.011327,1.014876,1.013019,0.981526
0,35.119577444131274,0.9912,0.9943,0.981526,0.983633
0,33.69368266147171,0.975787,0.980344,0.983633,1.030782
0,38.65581149248157,1.028122,1.021721,1.030782,0.989508
0,37.591356180908356,1.0,0.998365,0.989508,0.966558
0,34.376243194987865,0.972647,0.968059,0.966558,1.016034
0,37.062646126535796,1.007444,1.015228,1.016034,0.9
0,28.17255379927301,0.9,0.9,0.9,0.9
0,21.54355421452261,0.9,0.9,0.9,1.046358
0,26.380106833526952,1.012672,1.046875,1.046358,1.025316
0,29.070888389234952,1.027112,1.01919,1.025316,1.078189
0,36.931925799363704,1.079188,1.046025,1.078189,1.02958
0,39.85980374696475,1.027281,1.055,1.02958,0.940686
0,36.13055778205276,0.950549,0.958294,0.940686,0.966502
0,34.29487063223525,0.991329,0.950544,0.966502,1.1
1,43.48123750772809,1.056365,1.091571,1.1,1.00647
1,44.06493790014644,1.034959,1.013346,1.00647,0.990817
1,43.3757604073107,0.991111,1.011289,0.990817,0.981464
1,41.962211085608104,0.994619,0.982326,0.981464,0.949008
0,38.33015238756652,0.908927,0.930871,0.949008,0.98408
0,37.29997054830547,0.985119,0.996948,0.98408,0.996967
0,37.09863649026644,1.007049,1.004082,0.996967,0.994929
0,36.742666925856305,0.983,0.978659,0.994929,0.98369
0,35.56660027559483,0.991862,0.990654,0.98369,0.906736
0,29.790371472435922,0.929231,0.906709,0.906736,1.016
0,31.6499356491364,0.987859,1.015029,1.016,1.0
0,31.649935649136395,1.0,1.0,1.0,0.9
0,23.89167803973249,0.9,0.9,0.9,1.004049
0,24.29676663509985,0.989404,0.983356,1.004049,1.030914
0,27.483501699443096,1.040161,1.049365,1.030914,1.005215
0,28.050751861466434,1.015444,1.02957,1.005215,0.996109
0,27.874638222717152,0.977186,0.967363,0.996109,1.083333
1,36.9666918223561,1.093385,1.093117,1.083333,0.9
0,31.20755172029037,0.9,0.908642,0.9,1.034899
0,34.49212782003572,1.019789,1.032609,1.034899,0.963684
0,32.682366013514226,1.003881,0.971053,0.963684,1.028264
0,35.41921417519887,1.003866,1.03252,1.028264,1.010471
1,36.47870351058719,1.003851,1.001312,1.010471,1.020725
1,38.64663874568302,1.040921,1.031455,1.020725,1.063452
1,44.96756057729283,1.054054,1.052097,1.063452,1.008353
1,45.8093035713958,0.986014,1.001208,1.008353,0.975148
1,43.65219137282824,0.98227,0.985525,0.975148,0.951456
0,39.80711372055724,0.986763,0.955936,0.951456,0.927296
0,35.066918614758535,0.9,0.9,0.927296,0.94773
0,32.305071354019766,0.936314,0.962044,0.94773,1.050798
0,37.210303508656125,1.075253,1.092564,1.050798,1.1
1,45.999352723108295,1.083445,1.090278,1.1,1.008783
1,46.76880133682357,1.001242,1.0,1.008783,1.048507
1,50.96128152221424,1.063275,1.061146,1.048507,0.958482
1,47.356549805981416,0.976663,0.965186,0.958482,1.04703
1,51.377854332906615,1.010753,1.013682,1.04703,0.960993
1,47.95218053884819,0.973995,0.996319,0.960993,0.96064
0,44.83066201648624,0.991505,0.949507,0.96064,0.976953
0,43.129901247699706,0.941248,0.966278,0.976953,0.975098
0,41.34680096043056,0.981795,0.993289,0.975098,1.091398
1,49.4083122920422,1.078146,1.048649,1.091398,1.078818
1,55.594427236440325,1.099509,1.1,1.078818,1.006849
1,56.13593372730224,1.001117,1.011601,1.006849,0.965986
1,52.67700246061723,0.969866,0.974771,0.965986,1.03169
1,55.343915269824286,1.012658,0.968235,1.03169,1.011377
1,56.32562741813394,1.015909,1.054678,1.011377,0.995501
1,55.797229820136494,1.020134,1.017281,0.995501,1.065537
1,61.44512674327053,1.038377,1.033975,1.065537,1.049841
1,65.31289045376343,1.058078,1.059146,1.049841,1.011111
1,66.16831900656142,1.035928,1.03516,1.011111,1.008991
1,66.88783056288533,0.99711,0.999001,1.008991,1.077228
1,72.37188996388,1.079227,1.038,1.077228,1.006434
1,72.8071584523567,0.990152,1.017341,1.006434,1.044749
1,75.69387713251466,1.055154,1.078598,1.044749,0.950175
1,66.80905643840416,0.938303,0.942054,0.950175,1.031279
1,69.13621435928886,1.030137,1.023299,1.031279,0.9
0,55.07134902236769,0.911348,0.916211,0.9,0.965209
0,51.62882401927302,0.956226,0.94831,0.965209,0.970134
0,48.90119384022827,0.960326,0.933962,0.970134,0.961783
0,45.6752044121037,1.018008,1.015713,0.961783,1.006623
0,46.31092001811251,0.962539,0.996685,1.006623,1.003289
0,46.647104339176344,0.996757,1.008869,1.003289,0.945355
0,41.93415450506732,0.960954,0.947253,0.945355,1.043931
0,46.369035875987514,1.054176,1.041763,1.043931,1.052049
1,51.32125208082199,1.017131,1.03118,1.052049,0.971579
0,48.547899857826984,0.989474,0.985961,0.971579,1.083424
1,55.87170207265891,1.087234,1.062432,1.083424,0.949
1,50.72187189109469,0.945205,0.975258,0.949,0.986301
1,49.47016617619677,0.978261,0.984144,0.986301,1.005342
1,49.981435250011266,1.003175,0.989259,1.005342,0.965994
0,46.72308461387452,0.978903,0.978284,0.965994,0.935094
0,41.368283857760076,0.954741,0.937847,0.935094,1.005882
0,41.97519923783317,0.975169,1.0,1.005882,1.095906
1,50.9436826852157,1.085648,1.085207,1.095906,1.065101
1,56.34876768230029,1.075693,1.070883,1.065101,1.1
1,63.86892741947916,1.1,1.1,1.1,0.995475
1,63.319965603789946,0.997319,1.007353,0.995475,0.989091
1,61.943875682655026,0.984767,0.965328,0.989091,0.950368
1,56.041669146865495,0.951774,0.973535,0.950368,0.999033
1,55.93537887065227,0.998088,0.98932,0.999033,1.022265
1,57.912564551173304,1.027778,1.027478,1.022265,1.023674
1,60.01283346095206,1.046598,0.983763,1.023674,0.962997
0,55.26115480704671,0.931434,0.998058,0.962997,0.9
0,42.559683133536865,0.9,0.9,0.9,0.975583
0,40.966229573863366,0.968649,0.974388,0.975583,0.957907
0,38.364656295123986,0.960937,0.962286,0.957907,1.06057
0,43.67434941103249,1.04878,1.048694,1.06057,1.006719
0,44.28248039489204,0.998893,1.0,1.006719,1.045606
0,48.38354296258893,1.050998,1.060023,1.045606,1.045745
1,52.34523097833571,1.042194,1.028846,1.045745,1.020346
1,54.109485467190225,1.04251,1.029076,1.020346,0.985045
