1,100.0,1.075127,1.086079,1.067278,1.012416
1,100.0,1.015109,0.979452,1.012416,0.945283
1,54.323368691738956,0.954419,0.976024,0.945283,1.033932
1,64.54658861913443,1.02729,1.023541,1.033932,0.988417
1,59.486060335596875,0.983871,0.99,0.988417,0.996094
1,57.85771224873058,1.000964,1.023232,0.996094,1.057843
1,70.62885218552293,1.068401,1.063179,1.057843,0.974977
1,61.451075622968425,0.957619,0.948932,0.974977,0.962928
0,51.118294817840656,0.97646,0.988258,0.962928,1.042448
1,59.253469685415965,1.021215,1.034653,1.042448,1.069129
1,68.7591377557488,1.094429,1.025837,1.069129,0.9938
1,67.14163951473326,0.987058,1.035448,0.9938,1.003565
1,67.61052196624979,0.993881,1.002703,1.003565,0.977798
1,61.68579979317458,0.990325,0.98832,0.977798,0.950954
0,51.24080796207551,0.956483,0.950909,0.950954,0.9
0,32.344955500302994,0.9,0.9,0.9,0.9
0,26.70506612484111,0.901895,0.92426,0.9,1.005115
0,27.298624588565467,0.985167,0.984635,1.005115,0.912214
0,23.72885553864239,0.900878,0.9,0.912214,1.065551
0,30.404791254568764,1.089136,1.1,1.065551,0.91623
0,26.946080210609416,0.902813,0.9,0.91623,1.057143
0,32.141728541266815,1.070822,1.077599,1.057143,0.931081
0,29.28219784269121,0.974868,0.923913,0.931081,1.013062
0,30.457987953172275,0.967436,1.010294,1.013062,0.9
0,25.65936171096058,0.9,0.9,0.9,1.1
0,37.59851052065024,1.1,1.1,1.1,1.01831
1,38.89464049317738,1.017956,0.991367,1.01831,1.045643
1,42.17788224771833,1.04749,1.078374,1.045643,1.015873
1,43.369470386217074,1.003886,1.002692,1.015873,1.084635
1,49.44661051950686,1.083871,1.065772,1.084635,0.937575
1,45.26198239641647,0.932143,0.957179,0.937575,0.976953
1,43.87772056091219,1.00894,1.001316,0.976953,1.047182
1,47.346124683745465,1.021519,1.039422,1.047182,1.038798
1,50.20020271902318,1.035936,1.020228,1.038798,0.99759
1,50.01185453075297,0.998804,1.0,0.99759,0.938406
0,45.34026287828281,0.955689,0.956629,0.938406,1.010296
0,46.189373853296416,0.992481,1.006477,1.010296,0.994904
0,45.80621749734592,0.986111,0.979408,0.994904,1.016645
0,47.33526817868856,1.021767,1.027595,1.016645,0.934509
0,42.20562214803775,0.95614,0.943734,0.934509,1.018868
0,43.96622661992882,0.990826,1.01355,1.018868,1.01455
0,45.37429136372358,1.022487,1.012032,1.01455,1.097784
1,53.883387251277675,1.09185,1.064729,1.097784,0.906176
0,45.79194505453473,0.983412,0.944169,0.906176,0.989515
0,45.05412043611249,0.910843,0.95795,0.989515,1.029139
1,47.556609506782316,1.05291,1.05487,1.029139,0.97426
0,45.52661698745622,0.952261,0.971391,0.97426,0.956407
0,42.31690491184286,0.957784,0.955823,0.956407,1.019337
0,44.116934713754375,1.016529,1.022409,1.019337,0.966125
0,41.61933447131071,0.982385,0.967123,0.966125,0.969144
0,39.50008082967837,0.957241,0.958924,0.969144,1.026049
0,42.09794415219893,1.024496,1.033973,1.026049,0.960508
0,39.2729033639839,0.97609,0.971429,0.960508,0.989721
0,38.57594773250132,1.001441,0.960294,0.989721,1.020772
0,40.83733293258764,0.989928,1.039816,1.020772,1.011628
0,42.14802569282903,1.026163,1.017673,1.011628,1.014368
1,43.82336798250069,1.005666,1.01013,1.014368,1.018414
1,46.01218353109386,1.022535,1.017192,1.018414,0.995828
1,45.570914150253856,0.990358,0.995775,0.995828,1.034916
1,49.884207443726105,1.047288,1.036775,1.034916,0.974359
1,46.84579425746267,0.962815,0.972715,0.974359,0.984765
1,45.131872941978976,0.986207,0.98878,0.984765,1.004219
1,45.715199530110375,1.001399,1.005674,1.004219,1.007003
1,46.73166858704918,1.00838,0.995769,1.007003,1.009736
1,48.1942059523876,1.006925,1.016997,1.009736,1.006887
1,49.2657155478324,1.006878,1.005571,1.006887,1.015048
1,51.63572342820226,1.030055,1.023546,1.015048,0.93531
0,42.340892501267824,0.923077,0.909337,0.93531,0.995677
0,41.834035223377036,0.998563,1.013393,0.995677,1.004342
0,42.574349770591304,1.0,1.001468,1.004342,1.001441
0,42.83552799950844,1.010072,1.01173,1.001441,0.906475
0,32.49133441833862,0.938746,0.904348,0.906475,0.988889
0,31.606150559226556,0.951442,0.985577,0.988889,0.983949
0,30.334720206934787,0.992026,0.982114,0.983949,0.96248
0,27.58604784933333,0.971061,0.975166,0.96248,1.032203
0,32.987945630067344,1.013245,1.011885,1.032203,1.019704
0,36.223843331272796,1.01634,1.018456,1.019704,1.019324
0,39.37643695171907,1.043408,1.037891,1.019324,1.009479
1,40.948236670408285,0.998459,0.996825,1.009479,0.981221
0,38.78249726489845,0.976852,0.996815,0.981221,0.950558
0,33.80793601283762,0.949447,0.939297,0.950558,0.991611
0,33.071116923689914,0.991681,1.001701,0.991611,0.978003
0,31.169058194985446,0.97651,0.971138,0.978003,0.968858
0,28.7071128248312,0.965636,0.968531,0.968858,1.046429
0,36.50824426004204,1.048043,1.045126,1.046429,1.083618
1,48.046357765861245,1.1,1.079447,1.083618,0.955906
1,43.21370483703059,0.940276,0.96,0.955906,0.985173
0,41.75974589065814,0.998371,0.995,0.985173,0.958194
0,37.940993301604564,0.964111,0.951424,0.958194,0.966841
0,35.29904165332465,0.952623,0.97007,0.966841,0.99639
0,35.0225860116247,1.0,1.0,0.99639,1.099638
1,47.25612140254574,1.079929,1.076225,1.099638,0.932455
0,41.051386386227016,0.958882,0.951096,0.932455,1.047703
1,46.07292303701772,1.024014,1.033688,1.047703,1.011804
1,47.325719764933716,1.011725,1.018868,1.011804,0.968333
0,44.31633439825791,0.971854,0.97138,0.968333,0.998279
0,44.15718206493121,1.015332,1.0,0.998279,0.967241
0,41.13449210749986,0.95302,0.970537,0.967241,0.959002
0,37.76445706948965,0.963028,0.955357,0.959002,0.975836
0,35.970645944031645,0.97075,0.97757,0.975836,0.96381
0,33.468435612796064,0.977401,0.9,0.96381,1.035573
0,37.877326030414324,1.038536,1.096774,1.035573,0.958015
0,34.838564110550486,0.93321,0.966667,0.958015,0.976096
0,33.27065127945006,0.974155,0.959432,0.976096,0.987755
0,32.483462897332835,1.042857,1.023256,0.987755,1.035124
0,37.02953801325539,0.980431,1.016529,1.035124,0.984032
0,35.80765921624195,1.001996,1.0,0.984032,1.026369
0,39.31210966895266,1.013944,1.012195,1.026369,1.011858
1,40.91536915946486,1.023576,1.016064,1.011858,1.007812
1,42.01515892616895,1.003839,1.013834,1.007812,1.034884
1,46.81291874896277,1.024857,1.023392,1.034884,1.074906
1,55.6039619898299,1.08209,1.005714,1.074906,1.001742
1,55.80064862299765,0.993103,1.070076,1.001742,0.96
1,50.282882172692496,0.960069,0.941593,0.96,0.98913
1,48.92377980939083,0.996383,1.018797,0.98913,0.983516
1,46.877015204339166,0.985481,0.944649,0.983516,1.014898
1,48.922560832360716,1.023941,1.054688,1.014898,1.007339
1,49.96008437284802,1.01259,0.990741,1.007339,1.023679
1,53.28151823648323,1.001776,1.02243,1.023679,1.007117
1,54.28694537921255,1.024823,1.034735,1.007117,0.996466
1,53.665063050464774,0.979239,0.987633,0.996466,0.968085
0,48.30208653483101,0.980565,0.974955,0.968085,1.005495
0,49.21304764421495,1.007207,0.998165,1.005495,0.972678
0,44.94828706824273,0.969589,0.974265,0.972678,1.005618
0,45.957002129550794,0.998155,1.00566,1.005618,0.931099
0,36.96171658298833,0.942699,0.93621,0.931099,1.014
0,39.379212965776404,0.998039,1.006012,1.014,0.974359
0,36.5740115593876,0.996071,0.98008,0.974359,0.979757
0,34.535983428748565,0.956607,0.95935,0.979757,0.993802
0,33.92522944545799,0.993814,0.989407,0.993802,0.985447
0,32.48179848230488,1.0,1.014989,0.985447,1.006329
0,33.78213657571463,1.004149,0.991561,1.006329,0.972746
0,30.99632106781459,0.969008,0.982979,0.972746,0.980603
0,29.200981790318252,0.972281,0.967532,0.980603,1.026374
0,34.63712567811899,1.030702,1.035794,1.026374,0.985011
0,33.043272763665215,0.987234,0.987041,0.985011,1.002174
0,33.51395040459582,1.012931,1.006565,1.002174,0.954447
0,28.916847064278578,0.938298,0.947826,0.954447,1.038636
0,36.509315002147254,1.052154,1.020642,1.038636,1.021882
1,40.533035592545666,1.036638,1.044944,1.021882,1.036403
1,46.71538108753883,1.024948,1.012903,1.036403,0.958678
1,41.27830826903846,0.945233,0.963907,0.958678,0.987069
0,39.782409266677504,1.004292,1.004405,0.987069,1.017467
1,42.76090225364162,1.008547,1.013158,1.017467,1.01073
1,44.60510083274743,1.014831,1.019481,1.01073,0.963907
0,39.89823142303815,0.964509,0.957537,0.963907,1.011013
0,41.84207924095677,0.995671,1.006652,1.011013,0.962963
0,37.41165302962156,0.971739,0.96696,0.962963,0.961538
0,33.58228445078303,0.964206,0.95672,0.961538,1.014118
0,36.069510809618336,1.020882,1.02381,1.014118,0.948956
0,31.422923708337592,0.934091,0.94186,0.948956,1.00978
0,33.11016027639128,1.009732,0.995062,1.00978,1.021792
0,36.87352045819359,1.019277,1.004963,1.021792,1.007109
0,38.12322325405506,1.016548,1.041975,1.007109,1.037647
1,44.44059153902895,1.025581,1.014218,1.037647,1.015873
1,46.99050208289185,1.020408,1.03271,1.015873,0.96875
1,42.76329811700723,0.997778,0.979638,0.96875,1.036866
1,48.468754477712785,1.006682,1.023095,1.036866,0.984444
1,46.29451170251835,0.984513,0.993228,0.984444,1.038375
1,51.93376783576829,1.035955,1.034091,1.038375,1.01087
1,53.480944152873136,1.015184,1.013187,1.01087,0.997849
1,53.11271942785028,0.995726,0.997831,0.997849,0.961207
0,46.85867358567064,0.965665,0.967391,0.961207,1.006726
0,47.95855360697008,1.0,1.0,1.006726,1.017817
1,50.87826571154145,1.031111,1.01573,1.017817,0.995624
1,50.121194423342004,1.00431,0.973451,0.995624,1.021978
1,53.82119549702859,1.004292,1.045455,1.021978,0.978495
0,49.83970272517907,0.980769,0.980435,0.978495,1.015385
1,52.489224159023955,1.023965,1.017738,1.015385,0.974026
0,47.82548152351907,0.968085,0.976035,0.974026,1.011111
0,49.82588493199565,1.002198,1.0,1.011111,0.969231
0,44.6623894090074,0.984649,0.982143,0.969231,1.013605
0,47.18834915616663,1.002227,1.002273,1.013605,1.01566
0,50.052845342456116,1.008889,1.00907,1.01566,1.011013
1,52.053322826192186,1.011013,1.017978,1.011013,1.04793
1,59.70136997966519,1.056645,1.041943,1.04793,1.010395
1,61.21556400836393,1.024742,1.008475,1.010395,0.997942
1,60.72412773262414,0.995976,1.0,0.997942,1.006186
1,61.71705320862402,0.987879,1.0,1.006186,0.983607
1,57.539604709687175,0.98773,0.966387,0.983607,0.925
0,43.32729418478331,0.942029,0.96087,0.925,1.027027
0,47.94302204300797,1.008791,1.027149,1.027027,1.015351
0,50.4768436798156,1.026144,1.017621,1.015351,0.974082
0,46.314992248006064,0.985138,0.974026,0.974082,0.9
0,30.511347758247908,0.9,0.9,0.9,1.018373
0,32.97433121732171,1.0,1.005277,1.018373,1.036082
0,37.728266258208365,1.020202,1.026247,1.036082,1.007463
0,38.73110257792783,1.032178,1.028133,1.007463,1.081481
1,48.546946018262645,1.067146,1.062189,1.081481,1.045662
1,53.417832312558076,1.08764,1.067916,1.045662,1.002183
1,53.65407754480196,0.956612,0.986842,1.002183,1.037037
1,57.591648175727336,1.064795,1.051111,1.037037,1.02521
1,60.16444063594775,1.032454,0.970402,1.02521,1.092213
1,68.00361355993532,1.094303,1.078431,1.092213,0.971857
1,63.516671274337995,0.962298,1.036364,0.971857,1.1
1,71.59118367975736,1.080224,1.035088,1.1,0.975779
1,67.8194782846627,0.981002,1.00565,0.975779,0.93617
1,59.184775852388206,0.978873,0.983146,0.93617,0.943182
0,53.11574123333165,0.906475,0.931429,0.943182,0.941767
0,47.992504240449016,0.950397,0.957055,0.941767,1.029851
0,50.475935815663156,1.039666,0.972222,1.029851,1.068323
0,55.83000736576797,1.050201,1.1,1.068323,1.1
1,62.89845973511033,1.1,1.1,1.1,1.024561
1,64.48526819649331,1.043328,1.035714,1.024561,1.059932
1,68.15245641444378,1.041528,1.039655,1.059932,0.9
1,56.044216556074545,0.901116,0.9,0.9,0.974592
1,53.9202145632433,0.953982,0.968577,0.974592,0.98324
0,52.54165039880978,1.03525,1.005725,0.98324,0.939394
0,47.85664815618278,0.90681,0.935484,0.939394,0.983871
0,46.73470642109058,0.988142,0.979716,0.983871,1.045082
0,50.19280587809507,1.028,1.037267,1.045082,1.017647
0,51.5777821840326,1.025292,1.021956,1.017647,1.009634
0,52.370176618293286,0.996205,1.001953,1.009634,1.1
1,60.79854389586317,1.1,1.1,1.1,1.073504
1,65.44101080304061,1.075503,1.060659,1.073504,0.969745
1,61.94995004656665,1.0078,0.952614,0.969745,1.062397
1,65.87135046591924,1.043344,1.1,1.062397,0.910355
1,56.32915560468297,0.906528,0.903876,0.910355,1.074703
1,60.950578242000695,1.0491,1.022298,1.074703,1.07267
1,65.10779228632587,1.1,1.1,1.07267,0.929308
1,58.15094250553722,0.9,0.921248,0.929308,1.053883
1,61.30491448247601,1.05836,1.048387,1.053883,0.980451
1,59.45971184102932,0.977645,0.986154,0.980451,0.900307
0,51.16705185492777,0.929878,0.914197,0.900307,1.011925
0,51.94434515651792,0.977049,0.969283,1.011925,0.976431
0,50.22253490544081,1.005034,1.010563,0.976431,1.025862
0,52.056229911814015,0.993322,1.017422,1.025862,0.989916
0,51.243073352500836,0.989916,0.993151,0.989916,0.983022
0,49.84554308394079,0.993209,0.993103,0.983022,0.977547
0,48.012354705374165,0.979487,0.973958,0.977547,1.021201
0,49.845973881255446,1.013962,1.02139,1.021201,0.948097
0,45.523164084018376,0.95525,0.944154,0.948097,1.012774
0,46.685005566150004,1.007207,1.016636,1.012774,1.034234
0,49.813681529426674,1.035778,1.038182,1.034234,0.970383
0,47.147731394810165,0.974093,0.971979,0.970383,1.0
0,47.14773139481017,0.994681,0.998198,1.0,1.016158
0,48.82919917741207,1.008913,1.01083,1.016158,1.019435
1,50.88587656644604,1.040636,1.028571,1.019435,1.017331
1,52.74531099235875,0.998302,1.012153,1.017331,1.020443
1,54.94945733642175,1.022109,1.015437,1.020443,1.053422
1,60.27120550837728,1.076539,1.045608,1.053422,0.950872
1,53.658363930999364,0.928903,0.959612,0.950872,1.036667
1,57.24365548946953,1.043261,1.040404,1.036667,0.998392
1,57.02768180537583,0.992026,0.990291,0.998392,1.022544
1,59.34053393572359,1.024116,1.026144,1.022544,0.987402
1,57.438116110405694,0.985871,0.990446,0.987402,1.015949
1,59.198958180313994,1.017516,1.0209,1.015949,1.0
1,59.198958180314,1.004695,0.995276,1.0,0.956044
0,52.18771197289685,0.975078,0.949367,0.956044,0.963875
0,47.434125631033744,0.940895,0.968333,0.963875,1.064736
1,55.050129767704966,1.067912,1.063683,1.064736,0.984
0,52.878895231541506,0.99841,0.993528,0.984,1.056911
1,58.97741141385938,1.042994,1.032573,1.056911,1.015385
1,60.548458956179225,1.010687,1.025237,1.015385,1.031818
1,63.69302226775152,1.049849,1.038462,1.031818,0.966226
1,58.2196016340821,0.982734,0.958519,0.966226,1.028875
1,61.18686528267088,0.994143,1.034003,1.028875,0.967504
1,56.208999549609004,0.992636,0.973094,0.967504,1.032061
1,59.58863453105317,1.007418,1.026114,1.032061,1.008876
1,60.52600791570189,1.005891,1.004491,1.008876,0.983871
1,57.87549497181606,1.002928,0.997019,0.983871,0.99851
1,57.62842687952172,0.985401,0.994021,0.99851,1.020896
1,60.19066553947738,1.034074,1.01203,1.020896,1.030702
1,63.73331955040655,1.063037,1.046062,1.030702,1.001418
1,63.89807491775182,0.973046,0.995739,1.001418,1.024079
1,66.67011311661226,1.029086,1.007133,1.024079,1.053942
1,71.98464841664642,1.047106,1.033994,1.053942,0.998688
1,71.66908735622512,0.989717,1.034247,0.998688,1.043364
1,75.4878567122734,1.058442,1.051656,1.043364,1.1
1,83.86358613167972,1.1,1.074307,1.1,1.082237
1,86.9222874995211,1.086057,1.1,1.082237,0.95846
1,78.1961382710634,0.962889,0.964103,0.95846,1.1
1,82.8175744340364,1.1,1.075532,1.1,0.975191
1,78.26389101350709,0.965258,0.979228,0.975191,1.015656
1,79.02809538827671,1.019455,1.031313,1.015656,1.074181
1,82.26049244189454,1.066794,1.030362,1.074181,1.050224
1,84.17128865938162,1.067979,1.038023,1.050224,0.9
1,65.88383829395262,0.9,0.923077,0.9,1.060752
1,69.26483794496777,1.068269,1.041667,1.060752,1.1
1,74.23973667969203,1.09631,1.1,1.1,0.924217
1,65.08404916836888,0.93514,0.9,0.924217,1.062389
1,68.28858449016053,1.049166,1.1,1.062389,1.1
1,74.96856729943786,1.1,1.1,1.1,0.9
1,60.927577197505975,0.90069,0.9,0.9,0.9
0,52.87362471440529,0.9,0.9,0.9,0.9
0,40.78194332354967,0.9,0.9,0.9,0.929919
0,39.122892643110696,0.9,0.9,0.929919,1.1
0,43.32482104680585,1.1,1.097744,1.1,1.059126
0,45.444607758962654,1.089987,1.1,1.059126,0.9
0,41.58479248031436,0.9,0.9,0.9,1.05571
0,43.53379140361601,1.022727,1.045584,1.05571,1.1
1,52.780519117316516,1.1,1.1,1.1,0.9
0,48.03935857327609,0.9,0.9,0.9,0.9274
0,45.78832336611868,0.9,0.9,0.9274,0.9
0,40.836014741630606,0.9,0.9,0.9,1.1
1,48.45198326623856,1.1,1.1,1.1,1.057692
1,50.20512287521405,1.081731,1.095618,1.057692,0.930682
1,47.97223077926091,0.964444,0.984242,0.930682,0.976801
0,47.26707210480846,0.950461,0.980296,0.976801,1.05375
1,49.09093260454917,1.035152,1.037688,1.05375,1.1
1,52.99935099450809,1.1,1.082324,1.1,0.977636
1,52.05784127704398,0.975232,0.977629,0.977636,0.95098
1,50.00776689248296,0.944974,0.993135,0.95098,1.0126
1,50.52071301555399,0.99776,0.998848,1.0126,1.007919
1,50.86620625343399,1.01908,0.994233,1.007919,1.007856
1,51.23292030552196,1.012115,1.033643,1.007856,0.920935
0,47.370987741274085,0.976061,0.912458,0.920935,0.997582
0,47.26291096763385,0.93311,1.00984,0.997582,0.975758
0,46.12951031382943,0.97491,0.974421,0.975758,1.049689
0,48.77531028593883,1.056373,1.0475,1.049689,1.022485
1,50.03072559519187,1.006961,1.013126,1.022485,1.018519
1,51.11718953455807,1.024194,1.029446,1.018519,0.9
0,42.47663064961602,0.9,0.9,0.9,0.909582
0,39.05019370106508,0.922876,0.950213,0.909582,1.013353
0,39.75323175008427,0.974504,0.979042,1.013353,0.913616
0,36.75977154179844,0.920058,0.902141,0.913616,1.028846
0,38.286584402299994,1.041074,1.083051,1.028846,1.010903
0,38.904334745841474,0.996965,0.965571,1.010903,1.038521
0,41.169312734876584,1.041096,1.081037,1.038521,0.954006
0,39.227315765848736,0.957602,0.946027,0.954006,0.990669
0,38.84538155398165,1.016794,0.998415,0.990669,0.985871
0,38.24387849142469,0.953453,0.984127,0.985871,1.063694
1,42.505061899196455,1.059843,1.051613,1.063694,1.031437
1,44.66381711098503,1.02526,1.015337,1.031437,0.992743
1,44.23792079054877,0.991304,1.013595,0.992743,0.98538
1,43.34763761839334,0.997076,0.992548,0.98538,1.029674
1,45.701265732143476,1.026393,1.031532,1.029674,0.929395
0,41.186591308828376,0.924286,0.924309,0.929395,1.004651
0,41.567187864686765,1.010819,1.017323,1.004651,0.996914
0,41.37495860224623,1.029052,0.996904,0.996914,0.93808
0,37.6270914898869,0.907875,0.934783,0.93808,0.966997
0,35.877166491680626,0.96072,0.95515,0.966997,0.993174
0,35.52135255151474,0.998296,0.998261,0.993174,1.041237
0,39.40447687967288,1.042662,1.052265,1.041237,0.99835
0,39.2982798524479,0.996727,0.995033,0.99835,0.970248
0,37.34717017762099,0.980296,0.971714,0.970248,1.010221
0,38.44425488849136,1.018425,0.981164,1.010221,1.005059
0,39.019227398815815,0.986842,1.036649,1.005059,1.045302
1,44.08166745726454,1.048333,1.042088,1.045302,1.017657
1,46.04682591772855,1.014308,1.019386,1.017657,0.984227
1,44.51523074095837,0.995298,0.984152,0.984227,1.030449
1,48.05081593197182,1.050394,1.025765,1.030449,1.045101
1,52.97614068972355,1.049475,1.034537,1.045101,1.0
1,52.97614068972354,0.96,1.001517,1.0,1.063988
1,59.56817305452157,1.080357,1.072727,1.063988,0.951049
1,53.04940069110619,0.946281,0.957627,0.951049,0.975
1,50.17714535098104,0.981077,0.973451,0.975,1.013575
1,51.66906699358543,1.01632,1.015152,1.013575,0.962798
0,47.42118905540793,0.954745,0.959701,0.962798,0.996909
0,47.087667995327195,1.004587,1.001555,0.996909,1.013953
0,48.831678867229996,0.996956,1.007764,1.013953,1.009174
0,50.01452840237739,1.010687,0.98151,1.009174,1.015152
1,52.00588816692637,1.015106,1.034537,1.015152,0.985075
0,49.866453164615,0.989583,0.995448,0.985075,1.004545
1,50.52403049142251,1.007519,1.006098,1.004545,1.0181
1,53.17001382060759,1.01791,1.016667,1.0181,1.035556
1,58.00709512802026,1.029326,1.020864,1.035556,0.984263
1,55.193180570265156,0.990028,1.0,0.984263,0.998547
1,54.932295315662685,0.994245,0.985401,0.998547,0.967977
0,49.400079387467144,0.972504,0.980741,0.967977,1.03609
1,54.75348064959892,1.065476,1.006042,1.03609,1.066763
1,62.86335155800157,1.1,1.1,1.066763,0.994558
1,61.825622198927654,0.945431,0.989086,0.994558,0.990424
1,59.960219843991034,1.0,0.994483,0.990424,1.071823
1,67.74564557119118,1.053691,1.048544,1.071823,0.912371
0,53.18264498982651,0.936306,0.93254,0.912371,0.981638
0,50.92866082483282,0.94966,0.964539,0.981638,1.0
0,50.92866082483282,0.997135,1.014706,1.0,0.994245
0,50.1698909314667,1.001437,0.995652,0.994245,1.030391
0,54.04122184043737,1.02439,1.026201,1.030391,1.0
0,54.041221840437366,1.022409,1.007092,1.0,1.02809
1,57.67335968754287,1.008219,1.023944,1.02809,0.974044
0,53.3590600214445,0.971467,0.976616,0.974044,0.98317
0,50.775596019636026,0.987413,0.984507,0.98317,0.99572
0,50.12224072621389,1.002833,0.994278,0.99572,0.984241
0,47.69866432085281,0.971751,0.978417,0.984241,0.970888
0,43.57324467448902,0.97093,0.973529,0.970888,1.01949
0,46.79443939154472,1.026946,1.021148,1.01949,0.973529
0,43.12363612778094,0.985423,0.977811,0.973529,0.94864
0,37.18925500835417,0.942308,0.945537,0.94864,0.971338
0,34.483724130086436,0.957614,0.9568,0.971338,0.980328
0,32.77200893730373,1.0,0.998328,0.980328,0.944816
0,28.57178796569417,0.934426,0.939698,0.944816,1.024779
0,32.52294227360909,1.022807,1.02139,1.024779,0.960276
0,29.62373959721379,0.965695,0.968586,0.960276,1.007194
0,30.779428041470418,0.996448,0.987387,1.007194,1.0375
0,36.660211405222434,1.055258,1.041971,1.0375,0.991394
0,35.87863524214362,0.981419,1.005254,0.991394,0.986111
0,34.60733208100166,0.993115,0.97561,0.986111,1.007042
0,35.831634967921595,0.994801,1.014286,1.007042,1.012238
1,38.01861017520012,1.008711,1.008803,1.012238,0.982729
0,36.124474568793225,0.98791,0.987784,0.982729,0.975395
0,33.60056315863843,0.973776,0.973498,0.975395,1.005405
0,34.654145568903814,1.003591,1.005445,1.005405,0.998208
0,34.457874616244375,1.005367,1.00361,0.998208,0.987433
0,33.04691531753791,0.996441,0.983813,0.987433,1.034545
1,40.20403269479047,1.021429,1.018282,1.034545,0.991213
0,39.02187141828125,0.98951,1.001795,0.991213,1.012411
1,41.61041350491116,1.015901,1.016129,1.012411,1.001751
1,41.98927119218044,0.996522,1.0,1.001751,1.008741
1,43.947617392221474,1.017452,1.012346,1.008741,1.005199
1,45.144191772281545,1.001715,1.005226,1.005199,0.987931
1,42.84584375487798,0.982877,0.987868,0.987931,1.00349
1,43.72735503890408,1.006969,1.005263,1.00349,1.01913
1,48.43776955429239,1.013841,1.013962,1.01913,0.979522
0,44.10084421798559,0.988055,0.962134,0.979522,0.989547
0,42.07245919853775,0.991364,1.014311,0.989547,0.959507
0,35.35876120363065,0.965157,0.954145,0.959507,1.0
0,35.35876120363064,0.98917,1.003697,1.0,0.937615
0,27.76328232223436,0.979927,0.941068,0.937615,0.97456
0,25.50712801263964,0.929236,0.962818,0.97456,1.01004
0,27.932880523170347,1.008016,1.010163,1.01004,0.970179
0,25.27392871812768,0.978131,0.961771,0.970179,1.028689
0,31.79929734944462,1.030488,1.020921,1.028689,0.97012
0,28.888537572770854,0.964497,0.991803,0.97012,0.991786
0,28.14859339967959,0.989775,0.991736,0.991786,1.026915
0,34.05999440969449,1.028926,1.027083,1.026915,0.979839
0,31.88675860286378,0.981928,0.981744,0.979839,0.995885
0,31.45448419311195,0.993865,0.995868,0.995885,1.010331
0,33.86818956346976,1.010288,1.008299,1.010331,0.920245
0,26.13708366751728,0.93279,0.9,0.920245,0.904444
0,20.563493107540957,0.927948,0.91954,0.904444,1.027027
0,24.971220519511284,0.985882,1.0325,1.027027,1.014354
0,27.339517261656475,1.01432,1.016949,1.014354,1.028302
0,31.964982442983466,1.037647,1.030952,1.028302,1.018349
0,34.93852701649888,1.00907,1.013857,1.018349,1.011261
1,36.79778207405951,1.01573,1.002278,1.011261,1.011136
1,38.68476580104781,1.053097,1.013636,1.011136,0.982379
1,36.792012360243454,0.943277,0.995516,0.982379,0.975336
0,34.30648964891067,0.982183,0.977477,0.975336,1.0
1,34.30648964891067,0.993197,0.995392,1.0,0.944828
0,29.298164366849434,0.958904,0.951389,0.944828,1.002433
0,29.758298773568804,0.988095,0.992701,1.002433,1.012136
0,32.136480756428355,1.009639,1.017157,1.012136,1.01199
0,34.523840914029535,1.023866,1.014458,1.01199,1.00237
0,35.016221817785066,0.990676,0.997625,1.00237,0.997636
0,34.73492227859135,1.004706,1.004762,0.997636,0.976303
0,31.969155337688267,0.985948,0.966825,0.976303,0.966019
0,28.542615848211188,0.971496,0.960784,0.966019,0.952261
0,24.67693461912606,0.943765,0.956633,0.952261,0.9
0,18.99126269175831,0.9,0.9,0.9,1.038235
0,25.179600824506238,1.038123,1.036364,1.038235,0.957507
0,22.99667118126016,0.963277,0.97076,0.957507,1.029586
0,27.508683814149936,1.032258,1.042169,1.029586,1.002874
0,27.963252574272772,0.994318,0.988439,1.002874,1.068768
1,38.01011303234659,1.097143,1.064327,1.068768,0.946381
0,33.781840090239676,0.929688,0.956044,0.946381,1.016997
1,36.0791129620583,1.014006,1.025862,1.016997,0.94429
0,32.08352265696305,0.961326,0.943978,0.94429,1.041298
1,37.31663574376831,1.097701,1.035608,1.041298,0.974504
0,35.42683308324843,0.908377,0.979943,0.974504,1.0
0,35.42683308324843,0.994236,0.994152,1.0,0.979651
0,33.87918632819494,0.988406,0.976471,0.979651,1.023739
0,37.2529116351782,1.014663,1.021084,1.023739,0.988406
0,36.25678286632346,0.985549,0.99705,0.988406,0.97654
0,34.28235794157799,0.997067,0.97929,0.97654,0.903904
0,27.768376426516422,0.9,0.9,0.903904,0.983389
0,26.90805094274117,0.973856,0.965636,0.983389,1.043919
0,32.7426384407629,1.050336,1.088968,1.043919,1.029126
0,36.520597810113145,1.015974,1.022876,1.029126,1.09434
1,47.17278114758693,1.1,1.076677,1.09434,1.1
1,56.800976383951244,1.058824,1.1,1.1,0.984416
1,55.048833688251605,1.032828,0.989446,0.984416,0.944591
1,49.31499592368292,0.9,0.936,0.944591,0.99162
1,48.537212376670226,1.0,1.005698,0.99162,0.985915
1,47.20103323217532,1.002778,0.991501,0.985915,1.011429
1,48.42426831162756,0.99169,1.005714,1.011429,0.943503
0,43.05337645845617,0.952514,0.940341,0.943503,1.02994
0,46.26270256613829,1.020528,1.006042,1.02994,1.037791
1,50.19248728982768,1.031609,1.06006,1.037791,0.994398
0,49.591628203364785,1.005571,0.991501,0.994398,0.952113
0,44.69399048664232,0.950139,0.965714,0.952113,0.982249
0,43.076988203683236,0.970845,0.961538,0.982249,1.01506
0,44.867082517052175,1.015015,1.015385,1.01506,1.032641
1,48.6900204584716,1.044379,1.051515,1.032641,1.057471
1,54.82367318669534,1.045326,1.025937,1.057471,1.059783
1,60.427539487117336,1.067751,1.081461,1.059783,1.017949
1,62.040976169381125,1.063452,1.031169,1.017949,1.095718
1,69.34728546174475,1.073986,1.032746,1.095718,1.029885
1,71.37703336258629,1.006667,1.04878,1.029885,0.950893
1,63.69079510368497,0.942605,0.960465,0.950893,1.051643
1,67.46395175211948,1.063232,1.070218,1.051643,0.973214
1,63.582712648944046,0.962555,0.975113,0.973214,1.002294
1,63.76976930151109,1.004577,0.993039,1.002294,0.913043
0,52.69355510705558,0.924829,0.932243,0.913043,0.989975
0,51.67607231010388,0.982759,0.974937,0.989975,0.941772
0,46.15707273008638,0.932331,0.92545,0.941772,1.010753
0,47.212953941867326,1.043011,1.030556,1.010753,0.962766
0,43.96335367801263,0.943299,0.967655,0.962766,1.035912
0,47.57190468260712,1.038251,1.038997,1.035912,0.973333
0,45.16265658990594,0.994737,0.970509,0.973333,1.035616
0,48.7933172694662,1.02381,1.035912,1.035616,1.050265
1,53.62590386080385,1.028424,1.032,1.050265,0.979849
1,51.4252560970963,0.984925,0.989664,0.979849,0.994859
1,50.8632964834242,0.987245,1.0,0.994859,0.963824
0,46.992174082146505,0.968992,0.966057,0.963824,1.002681
0,47.30070158284071,1.0,1.0,1.002681,0.983957
0,45.58625583793062,0.992,0.983784,0.983957,0.964674
0,42.031514625938726,0.981183,0.964286,0.964674,0.952113
0,37.87251859710904,0.942466,0.954416,0.952113,1.02071
0,40.48396581249599,1.005814,1.01791,1.02071,1.037681
0,45.09932184654928,1.043353,1.041056,1.037681,0.977654
0,42.89483484619443,0.99723,0.980282,0.977654,1.034286
1,47.07393767231962,1.011111,1.034483,1.034286,1.01105
1,48.42874882107824,1.008242,1.008333,1.01105,0.991803
1,47.44774499411296,0.997275,0.997245,0.991803,0.955923
0,42.50272921147346,0.956284,0.953039,0.955923,0.997118
0,42.206656923359745,0.994286,0.988406,0.997118,1.023121
1,45.47871991748916,1.022989,1.029326,1.023121,0.971751
0,42.25803779463968,0.983146,0.974359,0.971751,1.017442
0,44.78463221948633,1.011429,1.0,1.017442,0.98
0,42.45084219516823,0.968927,0.982456,0.98,0.982507
0,40.5025545503079,0.988338,1.0,0.982507,0.94362
0,35.02123352241362,0.958702,0.946429,0.94362,1.037736
0,40.49825973136449,1.027692,1.034591,1.037736,0.993939
0,39.89469762265633,0.98503,0.987842,0.993939,1.021341
0,43.09149778810207,1.021277,1.009231,1.021341,1.01194
1,44.8950951612532,1.008929,1.021341,1.01194,1.00295
1,45.36131140161977,1.014749,1.014925,1.00295,0.994118
