1,100.0,1.068276,1.06383,1.049655,1.015769
1,100.0,1.000646,0.986667,1.015769,0.9
1,27.628149435273684,0.9,0.9,0.9,0.966038
1,23.844109517323403,0.974963,0.967914,0.966038,1.046094
1,36.185104039731264,1.015861,1.038674,1.046094,0.991785
1,35.04486372674294,1.002974,1.003799,0.991785,1.067018
1,49.03749367650207,1.05189,1.036336,1.067018,1.071277
1,59.658273039189744,1.077519,1.051863,1.071277,0.920949
0,47.09906053908797,0.938522,0.970139,0.920949,1.055079
1,53.81743145534315,1.034843,1.040802,1.055079,0.99322
1,52.87820300675886,1.0,0.963549,0.99322,1.009556
1,54.086304011612704,1.006061,1.050678,1.009556,0.985125
1,51.83723610899257,0.982597,0.978261,0.985125,0.980782
0,49.042091509258306,0.99455,0.979861,0.980782,0.9
0,37.05402626614372,0.9,0.900071,0.9,0.9
0,30.429877042559404,0.929339,0.9,0.9,0.9
0,25.61341906426183,0.9,0.9,0.9,1.050098
0,30.414413312029406,1.037321,1.034965,1.050098,0.9
0,25.806975333883987,0.9,0.9,0.9,1.059701
0,30.643866785612932,1.087738,1.1,1.059701,0.964789
0,29.355733218427062,0.937804,0.921212,0.964789,1.002086
0,29.538004775322012,1.020725,1.052632,1.002086,0.956296
0,27.909468186446038,0.977665,0.952083,0.956296,1.035909
0,31.12269825490944,1.021807,1.02954,1.035909,0.9
0,25.95124005551106,0.9,0.9,0.9,1.1
1,39.27625544143773,1.1,1.1,1.1,1.025432
1,40.97832334438246,1.012024,1.014675,1.025432,1.05754
1,44.8411582210238,1.079208,1.054752,1.05754,1.027205
1,46.7188440451371,1.025688,1.03428,1.027205,0.975342
1,45.17687922367822,0.957066,0.96875,0.975342,0.999064
1,45.11748445792959,0.998131,1.00782,0.999064,1.010309
1,45.959134618003816,1.053371,1.039767,1.010309,1.087199
1,52.64264856445897,1.055111,1.070896,1.087199,1.003413
1,52.90953858227871,1.0,0.979094,1.003413,0.953231
1,48.83426332797551,0.969671,0.980427,0.953231,1.049063
1,52.75329841175951,1.042572,1.025408,1.049063,1.07568
1,58.31707980065499,1.080833,1.055752,1.07568,0.958893
1,54.29408818832048,0.93909,0.979044,0.958893,1.011542
1,55.19034877243044,1.013136,1.028253,1.011542,1.098615
1,62.1065562585579,1.1,1.04746,1.098615,1.02003
1,63.46176770074249,1.041758,1.08744,1.02003,1.026909
1,65.29355786424887,0.998594,0.976608,1.026909,1.092776
1,70.86316776902156,1.1,1.1,1.092776,0.9
0,53.129936165056456,0.901875,0.9,0.9,0.964341
0,50.64821240117113,0.9,0.932558,0.964341,1.036174
0,52.962908452516295,1.058635,1.058188,1.036174,0.906905
0,46.6759873301594,0.9,0.903378,0.906905,0.958939
0,44.405358038389046,0.951055,0.953043,0.958939,1.081178
0,49.428162747549095,1.1,1.094891,1.081178,0.925743
0,45.08932974260685,0.919586,0.929167,0.925743,0.986631
0,44.38994443984297,0.960173,0.953363,0.986631,1.023487
0,45.95477326505802,1.045086,1.057385,1.023487,0.9391
0,42.5341029953765,0.939603,0.94306,0.9391,1.057331
0,46.33705231365393,1.046832,1.003774,1.057331,0.950222
0,43.49155513128965,0.95,0.991541,0.950222,1.028064
0,45.42504135988136,1.021237,1.009479,1.028064,1.063694
1,49.74581422748308,1.086799,1.059155,1.063694,1.017109
1,50.94091386551984,1.003328,1.042553,1.017109,1.029437
1,53.04533823594144,1.024046,0.991497,1.029437,1.012255
1,53.95690045830715,1.008097,1.025729,1.012255,1.03067
1,56.27288394331887,1.050602,1.056856,1.03067,1.009397
1,57.008307907946154,0.998471,0.993671,1.009397,1.00931
1,57.77313016090485,1.007657,1.030255,1.00931,0.945427
1,51.89105872577493,0.940729,0.918856,0.945427,1.00813
1,52.6227047122486,1.033926,1.035324,1.00813,0.96371
0,49.01058388970813,0.9375,0.963444,0.96371,0.985774
0,47.679093061628485,0.9975,0.989039,0.985774,0.916808
0,40.79811411993589,0.903091,0.903666,0.916808,1.001852
0,40.98529912541556,1.015726,1.00566,1.001852,1.014787
0,42.55024164923179,1.000911,1.00469,1.014787,0.976321
0,40.66321537579767,0.989081,0.997199,0.976321,0.901119
0,34.0359930139358,0.932843,0.9,0.901119,1.005176
0,34.57762580485697,0.963511,0.986458,1.005176,1.012358
0,35.93719033942105,1.019447,0.991552,1.012358,0.984741
0,34.95921063836022,1.021084,1.023429,0.984741,1.015496
0,36.81108410243355,0.971485,0.989594,1.015496,1.014242
0,38.56914346748076,1.025304,1.046267,1.014242,1.007021
0,39.47586907531677,1.003949,1.00402,1.007021,1.020916
1,42.23068428391794,1.010816,1.013013,1.020916,1.022439
1,45.174044039127445,1.043774,1.029644,1.022439,0.935115
0,38.86866112856407,0.930103,0.93858,0.935115,0.959184
0,35.7110350885979,0.955912,0.95092,0.959184,0.97766
0,34.1428239326741,0.972746,0.952688,0.97766,0.920566
0,29.322355872733652,0.919181,0.926637,0.920566,1.1
0,40.89435537287748,1.1,1.085262,1.1,0.948936
0,37.51645952108397,0.973461,0.998878,0.948936,0.977578
0,36.17563336414881,0.976009,0.978652,0.977578,0.983945
0,35.226551913367224,0.976536,0.985075,0.983945,0.975524
0,33.79434008989357,0.961098,0.958042,0.975524,0.972521
0,32.24790447569361,0.97381,0.96837,0.972521,0.9914
0,31.77138688961485,1.003667,1.011307,0.9914,1.05948
0,38.48402489730951,1.066991,1.053416,1.05948,0.940351
0,34.590063308634996,0.922374,0.932783,0.940351,1.072139
1,41.80214526411498,1.070545,1.070796,1.072139,1.034803
1,45.16970604633913,1.047399,1.047226,1.034803,0.977578
1,43.368050387140435,0.985651,0.972943,0.977578,1.018349
1,45.24947777700455,1.0,1.003476,1.018349,1.011261
1,46.4469753843206,1.012318,1.010393,1.011261,0.9
0,38.100790409932145,0.931416,0.917714,0.9,0.98882
0,37.40038279515767,0.95962,0.98132,0.98882,0.9
0,31.7443656252831,0.9,0.9,0.9,0.953846
0,29.76914915473241,0.96648,0.957143,0.953846,0.979472
0,28.94626378608753,0.979769,0.98806,0.979472,0.941617
0,26.729662182419922,0.933628,0.92145,0.941617,1.050874
0,31.37329958600597,1.083728,1.07377,1.050874,1.018154
0,33.0859294309414,0.989796,1.01374,1.018154,0.998514
0,33.0119951931397,1.008837,1.003012,0.998514,1.035714
0,36.669708585605,1.017518,1.027027,1.035714,1.011494
1,37.887175965214745,1.021521,1.019006,1.011494,1.022727
1,40.35674877917857,1.021067,1.025825,1.022727,1.0375
1,44.37587993649406,1.034388,1.018182,1.0375,1.002677
1,44.67329066098754,0.99734,1.006868,1.002677,1.1
1,54.498375782557936,1.1,1.1,1.1,0.93932
1,48.33578057467346,0.921708,0.916972,0.93932,0.956072
1,44.639279356470325,0.992278,0.976032,0.956072,0.912162
0,38.566935312542114,0.9,0.914052,0.912162,1.047407
0,42.69949335289881,1.052863,1.031343,1.047407,1.094767
1,50.246125700780155,1.09484,1.1,1.094767,1.009044
1,50.972635043584624,1.008917,0.985621,1.009044,1.066581
1,56.100788426472874,1.099747,1.092838,1.066581,0.989196
1,55.02796134714919,1.019518,0.997573,0.989196,0.953883
1,50.625870166651204,0.90991,0.952555,0.953883,0.966921
0,47.80781837270183,0.981436,0.969349,0.966921,0.990789
0,47.04848671876636,0.965952,0.985507,0.990789,1.034529
1,50.21164105079662,1.04047,1.033422,1.034529,0.924262
0,43.815306036904666,0.925972,0.930142,0.924262,1.018056
0,45.4638011914583,1.00542,1.004172,1.018056,0.976808
0,43.659780734128496,0.98248,0.990305,0.976808,0.97067
0,41.47065040669751,0.954733,0.946853,0.97067,0.997122
0,41.258473260032,0.997126,1.002954,0.997122,0.972583
0,39.20626461164945,0.989914,0.989691,0.972583,1.1
1,54.76498862668231,1.1,1.1,1.1,0.9
0,44.50879887293266,0.913317,0.9,0.9,1.002882
0,44.727377464854165,0.968363,0.975073,1.002882,1.033046
1,47.298309345513694,1.078125,1.06015,1.033046,0.962448
0,44.67148233093215,0.928854,0.971631,0.962448,0.99711
0,44.4744455453067,1.014184,1.005839,0.99711,0.96087
0,41.79433433951001,0.935664,0.955007,0.96087,1.060332
1,46.89962819389122,1.058296,1.041033,1.060332,0.998578
0,46.78913762312872,1.007062,1.016058,0.998578,0.960114
0,43.68573462590288,0.962132,0.948276,0.960114,0.992582
0,43.13552913441873,0.978134,1.0,0.992582,0.995516
0,42.78732307249673,1.005961,1.009091,0.995516,1.028529
0,45.77294131656735,1.020741,1.013514,1.028529,1.011679
1,47.026435360803426,1.036284,1.025185,1.011679,0.961039
0,43.38165933022339,0.948179,0.956647,0.961039,1.033033
1,46.987065761455014,1.017725,1.018127,1.033033,0.969477
0,44.10024767422326,0.997097,0.973294,0.969477,0.971514
0,41.60937637293083,0.949054,0.97561,0.971514,1.010802
0,42.889221626324336,1.01227,1.010937,1.010802,0.90229
0,35.27611783868648,0.9,0.9,0.90229,1.035533
0,39.09627678542753,1.033727,1.031142,1.035533,1.037582
0,43.06020685631848,1.03752,1.015101,1.037582,1.014173
0,44.580216430438206,1.040881,1.059504,1.014173,1.051242
1,49.865004021874086,1.028701,1.029641,1.051242,0.998523
1,49.71030772903075,1.002937,1.015152,0.998523,0.976331
1,47.18787752815818,1.005857,0.98209,0.976331,1.04697
1,52.24409958004575,1.005822,1.034954,1.04697,0.976845
1,49.604393153018165,0.992764,0.982379,0.976845,1.034074
1,53.26031340679313,1.020408,1.03438,1.034074,1.017192
1,55.09084412084605,1.018571,1.020231,1.017192,0.998592
1,54.89789165752611,1.0,1.002833,0.998592,1.00141
1,55.067371250100386,1.001403,0.988701,1.00141,1.029577
1,58.58673395820245,1.026611,1.028571,1.029577,0.982216
1,55.679332769464644,1.017735,0.988889,0.982216,0.948468
0,48.32827222290741,0.928954,0.948034,0.948468,1.030837
0,52.18667184481052,1.021645,1.034074,1.030837,1.001425
0,52.36906507618659,1.021186,0.979943,1.001425,1.029872
1,56.15187683093296,1.026279,1.045322,1.029872,0.982044
1,53.32834634275703,0.971698,0.977622,0.982044,1.077356
1,62.02789788389837,1.084605,1.077253,1.077356,0.95953
1,55.7232113144995,0.994885,0.97344,0.95953,1.021769
1,58.09091623207265,0.973008,1.005457,1.021769,0.977364
1,54.7414080169627,0.97358,0.987788,0.977364,1.050409
1,60.12979497067332,1.062415,1.039835,1.050409,0.992218
1,58.90505328432336,0.980843,1.001321,0.992218,1.019608
1,61.04145164149572,1.053385,1.019789,1.019608,0.979487
1,57.60158463684935,0.97157,0.958603,0.979487,0.963351
0,52.07140974208407,0.950382,0.982456,0.963351,0.940217
0,44.79361393721457,0.947791,0.931319,0.940217,0.900289
0,36.239678555566854,0.90113,0.9,0.900289,1.1
0,49.843331153165245,1.1,1.1,1.1,0.959384
0,46.44266895783066,0.966988,1.002937,0.959384,0.943066
0,42.26627288240438,0.957326,0.937042,0.943066,1.018576
0,43.93683804267842,0.986627,1.010937,1.018576,0.99848
0,43.82303870080377,0.998494,1.01391,0.99848,1.027397
0,46.5087003024946,1.024133,1.012195,1.027397,1.020741
1,48.568214825256966,1.063328,1.034639,1.020741,1.089985
1,56.54720239364906,1.092798,1.058224,1.089985,1.1
1,68.3879008105061,1.1,1.1,1.1,1.067416
1,71.94205721745875,1.1,1.063455,1.067416,0.998947
1,71.7971720352489,1.00501,1.039779,0.998947,0.969442
1,67.54862608161945,0.937188,0.959617,0.969442,1.011957
1,68.31452692526699,1.03617,1.008859,1.011957,1.013963
1,69.23854751341821,0.980493,0.987925,1.013963,1.069915
1,73.4687775092082,1.078534,1.045556,1.069915,0.916832
1,61.81715987223195,0.936893,0.973433,0.916832,0.938445
0,55.39694611734919,0.946114,0.934498,0.938445,0.993096
0,54.75232565280283,0.953998,0.981308,0.993096,0.96292
0,51.322222865333984,0.971297,0.97381,0.96292,1.004813
0,51.72930571430544,1.00591,0.997555,1.004813,1.027545
0,54.10593332138031,1.030552,1.04902,1.027545,1.02331
0,56.12869620702598,1.006842,1.022196,1.02331,0.986333
0,54.57447115870816,0.988675,0.982857,0.986333,1.013857
0,55.88985387030331,1.009164,1.010465,1.013857,1.056948
1,60.96222100741338,1.072645,1.01496,1.056948,0.90194
0,49.74937444547698,0.9,0.935374,0.90194,0.998805
0,49.64132023051245,1.015421,1.007273,0.998805,0.97488
0,47.317105566816046,0.981308,0.975933,0.97488,0.991411
0,46.53498107831483,0.979762,0.993835,0.991411,1.058168
0,52.24292777658725,1.046173,1.040943,1.058168,1.022222
1,54.36401271890546,1.031359,1.035757,1.022222,1.006865
1,55.04305911905664,0.994369,0.990794,1.006865,1.063636
1,60.89202150525704,1.08607,1.068525,1.063636,0.957265
1,55.35245695618405,0.96976,0.955435,0.957265,0.941964
0,49.09905424451041,0.907527,0.930603,0.941964,1.018957
0,50.93578570821317,1.041469,1.050122,1.018957,0.984884
0,49.376769816029814,0.973834,0.968568,0.984884,1.064935
1,55.572386469494226,1.066589,1.024038,1.064935,0.985588
1,53.8934434225778,1.014239,1.039906,0.985588,1.005624
1,54.463279578547436,0.967603,0.994357,1.005624,1.00783
1,55.29627712895608,1.011161,1.015891,1.00783,1.021088
1,57.565322228481925,1.01766,1.011173,1.021088,0.913043
0,46.79517619247916,0.94577,0.925967,0.913043,1.034524
0,50.41668002408392,1.030963,1.013126,1.034524,0.979287
0,48.22262276333717,0.967742,0.992933,0.979287,1.0047
0,48.75630934596227,0.986207,1.004745,1.0047,1.018713
0,50.93484218817613,1.018648,1.012987,1.018713,1.004592
0,51.49007990788746,1.008009,1.012821,1.004592,1.005714
1,52.2179687569524,1.005675,1.009206,1.005714,1.015909
1,54.28631596265829,1.014673,1.011403,1.015909,0.94519
0,46.67144104090852,0.945495,0.941375,0.94519,1.040237
1,51.73095323350592,1.036471,1.035928,1.040237,1.040956
1,56.44305319717549,1.056754,1.046243,1.040956,0.984699
1,54.226061565138934,0.972073,0.979006,0.984699,1.027747
1,57.44078640905102,1.027624,1.006772,1.027747,0.976242
1,53.85628099156451,0.975269,1.006726,0.976242,1.04646
1,59.10325486785407,1.060639,1.037862,1.04646,0.989429
1,57.42884497021521,0.972973,0.995708,0.989429,1.027778
1,60.55760125261179,1.035256,1.020474,1.027778,1.040541
1,64.7433511369662,1.075335,1.01056,1.040541,1.016983
1,66.416391104095,0.983685,1.054336,1.016983,1.040275
1,70.1013789747649,1.039024,1.029732,1.040275,1.041549
1,73.46619783038005,1.04507,1.039461,1.041549,0.974615
1,68.205763046833,0.971249,0.982407,0.974615,1.016744
1,69.70741593508095,1.022202,1.01885,1.016744,1.014639
1,71.0177597478162,1.013575,1.006475,1.014639,1.013526
1,72.23051382759643,1.021429,1.022059,1.013526,0.948399
1,61.51226303136424,0.961538,0.944245,0.948399,0.981238
0,58.299668040144304,0.960909,0.985714,0.981238,1.1
1,81.43196201253454,1.1,1.1,1.1,1.02552
1,82.33708208266205,1.046014,1.058782,1.02552,1.1
1,86.58196464769071,1.1,1.074025,1.1,0.974374
1,82.39163614241606,0.954345,1.044308,0.974374,0.975453
1,78.56958449428748,0.983285,0.977018,0.975453,0.977831
1,75.25750788147116,1.001758,0.948733,0.977831,1.022059
1,76.30416260711957,0.987127,1.044501,1.022059,1.013789
1,76.97432849970583,1.033195,1.00913,1.013789,0.981668
1,73.93902232727046,0.969593,0.952955,0.981668,0.968072
0,68.93418355513928,0.953846,0.994304,0.968072,1.1
1,77.39197157537879,1.1,1.1,1.1,0.973922
1,73.50932110623248,0.924349,0.952381,0.973922,1.029508
1,74.99796269198396,1.051491,1.055114,1.029508,0.951168
1,67.98811166374784,0.975773,0.963382,0.951168,0.942522
0,61.10235954158047,0.935024,0.939072,0.942522,1.043221
1,63.893454806228945,1.012429,1.044048,1.043221,1.026107
1,65.5699735507891,1.019531,1.004561,1.026107,0.999447
1,65.49877314071593,0.998905,1.008513,0.999447,0.993359
1,64.59236334384619,1.010959,1.005627,0.993359,1.011142
1,65.45051961149365,0.98916,0.992725,1.011142,1.046832
1,68.9003557931511,1.050959,1.054679,1.046832,0.981579
1,65.97892250534858,0.976017,0.976483,0.981579,1.068097
1,70.81463047052297,1.079594,1.072797,1.068097,0.98243
1,67.94821549967864,0.981692,0.983673,0.98243,1.1
1,75.60483425819378,1.1,1.1,1.1,1.050702
1,78.10791107462344,1.005563,0.981304,1.050702,0.924171
1,66.5518491561938,0.942553,0.995353,0.924171,0.958508
1,61.58953997926873,0.933634,0.934641,0.958508,1.1
1,77.29894579754145,1.1,1.1,1.1,1.03932
1,78.6592387727756,1.059157,1.1,1.03932,0.924335
1,69.66772639863508,0.935452,0.911723,0.924335,1.1
1,73.9692104853211,1.1,1.1,1.1,1.076412
1,76.7139743225336,1.1,1.1,1.076412,0.9
1,63.22837486550043,0.905903,0.9,0.9,0.9
0,55.430904895637894,0.9,0.9,0.9,0.9
0,44.973687126537065,0.9,0.9,0.9,0.906494
0,42.226013537311715,0.9,0.9,0.906494,1.1
0,53.646007324586776,1.1,1.1,1.1,1.1
1,57.025622566280816,1.1,1.1,1.1,0.9
0,51.68040707839954,0.9,0.9,0.9,1.061111
0,53.71726652052572,1.005263,1.009658,1.061111,1.1
1,58.11815385532139,1.1,1.1,1.1,0.9
0,50.6445655791476,0.9,0.9,0.9,1.004279
0,50.78744168508819,0.949434,0.959825,1.004279,0.962505
0,49.43133358815106,1.014913,0.9,0.962505,1.1
1,57.72066306016796,1.1,1.1,1.1,0.9
1,53.18290450826423,0.932144,0.961343,0.9,1.066952
1,55.42137745398102,1.075422,1.093014,1.066952,0.971908
1,54.17263098547237,0.969993,0.984764,0.971908,1.099474
1,57.704697886738636,1.055755,1.060377,1.099474,1.1
1,63.55987491002348,1.1,1.1,1.1,1.001453
1,63.612747974182106,1.063335,1.095008,1.001453,0.935306
1,59.468362499726034,0.938251,0.902059,0.935306,1.024814
1,60.463502059642416,0.970297,1.059667,1.024814,1.020581
1,61.33254070082858,1.060024,0.988,1.020581,0.997034
1,61.119776567694274,1.015855,1.044846,0.997034,0.9
0,52.54190740592295,0.9,0.9,0.9,1.003419
0,52.70548044555387,0.942289,1.014644,1.003419,0.982964
0,51.74513896040851,1.003681,0.986254,0.982964,1.046447
0,54.15599850272413,1.036679,1.049826,1.046447,0.983438
0,53.090151920135284,0.961402,0.973448,0.983438,1.054564
1,56.104528724239096,1.061559,1.038527,1.054564,0.930374
0,51.32496418682797,1.016703,0.915299,0.930374,0.9
0,40.677168669921855,0.9,0.9,0.9,0.964644
0,39.52714748943597,0.9,0.948191,0.964644,0.948416
0,37.902972175695176,0.956328,0.942063,0.948416,1.1
0,42.64504087174155,1.1,1.1,1.1,1.000433
0,42.667177192143086,0.983634,0.981208,1.000433,1.029437
0,44.24307082387946,1.021758,1.075239,1.029437,0.986123
0,43.616508632428456,1.005846,0.974555,0.986123,0.928358
0,40.474009433171595,0.956829,0.920366,0.928358,1.02848
0,42.13106420587371,0.987419,1.040189,1.02848,1.089772
1,47.257117801871544,1.084359,1.077273,1.089772,1.1
1,52.73096686915938,1.08752,1.05443,1.1,0.980253
1,51.48114566254573,1.004844,1.040416,0.980253,0.969213
1,49.5482675790031,0.971079,0.957692,0.969213,1.041569
1,52.083661322154285,1.017946,1.03253,1.041569,0.901732
0,45.95928436730466,0.900225,0.914041,0.901732,1.058038
1,49.373546702329726,1.083333,1.067234,1.058038,1.075375
1,53.70207784331546,1.096154,1.04067,1.075375,0.943119
1,49.968362737603265,0.918596,0.962835,0.943119,0.9
0,30.209408414753273,0.9,0.9,0.9,0.985197
0,30.039350090924817,1.007317,1.010327,0.985197,1.1
0,32.82225510968508,1.097659,1.1,1.1,1.013626
0,33.24076715606754,0.991176,0.97793,1.013626,0.920836
0,31.977360392667048,0.933234,0.944747,0.920836,0.922952
0,30.845817886339148,0.949921,0.9,0.922952,1.002636
0,30.92893811454525,0.969874,1.044913,1.002636,0.977213
0,30.58581880007431,0.973253,0.973684,0.977213,1.016143
0,31.155241631393842,1.007979,1.009009,1.016143,0.994704
0,31.06376625407475,1.01759,1.005357,0.994704,0.921917
0,29.687014266916055,0.923941,0.919183,0.921917,0.980751
0,29.368437246029092,0.976614,0.97971,0.980751,0.995093
0,29.28383137227516,0.974138,0.987179,0.995093,1.056213
0,31.699477092811673,1.076696,1.058941,1.056213,0.962652
0,30.901726596794422,0.947945,0.969811,0.962652,0.985451
0,30.590825586269727,0.987476,0.98249,0.985451,1.009843
0,31.088590117865355,1.013659,1.011881,1.009843,0.963938
0,30.22489922971867,0.963426,0.964775,0.963938,1.001011
0,30.28127463909979,1.000999,1.003043,1.001011,0.939394
0,28.778830574285482,0.929142,0.92821,0.939394,1.012903
0,29.531893798775517,1.011815,1.010893,1.012903,0.989384
0,29.25429637369521,1.0,1.0,0.989384,1.003219
0,29.468493300212067,1.005308,1.003233,1.003219,0.991444
0,29.214475196681168,0.990496,0.993555,0.991444,0.988134
0,28.846275131555466,0.987207,0.988108,0.988134,1.019651
0,30.39226894897998,1.036717,0.998906,1.019651,1.012848
1,31.46141896278169,0.996875,1.030668,1.012848,0.994715
1,31.246066440948763,0.988506,0.978746,0.994715,0.967056
0,29.880430678178424,0.975687,0.985885,0.967056,0.994505
0,29.65529991481479,0.991333,0.993392,0.994505,0.98674
0,29.088838546153767,1.0,0.967849,0.98674,0.99776
0,28.98944884876031,1.010929,1.019473,0.99776,0.970819
0,27.666051663951862,0.949189,0.964045,0.970819,1.035838
0,31.67127374725116,1.03303,1.031469,1.035838,0.972098
0,30.218109452108585,0.980154,0.978531,0.972098,0.942595
0,27.500400834636064,0.931384,0.942263,0.942595,0.985384
0,26.875672973740713,0.980676,0.988971,0.985384,1.001236
0,27.024448902900296,1.0,0.998761,1.001236,1.016049
0,29.04550667431736,1.024631,1.01861,1.016049,1.1
1,59.2996887494248,1.1,1.1,1.1,0.909329
1,51.68208234578828,0.911891,0.953039,0.909329,0.94535
1,48.03964488776867,0.954034,0.948792,0.94535,0.995943
1,47.78512912596541,0.976401,0.988798,0.995943,0.98778
1,46.980968512997364,1.011078,0.99794,0.98778,1.010309
1,47.769783757778754,0.981076,0.975232,1.010309,0.958163
0,44.82513402933657,0.979695,0.984127,0.958163,1.045793
1,48.416506122137186,1.059067,1.009677,1.045793,0.976578
0,46.66677634720872,0.984344,1.013845,0.976578,0.9
0,38.252169853539726,0.9,0.9,0.9,0.972256
0,36.98164998658955,0.943089,0.933575,0.972256,0.967742
0,35.54441763863978,0.990148,1.007762,0.967742,0.925641
0,32.50922254229959,0.91791,0.907574,0.925641,1.023546
0,34.280613091350084,1.023035,1.035361,1.023546,0.905277
0,30.70675268296079,0.9,0.911202,0.905277,0.962631
0,29.522960252141736,0.96,0.941529,0.962631,1.007764
0,30.10334069017529,1.00463,0.957006,1.007764,1.013867
0,31.20158940930084,1.032258,1.081531,1.013867,0.986322
0,30.68240884966427,0.974702,0.976923,0.986322,1.050847
0,34.956111620147674,1.045802,1.051969,1.050847,1.001466
0,35.086718231502076,1.013139,1.011976,1.001466,0.95022
0,32.68371847297128,0.959654,0.955621,0.95022,0.953775
0,30.686673645267597,0.933934,0.94582,0.953775,0.998384
0,30.619512506195715,1.004823,1.008183,0.998384,1.064725
1,36.59705087561524,1.0992,1.066558,1.064725,0.971125
0,35.0522271326602,0.960699,0.971081,0.971125,1.050078
1,39.67113264752256,1.027273,1.026646,1.050078,0.980626
1,38.474058976459744,0.970501,0.983206,0.980626,1.004559
1,38.93201361741366,1.007599,1.017081,1.004559,0.981846
0,37.72250383359774,0.986425,0.980153,0.981846,1.003082
1,38.06784799912484,1.003058,1.009346,1.003082,0.961598
0,35.423564948071984,0.974085,0.959877,0.961598,0.992013
0,34.90140067893455,0.978091,0.985531,0.992013,1.017713
0,37.098175253547936,1.0176,1.016313,1.017713,1.071203
1,45.23934802304678,1.077044,1.065811,1.071203,1.063516
1,51.675571025118934,1.093431,1.036145,1.063516,0.9
0,41.333646816852635,0.9,0.917151,0.9,0.976378
0,39.81916107526275,0.975194,0.976228,0.976378,1.003226
0,40.13412745700068,0.99682,1.006494,1.003226,0.935691
0,36.06832211233965,0.966507,0.937097,0.935691,0.938144
0,32.84347553308901,0.909241,0.932874,0.938144,1.001832
0,33.02261590957869,0.998185,1.00369,1.001832,0.968921
0,31.485017860667217,0.963636,0.965074,0.968921,0.996226
0,31.30036903006994,0.998113,0.994286,0.996226,0.962121
0,29.440942552912333,0.973535,0.971264,0.962121,1.0
0,29.44094255291233,0.996117,0.990138,1.0,1.035433
0,33.56065381795942,1.042885,1.041833,1.035433,0.977186
0,32.21043539926513,0.968224,0.977055,0.977186,0.988327
0,31.52744118168879,0.992278,0.986301,0.988327,1.015748
0,33.55062232868662,1.038911,1.0,1.015748,0.914729
0,28.553451489625793,0.9,0.912698,0.914729,0.915254
0,24.919676619707964,0.929167,0.932609,0.915254,1.0625
0,31.27720992437987,1.035874,1.053613,1.0625,1.023965
0,33.73890754392756,1.025974,1.030973,1.023965,1.014894
0,35.32654031508997,1.023207,1.015021,1.014894,1.1
1,45.04935747053556,1.094845,1.093023,1.1,0.967619
1,42.606307823277824,0.973635,0.982592,0.967619,0.944882
0,38.86757107778434,1.001934,0.935039,0.944882,1.022917
1,41.05589059175414,0.953668,1.027368,1.022917,0.96334
0,38.61969356765509,0.977733,0.967213,0.96334,1.016913
1,40.31483331525399,1.00207,1.008475,1.016913,0.939709
0,36.391386647824575,0.971074,0.945378,0.939709,1.030973
0,39.45474443046402,0.995745,1.022222,1.030973,1.017167
0,41.19745222168152,1.017094,1.019565,1.017167,1.031646
1,44.42736926209347,1.048319,1.01919,1.031646,0.98773
1,43.40045500915313,0.971944,1.0,0.98773,0.973085
0,41.17949185996908,0.987629,0.974895,0.973085,0.953191
0,37.666579866449815,0.964509,0.961373,0.953191,0.950893
0,34.49733018441011,0.948052,0.946429,0.950893,0.981221
0,33.396910011278145,0.979452,0.974057,0.981221,0.940191
0,30.1592697997554,0.955711,0.910412,0.940191,1.030534
0,33.492160414366815,0.995122,1.053191,1.030534,0.977778
0,32.24914520268497,0.987745,0.987374,0.977778,1.020202
0,34.57358636084579,1.012407,1.030691,1.020202,1.002475
0,34.874367381796404,0.995098,0.985112,1.002475,1.071605
1,43.0508619178157,1.1,1.062972,1.071605,0.914747
0,36.7169725893866,0.9,0.933649,0.914747,1.02267
0,39.06540475072619,1.019753,1.020305,1.02267,0.965517
0,36.778961414937186,0.975787,0.972637,0.965517,0.989796
0,36.12833351441384,0.967742,0.982097,0.989796,0.994845
0,35.78744015270096,1.007692,1.0,0.994845,0.989637
0,35.074622736423436,0.979644,0.986979,0.989637,0.997382
0,34.88753614651395,0.997403,1.0,0.997382,1.076115
1,44.18534431879252,1.078125,1.058047,1.076115,0.97561
1,41.96028512782585,0.97343,0.992519,0.97561,0.9675
0,39.1968900997734,0.987593,0.944724,0.9675,0.925065
0,33.84253939850131,0.917085,0.909574,0.925065,0.963687
0,31.748845545620046,0.950685,0.967836,0.963687,1.037681
0,36.012021966319864,1.048991,1.075529,1.037681,1.039106
0,40.33434371477462,1.021978,1.02809,1.039106,1.048387
1,45.43753492299167,1.075269,1.057377,1.048387,1.1
1,59.67549408146378,1.1,1.1,1.1,0.9
1,47.33682195870294,0.9,0.911833,0.9,1.012658
1,48.23728147276206,0.961722,1.0,1.012658,1.0025
1,48.42721097271819,1.00995,1.020356,1.0025,0.970075
1,46.23485642023992,1.0,0.970075,0.970075,0.987147
0,45.314342298739184,0.955665,0.982005,0.987147,0.981771
0,43.99376215286759,0.981959,0.97644,0.981771,1.023873
0,46.16603610409145,1.018373,1.002681,1.023873,1.028497
0,48.78087655526737,1.033505,1.053476,1.028497,1.002519
0,49.02328774125852,0.992519,1.0,1.002519,0.972362
0,46.42067623274217,0.992462,0.982234,0.972362,0.945736
0,41.85253072499152,0.931646,0.925065,0.945736,1.019126
0,43.836549053361914,1.016304,1.022346,1.019126,1.032172
1,47.16472821559852,1.032086,1.040984,1.032172,1.044156
1,51.54539600438482,1.041451,1.03937,1.044156,1.057214
1,56.76798071177816,1.069652,1.055556,1.057214,1.1
1,71.92719921690417,1.1,1.1,1.1,1.1
1,77.1653688149177,1.1,1.015038,1.1,0.938023
1,69.24483835506341,0.927302,1.016667,0.938023,0.935714
1,62.52063732592477,0.918118,0.910747,0.935714,1.09542
1,67.27397557686446,1.1,1.1,1.09542,0.95122
1,62.49408303353131,0.915858,0.947368,0.95122,0.989011
1,61.485934047964506,0.966431,0.985185,0.989011,0.901852
0,53.305650339321936,0.919561,0.915414,0.901852,0.942505
0,49.5546761269056,0.924453,0.921971,0.942505,0.945534
0,46.414248318604756,0.933333,0.917595,0.945534,0.960829
0,44.35576277912273,1.023041,0.997573,0.960829,0.978417
0,43.26185697242328,0.936937,0.987835,0.978417,1.036765
0,45.66692621101102,1.033654,1.039409,1.036765,0.92435
0,41.61428373090456,0.951163,0.924171,0.92435,1.02046
0,42.976711426739264,1.012225,1.017949,1.02046,1.06015
0,46.97430945412065,1.02657,1.042821,1.06015,1.004728
0,47.30583183506543,1.021176,1.009662,1.004728,0.995294
1,46.989449982478796,0.988479,1.009569,0.995294,0.962175
0,44.42943592004834,0.955711,0.962085,0.962175,1.051597
1,48.402746976246945,1.073171,1.027094,1.051597,0.981308
1,47.02338877985842,0.959091,0.983213,0.981308,0.930952
0,42.31576311560495,0.936019,0.941463,0.930952,0.941176
0,38.98248154225549,0.964557,0.953368,0.941176,1.038043
0,41.97849458709894,1.015748,1.032609,1.038043,1.060209
0,46.61600319113408,1.074935,1.065789,1.060209,0.980247
0,45.260920032590015,0.971154,0.975309,0.980247,1.030227
1,47.71605409653898,1.014851,1.025316,1.030227,1.012225
1,48.747546002550465,1.017073,1.017284,1.012225,0.985507
1,47.53560243089331,0.985612,0.985437,0.985507,0.953431
0,43.82031695236625,0.951338,0.948276,0.953431,0.984576
0,42.68572885790387,1.0,0.98961,0.984576,1.041775
1,46.65244091559709,1.028133,1.028871,1.041775,1.015038
1,48.10296972947716,1.027363,1.030612,1.015038,1.02963
1,50.97409477403296,1.012107,1.014851,1.02963,0.973621
1,48.334351918759936,0.973684,0.965854,0.973621,0.963054
0,44.91834234576496,0.977887,0.984848,0.963054,0.969309
0,42.340290298073505,0.977387,0.951282,0.969309,1.1
1,53.5783186116318,1.1,1.1,1.1,1.025822
1,55.75197585846788,0.991131,1.018957,1.025822,1.1
1,65.78905305813926,1.1,1.1,1.1,1.081836
1,70.41843575041128,1.095517,1.045455,1.081836,0.95572
1,64.88359697757495,0.948399,1.01581,0.95572,0.992278
