1,100.0,1.045026,1.038251,1.045216,0.971831
1,58.780231335436426,0.996994,0.994737,0.971831,0.947205
1,32.501453553378965,0.936683,0.959788,0.947205,0.967213
1,25.32822859777954,0.95279,0.948181,0.967213,1.00904
1,29.778969190050184,1.010135,1.012791,1.00904,0.99888
1,29.541935828661572,1.014493,1.010333,0.99888,1.025785
1,41.145513400018935,1.013187,1.035227,1.025785,0.960656
1,32.205299759886316,0.95987,0.956092,0.960656,1.009101
0,35.55632632581694,1.032768,0.998852,1.009101,1.024803
0,43.78536161095978,1.001094,1.036782,1.024803,1.029703
1,51.902723155693145,1.043716,1.036585,1.029703,1.040598
1,60.53918787549379,1.026178,1.024599,1.040598,1.089322
1,72.64845225420582,1.083673,1.082463,1.089322,0.983035
1,67.99909607945553,0.996234,0.994214,0.983035,1.048897
1,73.22718376301614,1.034026,1.00097,1.048897,0.945155
1,60.66932635731305,1.00457,1.001938,0.945155,0.945841
0,51.749247139023865,0.973612,0.943907,0.945841,0.9
0,38.803008657060694,0.9,0.9,0.9,0.945349
0,35.042589221192394,0.938073,0.913565,0.945349,1.098401
0,44.841161738053955,1.1,1.1,1.098401,1.007839
0,45.61421996063558,1.002188,1.009019,1.007839,0.986667
0,44.463760879592805,1.004367,0.962011,0.986667,1.003378
0,44.83833090012701,0.978261,1.005807,1.003378,0.970819
0,42.18293017659166,0.974444,0.979215,0.970819,0.9
0,31.806292430983213,0.9,0.9,0.9,1.030055
0,34.66911338155516,1.047043,1.063559,1.030055,0.973475
0,33.30046411655221,0.944801,0.964143,0.973475,1.1
0,43.50778265590048,1.1,1.1,1.1,1.059829
1,48.40921311891531,1.059829,1.050995,1.059829,1.03341
1,51.11265641617031,1.079493,1.036686,1.03341,0.991081
1,50.32915208911185,0.981857,0.993151,0.991081,0.979753
1,48.526711295749145,0.969565,0.994253,0.979753,1.039036
1,52.02193680700285,1.022422,1.03815,1.039036,1.00884
1,52.833500636407166,1.013158,0.994432,1.00884,1.021906
1,54.887958071598526,1.017316,1.011198,1.021906,0.989282
1,53.63011370620616,1.007447,0.994463,0.989282,1.005417
1,54.195329495285435,0.988384,1.025612,1.005417,0.911638
0,44.59487603444719,0.903846,0.918567,0.911638,0.99409
0,44.08209384104103,1.004728,0.956265,0.99409,0.958383
0,40.56575840053859,0.983529,0.996292,0.958383,1.01861
0,42.676188819457245,0.988038,1.008685,1.01861,1.001218
0,42.82195508865889,1.008475,1.00861,1.001218,1.062044
1,49.8289249308402,1.052821,1.046341,1.062044,0.997709
1,49.57236719879865,1.067275,1.015152,0.997709,0.994259
1,48.894586710924614,0.926282,0.965557,0.994259,1.040416
1,53.66983516677645,1.04729,1.058264,1.040416,1.032186
1,57.23539834389148,1.029736,0.992135,1.032186,0.953763
1,50.97147244820825,0.958289,0.96829,0.953763,1.022548
1,53.51947105719835,1.022321,1.05614,1.022548,0.982359
1,51.22588784702624,0.990175,0.966777,0.982359,0.928171
0,43.24295111058087,0.915105,0.931271,0.928171,1.018138
0,45.39094871819828,1.021687,1.02952,1.018138,1.003563
0,45.83248619249,1.005896,0.995221,1.003563,1.0
0,45.83248619249001,0.998828,0.996399,1.0,0.997633
0,45.54774654672448,0.996479,1.0,0.997633,1.007117
0,46.61918121138853,1.012956,1.018072,1.007117,1.030624
1,51.10859025262682,1.02907,1.023669,1.030624,1.020571
1,53.99334217392487,1.016949,1.024277,1.020571,1.00224
1,54.315881987021925,0.998889,1.003386,1.00224,1.048045
1,60.69592198601066,1.045606,1.023622,1.048045,1.063966
1,67.51347979610594,1.061702,1.043956,1.063966,0.946894
1,57.95117155831612,0.948898,0.981053,0.946894,1.048677
1,62.86702210000913,1.06547,1.051502,1.048677,0.981837
1,59.91525855411423,0.966303,0.965306,0.981837,1.03186
1,63.12632281733621,1.04,1.015856,1.03186,1.1
1,71.46444898386186,1.1,1.1,1.1,0.944995
1,62.60715246899888,0.963717,0.959259,0.944995,0.913168
0,52.211064957551585,0.9,0.9,0.913168,1.060606
1,57.10060924666433,1.08142,1.073514,1.060606,1.031527
1,59.559099641333574,1.011583,1.022155,1.031527,0.95702
0,54.802818627921134,0.968511,0.980296,0.95702,0.9
0,43.96406983181459,0.905419,0.9,0.9,1.005727
0,44.42288443888305,0.963003,0.986254,1.005727,1.005695
0,44.90866333484728,1.011299,1.022067,1.005695,0.95017
0,41.473256805756535,0.957542,0.95,0.95017,1.047676
0,45.551087723596275,1.032672,1.016746,1.047676,1.015927
0,46.94443235835387,1.025989,1.025882,1.015927,1.034714
1,49.99579754974501,1.029736,1.045872,1.034714,1.047619
1,54.03645817099575,1.037433,1.016447,1.047619,1.028926
1,56.448258943663184,1.041237,1.06904,1.028926,0.914659
1,48.1828230364701,0.913861,0.918264,0.914659,0.97146
0,45.965707788863135,0.970748,0.958242,0.97146,0.971751
0,43.87513250267629,0.967634,0.951835,0.971751,0.974419
0,42.06216172254758,0.968858,0.987952,0.974419,1.036993
0,45.48074358267398,1.039286,1.04878,1.036993,0.976985
0,43.68966200575988,0.994273,0.965116,0.976985,0.987044
0,42.693798138011935,0.971198,0.99759,0.987044,1.019093
0,44.66939659292998,1.015421,1.021739,1.019093,0.991803
0,43.955439002409136,1.001168,0.971631,0.991803,0.909091
0,36.95787756496261,0.905484,0.918491,0.909091,1.0
0,36.95787756496261,1.016753,1.002649,1.0,1.033766
0,40.65745607247469,1.020279,1.047556,1.033766,1.018844
0,42.74500840423398,1.014907,1.011349,1.018844,0.990136
0,41.8984583035365,0.985312,0.986284,0.990136,1.039851
1,46.4656037526967,1.042236,1.027813,1.039851,0.984431
1,44.92076764058045,0.989273,0.99754,0.984431,0.970803
0,42.1355925224833,0.979518,0.981504,0.970803,0.97619
0,40.02010437222123,0.96802,0.976131,0.97619,0.922978
0,34.18349890189353,0.954257,0.92278,0.922978,0.936022
0,30.509730631839695,0.909454,0.93166,0.936022,0.9
0,23.89607765837214,0.9,0.9,0.9,0.975133
0,23.206577825216442,0.989399,0.966972,0.975133,0.912568
0,20.97223344089392,0.914286,0.944972,0.912568,0.946108
0,19.81646104148722,0.935547,0.909639,0.946108,1.06962
0,25.239406486627296,1.096033,1.1,1.06962,1.037475
0,28.248298249816266,1.017143,1.03,1.037475,1.0
0,28.248298249816266,1.013109,1.009709,1.0,1.1
1,37.06162678721872,1.077634,1.059615,1.1,1.034305
1,39.85326807150569,1.046312,1.056261,1.034305,1.039801
1,43.11400233803942,1.029508,1.056701,1.039801,1.025518
1,45.245177624060794,1.030255,1.029268,1.025518,0.982893
1,44.024049684782916,0.984544,0.984202,0.982893,1.1
1,52.655764236430436,1.1,1.0626,1.1,0.980029
1,50.939386269108915,0.980029,0.986405,0.980029,0.973799
1,48.73961145155489,0.997089,1.01072,0.973799,0.940209
0,44.174338559830616,0.931387,0.940909,0.940209,1.046105
1,47.978755506862456,1.03605,1.035427,1.046105,1.080547
1,54.131030866179515,1.083207,1.057543,1.080547,0.990155
1,53.235535164437024,0.98743,1.011765,0.990155,0.934659
0,47.656215626651246,0.990099,0.952035,0.934659,0.968085
0,45.32100893412337,0.918571,0.955725,0.968085,1.028257
0,47.68720950738432,1.026439,1.022364,1.028257,1.051908
1,51.91964030745489,1.051515,1.04375,1.051908,0.973875
1,49.6303161437254,0.981268,0.997006,0.973875,1.038748
1,52.86341691305515,1.032305,1.040541,1.038748,0.926829
0,46.551449656986016,0.947368,0.932179,0.926829,1.029412
0,48.99483396333904,1.024024,1.006192,1.029412,1.003008
0,49.257791903841095,0.980938,1.006154,1.003008,0.943028
0,44.557437399921,0.946188,0.940367,0.943028,0.980922
0,43.15692018467935,0.981043,0.973984,0.980922,0.991896
0,42.556701314713635,0.988728,0.986644,0.991896,1.1
1,58.47756603485159,1.1,1.1,1.1,0.92973
1,52.15359868532083,0.9,0.917921,0.92973,0.9
0,40.463152295859,0.9,0.9,0.9,1.053667
0,43.62781832019989,1.073084,1.091078,1.053667,0.955857
0,41.5656984485263,0.940199,0.943782,0.955857,1.015986
0,42.57747942217634,1.04947,1.025271,1.015986,0.949301
0,40.16425066680051,0.915825,0.945423,0.949301,1.1
1,49.78260555254315,1.1,1.070764,1.1,0.94795
0,46.84202579837535,0.966877,1.026087,0.94795,0.923461
0,43.026778079957005,0.924959,0.938983,0.923461,1.030631
0,44.81564812460452,1.012346,1.001805,1.030631,1.041958
1,47.32995733013871,1.041812,1.016216,1.041958,1.015101
1,48.28157819178331,1.01505,1.051418,1.015101,1.1
1,59.55989810634932,1.1,1.1,1.1,0.9
1,49.17511378356895,0.9,0.9,0.9,1.029126
1,50.614064820486384,0.996875,1.00974,1.029126,0.95283
0,48.16642533402569,0.959248,0.961415,0.95283,0.927393
0,44.7484396793976,0.944444,0.934783,0.927393,1.058719
0,47.74354246846713,1.034602,1.021467,1.058719,0.9
0,43.02458260812413,0.90301,0.908932,0.9,0.97561
0,42.08529548071146,0.996296,0.99422,0.97561,1.1
1,55.01960906096817,1.1,1.1,1.1,0.988218
1,54.36176099272267,0.951049,1.007812,0.988218,0.971684
1,52.7486373881492,0.961765,0.995349,0.971684,1.1
1,57.97869493849469,1.1,1.020249,1.1,0.9573
1,55.22121267369577,1.059229,1.056489,0.9573,0.995683
1,54.94885027736676,0.908973,0.986994,0.995683,0.950867
1,51.82884666173389,0.95279,0.945827,0.950867,1.037994
1,53.90151089850559,1.027027,1.0387,1.037994,1.001464
1,53.986795194109455,1.002924,1.004471,1.001464,1.016082
1,54.97359046838067,1.017493,1.008902,1.016082,0.971223
0,52.758169357859124,0.969914,0.985294,0.971223,1.044444
1,55.64562045644191,1.060561,1.037313,1.044444,1.014184
1,56.59789492826357,1.009749,1.002878,1.014184,0.956643
0,52.81251999762655,0.948966,0.968436,0.956643,1.059942
1,56.91668300559727,1.055233,1.045926,1.059942,0.942069
0,51.93361841677373,0.971074,0.964589,0.942069,1.01757
1,53.194489145881754,0.995745,1.004405,1.01757,0.938129
0,48.30469710782828,0.965812,0.951754,0.938129,0.983129
0,47.11164093841035,0.949853,0.963134,0.983129,0.950078
0,43.7280806475786,0.962733,0.964912,0.950078,1.009852
0,44.532477589875015,1.0,0.995041,1.009852,1.011382
0,45.51110672808732,1.004839,1.016611,1.011382,1.078778
1,51.90755582278256,1.089888,1.044118,1.078778,0.979136
1,50.098016072507775,0.969072,1.00626,0.979136,1.028919
1,52.51728072022624,1.044073,1.03888,1.028919,0.936391
0,46.96765170602366,0.956332,0.932635,0.936391,0.977883
0,45.289603237476925,0.94825,0.975923,0.977883,0.980614
0,43.84366288642827,1.030498,0.967105,0.980614,0.91598
0,38.25381232377274,0.9,0.923469,0.91598,1.005396
0,38.74851668644385,0.98087,1.014733,1.005396,1.008945
0,39.61684670186624,1.005319,1.001815,1.008945,0.987589
0,38.787805469001874,1.014109,1.007246,0.987589,1.017953
0,40.69703982862318,0.993043,1.001799,1.017953,1.014109
0,42.24891265206417,1.015762,1.028725,1.014109,1.1
1,52.186424985585646,1.1,1.097731,1.1,0.968454
1,49.10196557273255,0.955725,0.957075,0.968454,1.004886
1,49.583327387156054,1.001597,1.001661,1.004886,1.0
1,49.583327387156054,0.99681,1.018242,1.0,0.998379
1,49.402705875335364,0.9904,0.993485,0.998379,1.027597
1,52.56612007739946,1.033926,1.029508,1.027597,0.990521
1,51.345945599305374,0.984375,0.969745,0.990521,0.963317
0,46.85598665068716,0.980952,0.988506,0.963317,1.008278
0,47.922131627917686,0.995146,1.001661,1.008278,1.018062
1,50.2850893125189,1.011382,1.0199,1.018062,1.01129
1,51.78436223925616,1.028939,1.00813,1.01129,0.952153
0,45.45725570941781,0.953125,0.951613,0.952153,1.033501
1,49.855908725757345,1.045902,1.013559,1.033501,0.930308
0,42.01128940424265,0.915361,0.949833,0.930308,1.036585
0,46.443335612947486,1.027397,1.017606,1.036585,1.006723
0,47.27002764393199,1.008333,1.029412,1.006723,1.015025
1,49.171140072038334,1.016529,1.013445,1.015025,0.9375
0,42.245547060721975,0.931707,0.936982,0.9375,1.008772
0,43.37565766577456,1.010471,0.99469,1.008772,0.994783
0,42.83407986819768,1.029361,1.014235,0.994783,0.98951
0,41.712335330708825,0.964765,0.950877,0.98951,0.973498
0,38.965045958634036,0.968696,1.00738,0.973498,0.934664
0,33.29691558399301,0.942549,0.937729,0.934664,1.013592
0,35.268698942794785,1.005714,1.007812,1.013592,1.021073
0,38.352646918710505,1.018939,1.023256,1.021073,0.998124
0,38.1745899049024,0.998141,0.994318,0.998124,1.00188
0,38.48216380386116,0.998138,1.0,1.00188,1.037523
1,44.43592288151752,1.031716,1.028571,1.037523,0.985533
1,42.6575187038559,0.996383,1.001852,0.985533,0.974312
0,39.66570738227402,0.965517,0.963031,0.974312,1.024482
1,43.61995642892508,1.030075,1.034549,1.024482,1.012868
1,45.68422016730261,1.010949,1.003711,1.012868,1.012704
1,47.74463809372859,1.01444,1.003697,1.012704,0.973118
1,43.901495345130314,0.996441,0.979742,0.973118,1.036832
1,49.713629393407906,1.017857,1.033835,1.036832,1.008881
1,51.078247212203635,1.019298,1.021818,1.008881,1.022887
1,54.53298596098568,1.013769,1.02669,1.022887,0.944923
0,45.93414112726529,0.950764,0.944541,0.944923,0.979964
0,43.40073228808612,0.9625,0.968807,0.979964,1.016729
0,46.02378268280851,1.016698,1.015152,1.016729,1.009141
0,47.4800212936242,1.009124,1.005597,1.009141,1.065217
1,56.56609322667996,1.068716,1.061224,1.065217,1.039116
1,61.18616006530034,1.035533,1.022727,1.039116,1.01964
1,63.37510028606755,1.042484,1.046154,1.01964,0.974318
1,58.62752084500517,0.959248,0.96732,0.974318,0.957166
1,51.832458603855684,0.957516,0.969595,0.957166,1.017212
1,54.038906118258126,1.013652,1.008711,1.017212,1.023689
1,57.00809950670343,1.026936,1.031088,1.023689,1.008264
1,58.05042262485763,1.001639,1.005025,1.008264,1.078689
1,66.45784094603262,1.09329,1.08,1.078689,1.019757
1,68.31026524588165,1.011976,1.021605,1.019757,0.99851
1,67.99916926993572,0.994083,0.983384,0.99851,1.00597
1,68.61488023340527,1.004464,1.019969,1.00597,1.013353
1,70.01291227711016,1.013333,1.010542,1.013353,1.033675
1,73.28764274106581,1.035088,1.038748,1.033675,0.991501
1,71.10613654885728,0.992938,0.97274,0.991501,1.058571
1,76.29804627498119,1.069701,1.082596,1.058571,1.063428
1,80.60126654413398,1.058511,1.051771,1.063428,1.022843
1,81.95266043503015,1.031407,1.005181,1.022843,0.986352
1,78.36006568929592,0.969549,1.003866,0.986352,1.049057
1,81.46280811714772,1.071608,1.030809,1.049057,1.008393
1,81.96270374804692,0.996483,1.032379,1.008393,0.929845
1,65.84518831741461,0.958824,0.91918,0.929845,0.952685
0,58.125764395533785,0.923926,0.961942,0.952685,1.068456
1,64.33278494357488,1.079681,1.070941,1.068456,1.0
1,64.33278494357488,1.0,1.0,1.0,1.0
0,64.33278494357486,1.0,1.0,1.0,1.0
0,64.33278494357486,1.0,1.0,1.0,1.0
0,64.33278494357488,1.0,1.0,1.0,1.0
0,64.33278494357488,1.0,1.0,1.0,1.0
1,64.33278494357488,1.0,1.0,1.0,1.0
1,64.33278494357488,1.0,1.0,1.0,1.0
1,64.33278494357488,1.0,1.0,1.0,1.0
1,64.33278494357488,1.0,1.0,1.0,1.0
1,64.33278494357488,1.0,1.0,1.0,1.0
1,64.33278494357486,1.0,1.0,1.0,1.0
1,64.33278494357486,1.0,1.0,1.0,1.0
1,64.33278494357486,1.0,1.0,1.0,1.0
1,64.33278494357486,1.0,1.0,1.0,1.0
1,64.33278494357486,1.0,1.0,1.0,1.0
1,64.33278494357486,1.0,1.0,1.0,1.051508
1,74.88293228933989,1.1,1.06242,1.051508,0.998805
1,74.305618666206,0.937778,0.991607,0.998805,1.032297
1,79.01077284334646,1.030806,1.016929,1.032297,1.052144
1,84.202910563626,1.055172,1.055886,1.052144,0.992291
1,80.85238600095936,0.993464,1.001126,0.992291,1.054384
1,85.27065270566132,1.042763,1.029246,1.054384,1.034737
1,87.38229427101794,1.036803,1.04153,1.034737,0.98881
1,83.10539196046841,1.007099,1.012592,0.98881,1.07716
1,87.57186798288699,1.075529,1.051813,1.07716,0.983763
1,82.26309363749537,0.975655,1.005911,0.983763,0.950485
1,68.79016677081171,0.943378,0.935357,0.950485,1.089888
1,76.07225408967061,1.1,1.1,1.089888,1.1
1,85.0417305219889,1.1,1.1,1.1,1.003132
1,85.1558724912386,1.025059,1.029581,1.003132,1.1
1,89.61493963224008,1.1,1.1,1.1,1.030201
1,90.29118815744265,1.036242,1.004178,1.030201,1.0
1,90.29118815744265,1.0,1.0,1.0,0.9
1,61.07777839129603,0.9,0.9,0.9,0.9
0,45.418852419297046,0.9,0.9,0.9,0.923554
0,42.350504371718785,0.923554,0.9,0.923554,0.96085
0,40.94168540839081,0.961969,1.00495,0.96085,1.1
0,47.209640157830066,1.1,1.1,1.1,0.9
0,42.03274612452859,0.9,0.9,0.9,1.089412
0,45.915998896207775,1.056948,1.040142,1.089412,1.083153
0,49.599885659004784,1.08944,1.1,1.083153,0.910269
0,45.683102593650084,0.9545,0.9393,0.910269,0.9
0,41.24066322412846,0.9,0.9,0.9,0.9
0,37.83454051802161,0.913642,0.918742,0.9,1.1
0,42.528989253454675,1.083562,1.068474,1.1,0.981037
0,41.96025807621015,0.99115,0.977303,0.981037,1.087629
0,45.51725348550306,1.079082,1.096995,1.087629,0.994076
0,45.29742844862992,1.004728,1.021171,0.994076,1.027414
1,46.575583119711574,1.023529,1.035366,1.027414,1.038283
1,48.43716955192908,1.031034,1.037691,1.038283,1.020112
1,49.47141542313531,1.025641,1.027242,1.020112,1.043812
1,51.785793160005966,1.043478,1.046409,1.043812,1.070304
1,55.46534320981869,1.065625,1.035903,1.070304,1.059804
1,58.565751370745986,1.1,1.1,1.059804,1.000925
1,58.616614330488694,0.96831,0.990749,1.000925,0.985213
1,57.4024505870875,1.030909,0.995331,0.985213,1.009381
1,57.98817427197833,0.965608,0.984991,1.009381,0.958178
1,54.36550416404054,0.947945,0.962857,0.958178,1.039767
1,57.00123673280954,1.046243,1.048467,1.039767,1.1
1,63.43584916688139,1.093923,1.060377,1.1,0.969697
1,60.4142621884996,0.981481,1.018683,0.969697,0.9
0,46.91172704855901,0.9,0.9,0.9,0.9
0,39.798493805656264,0.9,0.9,0.9,1.025
0,41.0813033395142,0.982079,1.001261,1.025,0.943902
0,39.02174531798593,0.954988,0.924433,0.943902,1.089147
0,43.59011241089491,1.09172,1.1,1.089147,0.991696
0,43.23622314738397,0.97783,0.95933,0.991696,1.021531
0,44.48433664540472,1.023866,1.043641,1.021531,0.968384
0,42.958500658641086,0.984848,0.979689,0.968384,0.948005
0,40.57171470935649,0.96568,0.942683,0.948005,1.029337
0,42.41469254027371,0.991422,1.009056,1.029337,1.08798
1,47.79665247696001,1.086527,1.092308,1.08798,1.027335
1,49.514302607706824,1.039818,1.044601,1.027335,1.002217
1,49.66293984993174,0.991247,0.993258,1.002217,1.043142
1,52.59391835832515,1.045254,1.052036,1.043142,1.058324
1,56.44551203083386,1.068638,1.067742,1.058324,0.932866
1,51.00866449856717,0.921937,0.909366,0.932866,1.01826
1,52.26502208091646,1.022508,1.044297,1.01826,1.001055
1,52.34244356989447,1.031447,0.991516,1.001055,0.942044
0,47.75480454710597,0.930894,0.947594,0.942044,0.977629
0,46.170100898293235,0.959607,0.971783,0.977629,0.994279
0,45.76126063624573,1.001138,1.001161,0.994279,1.032221
0,48.51093070606079,1.025,1.029002,1.032221,0.9699
0,46.08477384579678,0.971175,0.965051,0.9699,0.986207
0,45.0074025889671,0.989726,0.992991,0.986207,0.927739
0,39.82681914837651,0.930796,0.911765,0.927739,1.070352
0,45.88564199248228,1.091698,1.098065,1.070352,1.07277
1,51.685902528103085,1.040863,1.055229,1.07277,1.1
1,59.01176033619311,1.1,1.069042,1.1,0.963366
1,55.517693537938925,0.95183,0.996875,0.963366,0.960946
1,52.10543288946133,0.97166,0.964472,0.960946,1.032086
1,54.483905290613485,1.020833,1.039003,1.032086,0.981347
1,52.78996094104991,0.973469,0.976017,0.981347,1.039071
1,55.82995446552139,1.041929,1.042735,1.039071,0.979675
1,53.81281035187495,0.973843,0.974385,0.979675,1.012448
1,54.86648076616022,1.047521,1.015773,1.012448,0.998975
1,54.75438078039428,0.969428,1.007246,0.998975,0.930256
0,47.62820882135957,0.963377,0.9,0.930256,0.973539
0,45.38319260337901,0.93981,1.002304,0.973539,1.019253
0,47.278861046655415,1.011236,1.016092,1.019253,1.025556
0,49.81667122132029,1.035556,1.016968,1.025556,0.99675
0,49.482090822516135,0.988197,1.011123,0.99675,1.001087
0,49.603594320760244,1.013029,0.9956,1.001087,1.005429
0,50.24792571775031,1.003215,1.01768,1.005429,0.966523
0,46.29582560684456,0.972222,0.970684,0.966523,1.013408
0,48.00077276751663,1.007692,1.002237,1.013408,1.003308
1,48.44145769999276,1.008724,1.011161,1.003308,0.968132
0,44.51418411534033,0.964324,0.952539,0.968132,1.017026
0,46.911643076159166,1.024664,1.031286,1.017026,0.969866
0,43.2860862678073,0.964989,0.970787,0.969866,0.957422
0,38.85451071639536,0.950113,0.931713,0.957422,1.027644
0,42.77640405226199,1.03222,1.049689,1.027644,1.022222
0,45.86539593078103,1.018497,1.022485,1.022222,1.002288
0,46.19464774603283,1.007946,1.009259,1.002288,0.969178
0,42.441764160001156,0.984234,0.97133,0.969178,1.001178
0,42.62767162449662,0.975973,0.974026,1.001178,1.012941
0,44.741950511465944,1.017585,1.037576,1.012941,1.004646
1,45.52806283978006,1.004608,1.0,1.004646,1.061272
1,54.71980628365167,1.076835,1.035047,1.061272,0.966231
1,49.462408460565264,0.978701,0.996614,0.966231,1.1
1,70.05302805952853,1.1,1.1,1.1,0.930467
1,60.29296601624937,0.9,0.937848,0.930467,0.989184
1,59.011445119497,0.975,0.982196,0.989184,1.025845
1,61.11524192325419,1.0286,1.025176,1.025845,1.088178
1,67.41849875405701,1.1,1.095285,1.088178,0.992876
1,66.39947680802536,1.056397,0.977578,0.992876,1.025112
1,68.21056656820998,0.941833,1.036697,1.025112,0.932633
1,58.82103410417006,0.963621,0.930088,0.932633,1.060038
1,63.33832951885341,0.996488,1.049477,1.060038,0.9
0,48.82734826529676,0.9,0.9,0.9,0.944272
0,45.09556370799158,1.019487,0.947368,0.944272,0.9
0,37.25856823430414,0.9,0.9,0.9,0.988417
0,36.80928392551777,0.962103,0.996058,0.988417,0.9
0,33.12858057202973,0.9,0.907652,0.9,0.955137
0,31.75200440535684,0.947592,0.917151,0.955137,1.063636
0,35.65319090849852,1.049327,1.079239,1.063636,1.1
0,41.795494847441105,1.1,1.1,1.1,0.962532
0,40.13375046885578,0.902994,0.942857,0.962532,1.014765
0,41.090502592612516,1.025199,1.033058,1.014765,1.001323
1,41.18252968985074,0.987063,1.002667,1.001323,0.937913
0,38.164828317453136,0.948886,0.942819,0.937913,0.956338
0,36.27666682706857,0.95442,0.952045,0.956338,1.030928
0,38.496488164488845,1.041968,1.01037,1.030928,1.047143
1,41.920399324286024,1.043056,1.071848,1.047143,0.982265
0,40.95318144872643,0.990679,0.983584,0.982265,1.044444
1,44.35651514724464,1.026882,1.029207,1.044444,0.99734
1,44.18510024452118,0.98822,0.977027,0.99734,1.004
1,44.53136998384733,1.0,1.020747,1.004,0.954847
0,41.396829942953445,0.977483,0.963415,0.954847,0.997218
0,41.21305835343442,0.98374,1.005626,0.997218,0.990237
0,40.53480476561986,0.991736,0.986014,0.990237,1.005634
0,41.13100278437,0.993056,1.004255,1.005634,1.012605
0,42.527232859200915,1.012587,1.011299,1.012605,1.012448
1,43.958641672829124,1.015193,1.00838,1.012448,0.990437
0,43.060345998342754,0.995918,0.993075,0.990437,1.004138
1,43.59235734228378,1.006831,1.011158,1.004138,0.993132
0,42.87336042735149,0.990502,0.97931,0.993132,0.987552
0,41.54506907334881,0.990411,0.997183,0.987552,0.95098
0,36.77359928419283,0.969571,0.950565,0.95098,0.998527
0,36.64410415271255,0.970043,0.995542,0.998527,0.998525
0,36.5056639468119,0.998529,1.002985,0.998525,0.982275
0,34.806316728521345,0.9838,0.983631,0.982275,0.990977
0,33.95521199224532,0.991018,0.981846,0.990977,0.949924
0,29.659491519636923,0.956193,0.950693,0.949924,1.025559
0,34.01807412251782,1.026856,1.034036,1.025559,1.043614
0,40.917619779030744,1.084615,1.001567,1.043614,1.046269
1,47.46721253260802,1.024113,1.042254,1.046269,0.99572
1,46.92507986402184,0.98338,1.022523,0.99572,0.962751
1,42.4048157903264,0.961972,0.985316,0.962751,0.953869
0,37.737138891878416,0.942899,0.940387,0.953869,1.0
0,37.73713889187841,1.0,1.0,1.0,1.0
0,37.73713889187841,1.0,1.0,1.0,1.0
0,37.73713889187841,1.0,1.0,1.0,1.054602
1,46.654361470602566,1.071429,1.050713,1.054602,1.010355
1,48.25068108801378,0.998551,1.024133,1.010355,0.973646
0,44.558282910074546,0.979681,0.979381,0.973646,0.959398
0,39.65608481256941,0.991111,0.924812,0.959398,1.004702
0,40.44016070615147,0.962631,1.037398,1.004702,1.015601
0,43.09441739261723,1.018634,1.010972,1.015601,0.983103
0,40.93346461604739,0.990854,0.989147,0.983103,0.95
0,35.376019263813596,0.96,0.951411,0.95,0.965461
0,32.278825216262184,0.956731,0.958814,0.965461,1.1
1,46.46111040040402,1.088777,1.054983,1.1,1.024768
1,49.5468727485267,1.021538,1.061889,1.024768,1.019637
1,51.96913720765699,1.027108,1.019939,1.019637,0.977778
1,49.04332808003167,0.983871,0.984962,0.977778,1.010606
1,50.44541768024671,0.99851,1.007634,1.010606,1.008996
1,51.672867187474665,1.016418,1.007576,1.008996,1.011887
1,53.33266887010868,1.007342,1.013534,1.011887,0.9
0,32.01688125149409,0.9,0.9,0.9,1.03352
0,35.48780128075999,1.039033,1.060784,1.03352,1.003604
0,35.87952729415566,1.005367,1.001848,1.003604,1.043088
0,40.544992317145365,1.048043,1.059041,1.043088,0.991394
0,39.893744220037384,0.979626,0.984321,0.991394,1.015625
0,41.70871672266108,1.025997,1.028319,1.015625,0.938462
0,36.907907258328976,0.947635,0.94148,0.938462,1.027322
0,40.006505317453296,1.008913,1.023766,1.027322,0.978723
0,38.38246127656114,0.985866,0.960714,0.978723,0.983696
0,37.16393520143862,0.980287,0.998141,0.983696,1.016575
0,39.24121857505101,1.060329,1.009311,1.016575,0.947464
0,35.202859931858995,0.932759,0.944649,0.947464,0.996176
0,34.935835978501466,0.974122,1.0,0.996176,1.028791
0,38.69192519440972,1.026565,1.027344,1.028791,1.026119
1,42.054231185831156,1.016636,1.013308,1.026119,0.978182
0,40.02785635656663,0.990909,1.009381,0.978182,0.957249
0,36.40688659021949,0.954128,0.910781,0.957249,1.015534
0,38.49112402103174,1.007692,1.038776,1.015534,0.975143
0,36.40319989571948,0.980916,0.992141,0.975143,1.043137
1,42.124717693282285,1.036965,1.033663,1.043137,0.992481
1,41.395510035936944,1.001876,1.003831,0.992481,1.049242
1,47.72938995920935,1.041199,1.040076,1.049242,0.958484
0,43.27381931399167,0.97482,0.968807,0.958484,1.0
0,43.273819313991666,1.00738,0.994318,1.0,1.001883
1,43.539587521792825,0.979853,1.005714,1.001883,0.986842
0,42.05429311848758,0.988785,0.99053,0.986842,0.967619
0,38.609537637725566,0.967864,0.967495,0.967619,0.998031
0,38.41022689981427,0.990234,0.988142,0.998031,1.0
0,38.41022689981427,1.00789,0.996,1.0,1.017751
0,41.55916679735972,1.011742,1.03012,1.017751,1.031008
1,46.76964175559501,1.030948,1.003899,1.031008,1.011278
1,48.61965106697989,1.013133,1.025243,1.011278,1.085502
1,60.075868901387075,1.1,1.022727,1.085502,1.023973
1,62.79482650114226,1.015152,1.064815,1.023973,0.993311
1,61.50598073563095,1.016584,1.022609,0.993311,0.984848
1,58.5920260020311,0.957586,0.979592,0.984848,1.018803
1,61.02262281440538,1.018739,1.017361,1.018803,1.063758
1,68.0087402124452,1.076923,1.051195,1.063758,0.998423
1,67.6650329946547,0.996894,1.01461,0.998423,1.07425
1,74.25157097381872,1.070093,1.0464,1.07425,0.991176
1,72.22886097950096,0.982533,0.995413,0.991176,1.02819
1,74.58949321989837,1.060741,1.06298,1.02819,1.015873
1,75.86841576567168,0.99581,1.001445,1.015873,1.021307
1,77.52926942154731,1.01122,1.002886,1.021307,0.98331
1,73.18947804099004,0.988904,0.964029,0.98331,0.953324
1,62.78179069375664,0.959327,0.992537,0.953324,0.982196
0,59.47005320757227,0.979532,0.96391,0.982196,1.004532
0,60.03759585904711,1.014925,1.014041,1.004532,0.977444
0,55.828100720795916,0.964706,0.976923,0.977444,0.969231
0,50.721603349681374,0.97561,0.976378,0.969231,0.931746
0,41.85696306028737,0.957812,0.937097,0.931746,1.069847
0,50.70369030787426,1.034258,1.063683,1.069847,1.036624
0,54.85358308812911,1.026814,1.02589,1.036624,1.006144
1,55.554342025413376,1.013825,1.0,1.006144,1.1
1,71.50888324497622,1.1,1.1,1.1,0.974651
1,67.60800001743169,1.003759,1.002611,0.974651,0.976593
1,64.21290105212503,0.961298,0.976562,0.976593,1.1
1,75.12454902394617,1.1,1.1,1.1,0.919732
1,64.6549519156328,0.924192,0.968561,0.919732,0.944242
1,58.997846521349196,0.956574,0.945069,0.944242,1.041078
1,61.52017909754044,1.041614,1.063408,1.041078,0.956843
1,57.36361088037424,0.953995,0.952795,0.956843,1.0
0,57.363610880374246,1.022843,1.007823,1.0,1.074742
1,62.26371971691669,1.05335,1.059508,1.074742,1.043165
1,64.9558727789017,1.027091,1.037851,1.043165,1.005747
1,65.32586996362697,1.008028,1.010588,1.005747,1.027429
1,67.12034077973739,1.029579,1.018626,1.027429,1.001112
1,67.19651784111777,1.0,1.005714,1.001112,1.084444
1,72.4253549629466,1.088398,1.093182,1.084444,1.088115
1,76.91043726728624,1.1,1.086279,1.088115,0.955744
1,70.19109739260132,0.928116,0.941627,0.955744,0.983251
1,67.88102563362065,0.996078,1.001016,0.983251,1.017034
1,68.98044573883723,1.012795,1.026396,1.017034,0.984236
1,66.66746666820012,0.979592,0.969337,0.984236,0.95996
0,61.14735253739833,0.977183,0.970408,0.95996,1.023983
1,63.042276735933044,0.996954,1.005258,1.023983,0.990835
0,61.772676483732404,1.013238,1.013598,0.990835,1.075026
1,67.49139229146445,1.056281,1.054696,1.075026,0.959847
0,61.76624171969192,0.968601,0.97456,0.959847,0.971116
