1,100.0,1.041943,1.056818,1.039867,1.071353
1,100.0,1.067797,1.001075,1.071353,0.904573
1,49.27481533401629,0.927579,0.976369,0.904573,0.983516
1,45.39972715913042,0.996791,0.979098,0.983516,1.008939
1,47.75938106341827,0.969957,1.002247,1.008939,1.002215
1,48.36022615741439,1.011062,0.997758,1.002215,1.044199
1,58.61283830558548,1.04814,1.057303,1.044199,0.979894
1,53.20887302064041,0.974948,0.97237,0.979894,0.968683
0,46.20640605598562,0.988223,0.977049,0.968683,1.047938
1,55.547866144100894,1.020585,1.034676,1.047938,1.028723
1,60.219169194933485,1.032909,1.022703,1.028723,1.007239
1,61.35308097220123,1.002055,1.010571,1.007239,1.024641
1,65.03317950057095,1.026667,1.029289,1.024641,0.981964
1,60.388609173810885,0.99001,0.985772,0.981964,0.986735
1,57.21068705506261,1.016145,0.995876,0.986735,0.935884
0,45.037693678589335,0.979146,0.919255,0.935884,0.956906
0,39.36387254927293,0.907708,0.974099,0.956906,0.939954
0,33.33397394741788,0.919553,0.934104,0.939954,0.934889
0,28.53595637806503,0.928311,0.9,0.934889,1.044678
0,34.99961487777351,1.07199,1.1,1.044678,1.027673
0,38.85343407235896,1.019536,0.998737,1.027673,0.990208
0,37.971799575385184,0.982036,1.018963,0.990208,0.953028
0,34.02263360387298,0.995122,0.950372,0.953028,1.016861
0,36.45738016989693,0.980392,1.01436,1.016861,0.9
0,28.728792162497502,0.9,0.9,0.9,1.048851
0,34.505745150813574,1.03966,1.050746,1.048851,1.054795
0,40.60530030861018,1.070845,1.076705,1.054795,1.009091
1,41.62979313572696,0.997455,1.007916,1.009091,1.03861
1,45.93400214489182,1.031888,1.036649,1.03861,1.016109
1,47.732622927166304,1.014833,1.010101,1.016109,1.07439
1,55.25464359073514,1.073082,1.04125,1.07439,0.970488
1,51.830755574991095,0.986379,1.022809,0.970488,1.030409
1,54.84410768558816,1.033372,1.023474,1.030409,1.057889
1,60.114860772655845,1.040089,1.036697,1.057889,0.97103
1,56.363940263749434,0.974304,0.974558,0.97103,0.996685
1,55.94623585351797,1.008791,1.021566,0.996685,0.970067
1,52.1970186145551,0.969499,0.968889,0.970067,1.050286
1,57.22748360147385,1.035955,1.022936,1.050286,1.010881
1,58.301487159583694,1.018438,1.03139,1.010881,0.96986
1,54.19787865104718,0.98722,0.969565,0.96986,1.054384
1,59.562001032015175,1.030205,1.038117,1.054384,0.995789
1,58.95500983128673,0.991623,1.009719,0.995789,1.057082
1,64.25151296459794,1.067582,1.059893,1.057082,0.941
1,55.781870358702754,1.003956,0.948537,0.941,1.047821
1,60.10183178204604,0.973399,1.015957,1.047821,1.044625
1,63.82344747324911,1.055668,1.065969,1.044625,1.074757
1,69.23220669316018,1.078619,1.063851,1.074757,0.958446
1,63.15722083306141,0.944,0.961219,0.958446,1.081998
1,68.74350994816187,1.089454,1.07877,1.081998,0.987805
1,66.98343205584922,1.011236,0.99911,0.987805,0.940917
1,59.17490364250645,0.923077,0.94385,0.940917,1.048735
1,62.79953156685591,1.04537,1.04627,1.048735,1.025022
1,64.62099796061824,1.023029,1.018051,1.025022,1.03313
1,66.98371243270817,1.027706,0.99734,1.03313,1.1
1,73.54326592068699,1.1,1.1,1.1,0.989362
1,71.89922852067085,1.0,1.030645,0.989362,1.09063
1,76.63937619188218,1.090023,1.089984,1.09063,0.935211
1,67.13136642994529,0.955953,0.947595,0.935211,0.997741
1,66.84016514779361,0.967603,0.986364,0.997741,0.984906
1,64.82142782224267,0.973214,0.983103,0.984906,0.97931
1,62.094859411802496,1.003823,0.996094,0.97931,0.953834
0,56.501992326713896,0.936786,0.94902,0.953834,1.02461
0,58.5465234936585,1.027642,1.028926,1.02461,1.054444
1,62.813163008683816,1.058544,1.036145,1.054444,1.029613
1,65.0358983001781,1.059043,1.018605,1.029613,0.929941
0,56.220588596320496,0.900494,0.951294,0.929941,0.995242
0,55.70701035985208,1.0,1.0,0.995242,0.933068
0,48.96335849793616,0.939655,0.9352,0.933068,1.032451
0,51.805661092357916,1.010008,1.011121,1.032451,1.045492
1,55.65508571459535,1.06441,1.044839,1.045492,1.037184
1,58.69148725746306,1.017843,1.02996,1.037184,0.9
0,44.94193423016045,0.964177,0.9,0.9,1.1
0,52.18052758150159,0.983399,1.090991,1.1,0.941606
0,47.99845287594555,0.942122,0.943848,0.941606,0.981051
0,46.76512018474115,0.995734,0.994751,0.981051,1.091308
1,52.92332497869128,1.07455,1.039578,1.091308,0.990346
1,52.173362957645566,1.00319,1.032149,0.990346,1.004062
1,52.475554737857976,1.00159,1.004098,1.004062,1.027508
1,54.57729661259399,1.011905,1.021224,1.027508,0.972441
1,52.026584483843024,0.981176,0.976819,0.972441,0.983806
1,50.57210664936167,0.976819,0.972995,0.983806,1.016461
1,52.016735443572315,1.016367,1.010934,1.016461,0.975709
0,49.671598311584106,0.988728,0.997504,0.975709,0.949378
0,45.20848074664581,0.938925,0.947456,0.949378,1.033217
0,48.323506720735985,1.03209,1.03081,1.033217,0.970389
0,45.74391602690521,0.97479,0.973527,0.970389,0.969486
0,43.25714989529091,0.971552,0.97193,0.969486,0.996403
0,42.969648448828174,0.995563,0.99278,0.996403,0.982852
0,41.5567781505071,0.976827,0.983636,0.982852,0.968779
0,39.08044005068894,0.976277,0.959335,0.968779,0.995261
0,38.71507754763996,0.992523,0.998073,0.995261,1.027619
0,42.09637192092515,1.018832,1.028958,1.027619,0.926784
0,36.231838221837094,0.965804,0.938086,0.926784,1.056
0,42.361635177131035,1.010526,1.043,1.056,1.03125
1,45.67559878893668,1.037879,1.037392,1.03125,0.980716
0,43.94408272244067,0.985401,0.981516,0.980716,0.973783
0,41.6755401516097,1.003704,0.978343,0.973783,0.994231
0,41.18490071191775,0.972325,0.985563,0.994231,1.009671
0,42.401989149549394,1.028463,0.995117,1.009671,0.931034
0,36.53913903028332,0.907749,0.947007,0.931034,1.007202
0,37.44473947136818,0.995935,0.982383,1.007202,1.025536
0,40.699476073739,1.027551,1.033755,1.025536,0.99004
0,39.80728224767932,0.994042,1.011224,0.99004,1.046278
1,45.70363755059529,1.040959,1.020182,1.046278,0.986538
1,44.281895581597304,0.990403,0.978239,0.986538,0.986355
0,42.84650496765069,0.992248,1.016178,0.986355,0.998024
0,42.6338940589937,0.994141,0.977114,0.998024,1.005941
1,43.539051753375205,1.0,1.020367,1.005941,1.004921
1,44.32739232539156,1.023576,1.016966,1.004921,1.009794
1,45.95276832821445,1.007678,1.007851,1.009794,1.026188
1,50.1818702027838,1.014286,1.014606,1.026188,1.005671
1,51.09762005667792,1.0,1.008637,1.005671,0.973684
1,46.77638803129641,0.975587,0.972407,0.973684,0.984556
0,44.46247423980214,0.981713,0.977495,0.984556,0.939216
0,36.85452364777329,0.957843,0.958959,0.939216,1.018789
0,40.06114723046009,1.004094,0.98643,1.018789,0.994877
0,39.46168265964432,0.995923,1.017989,0.994877,1.011329
0,41.53443610511113,1.021494,0.993763,1.011329,1.007128
0,42.87483724590023,0.991984,1.021967,1.007128,1.054601
1,52.01440989126493,1.069697,0.970317,1.054601,0.991371
1,50.56243257510906,0.990557,1.082278,0.991371,0.988395
1,48.613846644690035,0.987607,0.995127,0.988395,1.021526
1,52.24726939610477,1.010618,0.988247,1.021526,0.988506
1,50.16372458193891,0.992359,1.013875,0.988506,1.008721
1,51.718840914582074,1.012512,1.009775,1.008721,0.945245
0,42.64308252565633,0.952471,0.944821,0.945245,1.038618
1,49.060788091431334,1.035928,1.032787,1.038618,0.997065
0,48.5984720719496,1.0,1.0,0.997065,0.993131
0,47.4743210665838,0.977842,0.983135,0.993131,1.029644
1,52.54105412167905,1.036453,1.034309,1.029644,1.044146
1,59.06191756549098,1.04943,0.998049,1.044146,1.022978
1,62.10903728612903,1.048007,1.037146,1.022978,0.936208
1,50.591867787000076,0.945549,0.980207,0.936208,0.947217
0,43.81400275806101,0.903108,0.926923,0.947217,1.009119
0,45.10990047431622,1.030364,1.026971,1.009119,0.971888
0,41.87405443697105,0.951866,0.955556,0.971888,0.969008
0,38.67314505461542,0.973168,0.975687,0.969008,0.988273
0,37.54001711970525,0.984093,0.982665,0.988273,1.063646
0,46.580885536845976,1.077586,1.06505,1.063646,0.978702
0,44.13229179560259,0.972,0.990683,0.978702,1.004145
0,44.72827957870209,1.003086,0.99791,1.004145,1.028896
1,48.84233325013885,1.025641,1.02199,1.028896,0.997994
1,48.56427198102455,1.005,1.005123,0.997994,0.998995
1,48.41585404663902,1.01194,1.002039,0.998995,1.006036
1,49.41477048238658,1.000983,1.015259,1.006036,0.947
0,41.72791222306339,0.951866,0.947896,0.947,1.006336
0,42.81247196320405,0.995872,1.001057,1.006336,0.979014
0,40.131213840030206,0.977202,0.974657,0.979014,1.004287
0,40.928041443177655,0.995758,0.985915,1.004287,0.98826
0,39.37596707184283,0.994675,1.010989,0.98826,0.976242
0,36.40266253337069,0.977516,0.961957,0.976242,1.021018
0,40.576019231602935,1.013143,1.030508,1.021018,1.006501
0,41.873214076075044,1.008649,0.986842,1.006501,0.98493
0,39.695759723883036,0.993569,1.013333,0.98493,1.037158
1,46.91541926874187,1.02589,1.02193,1.037158,0.990516
1,45.36710812364842,1.002103,1.004292,0.990516,1.028723
1,50.63095560424185,1.040923,1.028846,1.028723,1.053775
1,58.85350067196169,1.030242,1.041537,1.053775,1.029441
1,62.71203862269963,1.03229,1.0,1.029441,1.1
1,75.76514194497653,1.1,1.1,1.1,1.023987
1,77.3151827098034,1.040816,0.989744,1.023987,1.054927
1,80.46953891355474,1.033725,1.066494,1.054927,0.9
1,59.31043242905943,0.9,0.918219,0.9,0.976399
1,56.63740984424902,0.966102,0.982363,0.976399,0.962399
0,52.66151323934019,0.955263,0.962298,0.962399,0.973023
0,50.04898860368817,0.984389,0.960821,0.973023,1.010516
0,51.0411395061469,0.997201,1.017476,1.010516,0.966887
0,47.78863354801069,0.973807,0.971374,0.966887,1.007828
0,48.59495846337866,1.003842,1.008841,1.007828,0.96699
0,45.38685253284281,0.97512,0.968841,0.96699,0.985944
0,44.095959999533584,0.974485,0.975879,0.985944,0.930754
0,38.38525172042442,0.936556,0.939238,0.930754,1.012035
0,39.74467610195511,1.004301,0.994518,1.012035,1.019459
0,41.99976982756152,1.010707,1.017641,1.019459,1.040297
0,46.54786942733471,1.041314,1.029252,1.040297,1.008155
1,47.48156035294284,1.007121,1.018947,1.008155,1.012133
1,48.9228159466449,1.041414,1.033058,1.012133,0.912088
0,40.208502127555164,0.920466,0.91,0.912088,0.952903
0,36.76263267056656,0.924131,0.941758,0.952903,0.978161
0,35.322182355514514,0.984036,0.97783,0.978161,1.012926
0,36.86455284213064,1.001159,0.979714,1.012926,1.010441
0,38.16385530373779,1.028935,1.035323,1.010441,1.025258
0,41.341690688860346,1.023622,1.044706,1.025258,1.1
1,52.17067563356157,1.093407,1.042793,1.1,1.01119
1,53.305321811079104,1.009045,1.062635,1.01119,1.004024
1,53.735124958352074,1.018924,1.006098,1.004024,1.04509
1,58.37680138038145,1.045943,1.042424,1.04509,0.964525
1,53.61386804273568,0.960748,0.964147,0.964525,1.037773
1,57.453297320518374,1.01751,1.026131,1.037773,1.000958
1,57.55286719508601,1.007648,1.015671,1.000958,0.98756
1,55.72705468920951,1.075901,0.973963,0.98756,1.012597
1,57.18964510937595,0.922399,1.020792,1.012597,0.977033
0,53.66490388261913,0.986616,0.984481,0.977033,1.019589
1,56.0934300358041,1.025194,0.995074,1.019589,1.027858
1,59.4150533603358,1.013233,1.023762,1.027858,0.975701
1,55.37059737820352,0.98041,1.0,0.975701,1.062261
1,62.282951968624324,1.079924,1.060928,1.062261,0.955816
1,55.326247464391415,0.938326,0.940747,0.955816,1.04717
1,60.21013286623969,1.065728,1.027132,1.04717,0.981081
1,57.37315630868923,1.005286,1.009434,0.981081,1.015611
1,59.055058463368844,0.969325,1.003738,1.015611,1.018083
1,61.00444693060237,1.051537,1.047486,1.018083,1.015986
1,62.724526353486304,0.99742,1.013333,1.015986,0.980769
1,59.282645359510056,0.981034,0.974561,0.980769,1.097148
1,68.50412543545376,1.095782,1.067507,1.097148,0.913079
1,55.271050796590664,0.910986,0.915683,0.913079,1.013345
1,56.538529347047856,1.011444,1.018416,1.013345,0.985075
0,54.648483313661686,0.981723,1.006329,0.985075,0.975936
0,51.69280284905153,0.986702,0.971249,0.975936,1.043836
1,56.225556894872405,1.034142,1.045328,1.043836,1.023622
1,58.57989442671177,1.027802,1.019469,1.023622,0.998291
1,58.329636248189736,0.993238,0.998264,0.998291,1.014555
1,59.89786981802913,1.010213,1.00087,1.014555,1.029536
1,62.986378592264074,1.043808,1.04344,1.029536,0.971311
1,58.16236894840218,0.965295,0.967527,0.971311,0.996624
1,57.61923661396128,0.991639,0.993115,0.996624,0.991533
1,56.206139464713466,1.003373,1.012132,0.991533,0.971819
0,51.700104433120636,0.961345,0.961473,0.971819,1.050967
1,58.06366290165607,1.048951,1.032057,1.050967,0.992475
1,56.81282951199064,1.003333,1.016393,0.992475,1.021061
1,59.42745488124623,1.017442,1.021222,1.021061,1.033828
1,63.346650321410635,1.022857,1.022444,1.033828,1.1
1,77.50281000360526,1.1,1.1,1.1,0.955363
1,69.67376373851535,0.939922,0.949529,0.955363,0.949093
1,62.2905366887368,0.955326,0.955351,0.949093,0.977223
1,59.41134959020269,0.976978,0.965875,0.977223,1.090226
1,65.96872782556787,1.073638,1.079877,1.090226,0.9
0,27.850449958894124,0.9,0.9,0.9,1.039526
0,28.789271991038465,1.042471,1.072464,1.039526,1.032319
0,29.627488682438358,1.014815,1.011583,1.032319,0.970534
0,29.278178951250823,0.983577,0.980916,0.970534,0.994307
0,29.208642396287544,0.985158,1.009728,0.994307,0.984733
0,29.010771553010077,0.988701,0.982659,0.984733,1.0
0,29.01077155301008,0.992381,1.007843,1.0,0.996124
0,28.953901072905367,0.988484,0.992218,0.996124,1.038911
0,30.42275804190641,1.083495,1.019608,1.038911,0.964419
0,29.79259078754857,0.924731,0.984615,0.964419,1.029126
1,31.00760349694679,1.052326,1.033203,1.029126,1.037736
1,32.680474073907014,1.023941,1.028355,1.037736,1.036364
1,34.393610437766505,1.030576,1.03125,1.036364,1.02807
1,35.80112524121017,1.029668,1.032086,1.02807,1.1
1,43.47383716018437,1.1,1.1,1.1,1.1
1,49.366786688805455,1.1,1.088456,1.1,0.985621
1,48.659798809943084,0.973042,1.019284,0.985621,0.940318
1,45.77190882594474,0.937995,0.947297,0.940318,1.014104
1,46.53132859423978,1.012658,1.008559,1.014104,1.011127
1,47.168744914571285,1.018056,1.022631,1.011127,1.005502
1,47.505714345089416,1.015007,1.006916,1.005502,0.93844
0,44.09805468334309,0.93414,0.910714,0.93844,0.983965
0,43.280775847928794,0.97554,1.003017,0.983965,1.054815
0,46.849029676290584,1.069322,1.063158,1.054815,1.007022
0,47.33123451212132,0.993103,0.994342,1.007022,0.947001
0,44.05963920783665,0.945833,0.955903,0.947001,1.001473
0,44.16900668283713,1.001468,1.004464,1.001473,1.055882
1,48.30499923959395,1.064516,1.051852,1.055882,1.02507
1,50.187421328544765,1.063361,0.987324,1.02507,1.072011
1,55.34373052761214,1.041451,1.091298,1.072011,0.942966
1,50.558373464517736,0.951493,0.956863,0.942966,1.00672
1,51.06467652876635,0.99085,1.015027,1.00672,1.008011
1,51.70381732736319,1.023747,0.993271,1.008011,1.1
1,61.38890232633982,1.1,1.1,1.1,0.966357
1,57.99440381261611,0.951648,0.990476,0.966357,1.1
1,66.73705430429189,1.1,1.1,1.1,0.9
1,55.95831451886621,0.911432,0.90625,0.9,0.909518
0,49.88465240506172,0.908475,0.914388,0.909518,1.046512
0,52.4814927573986,1.013682,1.037711,1.046512,1.018519
1,53.56125568853526,1.023313,1.018797,1.018519,0.987879
0,52.701486428325765,0.985612,0.99754,0.987879,0.998773
0,52.61053938156655,1.020681,1.0,0.998773,1.036855
1,55.11313646954424,1.007151,1.013564,1.036855,1.055687
1,58.78530454689136,1.081657,1.077859,1.055687,1.016835
1,59.912477582723284,1.013129,1.020316,1.016835,1.030905
1,62.00156066165893,1.011879,1.009956,1.030905,0.958244
1,57.506316314987146,0.957311,0.952903,0.958244,1.012291
1,58.42196196353538,1.022297,1.034483,1.012291,1.040839
1,61.43233376637087,1.043621,1.027778,1.040839,0.963945
1,57.32498156021939,0.971787,0.974054,0.963945,0.930693
0,50.57713125842625,0.910753,0.91121,0.930693,1.00591
0,51.06941563884296,1.046045,1.034105,1.00591,1.1
1,64.20216503475658,1.1,1.085984,1.1,0.995108
1,63.664107783148275,1.002935,1.003254,0.995108,1.1
1,72.53745238899901,1.1,1.1,1.1,1.1
1,76.9415474345229,1.065916,1.030769,1.1,0.9
1,58.934115016217255,0.904977,0.908789,0.9,0.9
0,50.66200394411754,0.9,0.9,0.9,0.9
0,39.67404289180129,0.9,0.9,0.9,0.9
0,37.13248073847614,0.9,0.9,0.9,1.1
0,40.56644285128485,1.1,1.1,1.1,1.090772
0,43.540617260860586,1.1,1.1,1.090772,0.9
0,39.82087945907339,0.9,0.9,0.9,1.038898
0,41.07200812299304,1.0,1.026403,1.038898,1.1
0,45.02126215079333,1.1,1.1,1.1,0.909471
0,42.435828323514315,0.9375,0.90483,0.909471,0.943338
0,40.99273086234043,0.9,0.9,0.943338,0.9
0,38.19513061673889,0.951299,0.9,0.9,1.1
1,44.33217166312654,1.1,1.1,1.1,0.926493
0,42.372758527688994,0.906942,0.902755,0.926493,1.001653
0,42.42984692345335,1.040717,1.077199,1.001653,1.042904
1,43.983639101584245,1.040689,1.005,1.042904,1.039557
1,45.506606970342375,1.010526,1.069652,1.039557,1.041096
1,47.176957802417334,1.022321,1.024806,1.041096,1.1
1,51.34127260982305,1.1,1.039334,1.1,1.0
1,51.341272609823044,1.0,1.0,1.0,1.0
1,51.341272609823044,1.0,1.0,1.0,1.0
1,51.34127260982304,1.0,1.0,1.0,1.0
1,51.34127260982305,1.0,1.0,1.0,1.0
1,51.34127260982305,1.0,1.0,1.0,1.0
1,51.341272609823044,1.0,1.0,1.0,1.0
1,51.341272609823044,1.0,1.0,1.0,1.0
1,51.34127260982305,1.0,1.0,1.0,1.0
0,51.341272609823044,1.0,1.0,1.0,1.0
0,51.341272609823044,1.0,1.0,1.0,1.0
0,51.34127260982305,1.0,1.0,1.0,1.0
0,51.34127260982304,1.0,1.0,1.0,1.0
0,51.34127260982304,1.0,1.0,1.0,1.0
0,51.34127260982304,1.0,1.0,1.0,1.0
0,51.341272609823044,1.0,1.0,1.0,1.0
0,51.34127260982304,1.0,1.0,1.0,1.0
0,51.34127260982304,1.0,1.0,1.0,0.9
0,31.862480447402934,0.9,0.9,0.9,0.9
0,25.57753887269388,0.9,0.9,0.9,0.975238
0,24.781775997066905,0.916519,0.982592,0.975238,1.048828
0,29.334917337060425,1.054264,1.027559,1.048828,1.024209
0,31.651795489578536,1.012868,1.02682,1.024209,1.003636
0,32.02106546974862,1.005445,1.0,1.003636,0.987319
0,31.38199295308302,0.98917,1.001866,0.987319,1.053211
0,36.99237117255624,1.051095,1.055866,1.053211,0.926829
0,32.80851634473709,0.925347,0.920635,0.926829,1.005639
0,33.388042816771254,1.011257,1.007663,1.005639,0.990654
0,32.879049898196406,1.025974,1.0,0.990654,0.9
0,27.927305168815305,0.9,0.9,0.9,0.987395
0,27.43293368017207,0.969072,0.96822,0.987395,1.004255
0,27.891156113000086,1.010638,1.019694,1.004255,1.061441
0,34.363137769337584,1.056842,1.053648,1.061441,0.984032
0,33.470675439267616,0.99004,0.989817,0.984032,0.985801
0,32.67111055122274,0.983903,0.987654,0.985801,0.975309
0,31.2911135405316,0.993865,0.977083,0.975309,1.1
1,42.78580563409135,1.1,1.1,1.1,0.981025
1,41.37919065486142,0.968343,0.990385,0.981025,1.009671
1,42.398864446608684,1.017308,1.007767,1.009671,0.98659
1,41.31535268441731,0.992439,0.990366,0.98659,0.965049
0,38.58477506504459,0.95619,0.964981,0.965049,1.016097
1,40.467972697036494,1.015936,1.008065,1.016097,1.009901
1,41.67179711773179,1.001961,1.004,1.009901,1.019608
1,44.1061910778419,1.02544,1.031873,1.019608,0.996154
1,43.71323869252505,0.994275,0.994208,0.996154,1.013514
1,45.54199089719426,1.011516,1.007767,1.013514,1.028571
1,49.34029035069047,1.039848,1.036609,1.028571,0.985185
1,47.43985035175361,0.990876,0.983271,0.985185,1.007519
1,48.507794747696224,0.996317,1.009452,1.007519,0.977612
1,45.519680545501885,0.974122,0.973783,0.977612,1.024809
1,49.17252347770658,1.02277,1.007692,1.024809,1.007449
1,50.27723266749673,1.014842,1.022901,1.007449,1.003697
1,50.85241598299267,1.003656,1.0,1.003697,0.996317
1,50.22670986394982,1.018215,1.007463,0.996317,1.02403
1,54.1737468924833,1.062612,1.014815,1.02403,1.048736
1,61.077438188057315,0.998316,1.041971,1.048736,0.989673
1,58.95205079053267,0.983137,1.003503,0.989673,0.998261
1,58.58613130066109,0.993139,0.984293,0.998261,0.984321
1,55.26155056942163,1.003454,1.001773,0.984321,0.987611
1,52.754066297531246,0.967298,0.985841,0.987611,0.973118
0,47.75371812567024,0.97331,0.964093,0.973118,1.020258
0,51.39232598620686,1.014625,1.009311,1.020258,0.99278
0,50.02791790723486,0.996396,0.998155,0.99278,1.029091
1,55.156424474521835,1.036166,1.033272,1.029091,0.992933
0,53.67340348248751,1.00349,1.003578,0.992933,0.976868
0,49.05684004513258,0.96,0.950089,0.976868,1.023679
1,53.37558676757103,1.021739,1.046904,1.023679,0.985765
0,50.53631636342254,1.0,0.991039,0.985765,1.036101
1,56.73282832006122,1.019504,1.012658,1.036101,1.04007
1,62.544012166000044,1.095652,1.026786,1.04007,1.008375
1,63.6858612521861,0.968254,1.022609,1.008375,0.948505
1,52.91516082642661,0.944262,0.965986,0.948505,0.998249
0,52.60608864152778,0.996528,0.996479,0.998249,1.0
0,52.60608864152778,1.012195,1.007067,1.0,0.984211
0,49.58317322575188,0.975904,0.970175,0.984211,0.998217
0,49.244570452768656,1.010582,0.990958,0.998217,1.010714
0,51.38954343858636,0.989529,1.025547,1.010714,1.0
0,51.38954343858636,1.038801,1.003559,1.0,0.932862
0,39.216271304722596,0.904924,0.930851,0.932862,0.956439
0,33.970980444050525,0.954972,0.948571,0.956439,0.992079
0,33.14078022333312,1.017682,1.006024,0.992079,0.992016
0,32.29093456295598,0.969112,0.982036,0.992016,1.020121
0,36.66368617239115,1.013944,1.022358,1.020121,0.960552
0,32.1865790289913,0.972495,0.962227,0.960552,0.971253
0,29.473423621284848,0.957576,0.948347,0.971253,1.016913
0,32.951472871262496,1.021097,1.034858,1.016913,1.008316
0,34.685855269309165,1.008264,1.016842,1.008316,0.991753
0,33.74578601934016,0.991803,0.975155,0.991753,1.006237
0,35.16504803445882,1.006198,1.021231,1.006237,1.030992
1,41.87011645868996,1.026694,1.018711,1.030992,0.985972
1,39.801477592052095,0.992,0.997959,0.985972,0.989837
0,38.34421760730933,0.985887,0.98773,0.989837,1.026694
1,44.07724999910624,1.03681,1.031056,1.026694,0.994
1,43.08169344849863,0.988166,0.98996,0.994,0.983903
0,40.45745429262954,0.996008,0.989858,0.983903,1.026585
1,46.19315189648318,1.008016,1.022541,1.026585,0.99004
1,44.42077408062004,0.992048,0.985972,0.99004,1.01006
1,46.62619532815465,1.014028,1.01626,1.01006,0.992032
1,45.084903501679975,0.988142,0.99,0.992032,0.991968
0,43.53509142472158,0.996,0.991919,0.991968,0.983806
0,40.53398190355402,0.985944,0.98778,0.983806,0.993827
0,39.436108196231835,0.983707,0.983505,0.993827,1.006211
0,41.152612842440995,1.010352,1.018868,1.006211,1.016461
1,45.581844933799395,1.018443,1.004115,1.016461,0.979757
0,41.38836806275162,0.973843,0.981557,0.979757,1.016529
1,45.69278704938083,1.020661,1.018789,1.016529,0.949187
0,36.63768324419481,0.965587,0.946721,0.949187,1.004283
0,37.70133435888929,0.989518,1.008658,1.004283,0.946695
0,30.752091285651467,0.974576,0.948498,0.946695,0.963964
0,27.285679076794427,0.934783,0.954751,0.963964,1.011682
0,29.943281707864198,1.006977,1.014218,1.011682,0.983834
0,28.379461018331938,0.988453,0.981308,0.983834,1.007042
0,30.065194178206237,1.014019,1.014286,1.007042,1.044289
0,39.739139020742066,1.048387,1.011737,1.044289,0.962054
0,35.065356539383735,0.947253,0.993039,0.962054,1.023202
0,39.5678573286408,1.027842,1.018692,1.023202,1.004535
1,40.45710343888986,1.004515,0.993119,1.004535,0.959368
0,35.40730497484079,0.966292,0.969977,0.959368,1.007059
0,36.82268753568378,1.0,1.014286,1.007059,0.92757
0,29.603896975122066,0.948837,0.908451,0.92757,0.921914
0,24.443363410141174,0.916667,0.932817,0.921914,1.043716
0,31.117535103751226,1.02139,1.041551,1.043716,1.010471
0,32.717647960553414,1.013089,1.018617,1.010471,1.015544
0,35.15108757961553,1.018088,1.010444,1.015544,1.022959
0,38.730717632475276,1.020305,1.028424,1.022959,0.995012
0,38.225749894595154,1.002488,0.994975,0.995012,0.947368
0,33.3142699877898,0.972705,0.944444,0.947368,1.037037
0,38.946262124796256,1.002551,1.037433,1.037037,0.982143
0,37.252176080471116,0.992366,0.989691,0.982143,0.992208
0,36.5190195793388,0.992308,0.989583,0.992208,0.981675
0,34.79809445831696,0.971576,0.95,0.981675,1.002667
0,35.26739664887329,1.00266,1.033241,1.002667,1.021277
0,39.0471296733811,1.026525,0.991957,1.021277,1.002604
0,39.52249403706857,1.007752,1.035135,1.002604,0.974026
0,36.460269596680305,0.976923,0.979112,0.974026,0.992
0,35.56987812617841,0.981627,0.981333,0.992,0.967742
0,32.18417996162464,0.970588,0.967391,0.967742,1.016667
0,35.49049518559752,1.035813,0.966292,1.016667,0.912568
0,27.726410003276783,0.922872,0.959302,0.912568,0.9
0,21.91737517590741,0.9,0.9,0.9,1.043624
0,27.800024052242126,1.039867,1.041379,1.043624,0.990354
0,27.289083862898785,0.99361,0.993377,0.990354,1.012987
0,29.15862612919405,1.006431,1.026667,1.012987,1.003205
0,29.645651192022346,1.003195,0.993506,1.003205,1.047923
0,36.67791981310892,1.057325,1.068627,1.047923,0.996951
1,36.416585072710724,0.990964,0.981651,0.996951,1.015291
1,38.765896031451106,1.015198,1.028037,1.015291,0.975904
1,36.44558478823558,0.988024,0.975758,0.975904,1.015432
1,38.906823978114836,1.006061,1.018634,1.015432,0.987842
1,37.650634743225474,0.990964,0.987805,0.987842,1.006154
1,38.71607848460193,1.0,1.003086,1.006154,1.024465
1,42.91794958514892,1.021277,1.009231,1.024465,1.023881
1,46.842967047890745,1.02381,1.033537,1.023881,1.0
1,46.84296704789074,1.005814,1.00295,1.0,0.976676
1,43.38330240367779,0.985549,0.979412,0.976676,0.946269
0,36.79793181688091,0.950147,0.903904,0.946269,0.971609
0,34.017485540703234,0.953704,0.993355,0.971609,1.029221
0,38.982602267928286,1.042071,1.046823,1.029221,1.022082
0,42.60044230955183,1.006211,1.019169,1.022082,0.990741
0,41.465711875630426,1.0,1.0,0.990741,1.077882
1,52.758595083682536,1.080247,1.0721,1.077882,0.953757
1,46.56656124256285,0.994286,0.959064,0.953757,1.012121
1,48.20325439328618,0.965517,0.993902,1.012121,0.991018
1,47.039496206856136,0.994048,1.006135,0.991018,0.97281
0,43.63591284041669,0.988024,0.981707,0.97281,0.968944
0,40.158963228396644,0.957576,0.959627,0.968944,1.067308
1,49.29591369472156,1.056962,1.016181,1.067308,0.978979
0,46.73436880326634,0.976048,1.006369,0.978979,1.021472
1,49.55713851632395,1.02454,1.041139,1.021472,1.006006
1,50.366458519572035,1.005988,1.006079,1.006006,0.979104
0,47.49426025708045,0.991071,0.990937,0.979104,0.990854
0,46.2762824868904,0.975976,0.972561,0.990854,1.015385
1,48.64031798371869,1.021538,1.003135,1.015385,1.021212
1,51.835721539480716,1.036145,1.04375,1.021212,1.038576
1,57.16569567399776,1.020349,1.026946,1.038576,1.051429
1,63.232715746040824,1.048433,1.058309,1.051429,1.005435
1,63.84547315360482,1.046196,1.008264,1.005435,1.032432
1,67.36033780804998,0.997403,1.02459,1.032432,1.086387
1,74.65696196576727,1.080729,1.074667,1.086387,0.949398
1,64.73880379154394,0.949398,0.942928,0.949398,1.038071
1,68.00812136066527,1.050761,1.065789,1.038071,0.992665
1,66.67659983719848,0.987923,0.987654,0.992665,1.007389
1,67.36471248335067,1.00978,1.0075,1.007389,0.914425
0,53.48770891860741,0.917676,0.925558,0.914425,0.97861
0,50.906387164089345,0.976253,0.957105,0.97861,0.978142
0,48.391371137980336,0.97027,0.977591,0.978142,0.98324
0,46.53446828571923,1.016713,1.002865,0.98324,0.977273
0,44.10435695723026,0.950685,0.977143,0.977273,1.005814
0,44.879337035332895,1.008646,1.002924,1.005814,0.947977
0,39.562822105643164,0.96,0.956268,0.947977,1.02439
0,42.80573478763778,1.026786,1.018293,1.02439,1.044643
0,48.396789659356585,1.023188,1.038922,1.044643,0.968661
0,44.92824838930602,0.994334,0.974063,0.968661,1.023529
1,47.85524952444142,0.994302,1.008876,1.023529,0.95977
0,43.49824083078041,0.959885,0.970674,0.95977,0.991018
0,42.60312709489085,0.99403,0.993958,0.991018,0.990937
0,41.67946453025506,0.984985,0.987842,0.990937,0.960366
0,37.84994812631156,0.972561,0.963077,0.960366,0.968254
0,35.17281331442631,0.987461,0.968051,0.968254,1.006557
0,36.1455842083184,0.980952,1.006601,1.006557,1.016287
0,38.62511099591254,1.012945,1.016393,1.016287,0.987179
0,37.37476276566349,1.00639,0.990323,0.987179,1.032468
0,42.39523260769391,1.019048,1.026059,1.032468,1.012579
1,44.31811867909244,1.009346,1.012698,1.012579,0.984472
1,42.41229971362608,0.984568,0.987461,0.984472,0.962145
0,38.16984997027468,0.962382,0.965079,0.962145,0.996721
0,37.83025008553223,0.996743,0.996711,0.996721,1.013158
0,40.125009770733634,1.013072,1.009901,1.013158,0.99026
0,38.96339836758515,1.0,0.990196,0.99026,1.003279
0,39.59118127568354,0.990323,1.0,1.003279,0.986928
0,37.91147072676719,0.986971,0.986799,0.986928,0.993377
0,37.064727961934686,0.9967,1.0,0.993377,0.953333
0,31.723462447234454,0.966887,0.953177,0.953333,1.020979
0,35.98138283858812,1.013699,1.021053,1.020979,1.0
0,35.98138283858812,0.989865,0.996564,1.0,1.010274
0,38.21569368799084,1.010239,1.010345,1.010274,1.00339
0,38.980183377029334,1.003378,1.003413,1.00339,1.027027
1,44.85842329623034,1.074074,1.034014,1.027027,0.990132
