0.990694,0.9808,1.009178,0.984974
0.994129,1.013458,0.984974,0.971096
0.98937,0.969819,0.971096,1.089293
1.058496,1.003734,1.089293,0.99241
1.021805,1.06945,0.99241,1.069598
1.048197,0.997294,1.069598,0.978906
0.992629,1.046512,0.978906,1.027392
1.004243,1.018148,1.027392,0.990402
1.0,1.004001,0.990402,0.987437
0.97993,0.978261,0.987437,1.002545
1.012936,1.016667,1.002545,0.944525
0.985811,0.943169,0.944525,1.009981
0.964016,1.008497,1.009981,0.977575
0.968645,0.962466,0.977575,0.994946
1.001927,1.008754,0.994946,0.969519
0.991154,0.973176,0.969519,0.992745
0.976329,0.993514,0.992745,1.004872
0.992846,1.002448,1.004872,1.00404
1.01241,0.997558,1.00404,1.037827
1.041123,1.013872,1.037827,0.99147
0.991265,1.022535,0.99147,0.997654
0.988506,0.948839,0.997654,0.988632
0.989535,1.024471,0.988632,0.974623
0.978457,0.984211,0.974623,1.001627
0.996397,1.002468,1.001627,1.0
0.996384,1.006565,1.0,1.015841
1.010081,1.006115,1.015841,1.006797
1.012774,1.01094,1.006797,1.004766
1.002759,1.002004,1.004766,0.988933
0.992531,0.996,0.988933,0.993605
0.991287,0.981124,0.993605,1.04465
1.038753,1.006959,1.04465,1.006161
1.007308,1.049187,1.006161,0.989284
0.9958,0.998838,0.989284,1.020503
1.034126,1.001164,1.020503,1.004549
0.985169,1.013173,1.004549,0.997736
1.0,1.005736,0.997736,0.961044
1.013925,0.965019,0.961044,1.001574
0.953972,0.992908,1.001574,1.005108
1.0,1.001587,1.005108,1.010164
1.011284,1.000396,1.010164,0.983359
0.998461,1.001584,0.983359,0.999606
0.987283,0.99051,0.999606,0.981496
0.994536,0.993214,0.981496,1.010028
0.989011,0.992765,1.010028,1.007149
1.009921,1.016194,1.007149,1.059543
1.058546,1.013546,1.059543,0.995534
0.996288,1.039701,0.995534,1.002617
1.004098,1.003781,1.002617,0.98695
1.0,0.979284,0.98695,1.014734
0.998887,1.016154,1.014734,1.004095
1.014116,1.012491,1.004095,1.022989
1.032234,0.98729,1.022989,0.955419
0.959901,0.98031,0.955419,1.003414
0.985213,1.011201,1.003414,0.993573
0.996248,0.998854,0.993573,0.999239
1.000753,1.002294,0.999239,1.017136
1.009785,1.005341,1.017136,1.000374
1.005218,1.009867,1.000374,0.990269
0.996663,0.986847,0.990269,0.992063
0.984747,0.993145,0.992063,0.992
0.995089,0.995782,0.992,1.015745
1.004935,1.003466,1.015745,0.970888
1.002645,0.982732,0.970888,1.003894
0.978523,0.9836,1.003894,0.998448
0.99692,1.008337,0.998448,0.980575
0.993434,0.98622,0.980575,0.998811
0.985226,0.989621,0.998811,0.92027
0.97869,0.927793,0.92027,0.992241
0.944758,0.983913,0.992241,1.028236
1.014085,1.016792,1.028236,1.00338
1.015993,1.016949,1.00338,1.000842
0.995857,1.003419,1.000842,0.979806
0.994176,0.989353,0.979806,1.0
1.0,1.0,1.0,0.97295
0.960251,0.955661,0.97295,0.980583
1.004357,0.998649,0.980583,0.986499
0.975271,0.963013,0.986499,0.961223
0.967082,0.979391,0.961223,1.016611
0.986661,0.978479,1.016611,0.949113
0.995804,0.987781,0.949113,0.988687
0.962079,0.974765,0.988687,1.014925
0.99854,1.007614,1.014925,0.998529
1.032651,1.021159,0.998529,1.017182
0.979235,0.987173,1.017182,1.023649
1.022651,1.023988,1.023649,0.975483
1.00377,1.001464,0.975483,0.9
0.9,0.9,0.9,1.012648
0.95549,0.942201,1.012648,0.967213
0.983696,1.023529,0.967213,0.959645
0.982636,0.973727,0.959645,1.010934
0.976707,0.956998,1.010934,1.047421
1.050987,1.065198,1.047421,0.975377
0.978091,1.008271,0.975377,1.027687
1.02,1.005742,1.027687,1.004754
0.997647,1.008157,1.004754,0.987382
1.009434,1.011327,0.987382,0.948083
0.971963,0.948,0.948083,0.966302
0.948718,0.95865,0.966302,1.020924
0.992399,1.004401,1.020924,0.98719
1.009362,1.01227,0.98719,1.013841
0.991568,0.987879,1.013841,0.976962
0.978741,0.991236,0.976962,1.001747
1.005213,1.000884,1.001747,1.044464
1.037165,1.010601,1.044464,0.982471
0.998333,1.026224,0.982471,1.005098
0.998331,1.004259,1.005098,0.989856
1.0,0.992366,0.989856,0.973527
0.991639,0.97265,0.973527,1.047368
1.007589,1.003515,1.047368,1.00335
1.023431,1.044658,1.00335,0.988314
0.985282,0.974015,0.988314,1.0
0.993361,1.001721,1.0,0.984797
0.986633,0.991409,0.984797,0.987136
0.995766,0.994801,0.987136,0.947871
0.992347,0.949477,0.947871,0.964253
0.937446,0.96422,0.964253,0.996198
0.977148,0.99334,0.996198,1.021947
1.002806,0.977011,1.021947,0.981326
0.990672,1.012745,0.981326,1.019981
1.012241,1.016457,1.019981,1.000933
1.002791,1.006667,1.000933,1.013979
1.013915,1.008515,1.013979,1.028493
1.026532,1.010319,1.028493,1.039321
1.040107,1.031569,1.039321,0.967326
0.981148,1.006301,0.967326,1.006222
1.00786,1.007156,1.006222,0.982332
0.996534,0.984902,0.982332,1.004496
0.976522,0.981064,1.004496,1.025962
1.022262,1.011029,1.025962,1.02356
1.026132,1.037273,1.02356,0.999147
1.017827,1.023663,0.999147,1.041809
1.019183,0.994863,1.041809,0.995086
1.003273,1.024957,0.995086,1.003292
0.996737,1.009236,1.003292,0.984413
0.99509,0.996672,0.984413,1.025
1.012336,0.991653,1.025,1.012195
1.020309,1.03367,1.012195,0.996787
0.999204,1.001629,0.996787,1.017728
1.011952,0.997561,1.017728,0.98654
1.00315,1.01467,0.98654,1.0
0.981162,0.976707,1.0,0.986356
0.9984,1.006579,0.986356,1.011391
1.0,0.985294,1.011391,1.05712
1.080128,1.023217,1.05712,0.971081
0.993323,1.032415,0.971081,1.019592
0.977595,0.992151,1.019592,0.985396
1.006112,1.005538,0.985396,1.01092
0.986333,0.992132,1.01092,1.021605
1.023095,1.022205,1.021605,1.009063
1.00602,1.020946,1.009063,0.981287
1.0,0.992401,0.981287,0.993135
0.986537,0.98928,0.993135,0.959293
0.981804,0.965944,0.959293,0.995997
0.973745,0.991186,0.995997,1.012862
1.005551,0.994341,1.012862,0.953968
0.989748,0.974797,0.953968,1.006656
0.980876,1.00417,1.006656,1.009917
1.002437,1.004983,1.009917,1.018822
1.011345,1.012397,1.018822,0.983936
0.991987,0.994286,0.983936,0.989388
1.006462,0.985222,0.989388,1.029703
1.006421,1.016667,1.029703,0.987981
0.995215,0.997541,0.987981,1.018654
1.021635,1.008217,1.018654,0.997611
0.993725,1.00652,0.997611,0.989625
0.985004,0.990283,0.989625,0.972581
0.99359,0.982829,0.972581,1.011609
0.984677,0.999168,1.011609,1.007377
1.013104,1.003331,1.007377,0.993491
1.005659,1.009129,0.993491,0.982801
0.980707,0.98273,0.982801,0.9675
0.991803,0.964017,0.9675,0.996555
0.971074,1.002604,0.996555,0.986171
0.994043,0.985281,0.986171,0.996494
0.985445,0.995606,0.996494,1.021988
1.013901,1.006178,1.021988,0.976764
0.991431,0.99386,0.976764,0.988546
0.992221,0.989409,0.988546,1.027629
1.009582,0.982159,1.027629,1.018213
1.02157,1.028156,1.018213,1.046848
1.05152,1.034452,1.046848,0.995118
0.989558,1.030743,0.995118,1.026165
1.044643,1.01657,1.026165,1.019124
1.021756,1.02119,1.019124,1.046912
1.018251,1.00399,1.046912,0.992532
1.048544,1.04849,0.992532,1.015801
0.965812,0.996967,1.015801,0.971111
0.985251,0.973384,0.971111,0.984744
0.982036,0.994531,0.984744,1.000775
0.993902,1.00707,1.000775,1.045666
1.046012,1.00234,1.045666,0.99852
1.013196,1.039689,0.99852,0.988881
0.995658,0.990269,0.988881,1.006747
0.986192,1.005291,1.006747,0.97245
1.000737,0.974436,0.97245,1.011485
0.977909,1.003858,1.011485,0.99243
0.999247,1.002306,0.99243,1.004577
1.008289,1.0,1.004577,1.009871
0.997758,1.006902,1.009871,1.1
1.09588,1.022087,1.1,1.099795
1.099795,1.1,1.099795,0.977004
1.011187,1.0334,0.977004,0.993003
0.968654,0.976729,0.993003,0.96925
0.988579,0.999338,0.96925,0.910773
0.968549,0.909272,0.910773,1.026851
0.941021,1.0,1.026851,0.957597
1.006338,0.977422,0.957597,1.008856
0.96571,0.988077,1.008856,1.004389
1.008696,1.020362,1.004389,1.040787
1.029454,1.017738,1.040787,0.986704
0.995115,1.013072,0.986704,0.949645
0.985975,0.929749,0.949645,1.023152
0.976529,1.016962,1.023152,1.034307
1.041515,1.035633,1.034307,0.974594
0.988811,1.002928,0.974594,0.994931
0.983734,0.980292,0.994931,0.972344
1.0,0.975428,0.972344,1.062126
1.0266,1.015267,1.062126,0.988724
1.005602,1.049624,0.988724,0.985032
0.986072,0.974212,0.985032,0.991317
0.980932,0.996324,0.991317,1.016058
1.0036,1.00369,1.016058,0.984195
1.01076,1.006618,0.984195,0.968613
0.969482,0.967129,0.968613,1.011304
0.986823,0.997734,1.011304,1.028316
1.028932,1.018168,1.028316,1.010145
1.006489,1.022305,1.010145,0.985653
1.005014,0.997818,0.985653,1.026201
1.00784,1.000729,1.026201,1.0
1.0,1.0,1.0,0.975177
1.009194,0.990532,0.975177,1.052364
1.026629,1.016176,1.052364,0.982032
0.992491,1.02026,0.982032,1.009148
0.997249,0.996454,1.009148,1.013947
1.010345,1.003559,1.013947,1.013067
1.009556,1.00922,1.013067,0.980991
1.018932,1.002108,0.980991,1.038062
0.997346,0.98317,1.038062,0.974667
1.002661,1.041369,0.974667,1.001368
0.985401,0.984247,1.001368,1.036202
1.02963,1.007655,1.036202,1.043507
1.039895,1.03384,1.043507,0.995578
1.006289,1.026052,0.995578,1.003173
1.01125,1.013672,1.003173,0.99241
0.995056,0.989082,0.99241,0.975143
0.979503,0.967532,0.975143,1.007843
0.997464,1.011409,1.007843,1.005837
0.993007,1.004645,1.005837,0.972921
1.002561,0.990753,0.972921,0.922465
0.957216,0.926667,0.922465,0.987069
0.943963,0.978417,0.987069,1.009461
0.985159,0.989706,1.009461,0.958183
1.001435,0.985141,0.958183,1.018059
0.989971,1.0,1.018059,0.980783
0.982634,0.994721,0.980783,1.012811
1.008837,1.001516,1.012811,1.014137
1.006569,1.014383,1.014137,1.018342
1.08702,0.963433,1.018342,0.987032
0.931955,1.054222,0.987032,0.986861
0.986399,0.981631,0.986861,1.005917
0.993469,1.010479,1.005917,0.997794
1.0,0.984444,0.997794,1.019897
1.012418,1.013544,1.019897,1.041185
1.05772,1.026726,1.041185,1.016655
1.012278,1.038322,1.016655,0.982935
0.997305,1.001393,0.982935,1.022222
1.005405,0.995132,1.022222,0.992527
0.997312,1.00559,0.992527,0.997262
1.004043,1.000695,0.997262,1.038435
1.026846,0.999306,1.038435,0.955717
0.998693,1.0,0.955717,1.065007
1.040576,0.986796,1.065007,0.994805
1.018868,1.064789,0.994805,0.983681
0.944444,0.965608,0.983681,1.037823
1.037255,1.019178,1.037823,0.998082
1.006301,1.031586,0.998082,1.019218
1.00814,0.986971,1.019218,0.981772
0.987578,1.010561,0.981772,1.015365
1.003145,1.013063,1.015365,1.003783
1.009404,1.016763,1.003783,1.025126
1.029193,1.008244,1.025126,0.983456
0.987326,1.003774,0.983456,0.973209
0.983496,0.966792,0.973209,0.989117
0.975761,0.992223,0.989117,0.996117
0.98535,0.979752,0.996117,0.97271
0.989011,0.982667,0.97271,1.012024
0.996732,1.010855,1.012024,0.980198
1.01377,0.99396,0.980198,1.022896
0.986417,1.006077,1.022896,1.002633
1.01377,1.014094,1.002633,0.983585
0.990298,0.983455,0.983585,1.041389
1.029393,1.021534,1.041389,1.000641
1.004442,1.016469,1.000641,1.040999
1.042325,1.005185,1.040999,1.039385
1.046667,1.049001,1.039385,0.981054
0.971048,0.98402,0.981054,0.966204
0.988074,0.98376,0.966204,0.990631
0.97767,0.989206,0.990631,1.010719
0.992593,1.010911,1.010719,1.026825
1.03607,1.008254,1.026825,0.973269
0.989196,1.003149,0.973269,1.00437
0.981189,0.988701,1.00437,0.978869
0.998763,0.99746,0.978869,0.987302
0.980805,0.984087,0.987302,1.005145
0.988005,0.983829,1.005145,1.015995
1.031949,1.027613,1.015995,0.998741
0.990712,0.995521,0.998741,1.010088
1.003125,1.003213,1.010088,0.963795
0.991277,0.987188,0.963795,0.990933
0.979887,0.985075,0.990933,1.005229
0.996793,1.003953,1.005229,1.0013
0.995495,1.003937,1.0013,0.968831
1.001939,0.973856,0.968831,1.0
1.0,1.0,1.0,0.955094
0.964516,0.94698,0.955094,0.974035
0.967224,0.979447,0.974035,1.012968
0.978562,1.005789,1.012968,1.006401
1.001413,1.007914,1.006401,0.958304
0.997177,0.96217,0.958304,1.011062
0.990092,1.002226,1.011062,0.997082
0.987848,0.993338,0.997082,1.007315
1.013025,1.015648,1.007315,1.004357
0.994286,1.004402,1.004357,1.005061
1.010057,1.001461,1.005061,1.0
1.004979,0.999271,1.0,1.019424
1.004954,1.007299,1.019424,1.003529
1.012676,1.02029,1.003529,0.993671
0.994437,0.988636,0.993671,1.004954
0.996503,1.010057,1.004954,0.991549
1.005614,0.999289,0.991549,1.005682
0.989532,0.992171,1.005682,0.967514
1.026093,0.982066,0.967514,0.989781
0.941581,0.96786,0.989781,1.033186
1.043796,1.012075,1.033186,1.021413
1.037063,1.05742,1.021413,0.960867
0.960216,0.96615,0.960867,0.962909
0.955056,0.963504,0.962909,1.02568
1.001471,1.003788,1.02568,0.998527
0.997797,1.010566,0.998527,0.967552
0.988962,0.96938,0.967552,1.01372
0.998512,1.011556,1.01372,1.022556
1.017139,1.009901,1.022556,1.002206
1.001465,1.003017,1.002206,0.969919
0.993416,0.993233,0.969919,1.026475
1.006627,0.999243,1.026475,0.994105
1.006584,1.012879,0.994105,1.008895
1.008721,1.005984,1.008895,0.98604
0.98415,0.997026,0.98604,0.979136
0.98243,0.97912,0.979136,0.99239
0.988823,0.991622,0.99239,1.004601
0.994725,0.99232,1.004601,1.019847
1.017424,1.013158,1.019847,0.995509
1.0,1.004584,0.995509,1.009023
1.003723,0.993156,1.009023,1.02161
1.025964,1.019142,1.02161,1.008753
1.005061,1.024793,1.008753,1.004338
1.010072,0.994868,1.004338,0.976962
0.989316,0.998526,0.976962,1.020634
1.009359,1.002952,1.020634,0.997112
1.00214,1.012509,0.997112,1.022448
1.006406,1.005087,1.022448,0.996459
1.001414,1.013015,0.996459,1.003554
1.009887,1.001428,1.003554,0.995751
1.003497,1.001426,0.995751,0.990754
0.986063,0.975801,0.990754,0.995693
0.983746,1.004376,0.995693,0.974045
0.989943,0.978214,0.974045,1.014804
0.995646,0.999258,1.014804,1.000729
1.004373,1.010401,1.000729,1.005102
1.000726,0.998529,1.005102,1.013053
1.02393,1.015464,1.013053,0.989263
0.986544,0.997099,0.989263,1.005789
1.003589,1.000727,1.005789,0.978417
1.000715,0.987645,0.978417,0.998529
0.98213,0.991906,0.998529,0.969072
1.005822,0.97181,0.969072,1.009119
0.96165,1.00229,1.009119,1.009036
1.010534,1.001523,1.009036,1.004478
1.002978,1.006084,1.004478,1.026003
1.029696,1.010582,1.026003,1.011586
1.018025,1.02169,1.011586,0.990694
1.004249,0.997072,0.990694,0.989162
0.98519,0.996329,0.989162,0.996348
0.986399,1.0,0.996348,0.967742
0.964441,0.959469,0.967742,0.928788
0.983446,0.93318,0.928788,0.97553
0.92961,0.95144,0.97553,1.010033
1.009053,1.038062,1.010033,1.015728
1.001631,0.968333,1.015728,1.013855
1.027687,1.057659,1.013855,1.009646
0.999208,1.007323,1.009646,1.0
1.0,1.0,1.0,0.980096
0.995242,0.991922,0.980096,0.982941
0.992032,0.98127,0.982941,0.985124
0.962249,0.973444,0.985124,0.996644
1.001669,1.007673,0.996644,1.017677
1.008333,1.007614,1.017677,0.995864
1.007438,1.009236,0.995864,1.031561
1.025431,1.005824,1.031561,0.995974
0.9944,1.009098,0.995974,0.975748
0.989541,0.983607,0.975748,0.985915
0.995122,0.989167,0.985915,1.0
0.978758,0.985678,1.0,0.987395
1.0,1.0,0.987395,0.980426
0.982471,0.981197,0.980426,0.976562
0.972812,0.966899,0.976562,0.993778
0.983406,0.996396,0.993778,1.019678
1.01421,1.016275,1.019678,0.990351
1.004378,1.002669,0.990351,1.002657
1.004359,0.998225,1.002657,0.984982
0.97309,0.969778,0.984982,1.010762
1.006244,1.014665,1.010762,1.010648
1.021277,1.018067,1.010648,0.992976
0.998264,1.0,0.992976,0.971706
0.976522,0.971606,0.971706,1.009099
0.990205,0.995434,1.009099,1.044184
1.05036,1.009174,1.044184,0.992228
1.0,1.03,0.992228,0.968668
0.984589,0.9797,0.968668,0.971249
0.973913,0.971171,0.971249,1.008326
0.979464,1.002783,1.008326,0.984404
1.002735,0.991674,0.984404,0.976701
0.970909,0.973881,0.976701,1.006679
0.995318,1.000958,1.006679,0.985782
1.0,0.991388,0.985782,0.994231
1.004704,0.990347,0.994231,1.05029
1.024345,0.995127,1.05029,1.000921
0.997258,1.047992,1.000921,1.01196
1.010082,0.999065,1.01196,0.993636
1.013612,1.014967,0.993636,0.975297
0.977619,0.980645,0.975297,1.006567
0.997253,1.00188,1.006567,0.968313
0.993572,0.966229,0.968313,1.00385
0.977819,1.002913,1.00385,1.023011
1.014178,0.997096,1.023011,1.029991
1.027027,1.031068,1.029991,0.99454
1.008167,1.022599,0.99454,0.994511
0.9955,0.999079,0.994511,1.022999
1.013562,1.011982,1.022999,0.994604
0.998216,1.001821,0.994604,0.992767
0.996425,0.992727,0.992767,1.014572
1.000897,0.984432,1.014572,1.005386
1.011649,1.034419,1.005386,1.016071
1.016829,1.008094,1.016071,0.982425
0.994774,0.991971,0.982425,0.978533
0.983363,0.980216,0.978533,1.013711
0.988424,1.001835,1.013711,0.980162
0.997297,0.994505,0.980162,1.00092
0.998193,0.997238,1.00092,1.020221
1.00905,1.010157,1.020221,1.005405
1.001794,1.010055,1.005405,0.972222
0.999105,0.977376,0.972222,0.998157
0.990143,1.0,0.998157,0.960295
0.979186,0.958333,0.960295,1.004808
0.971349,1.002899,1.004808,1.0
0.999049,0.99422,1.0,0.990431
0.999048,1.000969,0.990431,1.006763
1.0,0.988383,1.006763,0.984645
0.996187,1.000979,0.984645,1.013645
1.005742,1.008806,1.013645,1.0125
1.003806,1.007759,1.0125,0.958215
0.998104,0.965351,0.958215,1.030723
1.003799,1.02991,1.030723,0.981731
0.983917,0.979671,0.981731,0.978452
0.982692,0.983202,0.978452,1.008008
0.993151,1.00402,1.008008,1.002979
1.003941,1.007007,1.002979,1.00198
1.002944,0.993042,1.00198,0.998024
1.000978,1.005005,0.998024,0.985149
0.98827,0.988048,0.985149,0.973869
0.992087,0.97379,0.973869,0.983488
0.974078,0.975155,0.983488,0.965373
0.971341,0.967091,0.965373,1.020652
0.990516,1.001098,1.020652,0.994675
1.014894,1.001096,0.994675,1.002141
0.997904,1.019715,1.002141,0.976496
0.993697,0.980666,0.976496,1.002188
0.984144,0.993428,1.002188,1.009825
1.010741,1.00441,1.009825,0.991351
0.98831,0.998902,0.991351,0.983642
0.996774,0.99011,0.983642,0.993348
0.969795,0.968923,0.993348,0.981027
0.998888,1.005727,0.981027,1.027304
1.007795,1.003417,1.027304,0.977852
1.01105,1.00227,0.977852,0.99547
0.979235,0.98641,0.99547,1.004551
0.991071,0.998852,1.004551,1.035108
1.031532,1.016092,1.035108,1.031729
1.031659,1.027149,1.031729,1.011665
1.020106,1.038546,1.011665,0.990566
1.011411,1.0,0.990566,0.980952
0.973333,0.980912,0.980952,0.995685
0.989463,0.995676,0.995685,1.042254
1.025559,1.0,1.042254,0.984407
1.011423,1.026059,0.984407,1.019007
0.991786,0.987302,1.019007,1.032124
1.036232,1.031083,1.032124,0.982932
1.0,1.013514,0.982932,1.00715
0.988012,1.0,1.00715,0.992901
1.006067,1.002051,0.992901,1.018386
1.00201,0.996929,1.018386,1.011033
1.019057,1.021561,1.011033,0.997024
1.009843,1.00402,0.997024,0.966169
0.973684,0.967968,0.966169,1.0
1.0,1.0,1.0,1.037075
1.015015,1.02999,1.037075,1.001986
1.009862,1.00502,1.001986,0.992071
0.982422,0.986014,0.992071,1.000999
0.998012,1.00304,1.000999,1.007984
1.012948,1.00303,1.007984,0.99802
1.004916,1.008056,0.99802,1.0
0.995108,0.997003,1.0,1.002976
1.0059,1.01002,1.002976,1.008902
0.997067,0.985119,1.008902,1.020588
1.02451,1.023162,1.020588,0.996158
1.000957,1.009843,0.996158,1.048216
1.046845,1.006823,1.048216,0.99448
1.013699,1.045499,0.99448,1.004625
0.986486,0.990741,1.004625,0.968692
0.979909,0.978505,0.968692,1.010456
0.997204,0.999045,1.010456,1.034807
1.03271,1.012428,1.034807,0.994545
1.00905,1.02644,0.994545,0.989031
0.991031,0.99172,0.989031,0.997227
0.98733,0.98423,0.997227,1.037998
1.03758,1.020735,1.037998,0.998214
1.00265,1.024931,0.998214,0.998211
0.995595,0.993694,0.998211,1.008961
0.997345,1.006346,1.008961,0.939609
1.011535,0.948649,0.939609,0.978261
0.935965,0.979107,0.978261,1.017391
0.988754,1.00291,1.017391,1.004748
1.006635,1.00677,1.004748,0.966919
0.99435,0.978866,0.966919,1.004888
0.984848,0.998037,1.004888,1.0
1.001923,1.003933,1.0,0.979572
0.987524,0.977473,0.979572,1.0
0.987366,1.001002,1.0,1.008937
1.012795,1.008008,1.008937,0.984252
1.013605,0.989076,0.984252,0.97
0.96836,0.949799,0.97,1.005155
0.970297,1.021142,1.005155,1.035897
1.033673,1.007246,1.035897,1.013861
1.01382,1.039054,1.013861,0.994141
1.0185,1.000989,0.994141,1.013752
0.988528,0.982213,1.013752,1.032946
1.03675,1.022133,1.032946,1.06379
1.078358,1.03937,1.06379,0.986772
0.986159,1.048295,0.986772,1.033959
1.023684,0.993677,1.033959,0.93777
0.995716,0.984545,0.93777,1.035023
0.976764,0.999077,1.035023,1.00089
1.015859,1.021257,1.00089,1.063167
1.047702,1.01629,1.063167,0.998326
1.014901,1.034728,0.998326,1.02347
1.010604,0.996558,1.02347,1.004914
1.020178,1.037997,1.004914,0.97066
0.977057,0.982529,0.97066,1.0
0.993522,1.0,1.0,1.015953
0.99348,1.00508,1.015953,0.990909
1.0,0.99326,0.990909,0.996664
0.990976,0.999152,0.996664,1.023431
1.014073,1.004244,1.023431,0.995912
1.008163,1.01437,0.995912,0.986043
0.991903,0.99,0.986043,1.0
1.0,1.0,1.0,0.959201
0.979592,0.968013,0.959201,1.046875
1.02,1.006087,1.046875,1.029851
1.01634,1.028522,1.029851,0.966989
0.995177,1.006723,0.966989,1.014155
0.987076,0.981636,1.014155,0.96798
0.988543,0.992347,0.96798,1.0
0.98096,0.98886,1.0,1.00933
1.008439,1.020797,1.00933,0.989916
1.00251,0.985569,0.989916,0.982173
0.989983,0.990525,0.982173,1.0
0.991568,1.0,1.0,1.014693
1.0,0.977391,1.014693,1.020443
1.022959,1.039146,1.020443,0.998331
1.009975,1.017123,0.998331,0.994147
0.9893,0.993266,0.994147,0.996636
0.995008,0.994915,0.996636,0.945148
0.97408,0.951448,0.945148,1.002679
0.986266,1.000895,1.002679,0.982191
0.985205,0.983005,0.982191,1.001813
0.993816,0.99818,1.001813,1.0
1.004444,1.003646,1.0,1.009955
0.99469,0.992734,1.009955,0.998208
0.998221,1.007319,0.998208,1.050269
1.045455,1.010899,1.050269,0.992308
1.01023,1.037736,0.992308,1.013781
1.000844,1.001732,1.013781,0.99915
1.000843,1.013829,0.99915,0.994048
0.992418,0.985507,0.994048,1.004277
1.004244,1.004325,1.004277,0.998296
1.0,0.991387,0.998296,0.97099
1.002536,0.973067,0.97099,1.012302
0.98145,1.001786,1.012302,1.010417
1.003436,1.018717,1.010417,0.957045
1.008562,0.96238,0.957045,1.032316
0.983022,1.0,1.032316,0.97913
1.000864,1.020909,0.97913,1.021314
1.004314,1.010686,1.021314,1.008696
1.004296,1.00793,1.008696,0.975
0.994012,0.979021,0.975,1.028294
1.002582,1.007143,1.028294,0.965606
1.000858,0.992908,0.965606,0.944791
0.960549,0.938393,0.944791,0.999057
0.958929,1.001903,0.999057,1.019811
1.013035,0.99905,1.019811,0.99815
1.005515,1.018061,0.99815,0.954588
1.000914,0.957049,0.954588,1.021359
0.990868,0.997073,1.021359,1.006654
0.981567,0.997065,1.006654,1.012276
1.021596,1.026497,1.012276,0.987873
0.992647,1.001912,0.987873,0.983947
0.985185,0.983779,0.983947,1.015355
1.024436,1.016489,1.015355,0.959357
0.965138,0.961832,0.959357,0.964532
0.963878,0.969246,0.964532,1.009193
1.000986,0.998976,1.009193,0.983806
0.975369,0.981557,0.983806,0.989712
0.987879,0.988518,0.989712,1.018711
1.010225,1.006336,1.018711,0.972449
0.996964,0.996852,0.972449,1.025184
1.001015,1.007368,1.025184,1.055271
1.048682,1.032393,1.055271,0.990301
1.005803,1.024291,0.990301,0.990206
0.988462,0.988142,0.990206,1.004946
0.992218,1.005,1.004946,0.99311
0.99902,0.99801,0.99311,0.97225
0.992149,0.976072,0.97225,1.017329
0.995054,0.987743,1.017329,0.982966
0.994036,1.013444,0.982966,1.001019
0.987,0.997959,1.001019,0.998982
1.005066,0.994888,0.998982,1.009174
1.0,1.006166,1.009174,1.011111
1.013105,1.009193,1.011111,0.99001
1.0,0.997976,0.99001,1.0333
1.021891,1.0,1.0333,0.984375
0.998053,1.01927,0.984375,0.967262
0.983415,0.967164,0.967262,1.012308
0.991071,1.001029,1.012308,0.993921
1.0,1.007194,0.993921,0.994903
0.98999,0.981633,0.994903,1.01127
0.998989,1.014553,1.01127,1.020263
1.031377,1.01332,1.020263,0.99007
0.991168,1.006067,0.99007,1.006018
1.007921,1.005025,1.006018,1.010967
0.997053,1.002,1.010967,1.040434
1.054187,1.011976,1.040434,1.001896
1.005607,1.033531,1.001896,0.997162
0.986059,0.994275,0.997162,0.994307
1.000943,0.992322,0.994307,0.980916
0.991525,0.994197,0.980916,1.011673
0.993352,0.994163,1.011673,0.967308
0.996176,0.983366,0.967308,0.99503
0.971209,0.991045,0.99503,1.001998
1.0,1.003012,1.001998,0.969093
0.997036,0.970971,0.969093,0.995885
0.970268,0.989691,0.995885,1.010331
1.008172,1.002083,1.010331,0.99591
0.99696,1.008316,0.99591,0.980493
0.989837,0.979381,0.980493,1.024084
1.01232,1.004211,1.024084,1.039877
1.037525,1.016771,1.039877,1.000983
1.004888,1.034021,1.000983,1.009823
1.007782,1.014955,1.009823,1.000973
0.999035,0.999018,1.000973,0.973761
0.992271,0.983284,0.973761,1.006986
0.99221,1.0,1.006986,0.992071
0.993131,0.996,0.992071,1.004995
1.003953,1.002008,1.004995,1.001988
0.995079,0.99499,1.001988,1.032738
1.038576,1.012085,1.032738,0.994236
0.999048,1.026866,0.994236,1.009662
1.0,0.99031,1.009662,0.983732
1.009533,1.001957,0.983732,0.999027
0.978281,0.996094,0.999027,0.994158
0.998069,0.99902,0.994158,0.972576
0.98646,0.967615,0.972576,0.996979
0.980392,1.0,0.996979,1.005051
1.007,1.002028,1.005051,0.994975
0.991063,0.992915,0.994975,1.029293
1.029058,1.009174,1.029293,1.008832
1.006816,1.018182,1.008832,0.995136
0.999033,1.005952,0.995136,0.98827
0.993224,0.984221,0.98827,0.996044
0.988304,1.001002,0.996044,0.975174
0.991124,0.980981,0.975174,0.998982
0.989055,0.99898,0.998982,1.004077
1.001006,1.001021,1.004077,0.975635
0.99196,0.978571,0.975635,1.007284
0.982776,0.998957,1.007284,0.989669
1.002062,0.995825,0.989669,1.001044
0.996914,0.997904,1.001044,0.991658
0.987616,0.987395,0.991658,0.987382
1.0,0.997872,0.987382,1.003195
0.990596,0.99467,1.003195,0.9862
0.994726,0.991426,0.9862,0.998924
1.0,1.002162,0.998924,0.985991
0.986214,0.981661,0.985991,0.975956
0.98172,0.978022,0.975956,0.985442
0.975904,0.982022,0.985442,1.0
1.012346,1.002288,1.0,1.045455
1.025499,1.0,1.045455,1.008696
1.016216,1.041096,1.008696,1.008621
0.996809,1.004386,1.008621,1.022436
1.037353,1.012009,1.022436,0.99373
0.989712,1.014024,0.99373,1.019979
1.010395,1.004255,1.019979,1.010309
1.021605,1.03178,1.010309,0.994898
1.006042,1.0,0.994898,1.011282
0.990991,0.995893,1.011282,0.98783
1.00202,1.0,0.98783,1.060575
1.053427,1.004124,1.060575,1.003872
1.025837,1.060575,1.003872,1.002893
0.995336,0.99516,1.002893,1.016346
0.994377,1.0,1.016346,0.999054
1.004713,1.0107,0.999054,0.982008
0.999062,0.990375,0.982008,0.998071
0.99061,0.996113,0.998071,1.029952
1.02654,1.001951,1.029952,1.005629
1.01385,1.033106,1.005629,1.04291
1.033698,1.012253,1.04291,1.029517
1.015859,1.02514,1.029517,1.057341
1.059844,1.038147,1.057341,0.981923
1.00491,1.029746,0.981923,1.000837
0.97557,0.99915,1.000837,0.994147
1.006678,0.984694,0.994147,1.026072
1.02073,1.01468,1.026072,1.00082
1.008123,1.017872,1.00082,0.973792
0.983078,0.976589,0.973792,1.043734
1.020492,1.006849,1.043734,1.000806
1.010442,1.045918,1.000806,0.983897
1.000795,0.972358,0.983897,0.98036
0.964257,0.994147,0.98036,1.01586
1.003295,1.001682,1.01586,0.994248
1.004105,1.005038,0.994248,0.971074
0.994276,0.968254,0.971074,0.994043
0.963816,0.983607,0.994043,0.978596
1.015358,0.995614,0.978596,0.994751
0.964706,0.996476,0.994751,1.045734
1.039199,1.007958,1.045734,0.999159
1.001676,1.030702,0.999159,1.074074
1.093724,1.031489,1.074074,0.962382
0.9671,1.0,0.962382,1.039088
1.025316,1.0033,1.039088,1.005486
1.033951,1.053454,1.005486,1.006235
0.979104,0.984387,1.006235,1.003098
1.01753,1.017446,1.003098,0.973745
0.974532,0.968044,0.973745,1.002379
0.987702,1.007246,1.002379,0.989715
0.992218,0.998401,0.989715,0.979217
0.992941,0.973579,0.979217,1.004898
0.984992,0.992599,1.004898,0.953696
0.975942,0.96106,0.953696,0.99063
0.973706,0.99569,0.99063,1.007739
1.000844,1.006926,1.007739,0.984642
1.00253,0.991402,0.984642,1.015598
0.995795,1.004337,1.015598,1.033276
1.023649,1.010363,1.033276,0.986788
1.00495,1.008547,0.986788,0.905439
0.952381,0.911864,0.905439,1.028651
0.963793,1.000929,1.028651,1.007188
1.006261,1.030641,1.007188,0.985727
1.001778,0.984685,0.985727,0.995475
0.991127,1.000915,0.995475,1.003636
1.0,1.003656,1.003636,0.969203
0.999105,0.967213,0.969203,1.003738
0.976703,1.001883,1.003738,1.00838
1.004587,1.003759,1.00838,0.992613
1.018265,0.995318,0.992613,0.995349
0.982063,1.002822,0.995349,1.023364
1.0,1.001876,1.023364,1.039269
1.042922,1.018727,1.039269,0.989455
1.000876,1.019301,0.989455,1.020426
1.013998,1.0,1.020426,1.002611
0.997412,1.018034,1.002611,1.02691
1.033737,0.997343,1.02691,1.005072
1.016736,1.039964,1.005072,0.929352
0.962963,0.939368,0.929352,1.01448
0.965812,0.996364,1.01448,1.003568
1.011504,1.02281,1.003568,0.977778
0.9965,0.980375,0.977778,0.996364
0.974539,0.987261,0.996364,1.000912
0.989189,0.97788,1.000912,1.0
1.004554,1.02262,1.0,0.991796
0.999093,0.990783,0.991796,0.986213
0.99637,0.997209,0.986213,1.002796
0.983607,0.989739,1.002796,0.98513
0.993519,0.995287,0.98513,1.016981
1.010252,0.989583,1.016981,1.006494
1.008303,1.028708,1.006494,0.995392
0.992681,0.995349,0.995392,1.032407
1.03318,1.01028,1.032407,0.996413
0.99554,1.019426,0.996413,0.960396
0.997312,0.966425,0.960396,1.014995
0.983827,0.999061,1.014995,0.977839
0.986301,0.994361,0.977839,0.983947
0.987963,0.982987,0.983947,1.001919
0.992502,0.990385,1.001919,1.018199
1.018886,1.012621,1.018199,1.007526
0.998146,1.019175,1.007526,1.002801
0.997214,1.001881,1.002801,0.996276
1.012104,1.001878,0.996276,0.990654
0.984361,0.98313,0.990654,1.030189
1.02243,1.013346,1.030189,0.991758
1.002742,1.009407,0.991758,0.98615
0.987238,0.991612,0.98615,1.029026
1.021237,1.005639,1.029026,1.015469
1.016275,1.018692,1.015469,1.015233
1.013345,1.025688,1.015233,1.0
1.011414,1.009839,1.0,1.041483
1.036458,1.000886,1.041483,0.99661
0.999162,1.022124,0.99661,0.982143
1.005029,1.0,0.982143,0.995671
0.974979,0.976623,0.995671,1.004348
0.991446,1.010638,1.004348,1.021645
1.019845,1.000877,1.021645,0.99322
1.009306,1.021034,0.99322,0.982082
0.983236,0.982833,0.982082,0.99305
0.98636,0.996507,0.99305,0.995626
1.000864,0.994741,0.995626,1.017575
1.001727,0.996476,1.017575,1.002591
1.003448,1.007073,1.002591,0.985357
0.994845,0.999122,0.985357,0.980769
0.997409,0.97891,0.980769,0.952763
0.961039,0.949731,0.952763,1.005613
0.972072,1.0,1.005613,0.983256
0.999073,0.99811,0.983256,1.010407
0.997217,1.0,1.010407,0.983146
0.992558,0.980114,0.983146,0.980952
1.000937,0.985507,0.980952,1.007767
0.98221,0.985294,1.007767,0.934489
0.99142,0.961194,0.934489,0.985567
0.940385,0.919255,0.985567,1.00523
0.99182,1.063063,1.00523,0.987513
1.008247,0.997881,0.987513,1.029505
1.01227,0.998938,1.029505,0.998976
0.986869,1.017003,0.998976,1.007172
1.010235,1.007315,1.007172,0.986775
0.992908,0.996888,0.986775,1.017526
1.016327,1.007284,1.017526,1.014184
1.014056,1.022727,1.014184,0.968032
0.984158,0.970707,0.968032,1.008256
0.986922,1.001041,1.008256,1.005118
1.003058,0.988565,1.005118,1.04277
1.060976,1.030494,1.04277,0.989258
0.979885,1.029592,0.989258,1.016782
1.01955,0.995045,1.016782,0.990291
0.985618,1.000996,0.990291,0.988235
0.994163,1.00199,0.988235,0.989087
0.992172,0.988083,0.989087,0.971916
0.990138,0.971859,0.971916,1.002064
0.972112,0.98759,1.002064,1.020597
1.020492,1.015707,1.020597,0.994955
0.995984,1.002062,0.994955,0.994929
1.0,1.002058,0.994929,1.019368
1.027218,0.99692,1.019368,1.019
1.011776,1.011329,1.019,1.007851
1.012609,1.031568,1.007851,1.000974
1.011494,1.00691,1.000974,1.005837
0.982008,0.99902,1.005837,1.027079
1.033751,1.020608,1.027079,0.997175
0.990672,1.006731,0.997175,0.997167
1.00565,0.999045,0.997167,1.003788
1.014981,1.008604,1.003788,0.992453
0.983395,0.994313,0.992453,1.0
0.994371,0.987607,1.0,1.020913
1.014151,1.015444,1.020913,0.996276
1.003721,1.011407,0.996276,1.002804
1.008341,1.004699,1.002804,0.981361
0.990809,0.984097,0.981361,1.003799
1.074212,0.991445,1.003799,1.011353
0.929188,1.001918,1.011353,1.000935
1.005576,1.017225,1.000935,0.995327
0.988909,0.993415,0.995327,0.988732
0.999065,0.996212,0.988732,0.985755
0.994387,0.979087,0.985755,1.025048
1.001881,1.007767,1.025048,1.011278
1.010329,1.019268,1.011278,0.989777
0.998141,1.0,0.989777,1.029108
1.028864,1.009452,1.029108,1.030109
1.035294,1.014981,1.030109,0.975199
0.995629,1.004613,0.975199,1.004541
0.976295,1.003673,1.004541,0.994575
1.0,1.004575,0.994575,1.000909
1.020683,1.001821,1.000909,1.004541
0.979736,0.993636,1.004541,1.048825
1.048561,1.007319,1.048825,1.024138
1.023156,1.036331,1.024138,1.026936
1.093043,1.064855,1.026936,1.02459
0.970859,0.988477,1.02459,0.976
1.015008,1.013322,0.976,0.977869
0.94786,0.96138,0.977869,0.973177
0.981117,0.991453,0.973177,1.007752
0.984937,0.989655,1.007752,1.008547
1.004248,1.006969,1.008547,0.99322
0.996616,0.99654,0.99322,0.987201
1.008489,1.002604,0.987201,0.956785
0.974747,0.952381,0.956785,0.98645
0.963731,0.99,0.98645,1.017399
0.997312,1.006428,1.017399,1.013501
1.012579,0.994526,1.013501,1.001776
1.004437,1.019266,1.001776,0.992908
1.007951,1.0045,0.992908,1.026786
1.009641,1.007168,1.026786,1.00087
1.006076,1.012456,1.00087,1.012163
1.00604,0.991213,1.012163,0.975966
0.994854,0.991135,0.975966,0.992084
0.988793,1.001789,0.992084,0.991135
0.989538,0.992857,0.991135,1.021467
1.009692,1.002698,1.021467,0.985989
1.006108,1.004484,0.985989,0.987567
0.996531,0.990179,0.987567,0.993705
0.970409,0.992786,0.993705,1.00543
1.002691,1.001817,1.00543,1.008101
1.00805,0.999093,1.008101,0.984821
1.012422,0.976407,0.984821,1.000907
0.971078,1.012082,1.000907,0.996377
1.009928,1.004591,0.996377,0.993636
0.983021,0.985375,0.993636,0.991766
1.000909,1.003711,0.991766,1.011993
0.998183,0.997227,1.011993,0.990884
1.006369,1.005561,0.990884,0.99448
0.988246,0.995392,0.99448,0.989824
1.002745,0.990741,0.989824,0.997196
0.979927,0.990654,0.997196,1.01687
1.021415,1.00566,1.01687,0.987097
0.998177,1.0,0.987097,1.013072
0.996347,1.005629,1.013072,1.02765
1.033914,1.012127,1.02765,1.030493
1.027482,1.023041,1.030493,0.987815
0.992235,1.018018,0.987815,1.002643
0.993913,0.995575,1.002643,0.981547
0.990376,0.982222,0.981547,0.999105
0.992933,1.00543,0.999105,0.996416
1.00089,0.992799,0.996416,0.996403
0.990222,1.001813,0.996403,1.011733
1.012567,1.002715,1.011733,1.009813
1.012411,1.008123,1.009813,1.008834
1.003503,1.013429,1.008834,1.023643
1.045375,1.0,1.023643,0.992301
0.976628,1.004417,0.992301,1.041379
1.05812,1.014952,1.041379,1.003311
0.98546,1.028596,1.003311,0.980198
0.990984,0.997473,0.980198,0.98569
0.989247,0.984797,0.98569,1.005124
0.992475,1.002573,1.005124,0.979609
0.997473,0.980325,0.979609,1.001735
0.982264,0.998255,1.001735,1.012987
1.013758,1.013112,1.012987,0.975214
1.016964,0.981881,0.975214,0.978089
0.954128,0.966608,0.978089,0.991039
0.98514,1.0,0.991039,0.998192
0.992902,1.0,0.998192,0.974638
0.99017,0.975455,0.974638,1.002788
0.981949,0.991612,1.002788,0.998146
1.005515,1.003759,0.998146,1.0065
0.993601,1.000936,1.0065,0.984317
0.99816,0.996258,0.984317,1.018744
1.008295,1.001878,1.018744,1.0046
1.009141,1.01687,1.0046,1.009158
1.002717,1.000922,1.009158,0.990926
0.999097,1.0,0.990926,0.975275
0.990054,0.978821,0.975275,0.955869
0.970776,0.954845,0.955869,1.002947
0.971778,0.987192,1.002947,0.993144
0.999032,1.010978,0.993144,1.005917
1.0,0.997038,1.005917,0.97549
0.988372,0.980198,0.97549,0.99799
0.985294,0.99798,0.99799,1.019134
1.00796,1.002024,1.019134,0.995059
1.001974,1.010101,0.995059,1.003972
1.006897,1.008,1.003972,0.999011
0.997065,0.997024,0.999011,0.99604
0.994112,0.995025,0.99604,1.012922
1.007897,1.006,1.012922,1.024534
1.024486,1.010934,1.024534,0.993295
1.000956,1.016716,0.993295,1.029894
1.035339,0.996132,1.029894,0.981273
0.982472,1.014563,0.981273,1.001908
0.991549,0.998086,1.001908,0.999048
1.0,0.999041,0.999048,0.987607
1.002841,0.981766,0.987607,1.002896
0.982059,1.000978,1.002896,1.022137
1.024038,1.011719,1.022137,1.012241
1.015023,1.02027,1.012241,1.004651
1.000925,1.011353,1.004651,0.977778
0.996303,0.987839,0.977778,1.012311
0.993506,0.998106,1.012311,1.011225
1.011204,1.011385,1.011225,0.9963
0.999077,1.002814,0.9963,1.012071
1.022181,1.002806,1.012071,0.990826
0.999096,1.005597,0.990826,0.980556
0.977376,0.974026,0.980556,0.959396
0.972222,0.953333,0.959396,0.980315
0.971429,0.989011,0.980315,0.997992
0.979412,0.993939,0.997992,0.992958
1.011011,1.002033,0.992958,1.015198
0.99505,0.990872,1.015198,1.006986
1.006965,1.01433,1.006986,0.989098
0.997036,0.993946,0.989098,0.998998
1.0,1.008122,0.998998,1.013039
1.00892,0.994965,1.013039,0.987129
0.997053,1.006073,0.987129,0.952859
0.980296,0.952716,0.952859,1.007368
0.972864,0.997888,1.007368,1.007315
1.005165,1.002116,1.007315,1.008299
1.002055,1.011616,1.008299,1.00823
1.010256,1.002088,1.00823,1.006122
1.004061,1.011458,1.006122,0.991886
0.998989,1.004119,0.991886,0.989775
0.989879,0.985641,0.989775,1.006198
1.01636,1.002081,1.006198,1.034908
1.018109,1.007269,1.034908,1.011905
1.014822,1.036082,1.011905,0.998039
1.004869,1.00597,0.998039,0.989194
0.995155,0.988131,0.989194,1.002979
0.996105,1.004004,1.002979,1.009901
1.004888,1.0,1.009901,0.973529
0.9893,0.98006,0.973529,1.009063
0.987217,1.005086,1.009063,1.020958
1.02988,1.010121,1.020958,0.997067
1.000967,1.009018,0.997067,1.004902
0.995169,1.000993,1.004902,1.014634
1.016505,1.006944,1.014634,1.0125
1.013372,1.014778,1.0125,1.016144
1.016023,1.014563,1.016144,1.003738
1.006494,1.010526,1.003738,1.031657
1.023041,1.00947,1.031657,0.974729
0.997297,1.006567,0.974729,1.00463
0.98374,0.994408,1.00463,1.008295
1.016529,1.00656,1.008295,0.997258
0.998193,1.007449,0.997258,0.970669
0.995475,0.974122,0.970669,0.994334
0.965455,0.980076,0.994334,0.994302
0.999058,1.006776,0.994302,1.0
0.999057,1.000962,1.0,0.992359
1.000943,0.996158,0.992359,0.966314
0.976437,0.956606,0.966314,1.01494
0.987452,1.007056,1.01494,1.006869
1.00391,1.017017,1.006869,1.006823
1.005842,1.001969,1.006823,0.996128
1.002904,1.005894,0.996128,0.979592
0.990347,0.981445,0.979592,1.029762
1.016569,1.00398,1.029762,0.982659
0.996165,0.998018,0.982659,1.020588
1.006737,1.017875,1.020588,0.996158
1.0,1.003902,0.996158,0.999036
1.001912,1.003887,0.999036,0.978764
0.98855,0.979671,0.978764,0.997041
0.97973,0.98913,0.997041,0.987141
0.995074,0.993007,0.987141,1.016032
1.007921,1.006036,1.016032,1.015779
1.016699,1.002,1.015779,0.997087
1.001932,1.01497,0.997087,1.006816
0.999036,1.006883,1.006816,0.998066
1.0,1.001953,0.998066,0.989341
0.999035,0.992203,0.989341,1.007835
0.998068,0.992141,1.007835,0.98931
0.996128,1.00495,0.98931,0.996071
0.994169,0.994089,0.996071,0.999014
1.004888,1.0,0.999014,0.987167
0.987354,0.988107,0.987167,1.009
0.994089,1.001003,1.009,0.993062
1.001982,0.996994,0.993062,0.99501
1.0,1.0,0.99501,1.018054
1.006924,1.003015,1.018054,0.996059
0.999018,1.008016,0.996059,0.990109
0.995084,0.992048,0.990109,1.008991
1.002964,1.0,1.008991,1.006931
1.002956,1.011022,1.006931,0.998033
0.999018,1.0,0.998033,0.997044
1.006883,1.000991,0.997044,1.006917
0.996094,0.99901,1.006917,1.032385
1.04902,1.009911,1.032385,0.992395
0.983178,1.019627,0.992395,1.001916
1.003802,0.997113,1.001916,1.001912
0.996212,1.003861,1.001912,1.009542
1.019011,1.005769,1.009542,1.003781
0.995336,1.007648,1.003781,1.012241
1.014058,1.004744,1.012241,1.012093
1.013863,1.012276,1.012093,0.996324
0.990884,1.0,0.996324,0.99262
0.99724,0.997201,0.99262,0.999071
0.995387,0.997194,0.999071,0.99814
1.000927,1.001876,0.99814,1.003728
1.001852,1.0,1.003728,1.0
1.018484,1.006554,1.0,1.01857
1.000907,1.003721,1.01857,0.974476
0.977335,0.982391,0.974476,1.003742
0.997217,1.00566,1.003742,1.002796
1.010233,1.003752,1.002796,1.02881
1.020258,1.0,1.02881,0.97832
0.991877,1.004673,0.97832,1.000923
1.00273,0.995349,1.000923,0.980627
0.986388,0.992523,0.980627,1.017874
1.00092,1.0,1.017874,0.991682
0.998162,1.007533,0.991682,1.019571
1.018416,1.004673,1.019571,1.017367
1.008137,1.010233,1.017367,1.026954
1.042152,1.031308,1.026954,1.015748
1.016351,1.021429,1.015748,0.98708
0.982218,0.998252,0.98708,1.012216
1.001724,1.001751,1.012216,0.990517
1.003442,1.003497,0.990517,1.023499
1.012864,1.000871,1.023499,0.995748
1.00508,1.012185,0.995748,0.997438
0.989048,0.987962,0.997438,0.985445
1.002555,1.0,0.985445,1.012163
0.990654,0.995648,1.012163,1.022318
1.024871,1.013986,1.022318,0.99916
1.0,1.013793,0.99916,1.0
1.0,1.00085,1.0,0.986555
0.999163,0.995752,0.986555,1.002555
0.994975,0.989761,1.002555,1.006797
1.005051,1.011207,1.006797,1.018565
1.0134,1.00341,1.018565,1.009114
1.013223,1.016143,1.009114,0.995074
0.996737,1.002508,0.995074,1.006601
1.008183,1.009174,1.006601,0.977869
0.995942,0.985124,0.977869,0.982397
0.981255,0.96896,0.982397,1.005119
0.990033,1.005195,1.005119,1.0
0.998322,1.006029,1.0,1.016129
1.006723,1.001712,1.016129,1.002506
1.002504,1.011966,1.002506,1.014167
1.014988,1.01098,1.014167,0.999178
1.006563,1.013367,0.999178,1.002467
0.99837,0.994229,1.002467,0.99918
1.001633,1.004975,0.99918,1.011494
1.007335,1.00165,1.011494,0.996753
1.000809,1.00659,0.996753,1.007329
1.014551,0.998363,1.007329,1.003234
0.990438,1.007377,1.003234,1.018533
1.021722,1.002441,1.018533,0.973892
1.009449,0.99026,0.973892,1.0
0.972699,0.997541,1.0,1.003249
0.997594,1.002465,1.003249,1.020243
1.014469,1.008197,1.020243,0.978571
1.00317,1.000813,0.978571,1.030819
1.004739,1.001625,1.030819,1.015736
1.021226,1.021898,1.015736,0.988381
0.99846,1.009524,0.988381,1.010972
0.997687,0.998428,1.010972,1.020155
1.023957,1.01811,1.020155,1.00152
1.002264,1.010828,1.00152,1.020486
1.012801,1.009946,1.020486,1.006691
1.011152,1.00303,1.006691,0.975628
0.991176,0.992447,0.975628,1.031794
1.014837,0.997717,1.031794,0.982392
0.995614,1.014493,0.982392,1.004481
0.991189,0.994737,1.004481,1.009665
1.016296,0.989418,1.009665,0.980854
0.983236,0.992361,0.980854,1.001502
0.997035,1.020015,1.001502,0.988006
1.000743,0.993208,0.988006,0.978756
0.988113,0.979483,0.978756,0.971318
0.974436,0.97052,0.971318,0.998404
0.979938,0.992806,0.998404,1.008793
1.001575,1.004831,1.008793,1.021395
1.015723,1.004006,1.021395,1.025601
1.031734,1.023144,1.025601,1.024206
1.034509,1.030421,1.024206,1.077548
1.079768,1.071158,1.077548,0.997944
0.984553,1.014134,0.997944,0.994505
1.019782,1.006969,0.994505,1.0
0.979933,0.995156,1.0,0.991022
1.0,0.976356,0.991022,1.016028
1.02116,1.013533,1.016028,1.014403
1.000668,1.00773,1.014403,1.056795
1.082832,1.035565,1.056795,1.021113
0.985194,1.028956,1.021113,1.000627
1.031935,1.027487,1.000627,0.967439
0.962985,0.973885,0.967439,0.992233
0.992439,0.990844,0.992233,0.997391
0.989841,0.99736,0.997391,0.994114
0.984606,1.0,0.994114,1.019079
1.019544,0.99272,1.019079,1.038735
1.036422,1.028,1.038735,1.043505
1.054254,1.058366,1.043505,1.000596
0.997076,1.015931,1.000596,1.008929
1.012903,1.007238,1.008929,1.00354
1.00579,1.003593,1.00354,1.018225
1.00403,1.0,1.018225,0.983834
1.049312,1.015513,0.983834,1.021127
0.970492,0.992949,1.021127,0.996552
1.02027,0.991124,0.996552,1.065744
1.020419,1.042388,1.065744,0.991883
1.062196,1.010309,0.991883,1.021822
0.967923,0.980726,1.021822,0.929525
1.017885,0.983815,0.929525,1.02757
0.930233,1.018214,1.02757,0.975964
0.999444,0.997692,0.975964,1.014891
0.992774,1.00694,1.014891,1.017494
1.011758,1.0,1.017494,1.036606
1.034311,1.033889,1.036606,1.009096
1.025682,1.020556,1.009096,0.955461
0.978091,0.979858,0.955461,0.981687
0.970133,0.960556,0.981687,0.966648
0.989555,0.980335,0.966648,0.975439
0.955556,0.982301,0.975439,0.986811
0.987209,0.971772,0.986811,1.034629
1.023557,1.023486,1.034629,1.04404
1.024741,1.02657,1.04404,1.007874
1.036496,1.046471,1.007874,0.988281
0.976165,0.991568,0.988281,1.01581
1.006104,0.997166,1.01581,1.018899
1.024269,1.02672,1.018899,0.963448
0.979537,0.957918,0.963448,0.986976
0.980759,0.99711,0.986976,0.984509
0.98991,0.990145,0.984509,1.004662
1.000566,1.001171,1.004662,0.968677
0.967742,0.97076,0.968677,1.003593
0.987719,1.000602,1.003593,0.99463
1.003552,0.996388,0.99463,1.037193
1.022419,1.007251,1.037193,0.990168
1.006924,1.015597,0.990168,0.928154
0.969628,0.921441,0.928154,1.03776
0.979314,1.025641,1.03776,1.053972
1.053712,1.03125,1.053972,1.014384
1.017182,1.04303,1.014384,0.98582
1.001126,1.004648,0.98582,1.044304
1.026434,1.0,1.044304,0.98843
1.004384,1.017929,0.98843,0.998328
0.997818,1.008523,0.998328,0.984925
0.977583,0.981972,0.984925,0.982993
0.993848,0.987378,0.982993,0.978662
0.975802,0.975015,0.978662,1.01591
0.997116,1.008343,1.01591,0.982019
1.017351,0.998818,0.982019,1.0
0.990335,1.000592,1.0,0.980508
0.973594,0.976937,0.980508,1.0
0.987618,0.993947,1.0,1.008434
1.004776,1.00609,1.008434,1.004182
1.002377,1.010291,1.004182,1.011898
1.01719,1.001797,1.011898,1.0194
1.022145,1.023325,1.0194,1.022491
1.027936,1.014027,1.022491,1.002256
0.995563,1.013256,1.002256,0.993247
1.0,1.001138,0.993247,1.026062
1.012813,1.001705,1.026062,0.988404
0.99835,1.013046,0.988404,1.00838
1.000551,1.0028,1.00838,0.998892
1.015969,0.992741,0.998892,1.005546
0.985366,1.006749,1.005546,1.072808
1.09516,1.006704,1.072808,1.081748
1.074837,1.077137,1.081748,1.009981
1.021963,1.042761,1.009981,0.995765
1.014175,1.038043,0.995765,1.043951
1.000902,1.006663,1.043951,1.065188
1.086036,1.046809,1.065188,0.982575
0.993364,1.028004,0.982575,1.022924
1.018789,1.017575,1.022924,0.978436
0.978689,0.990069,0.978436,1.009507
0.990369,0.999128,1.009507,1.060788
1.049049,1.003928,1.060788,0.977401
1.000806,1.041739,0.977401,1.004955
0.986307,1.005008,1.004955,1.036565
1.053491,1.004983,1.036565,0.97503
0.974031,1.002479,0.97503,0.977236
0.976522,0.976505,0.977236,1.031614
1.012632,1.01393,1.031614,1.02379
1.041449,1.043714,1.02379,0.985033
1.004637,0.994017,0.985033,1.017193
0.981923,1.006421,1.017193,1.056997
1.063063,1.01874,1.056997,1.037932
1.046057,1.031311,1.037932,1.003225
1.003875,1.046679,1.003225,0.97
0.987368,0.971719,0.97,1.005891
0.982942,0.981343,1.005891,1.0194
1.015546,1.026996,1.0194,1.028366
1.031684,1.022214,1.028366,0.973813
0.986197,1.00326,0.973813,0.962352
0.969209,0.955957,0.962352,1.025708
0.996029,0.996601,1.025708,0.993462
1.014136,1.027662,0.993462,0.985375
0.989993,0.985251,0.985375,1.04564
1.020939,0.996632,1.04564,1.042229
1.067185,1.095757,1.042229,1.038134
1.010934,1.007539,1.038134,1.091505
1.092429,1.013605,1.091505,1.005409
1.067507,1.1,1.005409,0.975792
0.949972,0.963053,0.975792,0.9
0.9,0.9,0.9,1.04927
1.040853,0.990566,1.04927,0.976957
0.986775,1.06,0.976957,0.93636
0.971466,0.932615,0.93636,0.964829
0.951046,0.970135,0.964829,1.012808
0.980814,0.958292,1.012808,1.025292
1.010496,1.058031,1.025292,1.012808
1.014636,1.019589,1.012808,1.004684
1.003257,1.010086,1.004684,0.98042
0.994898,0.992392,0.98042,0.978602
0.987879,0.983709,0.978602,0.971817
0.966494,0.962007,0.971817,1.0055
0.995605,0.988354,1.0055,1.038289
1.028445,1.019467,1.038289,1.038793
1.076299,1.051256,1.038793,1.01752
0.989809,1.040153,1.01752,1.00725
1.015219,1.011029,1.00725,1.02834
1.015873,1.012727,1.02834,1.004374
1.008247,1.01167,1.004374,1.088415
1.087387,0.99024,1.088415,0.977991
1.068884,1.08871,0.977991,1.062602
0.965926,0.925103,1.062602,1.048903
1.049847,1.1,1.048903,1.022394
1.066472,1.028952,1.022394,0.965171
0.952055,0.96853,0.965171,0.977679
0.963309,0.943425,0.977679,1.018645
1.026886,1.060373,1.018645,0.985431
0.970545,0.985097,0.985431,1.015542
1.024728,1.010473,1.015542,1.046659
1.05192,1.000384,1.046659,0.983238
0.980188,1.044513,0.983238,0.994197
0.991844,0.996326,0.994197,0.949653
0.979979,0.953909,0.949653,0.990396
0.966071,0.983378,0.990396,0.995345
0.987915,0.963443,0.995345,0.958301
0.997706,0.999184,0.958301,0.907279
0.938314,0.903634,0.907279,0.988794
0.918334,0.921826,0.988794,1.020399
1.007559,1.068627,1.020399,0.977788
1.035305,0.988991,0.977788,0.900045
0.919437,0.918831,0.900045,0.903079
0.950394,0.90005,0.903079,1.089994
0.953659,0.91419,1.089994,0.963077
1.04399,1.1,0.963077,0.962194
0.955904,0.93022,0.962194,1.019369
1.007176,0.965955,1.019369,1.09392
1.031043,1.039427,1.09392,0.900744
1.022705,1.042529,0.900744,0.904132
0.9,0.900772,0.904132,1.099939
1.037356,1.003672,1.099939,1.1
1.1,1.1,1.1,1.1
1.1,1.06383,1.1,1.009611
1.09016,1.034146,1.009611,0.9
0.911419,0.936321,0.9,1.027204
0.968217,0.910831,1.027204,1.060324
1.041865,1.1,1.060324,0.982886
1.005023,1.012237,0.982886,0.993412
0.973648,0.991779,0.993412,0.989578
1.002333,1.000488,0.989578,1.031594
1.00419,1.011209,1.031594,1.1
1.099212,1.086747,1.1,0.971742
1.087305,1.005322,0.971742,0.969618
0.934057,0.914865,0.969618,1.099821
1.020349,1.075699,1.099821,0.948311
1.012617,1.030928,0.948311,0.935622
0.935691,0.919565,0.935622,0.9
0.921821,0.92766,0.9,1.068298
0.978565,1.0,1.068298,0.982824
1.04,1.040775,0.982824,0.975243
0.940476,0.969148,0.975243,1.034345
1.016553,1.022233,1.034345,1.065448
1.070402,1.040534,1.065448,1.009033
1.022371,1.045131,1.009033,0.970009
0.977681,0.984091,0.970009,1.024458
0.994181,0.986605,1.024458,1.076577
1.098604,1.068352,1.076577,1.04477
1.036066,1.056529,1.04477,0.9
1.001582,0.931978,0.9,1.015576
0.919036,0.903427,1.015576,0.928571
0.973786,1.039409,0.928571,0.943841
0.927626,0.938389,0.943841,0.9
0.925309,0.909091,0.9,0.901111
0.908483,0.9,0.901111,1.027127
0.990379,1.001852,1.027127,1.059424
1.010857,1.013555,1.059424,1.056657
1.072923,1.077204,1.056657,0.938874
0.966807,0.981941,0.938874,0.957738
0.990736,0.958621,0.957738,1.014311
0.960396,0.959832,1.014311,1.01117
1.041237,1.050593,1.01117,1.038953
0.988999,1.0,1.038953,1.02742
1.027253,1.050535,1.02742,0.958606
0.98484,0.991511,0.958606,0.992045
0.983507,0.978881,0.992045,0.923826
0.984908,0.932945,0.923826,0.963422
0.935868,0.950625,0.963422,1.085586
1.035779,1.011177,1.085586,0.956135
0.995316,1.046164,0.956135,1.00434
0.967647,0.991299,1.00434,1.022222
1.012766,1.003135,1.022222,1.01872
1.02461,1.03,1.01872,0.967991
0.976567,0.98301,0.967991,1.007348
0.994001,1.008025,1.007348,0.964742
0.990344,0.96632,0.964742,1.020164
0.992687,1.003169,1.020164,0.979617
0.985881,0.998105,0.979617,1.004414
1.003113,1.005696,1.004414,1.040176
1.035382,1.029578,1.040176,1.008449
1.008993,1.004279,1.008449,1.044883
1.048128,1.02252,1.044883,1.001718
1.000567,1.025,1.001718,0.982847
0.998867,0.995935,0.982847,1.041303
1.018718,0.995918,1.041303,1.008939
1.014477,1.032201,1.008939,0.981728
1.008782,0.993761,0.981728,1.020305
0.989119,1.001712,1.020305,0.929795
0.9956,0.956695,0.929795,1.029132
0.961326,1.001191,1.029132,1.070479
1.083908,1.038667,1.070479,1.014571
1.031283,1.065865,1.014571,0.991489
0.966581,0.962386,0.991489,0.974785
1.008511,1.01005,0.974785,1.003853
0.975738,1.000553,1.003853,1.016447
1.025946,1.022652,1.016447,0.973571
0.984194,0.968125,0.973571,1.026039
1.006959,1.004464,1.026039,1.052376
1.036683,1.023333,1.052376,0.990764
1.045128,1.043431,0.990764,1.021233
0.974975,0.994797,1.021233,1.037525
1.082033,1.067992,1.037525,0.98827
0.956279,0.977473,0.98827,0.996044
0.982977,0.989479,0.996044,0.98858
0.996536,0.99443,0.98858,1.022602
1.036743,0.985743,1.022602,1.015717
0.997605,1.019628,1.015717,0.973888
1.007201,1.018744,0.973888,0.981629
0.974261,0.974639,0.981629,1.012645
0.982387,1.004082,1.012645,0.999001
1.008964,1.012195,0.999001,1.007
1.034057,1.004518,1.007,0.991559
0.959427,0.986007,0.991559,1.010015
1.01592,1.008616,1.010015,0.989588
1.003918,1.0,0.989588,0.917836
0.973659,0.905528,0.917836,0.996179
0.933868,0.940622,0.996179,1.030137
1.028433,1.061947,1.030137,1.021277
1.004695,1.028333,1.021277,1.008333
1.005711,1.02215,1.008333,0.975723
0.991224,0.993129,0.975723,1.050291
1.041146,1.000532,1.050291,0.952621
0.989495,1.004255,0.952621,1.001058
0.966633,0.988877,1.001058,1.000529
1.006799,1.006963,1.000529,0.979926
0.982857,0.983511,0.979926,1.01779
0.998943,0.985398,1.01779,1.004237
1.018519,1.038419,1.004237,0.993143
0.995325,0.9926,0.993143,1.035582
1.025574,1.009052,1.035582,0.987692
0.996947,1.011609,0.987692,1.029076
1.017356,0.99687,1.029076,1.0
1.007526,1.025641,1.0,1.009586
1.018924,1.012755,1.009586,1.015992
0.99609,0.998489,1.015992,1.013281
1.027478,1.021191,1.013281,0.94466
0.99809,0.95751,0.94466,1.011305
0.944498,0.992776,1.011305,0.995935
1.004053,1.007277,0.995935,0.966837
0.992936,0.9742,0.966837,0.907652
0.96748,0.909958,0.907652,0.994186
0.907563,0.948778,0.994186,1.019298
1.013889,1.041104,1.019298,0.919679
0.972032,0.937537,0.919679,1.018091
0.977099,0.980515,1.018091,0.943627
0.969351,0.985256,0.943627,1.014286
0.973962,0.995446,1.014286,0.965429
1.010821,0.981046,0.965429,1.02122
0.973552,0.976016,1.02122,0.957143
0.995472,1.0,0.957143,1.00882
0.977908,0.969283,1.00882,1.030935
1.023256,1.034507,1.030935,0.992825
1.005844,1.014295,0.992825,0.952694
0.987088,0.97047,0.952694,1.011724
0.971877,0.995159,1.011724,1.006135
1.005384,1.018068,1.006135,0.901084
0.982597,0.906485,0.901084,0.994737
0.915531,0.960843,0.994737,0.961451
0.987351,0.995298,0.961451,1.035377
1.003014,1.000787,1.035377,0.98861
0.998497,1.013375,0.98861,1.029954
1.014296,1.013199,1.029954,1.018643
1.02003,1.019923,1.018643,1.010249
1.017455,1.022539,1.010249,0.988406
0.989278,1.000735,0.988406,0.98607
0.979046,0.947871,0.98607,1.048327
1.041328,1.048025,1.048327,1.003546
1.004961,1.027347,1.003546,0.995053
1.012694,1.011511,0.995053,1.0
0.985376,0.992888,1.0,1.03267
1.028975,1.024355,1.03267,0.982118
0.99794,0.988112,0.982118,1.008403
0.993806,0.991507,1.008403,0.908333
0.993075,0.930764,0.908333,1.025229
0.942817,0.993865,1.025229,0.990306
1.013314,0.978395,0.990306,1.031627
1.013139,1.031546,1.031627,1.09562
1.085735,1.044343,1.09562,0.988674
1.025216,1.083455,0.988674,0.993261
0.97411,0.970946,0.993261,1.00882
1.00598,1.022269,1.00882,0.98386
0.982166,0.955752,0.98386,0.989747
0.984533,1.011396,0.989747,0.972376
0.993169,0.98662,0.972376,0.991477
0.968363,0.983583,0.991477,1.032951
1.034091,1.021771,1.032951,0.990291
0.991758,1.002131,0.990291,1.005602
0.999307,1.007087,1.005602,1.023677
1.022176,1.01126,1.023677,1.022449
1.023051,1.016701,1.022449,1.032601
1.037111,1.034223,1.032601,0.996778
0.997444,1.009265,0.996778,1.0
0.994234,1.000656,1.0,0.980608
0.994845,0.992792,0.980608,1.00857
0.99158,0.99736,1.00857,0.999346
1.022861,1.006618,0.999346,0.987574
0.978289,0.983563,0.987574,1.025828
1.013708,1.009358,1.025828,1.064558
1.086285,1.037748,1.064558,1.047908
1.036752,1.035099,1.047908,0.993634
0.995426,1.035142,0.993634,0.984275
0.975876,0.991662,0.984275,0.963314
0.998823,0.974775,0.963314,1.003071
0.97525,0.990142,1.003071,1.005511
1.006647,1.019291,1.005511,0.982339
0.990396,0.974359,0.982339,1.017979
1.007273,1.015038,1.017979,1.011571
1.011432,1.014815,1.011571,0.992173
0.992861,0.996959,0.992173,0.976335
0.980827,0.981086,0.976335,1.011187
0.996946,1.000622,1.011187,0.947757
1.003064,0.933499,0.947757,0.975357
0.945632,0.997337,0.975357,1.013963
0.985142,1.001335,1.013963,0.980984
0.998689,0.993333,0.980984,1.013369
0.99606,1.002685,1.013369,0.995383
1.007251,1.006024,0.995383,1.023194
1.014398,1.005323,1.023194,0.983808
0.990968,1.003309,0.983808,1.023041
1.019531,1.0,1.023041,0.998713
0.998084,1.016491,0.998713,0.996778
0.992962,0.99416,0.996778,0.959276
1.001289,0.96671,0.959276,0.962264
0.951737,0.960837,0.962264,1.0
0.971602,0.997892,1.0,0.9993
1.007655,0.997183,0.9993,0.993693
0.984807,0.983757,0.993693,1.005642
1.00561,1.015075,1.005642,1.01122
1.006974,0.993635,1.01122,0.995146
1.00277,1.018505,0.995146,0.985366
0.991022,0.975542,0.985366,0.999293
0.999303,1.005014,0.999293,1.009908
0.995816,0.995011,1.009908,1.012614
1.017507,1.023639,1.012614,0.987543
0.992429,0.991603,0.987543,1.003504
1.009015,1.009174,1.003504,0.996508
0.99244,0.983217,0.996508,1.009811
1.003463,1.006401,1.009811,0.995142
0.996549,1.004947,0.995142,1.041144
1.035319,1.007736,1.041144,0.997991
1.010033,1.037683,0.997991,1.0
0.992715,0.995965,1.0,1.009396
1.00467,1.002701,1.009396,0.992686
1.007304,1.003367,0.992686,0.994642
0.986157,0.985906,0.994642,1.006061
1.001337,1.000681,1.006061,0.95917
0.998665,0.973469,0.95917,1.000698
0.967246,0.993711,1.000698,1.017434
1.014513,0.995781,1.017434,0.988348
0.993188,1.012006,0.988348,1.009015
1.004115,1.006281,1.009015,1.010997
1.005464,0.997226,1.010997,1.010877
1.016984,1.020167,1.010877,1.00538
0.999332,1.002045,1.00538,0.995318
1.001337,1.002041,0.995318,0.974462
0.99733,0.964019,0.974462,1.015862
0.986613,1.014085,1.015862,1.008147
1.00882,1.0125,1.008147,1.005387
1.006725,1.017147,1.005387,1.00134
1.0,0.998651,1.00134,1.016054
1.02338,1.008103,1.016054,1.017775
1.009791,1.012056,1.017775,0.997413
1.003878,1.011913,0.997413,1.000649
0.999356,1.000654,1.000649,0.993519
0.99549,0.996078,0.993519,0.973255
0.973463,0.976378,0.973255,1.003351
1.006649,1.0,1.003351,1.022044
1.010568,1.001344,1.022044,1.022222
1.030065,1.030872,1.022222,0.991688
0.992386,1.003255,0.991688,0.994842
0.995524,0.997404,0.994842,1.004537
1.0,1.000651,1.004537,0.994839
0.995504,0.994798,0.994839,0.998054
0.999355,1.004575,0.998054,1.005848
1.005165,1.001301,1.005848,0.991602
0.995504,0.993502,0.991602,1.003257
0.996774,1.001962,1.003257,1.018182
1.015534,1.001305,1.018182,0.983418
1.005736,0.978488,0.983418,1.041505
1.036122,1.053298,1.041505,1.030511
1.024465,1.010753,1.030511,0.989124
0.991045,1.006258,0.989124,1.021381
1.008434,1.004353,1.021381,0.997608
1.025687,1.026625,0.997608,1.004197
0.980198,0.986128,1.004197,1.005373
1.01426,1.017125,1.005373,1.028504
1.016989,1.010824,1.028504,0.992494
0.999424,1.013682,0.992494,0.977894
0.994813,0.985329,0.977894,0.982153
0.983198,0.981537,0.982153,1.034525
1.010607,0.996359,1.034525,1.037471
1.046064,1.038977,1.037471,0.988149
0.993311,1.018757,0.988149,1.003998
1.001122,1.003452,1.003998,1.010239
1.018498,1.002294,1.010239,0.985923
0.977435,0.993707,0.985923,0.990291
0.99268,0.997697,0.990291,0.995963
0.98979,0.986728,0.995963,0.996526
0.99255,1.002339,0.996526,0.979082
0.988453,0.973162,0.979082,1.009496
1.005841,1.010791,1.009496,0.993533
0.993031,0.999407,0.993533,1.004142
1.00117,1.001187,1.004142,1.00825
1.009346,1.002371,1.00825,0.990064
0.992477,1.0,0.990064,1.005903
1.001166,1.002365,1.005903,0.995892
0.998835,0.99705,0.995892,1.002946
0.995335,0.985207,1.002946,1.0
1.002929,1.018619,1.0,1.005288
1.002336,1.00059,1.005288,0.990064
0.998834,0.997054,0.990064,0.992916
0.981914,0.975177,0.992916,1.002973
1.004753,1.014545,1.002973,0.991701
0.99586,0.991637,0.991701,1.008368
1.005938,1.007229,1.008368,1.013634
1.012987,1.005383,1.013634,1.004094
1.003497,1.011303,1.004094,1.000582
1.015679,1.01,1.000582,0.999418
0.992567,0.998835,0.999418,0.972044
0.985599,0.972012,0.972044,1.015578
0.991233,0.996401,1.015578,1.011799
1.017689,1.02047,1.011799,1.006997
1.005214,1.00885,1.006997,1.013897
1.011527,1.008772,1.013897,0.977156
0.996581,0.974493,0.977156,1.0
0.98685,1.011303,1.0,0.995324
0.99073,0.998235,0.995324,1.001174
1.000585,1.000589,1.001174,0.998827
0.998247,0.996466,0.998827,1.005285
1.01171,1.007092,1.005285,1.021612
1.01331,1.002347,1.021612,0.991995
0.998858,1.013466,0.991995,1.000576
0.996569,0.999422,1.000576,0.990207
0.998853,0.987861,0.990207,1.015707
1.006893,1.00117,1.015707,0.998855
0.997718,1.011689,0.998855,1.006881
1.016009,1.005777,1.006881,1.018223
1.007878,1.005744,1.018223,0.959732
0.984925,0.978298,0.959732,0.987762
0.969955,0.983654,0.987762,1.00354
0.996493,1.002374,1.00354,0.981188
0.996481,0.988159,0.981188,1.004793
0.994114,0.996405,1.004793,0.998211
0.996448,1.001804,0.998211,0.994624
0.996435,0.996399,0.994624,1.004805
1.0,1.000602,1.004805,0.991034
0.998211,0.989163,0.991034,1.013269
1.007168,1.015825,1.013269,1.005357
1.003559,1.001797,1.005357,1.001184
1.001773,1.005981,1.001184,0.997043
0.99882,0.998811,0.997043,1.000593
0.998819,1.000595,1.000593,0.996443
0.997635,0.996431,0.996443,0.999405
1.002964,1.001791,0.999405,1.006548
1.000591,0.998212,1.006548,1.011236
1.010632,1.008358,1.011236,1.002339
1.014611,1.010657,1.002339,1.015753
1.008065,0.997071,1.015753,1.011488
1.02,1.022327,1.011488,1.018171
1.016807,1.00977,1.018171,0.983826
0.991736,1.002846,0.983826,0.991497
0.985,0.986379,0.991497,1.030303
1.025381,1.004603,1.030303,0.977248
0.993399,1.001145,0.977248,0.988643
0.970653,0.985698,0.988643,0.989661
0.997148,0.997098,0.989661,1.008125
0.994279,0.996508,1.008125,0.988486
1.000575,1.001168,0.988486,1.011648
1.0023,0.998833,1.011648,0.972942
1.002295,0.978388,0.972942,1.000592
0.972524,0.995821,1.000592,0.992312
0.999411,1.005396,0.992312,1.002384
0.996466,0.997018,1.002384,1.004756
1.001773,1.00299,1.004756,0.997041
0.99823,1.001193,0.997041,0.996439
0.998818,0.994044,0.996439,1.004169
1.0,1.004194,1.004169,0.994069
0.997633,0.99642,0.994069,0.993437
0.996441,0.996407,0.993437,1.000601
0.992857,0.986779,1.000601,1.004202
1.006595,1.012789,1.004202,0.998805
0.997618,1.002405,0.998805,0.997008
1.0,0.9988,0.997008,1.005402
1.002388,1.001201,1.005402,1.010149
1.010721,1.005399,1.010149,1.005319
1.003536,1.007757,1.005319,0.999412
1.001762,1.003552,0.999412,0.994118
0.997069,0.99528,0.994118,1.017751
1.011758,0.996443,1.017751,0.994186
1.002905,1.017252,0.994186,0.985965
0.993048,0.984795,0.985965,0.993476
0.991249,0.994062,0.993476,1.00597
0.994114,0.997013,1.00597,1.004748
1.005329,0.989814,1.004748,0.995275
0.996466,1.011501,0.995275,1.008309
1.00591,1.005386,1.008309,1.002943
1.007638,1.008929,1.002943,1.002934
0.998834,1.00236,1.002934,1.0
1.004086,1.00412,1.0,1.007022
1.005233,0.999414,1.007022,0.998257
0.997687,1.003519,0.998257,1.0
0.99942,1.000584,1.0,0.987194
0.99884,0.988902,0.987194,1.002358
0.988966,0.995865,1.002358,1.008235
1.007046,1.002372,1.008235,1.0
1.000583,1.005325,1.0,1.012252
1.013986,1.007063,1.012252,1.001153
1.002299,1.008767,1.001153,1.002879
1.00344,1.003476,1.002879,0.994259
0.994857,0.993649,0.994259,0.992494
1.004595,0.997676,0.992494,1.009889
0.993139,0.999418,1.009889,0.990783
1.003454,1.001748,0.990783,1.03314
1.021228,1.000582,1.03314,0.996624
1.001124,1.024419,0.996624,1.005082
1.0,0.997162,1.005082,0.992697
0.998316,0.997723,0.992697,1.000566
0.994379,1.0,1.000566,0.984163
1.002826,0.990302,0.984163,1.004023
0.987599,1.0,1.004023,1.001717
1.005708,1.004032,1.001717,0.994857
0.996027,0.995984,0.994857,0.999426
0.992593,0.992512,0.999426,1.005747
1.007463,1.009286,1.005747,0.993714
0.99886,0.994825,0.993714,0.998275
0.995436,1.001156,0.998275,0.991935
0.993696,0.987875,0.991935,0.998839
0.99481,1.002338,0.998839,1.004651
1.004058,0.995335,1.004651,1.001736
1.004619,1.008787,1.001736,1.001733
0.997126,0.997677,1.001733,1.004614
1.008646,1.008149,1.004614,0.985649
1.0,0.990762,0.985649,1.012231
0.993714,1.001748,1.012231,1.009781
1.010351,1.008144,1.009781,1.008547
1.009106,1.006347,1.008547,0.996045
1.0,0.997133,0.996045,1.012479
1.00846,1.010351,1.012479,0.985994
1.002237,1.001138,0.985994,1.007386
1.0,1.001706,1.007386,0.996616
0.996652,0.998865,0.996616,0.945105
0.966965,0.944318,0.945105,0.998204
0.971627,0.997593,0.998204,1.010798
1.010727,1.007238,1.010798,0.997626
0.995283,1.003593,0.997626,1.00119
0.99763,0.998807,1.00119,0.98574
0.999406,0.989845,0.98574,1.011453
1.000594,0.995775,1.011453,1.000596
1.001188,1.011515,1.000596,1.011316
1.0172,1.002397,1.011316,0.998822
1.005831,1.010759,0.998822,0.988797
0.978551,0.981668,0.988797,0.98867
1.001185,0.99759,0.98867,1.0
0.98284,0.9843,1.0,0.996381
0.998194,1.002454,0.996381,1.004843
1.003016,1.00306,1.004843,0.998795
0.998196,0.987187,0.998795,0.985525
0.998193,1.008035,0.985525,0.995104
0.993361,0.996321,0.995104,0.99754
0.987849,0.986462,0.99754,0.996301
1.000615,1.006238,0.996301,0.962871
0.976644,0.960942,0.962871,0.988432
0.98112,0.990323,0.988432,1.005852
0.997434,1.001954,1.005852,0.990304
0.993569,0.994798,0.990304,0.977807
0.990939,0.977778,0.977807,1.0
0.986937,0.994652,1.0,0.991322
1.001985,0.997984,0.991322,0.999327
0.984148,0.982492,0.999327,1.010108
1.011409,1.013708,1.010108,1.0
1.001327,1.011494,1.0,1.005337
0.999337,0.989305,1.005337,0.998673
1.005305,1.015541,0.998673,0.987375
0.988127,0.986693,0.987375,0.998654
0.996662,0.997977,0.998654,0.989892
1.00134,0.990541,0.989892,0.989108
0.989298,0.987722,0.989108,1.004818
0.98783,0.98895,1.004818,1.023973
1.030801,1.01257,1.023973,1.002007
1.001992,1.028966,1.002007,1.000668
1.009278,1.00134,1.000668,0.983322
0.981615,0.983936,0.983322,1.015604
1.006689,0.99932,1.015604,1.002672
1.000664,1.017018,1.002672,0.996669
0.998672,0.993976,0.996669,1.012701
1.009309,1.004714,1.012701,1.00198
1.004611,1.012064,1.00198,1.001976
1.0,1.000662,1.001976,0.993425
1.000656,0.998015,0.993425,1.008604
0.998689,0.998011,1.008604,1.001312
1.003937,1.007973,1.001312,0.975098
0.978431,0.979565,0.975098,0.989247
0.99666,0.989233,0.989247,1.007473
1.0,1.002721,1.007473,0.999326
0.99866,1.002035,0.999326,1.005398
1.001342,1.003385,1.005398,0.999329
1.012735,1.002699,0.999329,0.997985
0.986102,0.989906,0.997985,1.01144
1.010738,1.007478,1.01144,1.004657
1.004648,1.013495,1.004657,0.99404
0.998017,0.998003,0.99404,1.003331
1.001987,1.000667,1.003331,1.002656
1.0,1.000667,1.002656,1.001987
1.001322,1.000666,1.001987,0.993391
1.00066,0.998003,0.993391,1.008649
1.001319,1.0,1.008649,0.995383
0.999341,1.002668,0.995383,0.999337
0.997363,0.998004,0.999337,0.994032
0.999339,0.998667,0.994032,0.987325
0.990741,0.986649,0.987325,0.992568
0.992657,0.989851,0.992568,1.007488
0.996638,1.000684,1.007488,1.00473
1.009447,1.006831,1.00473,0.975118
0.998663,0.97829,0.975118,1.005517
0.981258,1.001387,1.005517,1.021262
1.016371,1.00554,1.021262,0.998657
1.00604,1.02135,0.998657,1.012777
1.00934,0.998651,1.012777,1.002656
1.011236,1.014855,1.002656,0.993377
0.992157,0.986693,0.993377,0.998
0.988801,1.002697,0.998,1.002004
1.003331,1.000672,1.002004,0.992
0.998672,0.998656,0.992,1.090054
1.087766,1.032974,1.090054,0.980888
0.986553,1.03127,0.980888,0.983658
0.995043,0.982944,0.983658,1.010224
0.99066,1.001928,1.010224,0.977862
0.993086,0.99102,0.977862,1.003881
0.994937,1.001294,1.003881,1.020619
1.012723,1.003232,1.020619,0.997475
0.998116,1.009021,0.997475,0.989241
1.002517,0.991699,0.989241,0.975688
0.98054,0.980039,0.975688,1.011803
0.993598,1.003942,1.011803,1.001944
1.002577,1.007853,1.001944,1.003234
0.998072,0.997403,1.003234,0.998066
1.001288,1.001302,0.998066,0.996124
0.994212,0.994798,0.996124,1.015564
1.013583,1.005882,1.015564,0.99553
1.003829,1.008447,0.99553,0.991661
0.992371,0.993557,0.991661,0.992238
0.995516,0.993515,0.992238,1.014342
1.001931,1.001958,1.014342,1.01671
1.018626,1.015635,1.01671,0.996207
0.998739,1.001283,0.996207,0.998731
0.998737,1.004484,0.998731,0.996188
0.996207,0.995536,0.996188,0.995536
0.999365,0.997438,0.995536,1.001281
0.994921,0.998715,1.001281,1.005758
1.00702,1.003859,1.005758,0.991094
1.0,0.997438,0.991094,0.996791
0.99493,0.996789,0.996791,0.998068
0.992994,0.99549,0.998068,1.001935
0.998717,1.000647,1.001935,1.001932
1.004496,1.003234,1.001932,0.998715
0.994885,0.996776,0.998715,0.996782
1.001285,1.0,0.996782,1.01162
1.011553,1.000647,1.01162,1.000638
0.998731,1.009696,1.000638,1.008929
1.011436,1.001921,1.008929,0.997472
0.992462,1.001278,0.997472,0.986692
0.997468,0.991066,0.986692,0.992935
0.986041,0.991629,0.992935,0.981889
0.994852,0.981818,0.981889,1.001318
0.98577,1.001984,1.001318,1.001316
1.002625,1.00066,1.001316,0.994744
0.997382,0.998021,0.994744,1.002642
1.000656,1.000661,1.002642,1.009223
1.014426,1.011229,1.009223,1.011749
1.002586,1.00196,1.011749,1.00129
1.005158,1.007823,1.00129,0.994845
0.998076,0.996119,0.994845,1.002591
0.996144,0.999351,1.002591,0.98708
1.003226,0.992203,0.98708,1.001309
0.987138,0.99869,1.001309,0.994118
0.999349,0.99541,0.994118,0.992768
0.991525,0.990777,0.992768,1.001987
0.99737,0.998005,1.001987,1.002644
1.005274,1.007328,1.002644,0.998022
0.998033,0.998677,0.998022,1.001982
1.0,1.000662,1.001982,1.00791
1.008541,1.002647,1.00791,0.995422
1.001303,1.0033,0.995422,0.967806
0.981132,0.968421,0.967806,1.006789
0.984748,0.998641,1.006789,0.999326
1.000673,1.006122,0.999326,0.985155
0.997308,0.985125,0.985155,0.989041
0.987179,0.9849,0.989041,1.00277
0.991114,1.000697,1.00277,1.003453
1.004828,1.006267,1.003453,1.002065
1.008236,1.001384,1.002065,1.005495
0.998639,1.004147,1.005495,0.996585
1.000682,0.997935,0.996585,0.998629
1.000681,1.0,0.998629,0.991764
0.992512,0.993103,0.991764,0.994464
0.992455,0.996528,0.994464,0.993737
0.995162,0.994425,0.993737,0.990196
0.997917,0.99089,0.990196,1.010608
0.995129,0.997171,1.010608,1.009797
1.012587,1.010638,1.009797,1.00693
1.009669,1.008421,1.00693,0.977977
0.995212,0.986778,0.977977,1.004222
0.983505,1.00141,1.004222,0.989488
1.0,0.992254,0.989488,1.01204
0.999301,1.002129,1.01204,1.009097
1.01049,1.002125,1.009097,0.990291
0.995848,1.00424,0.990291,0.9993
1.00139,1.001407,0.9993,0.990189
0.991672,0.992973,0.990189,0.992923
0.990903,0.990092,0.992923,1.007128
1.002825,1.00143,1.007128,0.995046
0.99507,1.001428,0.995046,1.004979
1.000708,1.001426,1.004979,1.001415
1.001414,1.003559,1.001415,1.0
1.010593,1.002837,1.0,0.99788
0.993012,0.994342,0.99788,0.992918
0.995074,0.995733,0.992918,0.996434
0.992928,0.997143,0.996434,0.998568
0.997151,0.994269,0.998568,1.012903
1.01,1.002161,1.012903,0.991507
0.999293,1.005751,0.991507,1.003569
1.0,0.99857,1.003569,0.995733
1.0,1.001432,0.995733,1.0
1.001415,0.997856,1.0,1.003571
0.99364,0.998567,1.003571,0.997153
1.002845,1.003587,0.997153,1.00571
1.00922,1.003574,1.00571,1.007097
1.0,1.002849,1.007097,1.010571
1.010541,1.008523,1.010571,1.000697
1.0,1.005634,1.000697,0.999303
0.999305,1.001401,0.999303,1.018131
1.024356,1.0,1.018131,1.00274
0.999321,1.012587,1.00274,0.997951
1.003399,1.004834,0.997951,0.999316
0.996612,0.997938,0.999316,0.996575
0.993202,0.99449,0.996575,1.003436
1.010951,1.004155,1.003436,0.980137
0.991875,0.984828,0.980137,1.030748
1.008874,1.0,1.030748,1.006102
1.025034,1.028011,1.006102,1.0
0.986799,1.00545,1.0,1.006739
1.008696,1.006775,1.006739,0.996653
0.992042,0.993271,0.996653,1.006044
1.006684,1.003388,1.006044,1.00534
1.002656,1.010128,1.00534,0.989376
0.994702,0.995321,0.989376,1.012752
1.008655,0.998657,1.012752,0.987409
1.005941,1.001345,0.987409,0.989262
0.98294,0.98724,0.989262,0.998643
0.986649,0.991837,0.998643,0.978261
0.99797,0.984911,0.978261,0.999306
0.977627,0.986072,0.999306,1.005559
1.005548,0.998588,1.005559,0.96199
0.989655,0.98232,0.96199,0.989224
0.987456,0.983441,0.989224,0.997821
0.98024,1.001464,0.997821,0.951237
0.977682,0.951023,0.951237,1.008416
0.977909,1.006918,1.008416,1.015175
1.011295,1.009924,1.015175,0.99701
1.0,1.001512,0.99701,1.011244
1.004468,1.01283,1.011244,1.008895
1.011119,1.00149,1.008895,1.007348
1.005865,1.002232,1.007348,0.984683
0.998542,1.001485,0.984683,0.996296
0.985401,0.991846,0.996296,1.007435
1.004444,1.0,1.007435,0.990406
0.994838,1.0,0.990406,1.017139
1.021497,1.001495,1.017139,1.003663
0.99492,1.010448,1.003663,0.991971
1.005835,1.002216,0.991971,1.002208
0.990573,0.997789,1.002208,1.008811
1.006589,1.002954,1.008811,1.00655
1.007273,1.010309,1.00655,1.002892
1.00361,1.003644,1.002892,0.994232
1.010791,0.997821,0.994232,0.988397
0.978648,0.983261,0.988397,1.014674
1.019636,1.006662,1.014674,1.0
0.993581,1.008824,1.0,1.014461
1.01005,1.008017,1.014461,0.987883
1.004264,1.0,0.987883,1.019481
1.021231,1.0188,1.019481,0.945506
0.959113,0.929737,0.945506,1.011228
0.977601,1.003817,1.011228,1.028868
1.028086,1.038023,1.028868,1.0
1.0,1.0,1.0,1.015827
1.032351,1.030037,1.015827,1.001416
0.988858,0.999289,1.001416,1.023338
1.030986,1.007829,1.023338,0.982723
0.981557,0.998588,0.982723,0.995781
1.0,0.997878,0.995781,0.993644
0.987474,0.990078,0.993644,1.00995
1.002114,1.004295,1.00995,0.997889
1.007032,1.007128,0.997889,0.990832
0.992318,0.989384,0.990832,1.000712
0.997889,1.004292,1.000712,0.985064
0.986601,0.97792,0.985064,0.981949
0.994282,0.989075,0.981949,1.006618
0.988497,0.994845,1.006618,1.0
1.000727,1.00148,1.0,0.978817
0.997093,0.988914,0.978817,1.000746
0.987609,0.992526,1.000746,1.023863
1.014022,1.010542,1.023863,1.002185
1.007278,1.014903,1.002185,0.994913
1.000723,1.002937,0.994913,1.008035
0.999278,0.998536,1.008035,1.005072
1.010116,1.009531,1.005072,1.005047
0.999285,1.0,1.005047,0.994261
0.999284,1.001452,0.994261,1.012266
1.007163,1.002901,1.012266,1.004277
1.007824,1.012292,1.004277,1.00071
0.997883,1.004286,1.00071,1.021986
1.019802,1.008535,1.021986,0.986121
1.00208,1.002116,0.986121,1.007037
0.997924,1.000704,1.007037,1.006289
1.0,1.000703,1.006289,0.988194
1.001387,0.999297,0.988194,0.9
0.9,0.9,0.9,0.986425
0.989922,0.98066,0.986425,1.001147
0.995475,1.011601,1.001147,0.993127
0.997727,0.988532,0.993127,0.978085
0.989749,0.981439,0.978085,0.998821
0.982739,0.991726,0.998821,0.987013
0.992974,0.991657,0.987013,0.990431
0.988208,0.992788,0.990431,1.008454
0.998807,1.0,1.008454,0.973653
0.990442,0.98063,0.973653,1.00861
0.993969,1.002469,1.00861,1.002439
1.002427,1.002463,1.002439,0.99635
0.998789,1.003686,0.99635,1.007326
1.0,1.001224,1.007326,0.993939
1.0,1.0,0.993939,0.996341
0.998788,0.997555,0.996341,0.986536
0.992718,0.982843,0.986536,0.993797
0.988998,0.995012,0.993797,1.004994
0.998764,1.0,1.004994,0.991304
1.0,0.998747,0.991304,0.998747
0.996287,0.996236,0.998747,0.988708
0.996273,0.989924,0.988708,0.927665
0.977556,0.923664,0.927665,1.017784
0.951531,1.006887,1.017784,0.978495
1.00134,0.994528,0.978495,1.010989
0.987952,0.986245,1.010989,0.980978
1.009485,1.005579,0.980978,1.009695
0.986577,0.988904,1.009695,0.986283
0.997279,1.00561,0.986283,1.002782
0.99045,0.998605,1.002782,1.018031
1.013774,1.001397,1.018031,0.983651
1.017663,1.0,0.983651,1.023546
0.986649,0.995816,1.023546,0.998647
1.006766,1.02381,0.998647,0.97019
0.997312,0.97948,0.97019,1.015363
0.993261,0.990223,1.015363,1.013755
1.002714,1.028209,1.013755,0.998643
1.005413,1.002743,0.998643,0.975543
0.979812,0.975376,0.975543,1.011142
1.005495,1.004208,1.011142,0.995868
0.997268,1.00419,0.995868,0.988935
0.991781,0.990264,0.988935,0.984615
0.990331,0.985955,0.984615,1.007102
0.997211,1.005698,1.007102,0.990127
0.997203,0.992918,0.990127,1.018519
1.008415,0.992867,1.018519,1.008392
1.005563,1.018678,1.008392,1.016644
1.016598,1.015515,1.016644,0.995907
0.998639,1.008333,0.995907,1.00411
1.0,1.001377,1.00411,0.995907
0.998638,1.0,0.995907,0.99726
1.004093,1.0,0.99726,1.002747
0.995924,1.0,1.002747,0.979452
1.002729,0.982118,0.979452,0.976224
0.980952,0.964986,0.976224,1.011461
0.993065,1.01016,1.011461,0.990085
0.994413,0.997126,0.990085,1.061516
1.047753,1.023055,1.061516,1.008086
1.014745,1.030986,1.008086,1.010695
1.0,1.006831,1.010695,0.996032
1.003963,1.010855,0.996032,0.992032
0.989474,0.983893,0.992032,1.004016
1.003989,1.010914,1.004016,0.986667
0.998675,0.997301,0.986667,0.998649
0.98939,0.993234,0.998649,0.971583
0.997319,0.976839,0.971583,1.01532
0.981183,1.001395,1.01532,1.015089
1.019178,1.016713,1.015089,1.0
1.002688,1.008219,1.0,0.998649
1.00134,1.0,0.998649,1.009472
1.004016,1.001359,1.009472,1.020107
1.016,1.008141,1.020107,0.992116
1.001312,1.012113,0.992116,0.993377
0.993447,0.993351,0.993377,0.982667
0.996042,0.982597,0.982667,1.008141
1.0,0.985014,1.008141,0.987887
0.982781,1.009682,0.987887,1.006812
1.0,1.00137,1.006812,0.985115
0.998652,0.99316,0.985115,0.993132
0.989204,0.993113,0.993132,0.995851
0.997271,0.991678,0.995851,0.977778
0.989056,0.981818,0.977778,1.00142
0.983402,0.997151,1.00142,1.002837
0.998594,1.001429,1.002837,0.981612
1.008451,0.980029,0.981612,0.995677
0.972067,1.0,0.995677,0.97974
0.991379,0.982533,0.97974,1.019202
1.004348,1.0,1.019202,1.008696
1.011544,1.019259,1.008696,0.994253
0.994294,1.00436,0.994253,1.021676
1.020086,1.001447,1.021676,0.988685
0.988748,1.004335,0.988685,1.005722
1.01138,1.004317,1.005722,0.991465
0.992968,0.995702,0.991465,1.007174
0.997167,1.001439,1.007174,0.974359
0.990057,0.982759,0.974359,0.994152
0.985653,0.991228,0.994152,1.007353
1.001456,1.00295,1.007353,0.912409
0.982558,0.910294,0.912409,1.0016
0.933432,0.977383,1.0016,0.990415
1.0,1.019835,0.990415,0.970968
0.990491,0.969206,0.970968,0.996678
0.9776,0.996656,0.996678,0.978333
0.983633,0.984899,0.978333,1.028961
1.008319,0.988075,1.028961,1.057947
1.067657,1.048276,1.057947,0.976526
0.995363,1.018092,0.976526,1.024038
1.009317,1.001616,1.024038,0.99061
0.973846,1.0,0.99061,1.015798
1.034755,1.020968,1.015798,0.982893
0.981679,0.992101,0.982893,1.015823
1.009331,0.992038,1.015823,1.014019
1.009245,1.027287,1.014019,1.006144
1.015267,1.017187,1.006144,1.030534
1.019549,1.012289,1.030534,1.1
1.09587,1.013657,1.1,1.099596
1.099596,1.1,1.099596,0.953488
1.014688,1.0,0.953488,0.987163
0.968637,0.981842,0.987163,1.03251
1.008717,0.985469,1.03251,1.006297
1.0,1.046917,1.006297,0.993742
1.023457,0.993598,0.993742,1.020151
1.020507,1.002577,1.020151,1.090123
1.048463,1.032134,1.090123,1.09966
1.094701,1.07721,1.09966,0.948507
1.048404,1.056647,0.948507,0.939197
0.9,0.932166,0.939197,1.021965
1.006667,1.001174,1.021965,1.004525
1.002208,1.010551,1.004525,0.906532
0.950441,0.932715,0.906532,1.017391
0.96292,1.0,1.017391,1.004884
1.020457,1.006219,1.004884,0.990279
0.978774,0.980222,0.990279,0.953374
0.995181,0.974779,0.953374,1.01287
0.958838,0.992238,1.01287,1.010165
1.034091,1.033898,1.010165,1.028931
1.009768,1.005044,1.028931,0.963325
0.968561,0.976161,0.963325,0.97335
0.990012,0.984576,0.97335,1.0
0.977301,0.992167,1.0,0.980443
0.992258,0.985526,0.980443,1.009309
0.996099,0.99733,1.009309,1.014493
1.015666,1.008032,1.014493,1.007792
1.003856,1.01328,1.007792,0.951031
0.987196,0.961992,0.951031,1.02168
0.993515,1.002725,1.02168,1.01061
1.002611,1.012228,1.01061,0.994751
1.005208,1.005369,0.994751,1.062005
1.042746,1.004005,1.062005,0.971429
0.995031,1.027926,0.971429,1.002558
0.98377,0.996119,1.002558,1.030612
1.032995,0.993506,1.030612,1.029703
1.040541,1.037908,1.029703,0.933894
0.98111,0.973552,0.933894,1.014157
0.959085,1.005175,1.014157,1.027919
1.02133,0.998713,1.027919,0.95679
1.009828,0.987113,0.95679,1.024516
0.974453,0.983029,1.024516,1.002519
1.01623,1.053121,1.002519,0.988693
0.986486,0.989912,0.988693,1.017789
1.011208,1.0,1.017789,0.977528
0.991379,0.996178,0.977528,1.001277
0.980124,0.992327,1.001277,0.996173
1.00507,1.003866,0.996173,0.996159
0.988651,0.974326,0.996159,1.006427
1.015306,1.019763,1.006427,1.037037
1.021357,1.003876,1.037037,0.987685
0.99385,1.019305,0.987685,1.0
1.0,1.003788,1.0,0.993766
1.006188,1.001258,0.993766,1.003764
0.99139,0.986181,1.003764,0.98125
1.008685,0.997452,0.98125,0.973248
0.96679,0.97318,0.973248,1.002618
0.986005,1.003937,1.002618,0.986945
0.988387,0.964706,0.986945,0.994709
0.998695,1.01355,0.994709,0.985372
1.002614,0.98262,0.985372,1.018893
0.986962,1.012245,1.018893,1.023841
1.022457,1.017473,1.023841,1.010349
1.014212,1.017173,1.010349,1.021767
1.025478,1.011688,1.021767,1.026316
1.050932,1.020539,1.026316,0.982906
0.970449,1.012579,0.982906,1.031056
1.014616,1.004969,1.031056,1.012048
1.030012,1.019778,1.012048,0.983333
0.97669,0.990303,0.983333,0.996368
1.016706,1.003672,0.996368,1.069259
1.036385,0.996341,1.069259,1.079545
1.087203,1.1,1.079545,0.956842
0.998958,1.004444,0.956842,1.024202
0.983316,1.002212,1.024202,0.95811
0.979852,0.966887,0.95811,1.016816
0.985931,1.004566,1.016816,1.01323
1.037322,1.036364,1.01323,1.055495
1.040212,0.998904,1.055495,1.0
1.013225,1.034029,1.0,1.057732
1.070281,1.008493,1.057732,0.967836
1.008443,1.022105,0.967836,1.055388
0.978605,1.040165,1.055388,1.045802
1.081749,1.025743,1.045802,1.1
1.059754,1.1,1.1,1.046434
1.1,1.017413,1.046434,1.007924
1.033157,0.99022,1.007924,0.970912
0.966448,0.95144,0.970912,1.038866
0.975849,1.012976,1.038866,0.97272
1.020882,1.050384,0.97272,1.020833
0.992424,0.990244,1.020833,1.089482
1.067939,1.034483,1.089482,0.911383
0.956397,1.000794,0.911383,0.918577
0.953662,0.912768,0.918577,1.013769
0.934953,0.981755,1.013769,0.950764
0.991618,0.986726,0.950764,1.024107
0.97295,0.979372,1.024107,1.028771
1.038228,1.052198,1.028771,1.020339
1.028452,1.030461,1.020339,0.984219
0.972335,0.983108,0.984219,0.992405
0.99749,0.998282,0.992405,0.971939
0.995805,0.96988,0.971939,1.019248
0.985678,1.008873,1.019248,1.035193
1.036752,1.0,1.035193,0.982587
1.035449,1.03518,0.982587,1.005907
0.963376,0.996602,1.005907,0.964765
1.001653,0.97613,0.964765,1.006957
0.955446,0.968559,1.006957,0.996546
1.01468,1.032462,0.996546,0.970537
0.980426,0.977293,0.970537,1.017857
0.997396,1.008937,1.017857,1.012281
1.041775,1.009743,1.012281,1.02513
0.996658,1.014035,1.02513,0.979713
0.991618,0.982699,0.979713,0.953408
0.986475,0.96831,0.953408,0.982805
0.958012,0.986364,0.982805,1.004604
0.990161,0.984332,1.004604,1.044913
1.031617,1.029026,1.044913,0.911404
0.984238,0.938126,0.911404,0.986526
0.946619,0.967992,0.986526,1.0
0.983083,0.988978,1.0,1.0
0.999044,1.018237,1.0,1.025366
1.018182,1.0,1.025366,1.014272
1.019737,1.026866,1.014272,1.002814
1.011982,1.008721,1.002814,1.019645
0.996357,1.033622,1.019645,1.001835
1.011883,0.990706,1.001835,0.948718
0.99187,0.966229,0.948718,1.011583
0.962659,0.986408,1.011583,1.022901
1.024598,1.019685,1.022901,0.981343
0.993536,1.010618,0.981343,1.013308
1.016729,0.977077,1.013308,0.967167
0.97075,1.006843,0.967167,1.018429
0.995292,0.997087,1.018429,1.06381
1.092715,1.033106,1.06381,1.000895
1.009524,1.038643,1.000895,1.0
0.971698,0.985481,1.0,0.983005
0.990291,1.010129,0.983005,1.0
0.991979,0.991796,1.0,1.009099
1.000898,0.985294,1.009099,0.988278
1.007181,1.018657,0.988278,0.94708
0.97861,0.943223,0.94708,1.003854
0.967213,1.007767,1.003854,1.049904
1.030132,1.001927,1.049904,0.981718
0.998172,1.031731,0.981718,1.013035
1.005495,0.996272,1.013035,0.970588
0.995446,0.97942,0.970588,0.999053
0.973468,1.00191,0.999053,0.992417
0.995301,0.99428,0.992417,1.012416
1.025496,1.016299,1.012416,1.022642
1.004604,0.996226,1.022642,1.011993
1.010999,1.028409,1.011993,0.997265
1.00544,1.001842,0.997265,1.001828
0.991885,0.985294,1.001828,0.985401
0.993636,1.007463,0.985401,1.006481
1.004575,1.001852,1.006481,0.985281
0.989071,0.97597,0.985281,1.030812
1.016575,1.027462,1.030812,1.009058
1.01721,1.011982,1.009058,1.001795
1.0,1.001821,1.001795,0.994624
1.00089,1.003636,0.994624,0.977477
0.969751,0.97192,0.977477,0.967742
0.997248,0.976701,0.967742,0.989524
0.973321,0.980916,0.989524,0.934552
0.976371,0.934825,0.934552,0.99691
0.950629,1.003122,0.99691,0.987603
0.991853,0.983402,0.987603,1.01569
1.004107,0.992616,1.01569,0.99691
1.003067,1.022317,0.99691,1.006198
1.002039,1.004158,1.006198,0.976386
0.982706,0.983437,0.976386,1.011567
1.006211,1.002105,1.011567,0.964657
1.001029,0.97479,0.964657,1.011853
0.96814,1.00431,1.011853,1.00213
1.012739,1.005365,1.00213,1.002125
0.990566,1.0,1.002125,1.036055
1.045503,1.018143,1.036055,0.987718
0.988866,1.007338,0.987718,1.007254
1.0,1.001041,1.007254,0.986626
0.994882,0.992723,0.986626,0.992701
0.988683,0.991623,0.992701,0.971639
0.980229,0.972545,0.971639,0.992432
0.993631,0.993485,0.992432,0.964052
0.969017,0.937705,0.964052,0.99887
0.987872,1.027972,0.99887,1.012443
1.0,1.007937,1.012443,0.984358
1.010045,0.989876,0.984358,1.021566
0.994475,1.003409,1.021566,0.994444
0.997778,1.00453,0.994444,1.002235
1.012249,1.009019,1.002235,1.001115
0.987899,0.977654,1.001115,0.994432
1.005568,1.018286,0.994432,1.026876
1.016611,1.007856,1.026876,0.996728
1.004357,1.012249,0.996728,1.013129
1.023861,1.0,1.013129,0.992441
0.985169,1.0044,0.992441,0.997824
0.994624,1.002191,0.997824,0.990185
0.989189,0.975956,0.990185,1.017621
1.013115,1.017917,1.017621,1.004329
1.00863,1.007701,1.004329,0.998922
1.0,1.005459,0.998922,0.984898
1.003209,0.986971,0.984898,1.015334
0.99467,1.005501,1.015334,1.0
0.997856,1.007659,1.0,1.015102
1.010741,1.002172,1.015102,1.005313
1.029756,1.022752,1.005313,1.001057
0.98452,0.996822,1.001057,1.019007
1.01153,1.01169,1.019007,0.993782
0.998964,1.00105,0.993782,1.005214
1.012448,1.006296,1.005214,1.024896
1.015369,1.009385,1.024896,0.988866
1.004036,1.008264,0.988866,0.970317
0.984925,0.971311,0.970317,1.0
0.977551,1.0,1.0,1.004219
0.994781,0.993671,1.004219,0.992647
1.002099,1.002123,0.992647,0.982011
0.990576,0.971398,0.982011,0.991379
0.988372,1.003272,0.991379,0.98587
0.980749,0.984783,0.98587,0.996692
0.997819,0.994481,0.996692,1.006637
1.004372,1.00222,1.006637,0.993407
0.995647,1.001107,0.993407,1.006637
1.003279,0.995575,1.006637,1.016484
1.018519,1.005556,1.016484,1.002162
0.993583,1.01326,1.002162,1.00863
1.010764,1.006543,1.00863,1.02246
1.026624,1.021668,1.02246,1.002092
0.998963,1.003181,1.002092,0.997912
1.008307,1.009514,0.997912,0.992678
0.992791,0.991623,0.992678,0.990516
0.998963,0.987328,0.990516,0.996809
0.978193,0.994652,0.996809,1.003202
1.003185,1.001075,1.003202,0.992553
0.997884,0.998926,0.992553,1.002144
0.99894,0.994624,1.002144,1.014973
1.008493,1.005405,1.014973,1.012645
1.015789,1.019355,1.012645,0.984391
0.994819,0.996835,0.984391,0.986258
0.990625,0.986243,0.986258,0.994641
0.993691,0.995708,0.994641,1.012931
0.995767,0.996767,1.012931,1.004255
1.007439,1.016216,1.004255,1.010593
1.012658,1.002128,1.010593,1.0
1.007292,1.008493,1.0,1.003145
0.995863,1.0,1.003145,0.989551
1.003115,0.996842,0.989551,0.968321
0.979296,0.965153,0.968321,1.002181
0.976744,0.996718,1.002181,1.003264
1.005411,1.006586,1.003264,0.994577
0.997847,0.998909,0.994577,0.986914
0.994606,0.9869,0.986914,1.005525
0.991323,0.998894,1.005525,1.012088
1.007659,1.005537,1.012088,0.9924
1.002172,1.005507,0.9924,0.997812
0.991333,0.995619,0.997812,0.997807
1.008743,0.9978,0.997807,1.010989
1.001083,1.00441,1.010989,0.994565
1.0,1.004391,0.994565,0.996721
0.993506,0.994536,0.996721,1.002193
0.998911,1.0,1.002193,1.003282
1.001091,1.001099,1.003282,1.0
1.006536,1.004391,1.0,1.0
0.992424,0.989071,1.0,0.993457
1.0,1.003315,0.993457,1.004391
0.998909,1.0,1.004391,1.003279
1.003275,1.004405,1.003279,1.011983
1.014146,1.006579,1.011983,1.0
1.0,1.004357,1.0,1.003229
1.005365,1.003254,1.003229,0.990343
0.996798,0.996757,0.990343,1.019502
1.014989,1.009761,1.019502,1.009564
1.004219,1.004296,1.009564,1.018947
1.027311,1.009626,1.018947,0.993802
0.996933,1.018008,0.993802,1.004158
0.994872,0.998959,1.004158,0.998965
1.002062,1.001042,0.998965,0.974093
0.996914,0.975026,0.974093,1.004255
0.978328,1.001067,1.004255,0.997881
1.007384,1.001066,0.997881,1.012739
0.998953,1.001065,1.012739,0.992662
1.006289,1.007447,0.992662,1.028511
1.021875,1.0,1.028511,1.001027
