0.987914,0.995028,0.992469,1.040108
1.050532,1.007773,1.040108,0.987493
0.981772,1.024793,0.987493,1.010554
0.993811,0.993548,1.010554,0.959791
1.001557,0.974026,0.959791,1.033732
0.997409,1.007778,1.033732,0.947895
0.965195,0.975744,0.947895,1.028873
1.004306,1.008475,1.028873,1.065839
1.090032,1.061064,1.065839,1.1
1.068338,1.045935,1.1,1.007823
1.028532,1.060575,1.007823,0.972603
1.000447,0.993812,0.972603,1.023005
1.010733,1.018199,1.023005,0.919229
0.946903,0.922389,0.919229,1.01348
0.95514,0.952575,1.01348,0.957143
0.992661,0.985011,0.957143,0.940299
0.975357,0.952717,0.940299,1.007115
0.979788,1.005705,1.007115,0.929891
0.945848,0.964265,0.929891,1.0
1.0,1.0,1.0,0.900058
0.9,0.905882,0.900058,0.957792
0.928349,0.911688,0.957792,1.00339
1.018792,1.022792,1.00339,0.959459
0.961133,0.969359,0.959459,1.027465
1.004112,1.020115,1.027465,0.988348
0.994539,1.003521,0.988348,1.040222
1.041181,1.013333,1.040222,0.991333
0.988794,1.018698,0.991333,1.022192
1.026667,1.011557,1.022192,0.963158
0.974675,0.977151,0.963158,1.025273
1.008661,0.997937,1.025273,1.029314
1.040951,1.011716,1.029314,1.020065
1.001269,1.042916,1.020065,0.984772
1.010773,1.009798,0.984772,0.992268
0.975549,0.984476,0.992268,1.044156
1.035347,1.005256,1.044156,0.988806
0.993172,1.028105,0.988806,0.947799
0.991875,0.953592,0.947799,0.987392
0.957782,0.974,0.987392,1.008737
0.996053,1.001369,1.008737,1.021985
1.029723,1.000684,1.021985,0.973924
0.983964,1.014344,0.973924,1.002677
0.988266,0.993939,1.002677,0.96729
0.985488,0.97832,0.96729,0.990338
0.967202,0.98338,0.990338,1.010453
1.016609,1.010563,1.010453,1.052414
1.061947,1.006969,1.052414,1.005242
0.996154,1.050519,1.005242,1.005215
1.005148,1.008564,1.005215,0.984436
0.992318,0.983671,0.984436,0.983531
0.980645,0.987384,0.983531,1.015405
1.005263,1.00269,1.015405,0.969657
0.991492,0.982562,0.969657,1.015646
0.993399,1.000683,1.015646,1.020764
1.018605,1.00955,1.020764,1.000656
0.998043,1.016892,1.000656,0.998033
1.009804,1.001329,0.998033,1.044678
1.046602,1.017916,1.044678,1.003145
1.004947,1.028683,1.003145,0.968652
0.990769,0.969582,0.968652,0.985761
0.957143,0.984967,0.985761,0.994747
0.994809,1.001327,0.994747,1.005281
0.994781,0.997349,1.005281,0.965857
0.997377,0.971429,0.965857,1.008838
0.979619,0.992476,1.008838,0.995957
0.997987,1.009649,0.995957,0.930311
0.968393,0.92901,0.930311,0.994182
0.951389,0.981631,0.994182,0.907096
0.972263,0.922904,0.907096,0.962097
0.929429,0.932685,0.962097,1.022632
0.991922,1.01913,1.022632,0.961475
0.989414,0.992321,0.961475,1.00341
0.977778,0.990542,1.00341,1.016143
1.01936,1.013021,1.016143,1.020067
1.012386,1.0,1.020067,0.983607
0.999184,1.015424,0.983607,0.905833
0.960816,0.915612,0.905833,0.940202
0.908241,0.931797,0.940202,0.972603
0.944808,0.960435,0.972603,1.032193
1.033663,1.00206,1.032193,0.931774
0.970307,0.976362,0.931774,0.98954
0.966436,0.974737,0.98954,1.034884
1.013279,1.015119,1.034884,0.960163
1.007056,0.995745,0.960163,1.1
1.035035,0.982906,1.1,1.0
1.001934,1.066304,1.0,0.984526
1.006757,1.011213,0.984526,0.9
0.963567,0.923387,0.9,1.061135
0.995025,0.949782,1.061135,0.972222
0.968,1.057471,0.972222,0.95873
0.983471,0.980435,0.95873,1.045254
1.003151,0.955654,1.045254,1.055966
1.062827,1.1,1.055966,0.973
0.972414,1.001047,0.973,1.005139
0.998987,0.993724,1.005139,1.002045
1.001014,0.991579,1.002045,0.97449
1.005066,1.003185,0.97449,0.972775
0.979839,0.982011,0.972775,0.964478
0.953704,0.952586,0.964478,1.039062
1.00863,1.012443,1.039062,0.974221
1.003209,1.012291,0.974221,1.1
1.063966,0.98234,1.1,1.00501
1.032064,1.1,1.00501,1.008973
0.987379,1.003064,1.008973,1.033597
1.050147,1.010183,1.033597,0.967495
0.969101,1.015121,0.967495,1.000988
0.988406,0.988083,1.000988,1.001974
1.004888,1.007035,1.001974,0.970443
1.014591,0.979042,0.970443,1.060914
1.009588,0.993884,1.060914,0.992344
0.993352,1.052308,0.992344,0.985535
0.996176,0.984405,0.985535,1.008806
1.015355,1.010891,1.008806,0.983511
0.976371,0.979432,0.983511,1.0
1.0,1.0,1.0,0.920118
1.020329,0.93,0.920118,0.938907
0.9,0.930108,0.938907,1.005708
0.993478,1.013873,1.005708,1.037457
1.015317,0.958951,1.037457,1.001094
0.99569,1.03805,1.001094,1.003279
1.003247,1.028637,1.003279,1.003268
0.998921,1.013363,1.003268,0.988056
1.009719,0.998901,0.988056,1.02967
1.009626,0.992299,1.02967,1.064034
1.088983,1.032151,1.064034,0.94985
0.94358,1.006445,0.94985,1.004224
0.997938,1.006403,1.004224,0.984227
1.005165,0.989396,0.984227,1.022436
0.99075,0.987138,1.022436,1.020899
1.01971,1.02063,1.020899,1.038895
1.059003,1.039362,1.038895,1.00197
0.999039,1.033777,1.00197,1.034415
1.022115,0.99604,1.034415,0.985741
0.990593,1.014911,0.985741,1.007715
0.997151,1.002938,1.007715,1.026794
1.04,1.006836,1.026794,1.015843
1.011905,1.021339,1.015843,1.013761
1.01086,1.023742,1.013761,1.031674
1.038496,1.012059,1.031674,1.012281
0.999138,1.028414,1.012281,0.989601
1.031061,1.016043,0.989601,1.004378
0.969038,0.966667,1.004378,0.975588
0.991364,1.00363,0.975588,1.027703
1.004355,0.999096,1.027703,1.037391
1.039029,1.0181,1.037391,0.958927
1.035058,1.014222,0.958927,1.027098
0.950806,0.981595,1.027098,0.991489
1.015267,1.026786,0.991489,1.008584
0.986633,0.981739,1.008584,0.9
0.9,0.9,0.9,0.984772
0.971947,0.991379,0.984772,1.017182
1.008489,1.008696,1.017182,0.983108
1.0,0.987931,0.983108,0.965636
0.973064,0.977312,0.965636,0.985765
0.986159,0.983929,0.985765,1.01083
0.989474,0.983666,1.01083,0.958929
0.991135,0.987085,0.958929,1.001862
0.974955,1.0,1.001862,0.992565
0.990826,0.986916,0.992565,1.018727
1.007407,1.00947,1.018727,1.025735
1.040441,0.996248,1.025735,0.97491
0.992933,1.013183,0.97491,0.998162
0.976868,1.001859,0.998162,0.992634
0.992714,0.992579,0.992634,1.012987
1.005505,1.007477,1.012987,1.007326
1.016423,1.012987,1.007326,0.987273
0.982047,0.981685,0.987273,0.972376
0.990859,0.981343,0.972376,0.975379
0.97786,0.963878,0.975379,1.1
1.069811,1.001972,1.1,0.994709
1.012346,1.090551,0.994709,0.975177
0.998258,0.983755,0.975177,1.001818
0.984293,0.972477,1.001818,0.990926
0.998227,1.018868,0.990926,0.948718
0.976909,0.955556,0.948718,1.003861
0.963636,1.0,1.003861,1.013462
1.009434,0.986434,1.013462,0.979127
0.985047,1.007859,0.979127,0.992248
0.986717,0.994152,0.992248,1.033203
1.044231,0.982353,1.033203,1.007561
0.998158,1.023952,1.007561,1.0394
1.02952,1.02729,1.0394,0.98556
1.0,1.017078,0.98556,1.069597
1.077061,1.007463,1.069597,0.962329
0.978369,1.037037,0.962329,0.989324
0.955782,0.976786,0.989324,1.026978
1.02847,1.005484,1.026978,1.003503
0.99481,1.012727,1.003503,0.949389
0.970435,0.967684,0.949389,1.007353
0.989247,0.998145,1.007353,0.998175
0.996377,1.005576,0.998175,1.005484
1.003636,1.0,1.005484,1.02
1.038043,1.011091,1.02,1.008913
1.017452,1.007313,1.008913,0.998233
0.994854,1.009074,0.998233,0.978761
0.97931,0.985612,0.978761,1.001808
0.980634,0.985401,1.001808,1.055957
1.093357,1.014815,1.055957,0.989744
0.981938,1.041971,0.989744,0.998273
0.979933,0.992995,0.998273,1.029412
1.023891,1.010582,1.029412,1.035294
1.088333,1.064572,1.035294,0.977273
0.947933,0.972131,0.977273,0.981728
0.96769,0.98145,0.981728,0.989848
1.0,1.003436,0.989848,0.926496
0.983306,0.92637,0.926496,1.02214
0.942275,0.996303,1.02214,0.951264
0.994595,0.957328,0.951264,1.013283
0.980072,1.007752,1.013283,1.005618
1.005545,1.015385,1.005618,0.996276
0.990809,0.982955,0.996276,1.031776
1.061224,1.0,1.031776,0.969203
0.958042,1.011561,0.969203,1.013084
0.99635,1.00381,1.013084,1.031365
1.043956,1.00759,1.031365,0.974955
0.975439,1.018832,0.974955,0.998165
0.991007,0.985213,0.998165,0.979779
1.001815,0.97561,0.979779,0.992495
0.978261,1.007692,0.992495,1.005671
0.998148,1.007634,1.005671,1.005639
1.009276,1.0,1.005639,0.985047
0.988971,0.994318,0.985047,1.00759
0.988848,0.977143,1.00759,1.001883
1.009398,1.017544,1.001883,0.969925
0.985102,0.98659,0.969925,1.0
0.981096,0.992233,1.0,1.021318
1.019268,1.011742,1.021318,1.00759
1.015123,1.009671,1.00759,0.984934
0.986965,0.994253,0.984934,1.042065
1.067925,1.003854,1.042065,0.981651
0.959364,1.017274,0.981651,0.979439
0.98895,0.975472,0.979439,1.043893
1.03352,1.007737,1.043893,0.983547
1.005405,1.021113,0.983547,0.998141
0.973118,0.99812,0.998141,1.007449
1.003683,0.988701,1.007449,0.968577
0.994495,0.992381,0.968577,0.967557
0.964945,0.96929,0.967557,1.009862
0.982792,0.99604,1.009862,0.988281
0.994163,0.996024,0.988281,1.013834
1.003914,1.007984,1.013834,1.038986
1.048733,1.009901,1.038986,0.984991
0.990706,1.019608,0.984991,1.0
0.998124,1.003846,1.0,1.007619
1.024436,1.003831,1.007619,0.979206
0.987156,0.984733,0.979206,1.017375
0.986989,0.994186,1.017375,1.017078
1.028249,1.017544,1.017078,0.983209
0.989011,1.005747,0.983209,0.996205
0.981481,0.988571,0.996205,0.96381
0.988679,0.967245,0.96381,0.998024
0.971374,0.998008,0.998024,1.011881
1.005894,1.001996,1.011881,0.964775
1.001953,0.982072,0.964775,1.014199
0.994152,0.993915,1.014199,0.984
0.984314,1.0,0.984,1.0
0.988048,1.0,1.0,1.006098
0.997984,1.002041,1.006098,1.0
1.0,1.0,1.0,0.989899
1.00404,0.989817,0.989899,1.0
0.991952,1.0,1.0,1.012245
1.006085,1.004115,1.012245,0.981855
0.997984,0.995902,0.981855,1.016427
1.00404,0.993827,1.016427,1.022222
1.030181,1.012422,1.022222,1.011858
1.003906,1.026585,1.011858,0.990234
1.003891,1.007968,0.990234,1.003945
0.988372,0.992095,1.003945,0.996071
1.003922,0.996016,0.996071,1.033531
1.085938,1.006,1.033531,0.998092
0.944245,1.007952,0.998092,0.967495
0.990476,0.996055,0.967495,1.011858
0.998077,0.994059,1.011858,1.013672
1.009634,1.015936,1.013672,0.992293
0.98855,0.998039,0.992293,1.007767
1.011583,1.003929,1.007767,1.007707
1.007634,1.013699,1.007707,0.99044
0.984848,0.986486,0.99044,1.0
1.026923,1.013699,1.0,1.021236
0.990637,0.992278,1.021236,1.00189
1.015123,1.025292,1.00189,0.998113
1.0,0.994307,0.998113,0.996219
0.990689,0.996183,0.996219,1.0
1.00188,0.998084,1.0,0.98482
0.992495,0.994242,0.98482,0.990366
0.973535,0.980695,0.990366,0.980545
0.994175,0.972441,0.980545,1.009921
0.996094,1.01417,1.009921,0.986248
1.0,0.998004,0.986248,1.011952
1.0,1.006,1.011952,1.007874
1.007843,1.0,1.007874,0.994141
1.0,1.005964,0.994141,1.019646
1.019455,1.0,1.019646,0.990366
0.992366,1.011858,0.990366,1.009728
1.009615,1.0,1.009728,1.001927
1.005714,1.011719,1.001927,1.021154
1.026515,0.992278,1.021154,0.984934
0.98524,1.007782,0.984934,1.001912
0.998127,1.005792,1.001912,1.009542
0.994371,0.996161,1.009542,1.007561
1.013208,1.007707,1.007561,0.994371
1.0,1.00956,0.994371,0.998113
0.988827,0.99053,0.998113,0.988658
0.998117,0.994264,0.988658,1.036329
1.026415,1.001923,1.036329,1.001845
1.009191,1.017274,1.001845,0.981584
0.98725,1.0,0.981584,1.018762
1.005535,1.003774,1.018762,1.005525
1.005505,1.003759,1.005525,0.961538
0.989051,0.981273,0.961538,1.001905
0.98524,1.001908,1.001905,1.007605
1.007491,1.0,1.007605,1.0
1.0,1.0,1.0,0.971698
0.983271,0.973333,0.971698,0.98835
0.977316,0.996086,0.98835,0.988212
0.994197,0.972495,0.988212,0.978131
0.986381,0.989899,0.978131,1.012195
0.984221,1.0,1.012195,1.01004
1.018036,1.014286,1.01004,0.974155
0.990157,0.979879,0.974155,1.012245
0.99006,1.00616,1.012245,1.010081
1.024096,0.997959,1.010081,0.996008
0.982353,1.01227,0.996008,1.0
1.0,0.99596,1.0,0.997996
1.003992,1.002028,0.997996,1.0
1.0,1.0,1.0,1.006024
0.996024,0.995951,1.006024,1.001996
1.00998,1.010163,1.001996,1.003984
1.003953,1.004024,1.003984,1.011905
1.009843,1.002004,1.011905,0.990196
0.996101,1.0,0.990196,1.031683
1.060665,1.006,1.031683,0.950096
0.950185,0.984095,0.950096,0.977778
0.96699,0.961616,0.977778,0.993802
0.977912,1.0,0.993802,1.002079
0.997947,1.004202,1.002079,0.948133
0.99177,0.951883,0.948133,0.962801
0.939834,0.962637,0.962801,1.018182
0.993377,0.995434,1.018182,1.0
0.995556,1.016055,1.0,0.975446
0.993304,0.972912,0.975446,1.016018
1.0,0.99768,1.016018,1.004505
1.004494,1.027907,1.004505,1.008969
1.013423,0.995475,1.008969,0.971111
0.988962,0.990909,0.971111,1.025172
1.011161,1.002294,1.025172,0.984375
0.980132,1.0,0.984375,1.018141
1.033784,1.004577,1.018141,0.982183
0.980392,1.004556,0.982183,0.977324
0.98,0.975057,0.977324,0.986079
0.984127,0.986047,0.986079,0.988235
0.988479,0.983491,0.988235,1.011905
0.993007,1.007194,1.011905,0.995294
1.002347,1.004762,0.995294,1.01182
1.007026,0.995261,1.01182,1.018692
1.016279,1.011905,1.018692,1.006881
1.006865,1.018824,1.006881,0.997722
0.997727,0.997691,0.997722,0.988584
0.995444,1.0,0.988584,1.006928
1.004577,1.0,1.006928,1.006881
1.01139,1.006944,1.006881,1.018223
1.006757,1.016092,1.018223,1.002237
1.013423,1.0,1.002237,0.993304
0.993377,1.0,0.993304,0.995506
0.995556,1.0,0.995506,1.002257
0.997768,1.0,1.002257,1.0
0.995526,0.993213,1.0,0.968468
0.991011,0.977221,0.968468,1.011628
0.99093,1.0,1.011628,1.016092
1.01373,1.013986,1.016092,1.020362
1.020316,1.004598,1.020362,1.099778
1.097345,1.025172,1.099778,0.977823
1.012097,1.075893,0.977823,0.97732
0.966135,0.977178,0.97732,0.978903
0.97732,0.980892,0.978903,1.05819
1.065401,0.997835,1.05819,0.953157
0.978218,1.002169,0.953157,1.021368
0.983806,0.997835,1.021368,0.993724
0.987654,1.013015,0.993724,0.966316
0.989583,0.970021,0.966316,0.980392
0.972632,0.988962,0.980392,1.002222
0.991342,1.0,1.002222,0.984479
0.984716,0.96875,0.984479,1.0
0.993348,1.002304,1.0,1.006757
1.008929,1.02069,1.006757,0.970917
0.977876,0.968468,0.970917,0.928571
0.966063,0.911628,0.928571,1.009926
0.962529,0.977041,1.009926,1.012285
1.029197,1.070496,1.012285,1.012136
0.990544,0.968293,1.012136,1.026379
1.026253,1.04534,1.026379,1.002336
1.004651,1.019277,1.002336,0.997669
1.064815,1.009456,0.997669,1.0
0.95,0.985948,1.0,0.983645
0.988558,0.997625,0.983645,0.976247
0.962963,0.964286,0.976247,0.995134
0.997596,1.004938,0.995134,1.01956
1.004819,1.002457,1.01956,0.990408
1.009592,1.007353,0.990408,1.029056
1.011876,1.004866,1.029056,1.023529
1.023474,1.016949,1.023529,1.016092
1.055046,1.019048,1.016092,0.970588
0.958696,1.0,0.970588,0.986014
0.977324,0.974299,0.986014,0.985816
0.986079,0.995204,0.985816,0.985612
0.983529,0.987952,0.985612,0.987835
0.992823,0.987805,0.987835,1.0
0.983133,0.987654,1.0,1.019704
1.014706,1.0125,1.019704,0.983092
1.004831,1.004938,0.983092,0.992629
0.987981,0.987715,0.992629,0.987624
0.975669,0.9801,0.987624,1.012531
1.014963,1.010152,1.012531,1.0
1.007371,1.012563,1.0,0.997525
0.997561,0.997519,0.997525,0.967742
0.987775,0.967662,0.967742,1.007692
0.980198,0.994859,1.007692,1.022901
1.017677,1.005168,1.022901,0.970149
1.0,1.0,0.970149,1.020513
1.029777,0.984576,1.020513,0.977387
0.956627,1.002611,0.977387,0.994859
0.989924,1.002604,0.994859,0.968992
0.994911,0.971429,0.968992,0.973333
0.961637,0.970588,0.973333,1.00274
0.981383,0.986226,1.00274,0.983607
0.99458,1.002793,0.983607,0.997222
1.013624,0.988858,0.997222,1.030641
0.997312,0.991549,1.030641,1.032432
1.06469,1.036932,1.032432,1.036649
1.037975,1.019178,1.036649,1.012626
0.992683,1.048387,1.012626,0.970075
0.977887,0.989744,0.970075,1.020566
1.042714,0.987047,1.020566,0.939547
0.946988,0.971129,0.939547,1.0
0.964377,0.994595,1.0,1.0563
1.050132,0.991848,1.0563,1.017766
1.015075,1.057534,1.017766,0.987531
1.012376,1.023316,0.987531,1.002525
0.98533,0.987342,1.002525,1.025189
1.044665,1.025641,1.025189,0.985258
0.95962,0.985,0.985258,0.985037
0.992574,0.994924,0.985037,1.005063
0.995012,0.987245,1.005063,1.012594
1.0401,1.02584,1.012594,1.0199
0.992771,1.005038,1.0199,0.985366
0.995146,1.007519,0.985366,0.990099
0.987805,0.9801,0.990099,1.005
0.997531,1.0,1.005,0.970149
0.985149,0.98731,0.970149,1.005128
0.994975,0.997429,1.005128,1.015306
1.007576,1.012887,1.015306,1.002513
1.002506,1.005089,1.002513,0.969925
1.0,0.972152,0.969925,0.992248
0.975,0.997396,0.992248,0.973958
0.989744,0.971279,0.973958,1.002674
0.974093,0.994624,1.002674,1.0
1.00266,0.997297,1.0,1.002667
1.01061,1.01084,1.002667,1.0
1.002625,0.986595,1.0,0.981383
0.984293,0.994565,0.981383,1.0
0.986702,0.997268,1.0,1.01355
1.010782,1.010959,1.01355,0.949198
0.997333,0.95393,0.949198,1.030986
1.0,1.03125,1.030986,0.986339
0.975936,0.983471,0.986339,0.98338
0.991781,0.988796,0.98338,1.008451
1.0,0.997167,1.008451,0.994413
0.997238,1.011364,0.994413,0.997191
0.99446,0.988764,0.997191,1.002817
1.005571,1.002841,1.002817,0.991573
0.99169,0.994334,0.991573,0.949008
0.977654,0.954416,0.949008,0.976119
0.968571,0.976119,0.976119,1.0
0.9941,0.993884,1.0,1.027523
1.0,1.006154,1.027523,0.988095
0.991098,0.993884,0.988095,1.018072
1.065868,1.012308,1.018072,0.988166
0.97191,1.009119,0.988166,1.0
0.968208,0.957831,1.0,1.005988
1.020896,1.037736,1.005988,0.994048
0.991228,1.00303,0.994048,0.982036
0.988201,0.984894,0.982036,1.030488
1.032836,1.009202,1.030488,0.985207
0.991329,1.006079,0.985207,1.021021
0.994169,1.006042,1.021021,0.961765
1.014663,0.978979,0.961765,0.978593
0.945087,0.966258,0.978593,1.009375
1.006116,0.980952,1.009375,1.037152
1.018237,1.019417,1.037152,1.026866
1.029851,1.050794,1.026866,0.988372
0.997101,1.018127,0.988372,1.0
1.026163,0.997033,1.0,0.958824
0.966006,0.970238,0.958824,0.981595
0.958944,0.978528,0.981595,1.053125
1.030581,1.012539,1.053125,0.979228
1.014837,1.021672,0.979228,1.015152
0.988304,0.99697,1.015152,1.020896
1.014793,1.015198,1.020896,0.988304
1.002915,1.005988,0.988304,1.002959
0.985465,0.994048,1.002959,0.988201
1.0059,1.0,0.988201,1.01791
1.0,1.0,1.01791,1.008798
1.01173,1.01497,1.008798,1.0
1.002899,1.00295,1.0,0.979651
0.991329,0.979412,0.979651,1.020772
1.005831,1.006006,1.020772,1.061047
1.095652,1.020896,1.061047,1.013699
1.010582,1.04386,1.013699,0.981081
0.955497,0.988796,0.981081,1.013774
1.016438,1.005666,1.013774,1.0
1.002695,1.008451,1.0,1.0
0.997312,1.011173,1.0,1.008152
1.008086,0.997238,1.008152,1.043127
1.064171,1.033241,1.043127,0.997416
0.972362,1.010724,0.997416,1.023316
1.041344,1.015915,1.023316,0.987342
0.990074,1.005222,0.987342,1.05641
1.057644,1.007792,1.05641,0.990291
1.026066,1.048969,0.990291,1.012255
0.963048,0.990172,1.012255,0.951574
0.971223,0.972705,0.951574,1.005089
0.987654,0.992347,1.005089,1.04557
1.0375,1.012853,1.04557,1.002421
1.040964,1.045685,1.002421,0.980676
0.956019,0.975728,0.980676,0.992611
0.995157,0.987562,0.992611,1.012407
1.007299,1.015113,1.012407,1.0
0.992754,0.995037,1.0,0.980392
0.997567,0.987531,0.980392,1.0125
0.992683,1.005051,1.0125,0.940741
1.004914,0.927136,0.940741,0.96063
0.92665,0.97832,0.96063,1.019126
0.984169,1.00277,1.019126,1.008043
1.010724,1.013812,1.008043,0.994681
1.01061,1.00545,0.994681,1.008021
1.0,1.00542,1.008021,1.01061
1.010499,1.005391,1.01061,0.973753
0.981818,0.981233,0.973753,0.994609
0.981481,0.991803,0.994609,0.99458
1.002695,1.008264,0.99458,0.961853
0.994624,0.959016,0.961853,1.005666
0.978378,0.982906,1.005666,1.0
0.986188,1.008696,1.0,1.025352
1.022409,1.008621,1.025352,1.010989
1.013699,1.025641,1.010989,0.980978
0.994595,1.0,0.980978,1.027701
1.01087,0.986111,1.027701,1.02965
1.061828,1.022535,1.02965,1.018325
0.987342,1.041322,1.018325,0.994859
1.010256,1.018519,0.994859,1.023256
1.015228,0.98961,1.023256,0.959596
1.005,0.992126,0.959596,1.042105
0.987562,1.002646,1.042105,0.984848
0.994962,1.021108,0.984848,1.023077
1.037975,0.992248,1.023077,0.974937
0.973171,1.002604,0.974937,1.015424
0.997494,0.981818,1.015424,1.048101
1.065327,1.031746,1.048101,0.985507
0.997642,1.041026,0.985507,0.963235
0.957447,0.965517,0.963235,1.0
0.987654,0.987245,1.0,0.987277
0.9825,0.989664,0.987277,1.0
0.989822,1.002611,1.0,0.979381
0.992288,0.981771,0.979381,1.005263
0.994819,0.997347,1.005263,0.97644
0.992188,0.989362,0.97644,1.0
1.0,1.0,1.0,0.986595
0.984252,0.986559,0.986595,1.013587
1.013333,1.013624,1.013587,1.021448
1.002632,0.991935,1.021448,0.979003
0.997375,1.01084,0.979003,1.013405
0.994737,0.997319,1.013405,0.962963
0.994709,0.973118,0.962963,0.989011
0.973404,0.986188,0.989011,1.016667
1.0,1.014006,1.016667,0.991803
1.008197,0.994475,0.991803,0.991736
0.99187,0.997222,0.991736,0.997222
0.989071,0.997214,0.997222,1.022284
1.019337,0.977654,1.022284,1.00545
1.00813,1.042857,1.00545,1.00542
1.016129,1.008219,1.00542,0.994609
0.986772,0.991848,0.994609,1.02168
1.018767,1.010959,1.02168,0.960212
0.986842,0.9729,0.960212,0.997238
0.976,0.994429,0.997238,0.98615
0.991803,0.985994,0.98615,1.0
1.002755,1.002841,1.0,0.997191
1.0,1.002833,0.997191,1.019718
1.010989,1.0,1.019718,1.01105
1.005435,1.014124,1.01105,1.005464
0.997297,1.011142,1.005464,0.978261
0.99729,0.988981,0.978261,1.025
1.021739,0.997214,1.025,0.99729
0.986702,1.022346,0.99729,0.98913
0.997305,0.989071,0.98913,0.991758
0.983784,0.991713,0.991758,0.99723
0.991758,0.988858,0.99723,0.969444
0.99446,0.980282,0.969444,1.005731
0.983287,0.974138,1.005731,0.985755
1.002833,1.017699,0.985755,0.979769
0.988701,0.982609,0.979769,1.00885
0.977143,0.985251,1.00885,1.032164
1.038012,1.023952,1.032164,1.011331
1.022535,1.011696,1.011331,0.985994
0.980716,1.00578,0.985994,0.985795
0.997191,0.991379,0.985795,1.017291
1.0,1.008696,1.017291,0.957507
0.988732,0.968391,0.957507,1.035503
1.045584,0.967359,1.035503,0.982857
0.948229,1.04908,0.982857,1.008721
1.002874,0.997076,1.008721,1.0
1.017192,1.005865,1.0,0.959654
0.974648,0.96793,0.959654,1.015015
0.979769,0.993976,1.015015,0.994083
0.99705,1.0,0.994083,1.011905
1.011834,1.009091,1.011905,0.997059
1.005848,1.006006,0.997059,0.982301
0.982558,0.98806,0.982301,1.012012
1.0,0.993958,1.012012,0.988131
0.994083,1.009119,0.988131,0.987988
0.997024,0.981928,0.987988,0.99696
0.991045,1.0,0.99696,0.984756
0.987952,0.97546,0.984756,1.0
0.987805,0.993711,1.0,1.003096
1.006173,1.009494,1.003096,0.975309
0.993865,0.987461,0.975309,1.082278
1.061728,0.993651,1.082278,0.991228
1.005814,1.063898,0.991228,0.988201
0.973988,0.984985,0.988201,0.991045
0.997033,1.006098,0.991045,1.009036
1.005952,1.0,1.009036,0.970149
0.985207,0.981818,0.970149,0.981538
0.972973,0.981481,0.981538,1.012539
0.996914,0.993711,1.012539,0.981424
0.996904,1.0,0.981424,0.996845
0.990683,0.996835,0.996845,1.009494
1.0,1.0,1.009494,0.990596
0.99373,0.993651,0.990596,1.009494
1.009464,1.009585,1.009494,0.99373
1.00625,0.996835,0.99373,1.009464
0.993789,1.003175,1.009464,0.98125
1.0,0.993671,0.98125,0.984076
0.98125,0.984076,0.984076,1.0
0.993631,0.993528,1.0,0.983819
0.99359,0.986971,0.983819,0.986842
0.987097,0.983498,0.986842,1.0
0.986928,1.0,1.0,1.016667
1.013245,1.0,1.016667,0.980328
1.0,1.003356,0.980328,1.006689
0.990196,0.996656,1.006689,1.003322
1.0,1.006711,1.003322,1.033113
1.039604,1.01,1.033113,1.003205
1.015873,1.026403,1.003205,0.990415
0.975,0.990354,0.990415,1.006452
1.00641,1.003247,1.006452,0.983974
0.993631,0.990291,0.983974,1.006515
1.0,0.996732,1.006515,0.983819
1.003205,0.993443,0.983819,0.993421
0.971246,0.993399,0.993421,1.006623
1.006579,1.0,1.006623,0.967105
0.990196,0.976744,0.967105,0.996599
0.983498,0.993197,0.996599,1.003413
0.989933,0.993151,1.003413,0.993197
1.0,1.003448,0.993197,0.972603
0.99322,0.972509,0.972603,1.017606
0.993174,0.989399,1.017606,1.010381
1.013746,1.025,1.010381,0.993151
0.99661,1.006969,0.993151,1.02069
1.006803,1.00692,1.02069,1.016892
1.02027,1.010309,1.016892,0.990033
1.036424,1.010204,0.990033,1.010067
0.968051,0.996633,1.010067,0.986711
0.993399,0.996622,0.986711,1.0
0.996678,1.00339,1.0,1.0
0.993333,0.993243,1.0,1.026936
1.033557,1.010204,1.026936,0.996721
1.003247,1.016835,0.996721,1.006579
1.0,0.996689,1.006579,1.045752
1.090615,1.009967,1.045752,0.971875
0.937685,1.013158,0.971875,0.983923
0.996835,0.99026,0.983923,0.98366
0.974603,0.983607,0.98366,0.993355
0.980456,0.983333,0.993355,1.010033
1.019934,1.00678,1.010033,0.996689
0.986971,1.003367,0.996689,1.043189
1.046205,1.010067,1.043189,1.028662
1.031546,1.0299,1.028662,0.987616
0.993884,1.016129,0.987616,0.974922
0.984615,0.965079,0.974922,0.990354
0.98125,1.009868,0.990354,0.980519
0.996815,0.980456,0.980519,1.003311
0.977636,1.0,1.003311,1.023102
1.013072,1.003322,1.023102,0.964516
1.0,0.983444,0.964516,0.989967
0.964516,0.986532,0.989967,0.983108
1.003344,0.989761,0.983108,1.0
0.973333,0.993103,1.0,1.003436
1.003425,1.0,1.003436,1.003425
1.013652,1.013889,1.003425,1.020478
1.010101,0.993151,1.020478,0.983278
0.993333,1.006897,0.983278,1.0
0.996644,1.003425,1.0,0.993197
0.996633,0.993174,0.993197,0.965753
0.983108,0.965636,0.965753,0.975177
0.969072,0.97153,0.975177,1.0
0.989362,1.003663,1.0,1.032727
1.028674,0.99635,1.032727,0.989437
1.003484,1.021978,0.989437,1.010676
0.986111,0.978495,1.010676,1.03169
1.042254,1.03663,1.03169,1.0
0.993243,1.024735,1.0,1.013652
1.020408,1.003448,1.013652,1.003367
1.0,1.013746,1.003367,0.996644
1.006667,0.99661,0.996644,0.993266
0.986755,0.986395,0.993266,0.99661
1.003356,1.003448,0.99661,1.034014
1.020067,1.003436,1.034014,1.003289
1.016393,1.034247,1.003289,0.990164
0.993548,0.993377,0.990164,1.0
0.99026,1.0,1.0,1.0
0.993443,0.99,1.0,0.993377
1.0033,1.0,0.993377,1.0
0.993421,1.0,1.0,1.023333
1.029801,1.003367,1.023333,1.019544
1.022508,1.026846,1.019544,0.990415
1.006289,1.009804,0.990415,1.032258
1.05625,1.0,1.032258,1.028125
0.982249,1.032362,1.028125,1.027356
1.036145,1.021944,1.027356,0.982249
0.988372,1.009202,0.982249,1.0
0.997059,0.99696,1.0,0.987952
0.979351,0.984756,0.987952,1.009146
1.012048,1.006192,1.009146,0.963746
0.988095,0.972308,0.963746,1.028213
0.990964,1.003165,1.028213,1.009146
1.021277,1.031546,1.009146,0.984894
0.985119,0.981651,0.984894,0.993865
0.996979,1.003115,0.993865,1.021605
1.006061,1.0,1.021605,1.003021
1.012048,1.024845,1.003021,0.981928
0.988095,0.978788,0.981928,1.003067
0.993976,1.0,1.003067,0.972477
0.99697,0.975232,0.972477,0.996855
0.966565,0.990476,0.996855,1.015773
1.015723,1.003205,1.015773,1.009317
1.027864,1.022364,1.009317,1.003077
0.98494,1.00625,1.003077,0.97546
0.993884,0.981366,0.97546,1.006289
0.984615,0.996835,1.006289,0.984375
1.003125,0.993651,0.984375,1.031746
1.015576,1.0,1.031746,0.987692
0.993865,1.019169,0.987692,1.003115
0.993827,0.996865,1.003115,1.003106
1.009317,1.003145,1.003106,1.003096
1.003077,1.009404,1.003096,0.978395
0.993865,0.981366,0.978395,1.009464
0.987654,0.996835,1.009464,0.98125
1.0,0.987302,0.98125,1.003185
1.003125,1.003215,1.003185,1.0
0.984424,0.996795,1.0,0.974603
0.993671,0.983923,0.974603,1.003257
0.987261,0.996732,1.003257,1.019481
1.012903,1.006557,1.019481,0.993631
1.0,1.006515,0.993631,0.923077
0.974522,0.92233,0.923077,1.013889
0.957516,1.007018,1.013889,1.006849
1.006826,1.010453,1.006849,1.0
1.010169,1.003448,1.0,0.993197
0.993289,1.003436,0.993197,1.006849
0.993243,0.993151,1.006849,0.986395
1.006803,0.986207,0.986395,0.989655
0.97973,1.0,0.989655,0.996516
0.993103,0.996503,0.996516,0.996503
1.0,0.985965,0.996503,0.985965
0.993056,1.0,0.985965,1.017794
1.0,1.0,1.017794,1.020979
1.020979,1.007117,1.020979,0.996575
1.003425,1.021201,0.996575,1.006873
1.0,1.0,1.006873,1.0
1.003413,1.00346,1.0,0.996587
1.006803,0.996552,0.996587,0.993151
0.989865,0.99308,0.993151,0.972414
0.986348,0.979094,0.972414,0.989362
0.986159,0.985765,0.989362,1.017921
1.017544,1.01083,1.017921,0.996479
0.989655,1.007143,0.996479,1.0
0.993031,0.992908,1.0,0.989399
0.985965,0.982143,0.989399,1.003571
1.003559,1.010909,1.003571,1.010676
1.014184,1.007194,1.010676,1.0
1.0,1.007143,1.0,0.985915
0.993007,0.992908,0.985915,1.0
0.985915,0.978571,1.0,1.014286
1.017857,1.00365,1.014286,1.045775
1.091228,1.061818,1.045775,0.979798
0.948553,0.982877,0.979798,1.006873
0.99661,1.006969,1.006873,0.989761
0.996599,0.99308,0.989761,0.975862
0.993174,0.97561,0.975862,1.003534
0.982818,1.003571,1.003534,0.982394
0.993007,0.992883,0.982394,1.007168
0.992958,0.996416,1.007168,1.003559
1.003546,1.003597,1.003559,1.007092
1.014134,1.010753,1.007092,1.010563
1.0,1.003546,1.010563,1.0
1.006969,1.007067,1.0,1.0
1.0,1.0,1.0,0.993031
0.99654,0.996491,0.993031,1.003509
1.0,0.996479,1.003509,0.993007
0.996528,1.0,0.993007,0.996479
0.993031,0.992933,0.996479,1.0
0.996491,1.0,1.0,1.024735
1.024648,1.003559,1.024735,1.013793
1.024055,1.01773,1.013793,0.996599
0.996644,1.013937,0.996599,1.003413
0.993266,1.0,1.003413,1.010204
1.016949,1.003436,1.010204,0.989899
0.996667,1.003425,0.989899,1.027211
1.013378,1.003413,1.027211,1.019868
1.033003,1.030612,1.019868,1.0
0.984026,0.993399,1.0,0.99026
1.003247,1.009967,0.99026,0.993443
0.987055,0.993421,0.993443,0.983498
0.996721,0.983444,0.983498,1.0
0.996711,0.993266,1.0,0.986577
0.990099,0.989831,0.986577,1.0
0.986667,1.0,1.0,0.982993
0.996622,0.989726,0.982993,0.989619
0.99322,0.986159,0.989619,0.986014
0.976109,0.957895,0.986014,0.996454
0.996503,1.025641,0.996454,0.989324
0.996491,0.989286,0.989324,1.010791
0.989437,1.0,1.010791,0.996441
0.996441,0.99639,0.996441,0.982143
1.007143,0.992754,0.982143,1.003636
0.98227,0.992701,1.003636,0.949275
0.99639,0.941176,0.949275,0.965649
0.949275,0.929687,0.965649,0.996047
0.977099,1.046218,0.996047,0.992063
0.996094,1.0,0.992063,1.02
1.023529,0.991968,1.02,1.0
0.977011,1.008097,1.0,0.992157
1.0,1.004016,0.992157,0.98419
0.992157,0.988,0.98419,1.012048
1.003953,0.995951,1.012048,1.011905
1.023622,1.03252,1.011905,0.964706
0.973077,0.968504,0.964706,1.0
0.98419,0.99187,1.0,1.02439
1.016064,1.004098,1.02439,1.031746
1.039526,1.028571,1.031746,0.984615
0.992395,1.007937,0.984615,1.007812
0.996169,1.0,1.007812,1.0
0.996154,1.003937,1.0,1.034884
1.07722,1.003922,1.034884,0.970037
0.949821,1.0,0.970037,0.972973
0.988679,0.980469,0.972973,1.0
0.965649,0.988048,1.0,1.02381
1.035573,1.012097,1.02381,0.988372
0.980916,1.003984,0.988372,0.996078
1.0,1.0,0.996078,0.996063
0.992218,0.984127,0.996063,0.98419
0.984314,1.0,0.98419,1.008032
1.007968,1.0,1.008032,1.007968
1.035573,1.020161,1.007968,1.01581
0.984733,0.996047,1.01581,1.011673
1.01938,1.02381,1.011673,0.992308
0.988593,0.992248,0.992308,1.011628
1.003846,1.003906,1.011628,1.003831
1.019157,1.015564,1.003831,1.0
0.984962,0.992337,1.0,1.007634
1.015267,0.992278,1.007634,1.011364
1.011278,1.019455,1.011364,1.007491
1.011152,1.015267,1.007491,0.996283
1.0,1.003759,0.996283,0.981343
0.985294,0.981273,0.981343,1.0
1.007463,0.992366,1.0,1.003802
0.977778,0.980769,1.003802,0.984848
1.0,1.015686,0.984848,1.007692
1.0,1.0,1.007692,1.007634
1.022727,1.003861,1.007634,0.988636
0.977778,0.988462,0.988636,1.015326
1.007576,1.007782,1.015326,1.007547
1.011278,1.019305,1.007547,1.003745
1.003717,1.0,1.003745,1.026119
1.025926,1.011364,1.026119,1.0
1.018051,1.018727,1.0,0.989091
0.98227,0.977941,0.989091,1.014706
0.99639,1.007519,1.014706,0.992754
1.007246,1.018657,0.992754,0.985401
0.985612,0.985348,0.985401,1.022222
1.007299,1.0,1.022222,1.014493
1.028986,1.01487,1.014493,1.007143
1.003521,1.014652,1.007143,1.014184
1.014035,1.01083,1.014184,1.003497
0.99654,1.007143,1.003497,0.993031
1.024306,1.0,0.993031,0.985965
0.966102,0.992908,0.985965,0.978648
0.992982,0.978571,0.978648,1.003636
0.982332,1.0,1.003636,1.021739
1.017986,1.007299,1.021739,1.0
1.014134,1.007246,1.0,0.989362
0.986063,0.996403,0.989362,0.967742
0.982332,0.971119,0.967742,1.011111
0.985612,1.0,1.011111,1.010989
1.021898,1.007435,1.010989,1.018116
1.010714,1.00738,1.018116,1.0
1.0,1.021978,1.0,1.003559
1.014134,1.003584,1.003559,1.010638
0.996516,0.996429,1.010638,0.992982
1.0,1.010753,0.992982,1.024735
1.045455,1.01773,1.024735,0.958621
0.963211,0.965157,0.958621,1.003597
0.979167,1.0,1.003597,1.003584
0.996454,1.00361,1.003584,1.010714
1.007117,1.0,1.010714,0.992933
0.996466,1.007194,0.992933,0.989324
1.007092,0.985714,0.989324,0.989209
0.985915,0.98913,0.989209,1.032727
1.021429,0.992674,1.032727,0.982394
1.003497,1.02583,0.982394,1.1
1.069686,0.992806,1.1,0.983713
1.003257,1.076087,0.983713,1.049669
1.051948,1.013468,1.049669,0.977918
0.981481,1.013289,0.977918,1.009677
0.990566,0.990164,1.009677,0.990415
0.987302,1.006623,0.990415,0.987097
1.003215,0.996711,0.987097,0.957516
0.983974,0.960396,0.957516,1.006826
0.973941,1.003436,1.006826,1.0
1.0,0.986301,1.0,1.010169
0.996656,1.010417,1.010169,0.966443
1.0,0.982818,0.966443,1.0
0.973154,0.98951,1.0,1.017361
1.017241,1.007067,1.017361,1.020478
1.016949,1.021053,1.020478,1.010033
1.013333,1.017182,1.010033,1.0
1.003289,1.006757,1.0,0.983444
0.990164,0.993289,0.983444,0.986532
0.990066,0.986486,0.986532,1.0
0.986622,0.989726,1.0,1.0
1.0,1.00692,1.0,1.006826
1.0,1.0,1.006826,1.00678
1.016949,1.006873,1.00678,0.996633
0.996667,1.003413,0.996633,0.966216
0.983278,0.962585,0.966216,1.027972
1.0,1.007067,1.027972,1.017007
1.034014,1.02807,1.017007,1.003344
0.993421,1.017065,1.003344,1.006667
1.009934,0.996644,1.006667,0.986755
0.996721,0.986532,0.986755,1.026846
1.013158,0.993174,1.026846,0.977124
0.980519,1.020619,0.977124,0.989967
0.993377,0.996633,0.989967,1.010135
1.0,0.989865,1.010135,0.986622
1.0,1.003413,0.986622,0.989831
0.986667,0.989796,0.989831,0.996575
0.993243,1.0,0.996575,0.996564
1.0,0.989691,0.996564,0.989655
0.996599,0.993056,0.989655,0.982578
0.982935,0.975524,0.982578,1.0
0.993056,1.003584,1.0,1.010638
0.996503,1.0,1.010638,0.975439
1.003509,0.992857,0.975439,1.017986
0.996503,0.996403,1.017986,0.996466
0.992982,1.01083,0.996466,1.010638
1.010601,1.0,1.010638,0.996491
1.0,1.007143,0.996491,0.989437
0.993007,0.989362,0.989437,0.967972
0.989437,0.97491,0.967972,1.003676
0.975089,0.992647,1.003676,0.978022
1.00365,0.985185,0.978022,1.0
0.981818,0.996241,1.0,0.970037
0.985185,0.977358,0.970037,1.003861
0.988722,0.996139,1.003861,1.019231
1.007605,0.988372,1.019231,1.0
1.0,1.023529,1.0,1.003774
1.011321,1.007663,1.003774,0.984962
1.0,0.996198,0.984962,1.003817
0.988806,0.996183,1.003817,1.019011
1.011321,1.003831,1.019011,1.05597
1.067164,1.01145,1.05597,0.982332
0.986014,1.037736,0.982332,1.043165
1.046099,1.003636,1.043165,1.0
0.99322,1.014493,1.0,0.986207
1.0,1.017857,0.986207,1.0
0.986348,0.996491,1.0,0.993007
0.99654,0.992958,0.993007,1.0
0.986111,0.992908,1.0,1.021127
1.021127,1.007143,1.021127,1.0
1.013793,1.01773,1.0,1.003448
0.993197,1.003484,1.003448,0.982818
0.996575,0.993056,0.982818,1.034965
1.041237,0.98951,1.034965,1.006757
0.993399,1.028269,1.006757,0.996644
1.009967,1.010309,0.996644,1.016835
0.993421,1.0,1.016835,0.976821
1.003311,1.0,0.976821,0.989831
0.976898,0.982993,0.989831,0.952055
0.983108,0.951557,0.952055,0.989209
0.962199,0.996364,0.989209,1.014545
0.996429,0.99635,1.014545,1.0
1.014337,1.014652,1.0,1.014337
1.003534,1.0,1.014337,1.010601
1.007042,1.01444,1.010601,0.996503
1.0,1.0,0.996503,1.003509
1.006993,1.003559,1.003509,1.024476
1.024306,0.992908,1.024476,0.986348
0.99322,1.025,0.986348,0.968858
0.976109,0.968641,0.968858,1.007143
1.0,1.0,1.007143,1.099291
1.083916,1.007194,1.099291,0.983871
1.012903,1.071429,0.983871,0.954098
0.958599,0.946667,0.954098,1.013746
0.986711,1.014085,1.013746,1.00339
1.003367,1.003472,1.00339,1.02027
1.016779,1.0,1.02027,0.980132
1.019802,1.024221,0.980132,1.1
1.055016,0.97973,1.1,1.1
1.1,1.1,1.1,1.1
1.1,1.1,1.1,0.977215
1.083544,0.956962,0.977215,1.007772
0.969626,0.973545,1.007772,0.948586
0.961446,0.98913,0.948586,0.96477
0.934837,0.958791,0.96477,1.02809
1.008043,0.988539,1.02809,1.1
1.071809,1.046377,1.1,0.947891
0.997519,1.036011,0.947891,1.002618
0.99005,0.989305,1.002618,0.976501
0.944724,0.978378,0.976501,0.994652
1.010638,1.01105,0.994652,0.973118
0.984211,0.97541,0.973118,0.991713
0.973262,0.991597,0.991713,1.013928
1.005495,0.991525,1.013928,0.967033
1.0,1.0,0.967033,1.002841
0.983607,1.0,1.002841,0.974504
0.986111,0.980057,0.974504,1.0
0.980282,0.991279,1.0,0.965116
0.997126,0.970674,0.965116,1.018072
0.976945,0.993958,1.018072,0.976331
0.9941,0.99696,0.976331,1.006061
1.014837,1.0,1.006061,0.96988
0.982456,0.978659,0.96988,0.931677
0.952381,0.931464,0.931677,1.02
0.95625,0.989967,1.02,1.013072
1.03268,1.02027,1.013072,0.987097
0.974684,0.990066,0.987097,1.006536
1.006494,1.013378,1.006536,0.980519
0.996774,0.990099,0.980519,1.033113
1.045307,0.996667,1.033113,0.974359
0.956656,1.003344,0.974359,1.023026
1.009709,1.006667,1.023026,1.009646
1.016026,1.019868,1.009646,0.996815
1.037855,1.016234,0.996815,0.964856
0.942249,0.961661,0.964856,1.006623
0.983871,1.0,1.006623,0.993421
0.996721,0.996678,0.993421,1.0
1.003289,1.0,1.0,1.0
0.993443,0.98,1.0,1.003311
1.009901,1.017007,1.003311,1.023102
1.042484,1.010033,1.023102,0.990323
0.965517,1.006623,0.990323,0.993485
1.003247,1.003289,0.993485,1.003279
0.996764,0.990164,1.003279,0.990196
1.003247,1.0,0.990196,0.9967
0.983819,0.990066,0.9967,1.006623
1.009868,1.003344,1.006623,0.980263
0.986971,0.993333,0.980263,1.013423
0.9967,0.996644,1.013423,1.003311
1.006623,1.006734,1.003311,0.9967
1.009868,1.0,0.9967,1.003311
0.993485,1.006689,1.003311,1.019802
1.02623,1.006645,1.019802,1.0
0.99361,1.009901,1.0,1.009709
1.006431,1.006536,1.009709,0.996795
1.057508,1.003247,0.996795,0.983923
0.936556,0.980583,0.983923,0.986928
0.987097,0.993399,0.986928,0.976821
0.993464,0.973422,0.976821,1.00339
0.976974,1.0,1.00339,1.003378
1.006734,1.006826,1.003378,1.003367
1.0,1.00339,1.003367,1.003356
1.010033,1.0,1.003356,1.010033
1.003311,1.003378,1.010033,1.006623
1.006601,1.013468,1.006623,1.006579
1.006557,1.003322,1.006579,1.006536
1.003257,1.0,1.006536,1.0
1.038961,1.013245,1.0,1.006494
0.975,0.990196,1.006494,0.996774
0.99359,1.009901,0.996774,1.006472
1.009677,1.003268,1.006472,0.990354
0.99361,0.993485,0.990354,0.977273
0.990354,0.983607,0.977273,1.006645
0.99026,1.0,1.006645,1.009901
1.003279,1.01,1.009901,1.01634
1.01634,1.0033,1.01634,1.0
1.003215,1.013158,1.0,1.006431
1.009615,1.006494,1.006431,0.990415
1.0,0.996774,0.990415,1.016129
1.009524,1.0,1.016129,1.0
1.006289,1.009709,1.0,1.015873
1.00625,1.003205,1.015873,1.01875
1.018634,1.015974,1.01875,1.064417
1.094512,1.018868,1.064417,0.982709
0.955432,1.021605,0.982709,1.002933
1.020408,1.015106,1.002933,0.988304
0.985714,0.994048,0.988304,0.982249
0.982609,0.994012,0.982249,1.024096
1.0059,1.0,1.024096,0.976471
1.008798,1.0,0.976471,1.027108
0.994186,0.996988,1.027108,1.0
0.997076,1.015106,1.0,1.01173
1.035191,1.014881,1.01173,0.973913
0.977337,0.982405,0.973913,1.002976
0.991304,0.98806,1.002976,1.011869
1.0,1.006042,1.011869,1.020528
1.017544,1.015015,1.020528,0.994253
1.008621,1.005917,0.994253,0.982659
0.988604,0.994118,0.982659,1.011765
0.994236,1.0,1.011765,1.011628
1.011594,1.014793,1.011628,1.0
0.997135,1.0,1.0,1.017241
1.025862,1.005831,1.017241,0.988701
0.994398,0.997101,0.988701,0.991429
0.980282,0.988372,0.991429,0.988473
0.997126,1.0,0.988473,0.976676
0.985591,0.979412,0.976676,1.002985
0.988304,1.0,1.002985,0.982143
1.002959,0.987988,0.982143,1.024242
1.00885,0.993921,1.024242,1.002959
0.994152,1.018349,1.002959,1.014749
1.017647,1.015015,1.014749,1.031977
1.046243,1.011834,1.031977,1.0
1.002762,1.026316,1.0,0.985915
0.977961,0.982906,0.985915,1.005714
0.994366,1.002899,1.005714,0.997159
0.997167,1.0,0.997159,1.002849
1.025568,1.00578,1.002849,1.028409
1.00554,1.005747,1.028409,1.030387
1.035813,1.028571,1.030387,1.021448
1.090426,1.047222,1.021448,1.018373
0.990244,1.0,1.018373,0.979381
0.977833,0.986737,0.979381,1.010526
0.972292,1.008065,1.010526,0.966146
0.992228,0.984,0.966146,1.013477
0.997389,1.00813,1.013477,1.013298
0.997382,1.005376,1.013298,0.994751
1.013123,1.008021,0.994751,0.984169
0.981865,0.98939,0.984169,1.016086
1.007916,1.002681,1.016086,1.013193
1.007853,1.008021,1.013193,1.018229
1.054545,1.026525,1.018229,1.023018
0.995074,0.997416,1.023018,1.015
1.007426,1.018135,1.015,1.004926
1.007371,1.010178,1.004926,0.985294
1.014634,1.007557,0.985294,0.987562
0.966346,0.9775,0.987562,0.97733
0.995025,0.98977,0.97733,0.994845
0.9825,0.976744,0.994845,1.010363
0.997455,1.018519,1.010363,0.982051
1.0,0.994805,0.982051,0.971279
0.987245,0.968668,0.971279,0.967742
0.966408,0.962264,0.967742,1.005556
0.975936,1.005602,1.005556,1.0
1.00274,0.997214,1.0,1.060773
1.062842,1.01676,1.060773,1.036458
1.041131,1.043956,1.036458,0.98995
0.977778,1.018421,0.98995,1.007614
1.020202,1.01292,1.007614,1.015113
1.00495,1.012755,1.015113,0.985112
0.990148,0.992443,0.985112,0.997481
0.997512,0.994924,0.997481,1.0
1.002494,0.997449,1.0,0.982323
1.0,0.994885,0.982323,1.007712
0.977612,0.987147,1.007712,0.982143
1.012723,0.979167,0.982143,1.012987
0.982412,1.010638,1.012987,1.012821
1.017903,1.010526,1.012821,1.012658
1.007538,1.015625,1.012658,0.985
1.007481,0.997436,0.985,0.98731
0.975248,0.997429,0.98731,1.005141
1.0,1.002577,1.005141,1.0
1.002538,1.0,1.0,1.033248
1.025316,1.005141,1.033248,1.044554
1.083951,1.071611,1.044554,0.988152
0.965831,0.980907,0.988152,1.004796
0.990566,1.002433,1.004796,1.002387
1.021429,1.007282,1.002387,1.02381
1.009324,0.995181,1.02381,0.969767
1.011547,1.007264,0.969767,1.014388
0.974886,0.992788,1.014388,1.028369
1.070258,1.024213,1.028369,1.032184
0.986871,1.014184,1.032184,0.948775
1.0,0.969697,0.948775,1.042254
0.993348,0.992788,1.042254,0.957207
1.035714,1.014528,0.957207,1.014118
0.931034,0.98568,1.014118,1.013921
1.020833,1.026634,1.013921,1.006865
1.004535,1.023585,1.006865,1.006818
1.006772,0.990783,1.006818,1.045147
1.065022,1.02093,1.045147,0.971922
0.966316,1.006834,0.971922,0.968889
0.989107,0.986425,0.968889,0.995413
0.969163,0.970183,0.995413,0.974654
1.018182,0.992908,0.974654,0.98818
0.966518,0.988095,0.98818,1.026316
0.995381,1.00241,1.026316,1.004662
1.00464,1.024038,1.004662,1.023202
1.020785,1.00939,1.023202,1.015873
1.045249,1.025581,1.015873,0.977679
0.984848,0.99093,0.977679,1.061644
1.026374,0.990847,1.061644,1.027957
1.068522,1.062356,1.027957,0.966527
0.943888,0.986957,0.966527,1.002165
0.991507,0.997797,1.002165,0.974082
1.004283,0.993377,0.974082,0.984479
0.985075,0.986667,0.984479,0.952703
0.95671,0.95045,0.952703,1.014184
0.972851,1.004739,1.014184,0.995338
1.011628,1.002358,0.995338,1.044496
1.029885,1.004706,1.044496,0.993274
0.995536,1.016393,0.993274,0.905192
0.970852,0.919355,0.905192,1.034913
0.95843,1.010025,1.034913,1.038554
1.050602,1.032258,1.038554,1.006961
0.997706,1.028846,1.006961,0.990783
1.0,0.997664,0.990783,1.016279
1.006897,0.992974,1.016279,0.98627
1.002283,0.992925,0.98627,0.990719
0.984055,1.007126,0.990719,0.997658
0.990741,0.990566,0.997658,1.004695
1.014019,1.004762,1.004695,0.997664
0.995392,0.992891,0.997664,1.004684
0.99537,1.009547,1.004684,1.002331
1.011628,1.009456,1.002331,0.993023
1.027586,0.997658,0.993023,0.964871
0.95302,0.953052,0.964871,0.987864
0.976526,0.997537,0.987864,1.009828
0.990385,1.002469,1.009828,1.004866
1.007282,1.009852,1.004866,1.004843
1.00241,1.0,1.004843,1.021687
1.03125,1.012195,1.021687,1.009434
1.0,1.012048,1.009434,1.007009
1.011655,1.019048,1.007009,0.993039
0.993088,0.995327,0.993039,1.018692
1.011601,1.0,1.018692,1.0
1.006881,1.018779,1.0,1.006881
1.015945,1.006912,1.006881,0.993166
0.988789,0.995423,0.993166,1.022936
1.013605,1.0,1.022936,0.995516
0.997763,1.011494,0.995516,1.013514
1.022422,0.990909,1.013514,1.013333
1.006579,1.018349,1.013333,0.997807
1.013072,1.02027,0.997807,1.010989
0.991398,1.002208,1.010989,1.01087
1.015184,1.008811,1.01087,0.993548
1.0,1.0,0.993548,1.028139
1.014957,1.010917,1.028139,1.008421
1.021053,1.019438,1.008421,1.043841
1.05567,1.010593,1.043841,1.006
0.984375,1.02935,1.006,1.04175
1.041667,1.026477,1.04175,1.049618
1.093333,1.053571,1.049618,0.98
0.963415,0.975518,0.98,0.983302
0.996383,1.007722,0.983302,1.062264
1.025408,0.996169,1.062264,1.015986
1.019469,1.053846,1.015986,1.052448
1.076389,1.023723,1.052448,0.973422
1.025806,1.037433,0.973422,1.017065
0.940252,0.996564,1.017065,1.016779
1.033445,1.025862,1.016779,0.99835
1.0,1.0,0.99835,1.013223
0.995146,1.016807,1.013223,0.998369
1.003252,0.97686,0.998369,0.995098
0.990276,0.981387,0.995098,1.024631
1.036007,1.025862,1.024631,1.014423
1.011058,1.028571,1.014423,1.011058
1.020312,1.02451,1.011058,0.960938
0.998469,0.976077,0.960938,1.006504
0.957055,0.964052,1.006504,1.008078
1.009615,1.044068,1.008078,0.998397
1.02381,1.001623,0.998397,1.024077
0.990698,1.0,1.024077,1.04232
1.048513,1.035656,1.04232,1.049624
1.068657,1.039124,1.049624,0.981375
0.97067,1.012048,0.981375,1.00146
1.002878,1.0,1.00146,0.978134
0.998565,0.971726,0.978134,0.997019
0.972701,0.977029,0.997019,1.008969
1.023634,1.015674,1.008969,1.1
1.07215,1.067901,1.1,0.951548
1.049798,0.995665,0.951548,0.940594
0.910256,0.950653,0.940594,0.911278
0.93662,0.914504,0.911278,1.069307
0.977444,1.018364,1.069307,1.083333
1.095385,1.086885,1.083333,1.0
1.029494,1.033183,1.0,1.099715
1.053206,1.007299,1.099715,1.099741
1.099741,1.092754,1.099741,0.968198
0.995289,1.062334,0.968198,1.002433
0.988166,1.008739,1.002433,1.099515
1.08503,1.012376,1.099515,1.032009
1.04415,1.070905,1.032009,0.949733
0.978858,1.002283,0.949733,0.983108
0.963283,0.973804,0.983108,1.019473
1.011211,1.002339,1.019473,1.010112
1.005543,1.005834,1.010112,0.973304
0.98677,1.00348,0.973304,0.923429
1.021229,0.928324,0.923429,0.980198
0.904814,0.932752,0.980198,1.069444
1.025393,1.06275,1.069444,1.0366
1.067217,1.042714,1.0366,1.06492
1.036464,1.036145,1.06492,0.970053
0.985075,0.983721,0.970053,1.01323
1.028139,1.05792,1.01323,1.008705
1.010526,1.020112,1.008705,0.977346
0.963542,0.957284,0.977346,1.038631
1.022703,1.006865,1.038631,1.019129
1.041226,1.059091,1.019129,1.056309
1.063959,1.013948,1.056309,1.022705
1.019084,1.049735,1.022705,1.033784
1.047753,1.008065,1.033784,0.968254
0.942806,0.98,0.968254,0.994214
1.052133,1.036735,0.994214,0.900097
0.928829,0.913386,0.900097,0.970905
0.920466,0.9,0.970905,1.041065
0.998946,1.077844,1.041065,0.969083
1.027426,0.988889,0.969083,0.9
0.909651,0.919101,0.9,0.953545
0.970655,0.9,0.953545,1.048718
0.960465,0.959239,1.048718,0.9
0.998789,1.042493,0.9,0.9
0.905455,0.9,0.9,0.900302
0.9,0.900302,0.900302,0.927852
0.998462,0.9,0.927852,0.900542
0.9,0.929104,0.900542,0.9
0.9,0.9,0.9,1.087054
1.087054,0.9,1.087054,1.1
1.1,1.1,1.1,1.1
1.1,1.1,1.1,1.018644
1.086441,1.045455,1.018644,0.900166
0.920437,0.94087,0.900166,1.012939
0.962712,0.924214,1.012939,1.069343
1.047535,1.09,1.069343,1.030717
1.033613,1.056881,1.030717,1.004967
1.003252,1.008681,1.004967,1.001647
0.998379,1.003442,1.001647,1.041118
1.030844,1.030875,1.041118,0.990521
1.040945,1.031614,0.990521,0.9
0.965204,0.909677,0.9,0.955674
0.902821,0.900709,0.955674,1.068646
1.003472,1.041339,1.068646,0.965278
1.013841,1.037807,0.965278,0.978417
0.959044,0.970856,0.978417,1.0
1.012456,0.97561,1.0,1.064338
1.024605,1.038462,1.064338,0.965458
1.003431,1.02037,0.965458,0.9839
0.962393,0.970962,0.9839,1.034545
1.017762,1.031776,1.034545,1.057996
1.059337,1.023551,1.057996,1.013289
1.024712,1.054867,1.013289,0.968852
0.977492,0.989933,0.968852,1.062606
1.034539,0.991525,1.062606,1.014331
1.041335,1.061538,1.014331,1.091052
1.061069,1.027375,1.091052,0.900719
1.001439,0.981191,0.900719,1.020767
0.925287,0.908946,1.020767,0.934272
1.0,1.047452,0.934272,0.926298
0.930124,0.904362,0.926298,0.900542
0.9,0.923933,0.900542,0.9
0.9,0.9,0.9,1.006696
1.034188,0.946429,1.006696,1.037694
0.975207,1.016509,1.037694,1.089744
1.082627,1.085847,1.089744,0.945098
0.992172,1.025641,0.945098,0.923237
0.978304,0.914583,0.923237,0.941573
0.919355,0.94533,0.941573,1.023866
0.971491,1.024096,1.023866,1.065268
1.031603,1.0,1.065268,1.039387
1.04814,1.051765,1.039387,0.972632
0.991649,1.03132,0.972632,1.010823
0.985263,0.976139,1.010823,0.9
1.014957,0.933333,0.9,0.945238
0.9,0.938095,0.945238,1.093199
1.038095,1.015228,1.093199,0.963134
1.016055,1.0375,0.963134,1.007177
0.957111,0.985542,1.007177,1.04038
1.058962,1.00978,1.04038,1.020548
1.002227,1.05569,1.020548,0.961969
0.982222,0.972477,0.961969,1.046512
1.033937,1.014151,1.046512,0.948889
0.980306,0.983721,0.948889,1.016393
0.973214,0.98818,1.016393,0.979263
0.986239,1.004785,0.979263,1.002353
0.997674,1.002381,1.002353,1.042254
1.039627,1.030879,1.042254,1.013514
1.020179,1.013825,1.013514,1.046667
1.048352,1.020455,1.046667,1.019108
1.010482,1.033408,1.019108,0.977083
0.995851,1.00431,0.977083,1.034115
1.014583,0.995708,1.034115,1.02268
1.022587,1.028017,1.02268,0.977823
1.01004,1.004193,0.977823,1.026804
0.992048,0.995825,1.026804,0.935743
1.038076,0.947589,0.935743,1.038627
0.938224,1.013274,1.038627,1.099174
1.09465,1.056769,1.099174,0.986842
1.06391,1.066116,0.986842,1.034286
0.968198,0.953488,1.034286,0.94291
0.983577,1.022358,0.94291,1.009766
0.979592,1.013917,1.009766,1.0
0.998106,1.005882,1.0,0.959381
0.979127,0.962963,0.959381,1.002016
0.972868,0.995951,1.002016,1.054326
1.045817,1.01626,1.054326,1.005725
1.024762,1.032,1.005725,1.020873
1.011152,1.011628,1.020873,1.020446
1.011029,1.009579,1.020446,0.985428
1.001818,1.011385,0.985428,1.014787
1.00726,1.015009,1.014787,0.981785
0.994595,0.985213,0.981785,0.975881
0.974638,0.981238,0.975881,1.015209
0.998141,0.978967,1.015209,1.013109
1.027933,1.044922,1.013109,1.033272
1.077899,1.001869,1.033272,0.998211
0.956303,1.005597,0.998211,1.028674
1.01406,1.022263,1.028674,1.069686
1.074523,1.030853,1.069686,0.991857
1.0,1.047535,0.991857,1.1
1.080645,1.011765,1.1,1.059701
1.068657,1.089701,1.059701,0.946479
0.976257,0.998476,0.946479,0.998512
0.967096,0.981679,0.998512,1.078987
1.088757,1.026439,1.078987,1.062155
1.061141,1.022727,1.062155,0.975293
0.980794,1.068148,0.975293,0.933333
0.981723,0.965326,0.933333,0.981429
0.930851,0.956897,0.981429,0.96361
1.008571,0.989489,0.96361,1.003021
0.958924,0.990895,1.003021,0.966867
0.986706,0.981623,0.966867,1.043614
1.025449,1.00156,1.043614,1.029851
1.029197,1.006231,1.029851,0.994203
0.998582,1.044892,0.994203,0.972303
0.978693,0.979259,0.972303,1.031484
1.021771,1.007564,1.031484,0.968023
0.990057,0.998498,0.968023,0.989489
0.967001,0.974436,0.989489,1.009105
0.989614,1.00463,1.009105,0.986466
1.008996,1.003072,0.986466,0.964939
0.977712,0.950995,0.964939,1.011058
0.983283,1.014493,1.011058,0.989062
1.012365,1.0,0.989062,0.992101
0.975573,0.965079,0.992101,1.006369
0.99061,1.013158,1.006369,0.976266
1.004739,1.0,0.976266,0.9
0.988994,0.900974,0.9,1.0
0.903021,0.933333,1.0,1.028829
1.007042,1.057915,1.028829,0.900175
0.980769,0.937956,0.900175,1.027237
0.959002,0.914397,1.027237,0.920455
0.977695,1.025532,0.920455,1.014403
0.956274,0.985477,1.014403,0.955375
0.996024,0.989474,0.955375,1.031847
0.976048,0.965957,1.031847,0.973251
1.018405,1.030837,0.973251,1.006342
0.971888,0.974359,1.006342,1.046218
1.033058,1.041667,1.046218,0.993976
1.008,1.027368,0.993976,0.961616
0.990079,0.971311,0.961616,1.008403
0.975952,0.981013,1.008403,1.008333
1.010267,1.032258,1.008333,0.902893
0.989837,0.908333,0.902893,1.002288
0.913758,0.931193,1.002288,0.949772
0.98427,1.017241,0.949772,1.045673
1.004566,0.987893,1.045673,0.977011
0.995455,1.026961,0.977011,1.032941
1.013699,1.01432,1.032941,1.029613
1.036036,1.035294,1.029613,1.00885
1.0,1.013636,1.00885,0.984649
1.0,1.004484,0.984649,0.986637
0.971739,0.948661,0.986637,1.045147
1.040268,1.042353,1.045147,1.017279
1.021505,1.036117,1.017279,0.989384
1.008421,1.013072,0.989384,1.01073
0.993737,0.993548,1.01073,1.029724
1.035714,1.036797,1.029724,1.010309
1.0,0.993737,1.010309,1.010204
1.006085,1.008403,1.010204,0.90303
0.997984,0.929167,0.90303,1.020134
0.931313,0.988789,1.020134,0.989035
1.045553,0.993197,0.989035,1.055432
1.020747,1.002283,1.055432,1.1
1.065041,1.072893,1.1,0.977099
1.04771,1.084926,0.977099,0.960938
0.945355,0.939335,0.960938,1.020325
0.973025,1.020833,1.020325,0.986056
0.988119,0.961224,0.986056,0.973737
0.975952,1.008493,0.973737,0.958506
0.997947,0.970526,0.958506,0.995671
0.950617,0.976139,0.995671,1.023913
1.036797,1.028889,1.023913,0.980892
0.985386,0.984881,0.980892,0.997835
0.997881,1.0,0.997835,1.021692
1.006369,1.004386,1.021692,1.036093
1.033755,1.030568,1.036093,1.020492
1.018367,1.036017,1.020492,0.981928
0.991984,0.99591,0.981928,1.002045
0.993939,0.99384,1.002045,0.987755
1.012195,0.991736,0.987755,1.012397
0.987952,1.002083,1.012397,0.985714
1.004065,1.0,0.985714,0.977226
0.981781,0.972973,0.977226,1.029661
1.006186,1.012821,1.029661,1.002058
1.006148,1.021097,1.002058,1.028747
1.022403,1.0,1.028747,1.011976
1.015936,1.020661,1.011976,1.001972
1.011765,1.010121,1.001972,0.988189
0.992248,1.002004,0.988189,0.978088
0.974609,0.976,0.978088,1.03055
1.022044,1.008197,1.03055,1.021739
1.013725,1.01626,1.021739,1.001934
1.021277,1.03,1.001934,1.015444
1.007576,0.996117,1.015444,1.028517
1.020677,1.019493,1.028517,0.987061
1.038674,1.007648,0.987061,0.996255
0.957447,0.998102,0.996255,0.947368
0.996296,0.937262,0.947368,1.003968
0.960967,1.014199,1.003968,1.003953
0.984526,0.994,1.003953,0.994094
0.996071,1.0,0.994094,1.021782
1.019724,1.012072,1.021782,1.0
1.029014,1.021869,1.0,0.998062
0.975564,0.972763,0.998062,0.996117
1.0,1.02,0.996117,1.02924
1.021195,1.003922,1.02924,1.00947
1.009434,1.017578,1.00947,0.996248
1.007477,1.007678,0.996248,0.951036
0.985158,0.96,0.951036,0.950495
0.947269,0.934524,0.950495,0.99375
0.962227,1.002123,0.99375,0.97065
0.997934,0.95339,0.97065,0.978402
0.94617,0.984444,0.978402,0.984547
1.006565,1.0,0.984547,1.029148
0.997826,1.0,1.029148,0.989107
1.004357,1.015801,0.989107,0.960352
0.982646,0.955556,0.960352,1.002294
0.984547,1.009302,1.002294,1.011442
0.993274,0.981567,1.011442,1.031674
1.03386,1.035211,1.031674,0.975877
0.995633,1.004535,0.975877,1.004494
0.995614,1.0,1.004494,1.011186
0.997797,0.986456,1.011186,0.997788
1.00883,1.025172,0.997788,0.993348
0.995624,0.993304,0.993348,1.035714
1.021978,1.0,1.035714,1.010776
1.019355,1.035955,1.010776,1.008529
1.00211,1.010846,1.008529,0.995772
1.0,1.0,0.995772,0.997877
1.002105,1.0,0.997877,0.995745
0.991597,0.991416,0.995745,1.012821
1.008475,1.002165,1.012821,0.953586
0.989496,0.971922,0.953586,0.988938
0.963907,0.984444,0.988938,1.024609
1.017621,0.997743,1.024609,0.9869
0.991342,1.0181,0.9869,1.015487
1.017467,1.0,1.015487,0.989107
0.984979,0.997778,0.989107,0.997797
1.015251,1.006682,0.997797,1.013245
0.984979,0.995575,1.013245,0.997821
1.006536,1.006667,0.997821,0.9869
1.002165,0.966887,0.9869,1.015487
0.99568,1.022831,1.015487,1.010893
1.008677,1.011161,1.010893,1.00431
1.008602,1.01766,1.00431,1.002146
1.004264,1.004338,1.002146,1.010707
1.012739,1.006479,1.010707,1.014831
1.012579,0.995708,1.014831,1.006263
1.00207,1.025862,1.006263,1.002075
1.020661,1.006303,1.002075,0.993789
0.975709,0.981211,0.993789,0.995833
0.997925,1.010638,0.995833,0.995816
1.006237,0.995789,0.995816,1.014706
1.0,0.995772,1.014706,1.012422
1.012397,1.021231,1.012422,1.0
1.006122,1.008316,1.0,0.997955
1.004057,1.0,0.997955,0.985656
0.991919,0.987629,0.985656,1.006237
0.98778,0.997912,1.006237,1.0
1.002062,1.006276,1.0,1.004132
1.006173,1.002079,1.004132,0.989712
0.99591,0.995851,0.989712,1.056133
1.049281,1.0,1.056133,0.990157
0.992172,1.035417,0.990157,0.960239
0.99211,0.953722,0.960239,0.995859
0.962227,0.995781,0.995859,0.993763
1.0,1.008475,0.993763,0.970711
0.991736,0.962185,0.970711,1.021552
0.989583,1.00655,1.021552,1.021097
1.029474,1.017354,1.021097,1.004132
0.997955,1.014925,1.004132,1.004115
1.006148,1.008403,1.004115,1.008197
1.014257,0.995833,1.008197,0.997967
0.987952,1.014644,0.997967,0.99389
1.004065,1.0,0.99389,0.979508
0.991903,0.983505,0.979508,1.043933
1.018367,0.997904,1.043933,1.034068
1.058116,1.046218,1.034068,0.984496
0.979167,1.016064,0.984496,1.001969
0.990329,0.98419,1.001969,1.021611
1.050781,1.014056,1.021611,0.992308
0.97026,1.009901,0.992308,1.005814
1.021073,1.001961,1.005814,0.986513
0.97561,0.990215,0.986513,0.988281
0.992308,0.998024,0.988281,0.982213
0.976744,0.966337,0.982213,1.002012
1.001984,1.016393,1.002012,1.024096
1.013861,1.004032,1.024096,1.009804
1.025391,1.022088,1.009804,1.019417
1.007619,1.003929,1.019417,0.969524
0.992439,0.996086,0.969524,1.011788
0.986667,0.994106,1.011788,0.996117
1.001931,1.009881,0.996117,1.015595
1.00578,0.996086,1.015595,1.005758
1.005747,1.013752,1.005758,1.007634
1.007619,1.013566,1.007634,0.979167
1.0,0.986616,0.979167,0.998066
0.99811,0.982558,0.998066,1.056202
1.058712,1.015779,1.056202,1.009174
0.989267,1.031068,1.009174,0.996364
0.996383,1.015066,0.996364,1.021898
1.016334,1.005566,1.021898,0.973214
1.001786,1.0,0.973214,1.022018
1.026738,1.005535,1.022018,0.980251
0.967014,0.994495,0.980251,0.967033
0.980251,0.97048,0.967033,1.1
1.064103,0.994297,1.1,0.994836
1.015491,1.086042,0.994836,0.980969
0.974576,0.980634,0.980969,0.996473
0.998261,1.007181,0.996473,0.950442
0.956446,0.926916,0.950442,1.013035
0.992714,1.023077,1.013035,0.994485
0.994495,1.00188,0.994485,1.007394
1.016605,1.009381,1.007394,1.005505
1.005445,1.0,1.005505,0.987226
1.005415,1.001859,0.987226,1.025878
1.001795,0.996289,1.025878,0.990991
0.998208,1.014898,0.990991,0.987273
0.987433,0.992661,0.987273,0.985267
0.996364,0.977819,0.985267,1.014953
0.992701,0.99811,1.014953,1.001842
1.001838,1.018939,1.001842,0.992647
0.998165,0.996283,0.992647,1.0
0.998162,1.001866,1.0,0.987037
0.996317,0.988827,0.987037,0.990619
0.988909,0.975518,0.990619,1.015152
1.005607,1.011583,1.015152,0.994403
1.009294,1.013359,0.994403,1.003752
0.98895,0.99435,1.003752,0.996262
1.0,1.005682,0.996262,1.005629
1.0,0.992467,1.005629,1.011194
1.009311,1.013283,1.011194,1.001845
1.01476,1.007491,1.001845,1.012891
1.003636,1.013011,1.012891,1.003636
1.001812,1.001835,1.003636,1.0
1.0,1.003663,1.0,1.003623
1.007233,1.00365,1.003623,0.99639
0.996409,1.0,0.99639,1.01087
1.009009,1.0,1.01087,0.987455
1.003571,0.996364,0.987455,1.009074
0.994662,1.0,1.009074,1.014388
1.010733,1.009124,1.014388,1.0
1.026549,1.012658,1.0,1.014184
0.994828,0.996429,1.014184,0.996503
1.001733,1.012545,0.996503,1.003509
0.991349,0.99469,1.003509,0.97028
0.998255,0.982206,0.97028,0.998198
0.977273,0.992754,0.998198,1.016245
1.012522,1.010949,1.016245,0.969805
0.996466,0.978339,0.969805,0.983516
0.968085,0.98155,0.983516,1.001862
0.994505,1.007519,1.001862,1.01487
1.005525,0.996269,1.01487,0.983516
1.007326,1.0,0.983516,1.003724
0.989091,1.001873,1.003724,0.972171
0.996324,0.962617,0.972171,0.998092
0.968635,0.994175,0.998092,0.996176
1.013333,1.011719,0.996176,1.023033
1.009398,1.003861,1.023033,1.009381
1.014898,1.017308,1.009381,0.992565
0.99633,1.005671,0.992565,1.0
0.990792,0.992481,1.0,1.009363
1.003717,1.007576,1.009363,0.996289
1.0,1.00188,0.996289,0.970205
0.996296,0.966229,0.970205,1.007678
0.977695,0.996117,1.007678,1.005714
1.007605,1.017544,1.005714,1.015152
1.013208,1.005747,1.015152,0.990672
0.998138,1.005714,0.990672,1.00565
1.003731,1.003788,1.00565,1.013109
1.007435,1.0,1.013109,1.001848
1.00369,1.013208,1.001848,1.009225
1.029412,1.003724,1.009225,1.003656
0.989286,1.012987,1.003656,1.020036
1.01083,0.998168,1.020036,0.989286
1.0,1.012844,0.989286,0.980144
0.991071,0.981884,0.980144,0.990792
0.987387,0.983395,0.990792,0.979554
0.987226,0.984991,0.979554,0.965844
0.979667,0.946667,0.965844,1.011788
0.975472,1.012072,1.011788,1.001942
1.003868,1.015905,1.001942,0.988372
0.990366,0.990215,0.988372,1.009804
1.003891,1.001976,1.009804,1.009709
1.007752,1.00789,1.009709,1.0
1.005769,1.011742,1.0,1.001923
1.0,0.998066,1.001923,0.998081
1.0,1.005814,0.998081,1.007692
1.005736,0.998073,1.007692,1.003817
1.005703,1.005792,1.003817,1.001901
1.0,1.003839,1.001901,1.005693
1.00189,1.001912,1.005693,1.009434
1.016981,1.005725,1.009434,1.005607
1.001855,1.011385,1.005607,1.0
1.001852,1.003752,1.0,0.996283
0.998152,0.996262,0.996283,1.0
1.009259,0.998124,1.0,1.031716
1.023853,1.003759,1.031716,0.981917
0.994624,1.011236,0.981917,1.009208
0.994595,1.001852,1.009208,1.010949
1.005435,1.012939,1.010949,1.012635
1.018018,1.005474,1.012635,0.98574
0.99115,0.99274,0.98574,1.003617
0.991071,1.001828,1.003617,0.985586
1.007207,0.99635,0.985586,1.025594
1.012522,0.998168,1.025594,0.98574
0.989399,1.012844,0.98574,0.990958
0.992857,0.98913,0.990958,0.99635
0.98741,0.989011,0.99635,1.014652
1.01275,1.009259,1.014652,1.0
1.0,1.011009,1.0,1.012635
1.016187,1.0,1.012635,0.991087
0.99469,1.00363,0.991087,1.010791
1.044484,1.001808,1.010791,1.001779
0.967632,1.005415,1.001779,1.010657
1.017606,1.001795,1.010657,0.98594
0.987889,1.005376,0.98594,1.057041
1.056042,0.996435,1.057041,0.971332
0.978441,1.026834,0.971332,0.979167
0.971186,0.973868,0.979167,1.014184
1.010471,1.007156,1.014184,0.973776
0.979275,0.980462,0.973776,0.996409
0.991182,0.992754,0.996409,1.005405
0.996441,1.005474,1.005405,0.983871
1.0,0.994555,0.983871,1.007286
0.989286,1.0,1.007286,0.985533
1.0,0.981752,0.985533,0.979817
0.98556,0.979554,0.979817,1.001873
0.983516,1.00759,1.001873,1.1
1.096834,1.047081,1.1,0.983022
1.04584,1.026978,0.983022,1.031088
1.003247,0.978984,1.031088,1.043551
1.029126,1.039356,1.043551,1.057785
1.058176,1.053356,1.057785,0.913505
0.955423,0.973856,0.913505,1.049834
0.998445,1.0,1.049834,0.968354
0.989097,1.010067,0.968354,0.954248
0.962205,0.95515,0.954248,0.97774
0.97545,0.993043,0.97774,1.014011
0.979866,0.968476,1.014011,0.962003
0.988014,0.994575,0.962003,0.989228
0.975737,0.992727,0.989228,0.943739
0.980462,0.950549,0.943739,1.017308
0.978261,0.998073,1.017308,1.005671
0.992593,1.007722,1.005671,0.983083
0.98694,0.95977,0.983083,1.015296
1.005671,1.015968,1.015296,0.981168
0.988722,1.013752,0.981168,0.973129
0.994297,0.976744,0.973129,1.005917
1.003824,0.982143,1.005917,0.97451
0.975238,1.00202,0.97451,0.925553
0.970703,0.923387,0.925553,1.015217
0.945674,0.997817,1.015217,0.948608
1.006383,0.962801,0.948608,1.015801
0.955603,0.963636,1.015801,0.988889
0.995575,1.03066,0.988889,1.1
1.088889,1.016018,1.1,1.044898
1.061224,1.1,1.044898,0.986328
0.986538,1.01227,0.986328,1.017822
1.052632,0.979798,1.017822,0.966926
0.940741,1.006186,0.966926,0.961771
1.003937,0.942623,0.961771,0.941423
0.937255,0.976087,0.941423,1.026667
0.985356,0.975501,1.026667,1.049784
1.046709,1.068493,1.049784,1.0
1.01217,1.014957,1.0,1.0
1.0,1.014737,1.0,0.960825
0.967936,0.962656,0.960825,1.036481
1.004141,0.984914,1.036481,1.018634
1.045361,1.052516,1.018634,0.995935
0.976331,1.002079,0.995935,1.030612
1.030303,0.995851,1.030612,0.986139
0.990196,1.029167,0.986139,1.0
0.994059,0.98583,1.0,1.002008
1.011952,0.995893,1.002008,1.002004
0.992126,1.016495,1.002004,0.984
0.988095,0.989858,0.984,1.0
1.002008,1.0,1.0,1.0
0.993988,1.0,1.0,1.002033
0.995968,1.002049,1.002033,1.0
1.002024,1.002045,1.0,0.995943
1.006061,0.991837,0.995943,0.959267
0.987952,0.969136,0.959267,1.046709
1.004065,0.989384,1.046709,0.991886
1.0,1.034335,0.991886,0.993865
0.995951,1.0,0.993865,0.975309
0.98374,0.983402,0.975309,1.004219
0.987603,1.0,1.004219,0.995798
0.993724,0.989451,0.995798,1.006329
1.004211,1.002132,1.006329,0.987421
1.0,0.993617,0.987421,1.008493
0.997904,1.004283,1.008493,1.002105
1.004202,1.008529,1.002105,1.010504
1.01046,1.0,1.010504,1.014553
1.010352,1.010571,1.014553,0.981557
1.0,0.993724,0.981557,0.993737
0.983607,0.989474,0.993737,0.993697
0.989583,1.002128,0.993697,0.997886
1.0,0.997877,0.997886,0.932203
0.993684,0.934043,0.932203,1.015909
0.949153,0.995444,1.015909,1.022371
1.022321,1.01373,1.022371,1.015317
1.045852,1.027088,1.015317,0.99569
0.970772,1.002198,0.99569,1.015152
1.017204,1.004386,1.015152,0.989339
0.989429,1.004367,0.989339,1.002155
1.0,0.976087,1.002155,1.010753
1.014957,1.026726,1.010753,0.997872
1.004211,1.006508,0.997872,1.010661
0.997904,1.002155,1.010661,1.008439
1.010504,1.010753,1.008439,0.985356
0.997921,1.002128,0.985356,1.036093
1.039583,0.995754,1.036093,0.97541
0.981964,1.004264,0.97541,1.0
0.971429,0.995754,1.0,0.997899
1.008403,1.006397,0.997899,0.995789
0.991667,0.997881,0.995789,0.980973
0.993697,0.976645,0.980973,1.002155
0.991543,0.993478,1.002155,1.012903
1.008529,1.008753,1.012903,1.029724
1.027484,1.019523,1.029724,0.975258
0.997942,1.0,0.975258,1.006342
0.985567,1.002128,1.006342,1.004202
1.01046,1.002123,1.004202,1.008368
1.006211,1.008475,1.008368,0.989627
0.989712,0.997899,0.989627,0.989518
0.989605,0.983158,0.989518,0.993644
0.997899,1.002141,0.993644,1.01919
1.006316,1.002137,1.01919,1.0
1.004184,1.008529,1.0,1.012552
1.014583,1.008457,1.012552,1.016529
1.016427,1.0,1.016529,1.014228
1.024242,1.014675,1.014228,0.977956
0.970414,1.002066,0.977956,0.981557
0.99187,0.983505,0.981557,1.0
0.987705,0.995807,1.0,0.995825
0.993776,0.997895,0.995825,1.008386
1.014614,1.0,1.008386,0.993763
0.987654,1.004219,0.993763,1.004184
1.002083,0.995798,1.004184,0.991667
0.997921,1.00211,0.991667,1.002101
0.995833,0.991579,1.002101,1.010482
1.01046,1.006369,1.010482,1.020747
1.033126,1.016878,1.020747,0.99187
0.981964,1.0,0.99187,1.018443
1.038776,1.010373,1.018443,1.012072
0.990177,1.010267,1.012072,0.974155
1.009921,0.993902,0.974155,1.032653
0.994106,0.993865,1.032653,0.950593
0.994071,0.981481,0.950593,0.997921
0.968191,0.989518,0.997921,1.047917
1.084189,1.006356,1.047917,0.960239
0.945076,1.010526,0.960239,0.987578
0.96994,0.9875,0.987578,1.006289
0.997934,1.004219,1.006289,1.004167
1.0,1.0,1.004167,0.993776
1.00207,1.006303,0.993776,0.997912
0.991736,0.985386,0.997912,1.002092
0.997917,1.004237,1.002092,0.964509
1.0,0.972574,0.964509,0.993506
0.970772,0.993492,0.993506,0.997821
0.995699,1.0,0.997821,0.984716
0.993521,0.975983,0.984716,1.013304
0.995652,1.004474,1.013304,0.995624
0.997817,1.011136,0.995624,1.002198
1.006565,0.993392,1.002198,1.008772
1.006522,1.006652,1.008772,1.0
0.993521,1.0,1.0,0.986957
0.997826,0.997797,0.986957,0.96696
0.991285,0.962472,0.96696,1.004556
0.971429,1.0,1.004556,0.99093
1.002262,1.002294,0.99093,0.979405
0.990971,0.974828,0.979405,0.988318
0.977221,0.983568,0.988318,1.0
0.988345,1.0,1.0,1.0
1.0,1.002387,1.0,1.004728
1.011792,1.004762,1.004728,1.004706
0.997669,1.00237,1.004706,0.992974
0.997664,0.997636,0.992974,0.990566
0.992974,0.995261,0.990566,0.97619
0.995283,0.97381,0.97619,0.985366
0.969194,0.982885,0.985366,0.997525
0.992665,0.992537,0.997525,0.942928
0.992611,0.949875,0.942928,1.002632
0.950372,0.976253,1.002632,1.002625
1.007833,1.021622,1.002625,0.989529
1.0,0.989418,0.989529,0.986772
0.981865,0.994652,0.986772,1.002681
0.992084,1.0,1.002681,1.0
1.0,1.0,1.0,1.005348
1.00266,0.997312,1.005348,1.018617
1.018568,1.005391,1.018617,0.992167
0.997396,1.016086,0.992167,1.007895
1.002611,0.997361,1.007895,0.984334
0.997396,0.992063,0.984334,0.970822
0.989556,0.962667,0.970822,0.997268
0.968338,0.99169,0.997268,1.005479
1.019074,1.013966,1.005479,1.008174
0.991979,1.00551,1.008174,1.005405
1.005391,1.010959,1.005405,1.010753
1.02681,1.00271,1.010753,0.992021
0.981723,1.002703,0.992021,0.994638
0.994681,0.994609,0.994638,0.997305
0.997326,0.99729,0.997305,1.005405
0.997319,1.0,1.005405,1.008065
1.008065,1.005435,1.008065,1.005333
1.018667,1.0,1.005333,1.023873
1.044503,1.010811,1.023873,0.994819
0.967419,1.016043,0.994819,1.002604
1.018135,1.0,1.002604,0.98961
0.977099,0.992105,0.98961,0.986877
0.992188,0.992042,0.986877,1.005319
1.0,1.0,1.005319,1.010582
1.002625,1.008021,1.010582,1.013089
1.034031,1.007958,1.013089,1.010336
1.0,1.007895,1.010336,0.997442
1.0,1.010444,0.997442,1.023077
1.035443,1.0,1.023077,1.027569
1.01467,1.020672,1.027569,1.009756
1.021687,1.017722,1.009756,0.978261
0.978774,0.992537,0.978261,1.034568
1.055422,0.994987,1.034568,1.1
1.052511,1.037783,1.1,0.943601
0.984816,1.048544,0.943601,1.027586
1.006608,0.981481,1.027586,0.948546
0.967177,0.985849,0.948546,1.0
0.977376,1.004785,1.0,1.0
1.00463,0.995238,1.0,0.981132
0.97235,0.980861,0.981132,1.012019
1.014218,1.012195,1.012019,0.988124
0.978972,0.973494,0.988124,0.975962
0.988067,1.002475,0.975962,1.002463
1.0,0.992593,1.002463,0.977887
0.992754,0.985075,0.977887,1.0
0.975669,0.997475,1.0,0.992462
1.024938,0.96962,0.992462,0.934177
0.953771,0.958225,0.934177,0.99458
0.951531,0.972752,0.99458,0.991826
0.986595,1.008403,0.991826,0.931319
0.983696,0.936111,0.931319,1.00295
0.966851,0.985163,1.00295,1.014706
0.991429,1.018072,1.014706,0.956522
0.976945,0.955621,0.956522,1.027273
1.011799,1.021672,1.027273,1.011799
1.014577,1.033333,1.011799,1.0
0.991379,0.997067,1.0,1.017493
1.014493,1.008824,1.017493,1.020057
1.037143,1.017493,1.020057,1.008427
0.99449,1.008596,1.008427,0.986072
0.99446,1.0,0.986072,0.99435
0.997214,0.965909,0.99435,1.014205
1.0,1.017647,1.014205,0.994398
1.00838,1.014451,0.994398,0.988732
0.98338,0.997151,0.988732,1.008547
1.005634,1.0,1.008547,0.99435
0.997199,1.0,0.99435,1.014205
1.005618,1.002857,1.014205,1.011204
1.011173,1.011396,1.011204,1.00277
1.016575,1.005634,1.00277,1.002762
0.991848,0.983193,1.002762,0.986226
0.989041,1.014245,0.986226,0.988827
0.99169,0.983146,0.988827,0.99435
0.994413,1.002857,0.99435,0.994318
0.991573,0.997151,0.994318,1.0
0.994334,0.988571,1.0,1.0
1.008547,1.008671,1.0,1.008571
1.0,0.997135,1.008571,0.937677
0.988701,0.939655,0.937677,1.003021
0.951429,0.978593,1.003021,1.024096
1.033033,1.040625,1.024096,0.997059
0.994186,1.009009,0.997059,1.026549
1.02924,1.002976,1.026549,0.991379
0.988636,1.017804,0.991379,1.002899
1.008621,1.002915,1.002899,0.973988
0.974359,0.97093,0.973988,1.005935
1.0,1.011976,1.005935,0.99705
0.994152,0.985207,0.99705,1.0
0.997059,1.006006,1.0,1.008876
1.0059,1.00597,1.008876,0.98827
0.997067,0.997033,0.98827,1.002967
1.002941,1.0,1.002967,0.982249
0.994135,0.985119,0.982249,0.993976
0.988201,0.993958,0.993976,1.0
0.997015,0.990881,1.0,1.006061
1.0,1.006135,1.006061,0.966867
0.994012,0.969512,0.966867,0.996885
0.975904,0.996855,0.996885,1.01875
1.015432,1.009464,1.01875,1.003067
0.993921,1.0125,1.003067,0.993884
1.021407,0.996914,0.993884,0.990769
0.973054,0.981424,0.990769,0.990683
0.996923,1.003155,0.990683,1.0
0.987654,0.981132,1.0,0.996865
1.003125,1.009615,0.996865,1.009434
1.006231,1.006349,1.009434,1.006231
1.0,1.003155,1.006231,1.003096
1.006192,1.009434,1.003096,1.006173
1.009231,1.003115,1.006173,0.993865
1.0,1.003106,0.993865,1.006173
0.993902,0.990712,1.006173,1.01227
1.015337,1.009375,1.01227,1.006061
1.018127,1.01548,1.006061,1.027108
1.026706,1.009146,1.027108,1.02346
1.008671,1.024169,1.02346,0.994269
1.008596,1.017699,0.994269,0.991354
0.991477,0.976812,0.991354,0.988372
0.994269,1.002967,0.988372,1.0
0.985591,1.0,1.0,0.982353
0.994152,0.97929,0.982353,0.979042
0.982353,0.97281,0.979042,0.975535
1.002994,0.962733,0.975535,0.915361
0.937313,0.935484,0.915361,1.013699
0.94586,1.006897,1.013699,0.993243
1.006734,0.996575,0.993243,0.993197
0.993311,1.0,0.993197,1.017123
1.0,1.003436,1.017123,0.996633
1.003367,1.010274,0.996633,1.0
0.996644,0.99661,1.0,0.972973
1.0,0.969388,0.972973,0.979167
0.969697,0.982456,0.979167,1.031915
1.017361,1.0,1.031915,0.993127
1.013652,1.028571,0.993127,0.99308
0.983165,0.986111,0.99308,1.017422
1.054795,1.010563,1.017422,0.910959
0.938312,0.916376,0.910959,1.007519
0.934256,0.992395,1.007519,0.985075
1.018519,0.988506,0.985075,1.018939
0.981818,0.992248,1.018939,0.996283
1.014815,1.042969,0.996283,1.003731
0.985401,0.981273,1.003731,0.988848
1.003704,1.01145,0.988848,1.003759
0.99631,1.0,1.003759,1.018727
1.007407,1.003774,1.018727,0.985294
1.003676,1.003759,0.985294,1.018657
1.0,1.0,1.018657,0.985348
0.996337,1.0,0.985348,0.973978
0.988971,0.981273,0.973978,1.0
0.981413,0.965649,1.0,1.015267
1.015152,1.027668,1.015267,1.007519
1.003731,1.019231,1.007519,0.966418
0.992565,0.966038,0.966418,1.027027
0.996255,1.003906,1.027027,1.007519
1.011278,1.031128,1.007519,0.988806
0.996283,0.992453,0.988806,1.003774
0.992537,0.996198,1.003774,1.003759
1.022556,1.01145,1.003759,0.981273
0.988971,0.988679,0.981273,1.019084
0.992565,0.996183,1.019084,1.007491
1.007491,1.015326,1.007491,1.026022
1.033457,1.015094,1.026022,0.996377
1.0,1.01487,0.996377,1.04
1.05036,1.007326,1.04,1.003497
1.003425,1.021818,1.003497,0.982578
0.982935,1.0,0.982578,1.01773
1.038194,1.007117,1.01773,0.968641
0.959866,0.982332,0.968641,0.971223
0.97561,0.956835,0.971223,0.996296
0.971429,1.003759,0.996296,0.973978
1.0,0.970037,0.973978,1.030534
0.992647,1.015444,1.030534,0.996296
1.011111,1.015209,0.996296,1.01487
1.007326,0.996255,1.01487,1.014652
1.021818,1.026316,1.014652,0.98917
0.985765,0.970696,0.98917,0.989051
0.98917,1.015094,0.989051,0.98893
0.992701,0.992565,0.98893,1.0
0.992647,0.985019,1.0,0.977612
1.0,0.992395,0.977612,1.0
0.974074,0.984674,1.0,1.015267
1.019011,1.015564,1.015267,0.981203
1.0,1.0,0.981203,1.011494
0.985075,1.0,1.011494,0.992424
1.003788,0.996169,0.992424,1.015267
1.011321,1.003846,1.015267,1.007519
1.0,1.011494,1.007519,0.992537
1.003731,1.003788,0.992537,0.984962
0.992565,0.988679,0.984962,0.992366
0.985019,0.98855,0.992366,0.992308
0.988593,0.988417,0.992308,1.015504
1.015385,1.003906,1.015504,0.992366
0.996212,1.011673,0.992366,0.992308
0.996198,0.988462,0.992308,1.003876
1.0,1.0,1.003876,0.988417
0.98855,0.992218,0.988417,1.0
0.992278,0.992157,1.0,0.996094
1.0,1.007905,0.996094,1.007843
1.003891,1.0,1.007843,1.003891
1.015504,1.0,1.003891,0.984496
0.984733,0.996078,0.984496,1.011811
1.003876,1.0,1.011811,1.023346
1.023166,1.015748,1.023346,0.992395
1.003774,1.003876,0.992395,1.011494
1.0,1.003861,1.011494,0.988636
0.992481,1.003846,0.988636,1.007663
1.003788,0.996169,1.007663,0.988593
0.996226,1.0,0.988593,1.0
0.992424,0.988462,1.0,0.984615
0.98855,0.996109,0.984615,0.988281
0.996139,0.980469,0.988281,1.0
0.984496,1.003984,1.0,0.913043
0.988189,0.912698,0.913043,0.991342
0.920319,0.952174,0.991342,0.978166
1.0,1.018265,0.978166,0.986607
0.978355,0.973094,0.986607,1.0
0.99115,1.009217,1.0,0.954751
0.986607,0.958904,0.954751,1.009479
0.968326,0.971429,1.009479,1.051643
1.056075,1.053922,1.051643,0.991071
1.004425,1.023256,0.991071,1.027027
1.017621,1.0,1.027027,1.008772
0.995671,1.004545,1.008772,1.1
1.1,1.045249,1.1,0.960474
0.996047,1.012987,0.960474,1.0
0.972222,0.991453,1.0,0.99177
0.995918,1.021552,0.99177,0.987552
1.016393,1.0,0.987552,1.016807
0.975806,1.0,1.016807,1.008264
1.020661,1.012658,1.008264,0.987705
0.987854,0.995833,0.987705,1.004149
1.004098,1.004184,1.004149,1.028926
1.020408,1.004167,1.028926,1.012048
1.04,1.016598,1.012048,1.031746
1.007692,1.012245,1.031746,1.05
1.053435,1.028226,1.05,0.989011
1.032609,1.05098,0.989011,1.003704
0.964912,0.996269,1.003704,1.00738
1.003636,1.007491,1.00738,1.029304
1.068841,1.003717,1.029304,0.935943
0.945763,0.97037,0.935943,1.034221
0.982079,0.992366,1.034221,0.988971
1.018248,1.026923,0.988971,0.944238
0.978495,0.951311,0.944238,1.003937
0.952381,0.992126,1.003937,1.015686
1.0,1.015873,1.015686,1.015444
1.015385,0.992188,1.015444,0.980989
1.007576,1.007874,0.980989,1.0
0.973684,0.980469,1.0,1.01938
1.027027,1.035857,1.01938,1.011407
1.003759,1.007692,1.011407,1.0
1.011236,1.0,1.0,0.988722
0.992593,1.0,0.988722,1.007605
0.996269,1.0,1.007605,0.984906
0.996255,0.984733,0.984906,1.0
0.988722,1.003876,1.0,0.992337
1.0,0.996139,0.992337,1.003861
1.0,0.992248,1.003861,0.980769
1.003802,0.988281,0.980769,0.984314
0.965909,0.980237,0.984314,0.996016
1.0,0.995968,0.996016,1.016
1.015686,1.016194,1.016,0.984252
0.984556,0.984064,0.984252,0.988
0.976471,0.995951,0.988,1.0
1.0,1.0,1.0,0.975709
0.987952,0.947154,0.975709,1.0
0.99187,1.025751,1.0,0.983402
1.004098,0.991632,0.983402,1.016878
0.987755,1.0,1.016878,1.0
1.008264,1.012658,1.0,1.004149
1.004098,1.004167,1.004149,1.024793
1.020408,0.995851,1.024793,1.024194
1.016,1.0375,1.024194,0.996063
1.0,1.004016,0.996063,1.003953
1.011811,1.008,1.003953,1.0
1.003891,1.003968,1.0,1.015748
1.003876,1.0,1.015748,0.992248
1.003861,1.011858,0.992248,1.011719
0.996154,0.992188,1.011719,1.011583
1.030888,1.011811,1.011583,0.977099
0.988764,0.988327,0.977099,1.007812
0.984848,1.003937,1.007812,1.0
1.0,1.007843,1.0,0.992248
1.007692,0.984436,0.992248,1.007812
0.992366,1.003953,1.007812,1.007752
1.003846,1.011811,1.007752,0.984615
1.007663,0.996109,0.984615,0.984375
0.977186,0.980469,0.984375,0.972222
0.988327,0.968127,0.972222,0.995918
0.992126,1.0,0.995918,0.995902
0.988095,0.995885,0.995902,1.028807
1.008032,1.0,1.028807,1.02
1.01992,1.024793,1.02,1.023529
1.019531,1.024194,1.023529,1.011494
1.015326,1.019685,1.011494,0.996212
1.003774,1.007722,0.996212,1.0
0.996241,1.003831,1.0,1.030418
1.026415,1.007634,1.030418,1.00369
1.011029,1.018939,1.00369,1.007353
1.007273,1.007435,1.007353,0.985401
1.0,0.99262,0.985401,1.011111
0.98917,0.98513,1.011111,1.051282
1.047445,1.037736,1.051282,1.017422
1.038328,1.032727,1.017422,1.034247
1.053691,1.028169,1.034247,0.990066
1.006369,1.020548,0.990066,0.986622
0.946203,0.966443,0.986622,1.013559
1.026756,1.020833,1.013559,1.016722
0.990228,1.006803,1.016722,1.026316
1.026316,1.02027,1.026316,1.025641
1.032051,1.033113,1.025641,0.93125
0.984472,0.948718,0.93125,1.036913
0.974763,0.996622,1.036913,1.012945
1.02589,1.047458,1.012945,0.99361
1.015773,1.0,0.99361,0.971061
0.975155,0.967638,0.971061,1.023179
0.990446,1.013378,1.023179,1.02589
1.022508,1.006601,1.02589,0.993691
1.018868,1.02623,0.993691,1.034921
1.015432,1.0,1.034921,0.98773
0.99696,1.01278,0.98773,1.003106
0.987805,1.0,1.003106,0.993808
1.012346,0.996845,0.993808,0.965732
0.987805,0.977848,0.965732,1.003226
0.966049,0.980583,1.003226,0.971061
0.996805,0.993399,0.971061,1.056291
1.038462,0.990033,1.056291,1.012539
1.018519,1.060403,1.012539,0.993808
0.987879,1.012658,0.993808,1.028037
1.01227,0.996875,1.028037,1.006061
1.009091,1.025078,1.006061,0.981928
1.012012,0.975535,0.981928,1.01227
0.988131,1.012539,1.01227,1.021212
1.024024,1.012384,1.021212,1.026706
1.02346,1.009174,1.026706,0.968208
0.982808,0.990909,0.968208,0.973134
0.988338,0.993884,0.973134,1.02454
0.99115,0.978462,1.02454,0.997006
1.0,1.034591,0.997006,0.996997
1.0,1.00304,0.996997,1.003012
0.997024,0.987879,1.003012,0.993994
1.008955,1.006135,0.993994,0.978852
0.976331,0.978659,0.978852,0.990741
0.987879,0.981308,0.990741,0.962617
0.996933,0.980952,0.962617,1.003236
0.963077,0.983819,1.003236,0.951613
1.003195,0.963816,0.951613,1.037288
0.977707,1.0,1.037288,0.918301
0.986971,0.945392,0.918301,1.024911
0.953795,1.01083,1.024911,0.993056
1.0,0.989286,0.993056,1.0
1.0,1.018051,1.0,1.027972
1.020761,1.010638,1.027972,1.0
0.99661,1.017544,1.0,0.986395
1.0,0.993103,0.986395,1.017241
1.006803,1.006944,1.017241,1.0
1.006757,1.010345,1.0,0.969492
1.003356,0.972696,0.969492,1.0
0.9699,0.978947,1.0,1.017483
1.010345,1.014337,1.017483,0.986254
0.996587,0.992933,0.986254,0.97561
0.979452,0.992883,0.97561,1.0
1.003497,0.992832,1.0,1.017857
0.996516,1.0,1.017857,1.003509
1.006993,1.021661,1.003509,0.996503
0.996528,1.0,0.996503,0.982456
0.989547,0.982332,0.982456,1.003571
1.003521,1.003597,1.003571,0.989324
0.992982,0.992832,0.989324,0.985612
0.992933,0.98556,0.985612,1.00365
0.992883,1.007326,1.00365,0.981818
0.989247,0.978182,0.981818,1.007407
0.996377,0.996283,1.007407,1.047794
1.047273,1.011194,1.047794,0.992982
1.0,1.0369,0.992982,1.010601
1.0,1.003559,1.010601,0.979021
1.006944,0.989362,0.979021,1.0
0.97931,0.996416,1.0,1.003571
1.0,1.003597,1.003571,1.010676
1.010563,1.010753,1.010676,0.992958
0.989547,0.978723,0.992958,1.01773
1.017606,1.021739,1.01773,1.003484
1.00346,1.010638,1.003484,0.996528
1.0,0.992982,0.996528,0.996516
0.993103,1.003534,0.996516,1.003497
1.003472,1.007042,1.003497,0.986063
0.99308,0.982517,0.986063,1.017668
1.006969,1.014235,1.017668,1.0
1.0,1.003509,1.0,0.993056
0.99654,0.993007,0.993056,1.003497
1.027778,1.007042,1.003497,1.0
0.976351,0.996503,1.0,0.965157
0.99308,0.964912,0.965157,1.0
0.97561,0.992727,1.0,0.99639
1.0,1.007326,0.99639,1.0
1.003571,1.0,1.0,1.01087
0.992883,1.0,1.01087,1.003584
1.010753,1.003636,1.003584,1.0
1.0,1.007246,1.0,1.003571
1.0,1.003597,1.003571,0.982206
0.992908,0.982079,0.982206,1.014493
1.003571,1.00365,1.014493,0.978571
1.0,0.989091,0.978571,0.992701
0.978648,0.985294,0.992701,1.011029
1.003636,1.007463,1.011029,1.0
0.996377,1.007407,1.0,0.996364
1.0,0.996324,0.996364,0.992701
1.0,0.99631,0.992701,1.014706
1.010909,1.011111,1.014706,0.971014
0.982014,0.974359,0.971014,0.970149
0.985348,0.969925,0.970149,0.984615
0.962825,0.972868,0.984615,0.96875
0.984556,0.98008,0.96875,0.971774
0.964706,0.963415,0.971774,1.012448
0.995935,1.012658,1.012448,1.004098
1.004082,1.008333,1.004098,0.979592
1.0,0.983471,0.979592,1.016667
0.995935,1.004202,1.016667,0.995902
1.0,1.008368,0.995902,1.00823
1.012245,1.012448,1.00823,1.008163
0.995968,0.979508,1.008163,1.004049
1.008097,1.025105,1.004049,1.024194
1.02008,1.008163,1.024194,1.0
1.015748,1.020243,1.0,0.996063
0.988372,1.0,0.996063,1.0
1.0,0.996032,1.0,1.007905
1.0,1.003984,1.007905,0.984314
0.984314,0.980159,0.984314,1.01992
1.023904,1.016194,1.01992,1.007812
1.007782,1.007968,1.007812,0.992248
1.0,1.007905,0.992248,0.984375
0.996139,0.984314,0.984375,1.019841
1.0,0.996016,1.019841,0.996109
1.003876,1.016,0.996109,1.023438
1.023166,1.003937,1.023438,1.015267
1.015094,1.027451,1.015267,0.988722
0.996283,0.996183,0.988722,1.015209
1.011194,1.011494,1.015209,0.996255
0.98524,1.0,0.996255,0.996241
1.003745,0.992424,0.996241,1.011321
1.007463,1.003817,1.011321,1.003731
1.003704,1.015209,1.003731,0.966543
0.99262,0.962547,0.966543,1.0
0.977695,1.003891,1.0,1.003846
0.996198,0.996124,1.003846,1.003831
1.003817,1.011673,1.003831,0.973282
0.992395,0.973077,0.973282,1.007843
1.0,1.007905,1.007843,0.976654
0.980843,0.984314,0.976654,0.976096
0.984375,0.976096,0.976096,1.016327
0.992063,1.0,1.016327,0.987952
1.0,1.004082,0.987952,1.004065
1.0,1.0,1.004065,1.020243
1.012,0.995935,1.020243,1.007937
1.003953,1.020408,1.007937,1.0
1.003937,1.004,1.0,1.023622
1.027451,1.015936,1.023622,0.988462
0.992366,1.007843,0.988462,1.0
1.015385,0.996109,1.0,0.992218
0.981061,0.988281,0.992218,0.968627
0.992278,0.972332,0.968627,1.032389
0.996109,1.0,1.032389,0.992157
0.996094,1.01626,0.992157,0.992095
0.996078,1.0,0.992095,1.007968
1.0,0.988,1.007968,1.019763
1.019685,1.016194,1.019763,1.011628
1.015444,1.023904,1.011628,0.992337
1.003802,1.003891,0.992337,0.972973
0.984848,0.976744,0.972973,0.992063
0.980769,0.980159,0.992063,1.0
0.992157,1.0,1.0,0.988
0.996047,0.991903,0.988,1.004049
0.992063,1.0,1.004049,0.991935
0.992,0.995918,0.991935,1.004065
1.0,1.004098,1.004065,0.991903
1.0,1.0,0.991903,0.967347
0.987903,0.967347,0.967347,1.008439
0.979592,0.995781,1.008439,0.991632
0.995833,1.0,0.991632,1.004219
0.995816,0.995763,1.004219,0.978992
1.0,0.991489,0.978992,1.004292
0.987395,0.991416,1.004292,1.017094
1.017021,1.008658,1.017094,1.0
1.008368,1.012876,1.0,1.02521
1.033195,1.0,1.02521,1.004098
0.995984,1.025424,1.004098,1.016327
1.004032,1.004132,1.016327,1.0
1.012048,1.00823,1.0,0.995984
0.996032,1.008163,0.995984,0.995968
0.992032,0.991903,0.995968,1.016194
1.008032,1.004082,1.016194,1.0
1.007968,1.01626,1.0,1.015936
1.011858,0.996,1.015936,0.992157
0.996094,1.008032,0.992157,1.0
1.003922,1.003984,1.0,0.992095
0.992188,0.980159,0.992095,0.996016
0.992126,1.004049,0.996016,1.004
0.996032,0.995968,1.004,0.996016
1.003984,1.008097,0.996016,1.0
0.996032,0.995984,1.0,1.004
1.003984,1.008065,1.004,1.007968
1.007937,1.0,1.007968,1.019763
1.019685,1.008,1.019763,0.996124
1.0,1.015873,0.996124,1.007782
1.003861,0.996094,1.007782,0.988417
1.0,1.003922,0.988417,0.980469
0.992308,0.980469,0.980469,1.015936
0.992248,1.003984,1.015936,1.0
1.003906,1.0,1.0,1.003922
1.007782,1.007937,1.003922,1.007812
1.023166,0.988189,1.007812,0.988372
0.969811,1.0,0.988372,1.0
