0.991852,0.967767,0.961364,0.966903
0.941001,0.956384,0.966903,1.0
0.992857,1.004146,1.0,1.010595
0.994404,1.001652,1.010595,0.977419
1.004823,0.993405,0.977419,1.023102
1.0,1.004979,1.023102,0.975
0.9824,0.995045,0.975,1.021505
1.012215,0.99751,1.021505,1.044534
1.043443,1.03411,1.044534,1.01938
1.021588,1.024135,1.01938,0.994677
1.007547,1.020424,0.994677,0.950306
0.986517,0.95689,0.950306,1.009654
0.960516,0.979887,1.009654,1.023108
1.022134,1.009852,1.023108,1.018692
1.027842,1.034146,1.018692,0.952599
0.993228,0.978774,0.952599,1.0
0.962879,0.976707,1.0,1.010433
0.991345,1.016447,1.010433,1.035743
1.045238,1.011327,1.035743,1.0
1.0,1.0,1.0,1.009969
1.03265,1.0456,1.009969,0.949886
0.961765,0.957154,0.949886,1.021583
0.990826,0.990408,1.021583,0.983568
0.978395,0.992736,0.983568,1.034208
1.037066,1.015447,1.034208,0.995385
0.996198,1.026421,0.995385,1.032457
1.030534,1.00546,1.032457,1.0
1.0,1.0,1.0,0.93488
0.977778,0.962762,0.93488,0.946357
0.943939,0.939565,0.946357,0.963621
0.94703,0.959691,0.963621,1.00878
0.979661,1.001787,1.00878,1.079199
1.093426,1.026762,1.079199,0.996774
0.998418,1.052129,0.996774,0.988673
0.984945,0.999174,0.988673,1.0
1.0,1.0,1.0,0.967267
0.988737,0.966942,0.967267,0.972081
0.985354,0.977778,0.972081,1.013925
0.964492,0.994755,1.013925,1.004292
1.015411,1.007909,1.004292,1.040171
1.035413,1.002616,1.040171,0.981923
0.989414,1.026957,0.981923,0.989121
0.986008,0.995766,0.989121,0.966159
0.992487,0.967687,0.966159,0.972855
0.966358,0.969244,0.972855,1.017102
0.986945,1.013599,1.017102,1.030973
1.032628,1.010733,1.030973,1.033476
1.050384,1.031858,1.033476,1.026578
1.02439,1.037736,1.026578,1.021036
1.003968,1.006612,1.021036,0.984152
0.996047,1.013957,0.984152,0.977456
0.988889,0.977328,0.977456,0.99341
0.972713,0.969345,0.99341,1.017413
1.018977,1.017949,1.017413,1.01467
1.019433,1.020991,1.01467,0.991165
1.01668,1.003289,0.991165,1.031605
0.995312,1.015574,1.031605,1.043205
1.064364,1.017756,1.043205,1.00753
1.027286,1.051546,1.00753,0.969357
0.969131,0.975867,0.969357,1.016191
0.982222,0.98068,1.016191,0.989378
1.014329,1.017336,0.989378,0.98773
0.990335,0.980635,0.98773,0.954193
0.984985,0.969194,0.954193,1.00895
0.958841,0.950285,1.00895,0.995161
0.988076,1.039451,0.995161,0.987844
1.0,0.990924,0.987844,1.003281
1.004827,0.991674,1.003281,0.900245
0.960769,0.924433,0.900245,0.920981
0.913333,0.900999,0.920981,1.044379
0.985401,1.004032,1.044379,0.974504
0.981481,1.026104,0.974504,0.995155
0.992453,0.995108,0.995155,0.952288
0.988593,0.952802,0.952288,0.99182
0.941346,0.972136,0.99182,1.002062
1.011236,1.012739,1.002062,0.997942
1.008081,1.014675,0.997942,1.021649
0.996994,0.985537,1.021649,0.900101
0.98995,0.93501,0.900101,1.006726
0.93198,0.929372,1.006726,0.915367
0.957516,0.984318,0.915367,0.978102
0.947668,0.960784,0.978102,1.044776
1.014406,1.022959,1.044776,0.954762
1.026036,0.987531,0.954762,1.033666
0.964245,0.986111,1.033666,1.004825
0.997608,1.028169,1.004825,0.967587
0.986811,0.997509,0.967587,0.900744
0.965978,0.905119,0.900744,1.1
1.005031,0.97931,1.1,0.982478
1.020025,1.078873,0.982478,0.997452
0.979141,0.994778,0.997452,1.056194
1.045113,0.980315,1.056194,1.056832
1.089928,1.1,1.056832,0.967963
0.942794,0.982311,0.967963,1.020095
1.014002,0.995198,1.020095,0.99073
0.991945,0.998794,0.99073,0.978947
0.99884,1.004831,0.978947,0.937873
0.980256,0.939904,0.937873,0.96051
0.92654,0.930946,0.96051,1.038462
1.003836,1.017857,1.038462,0.97318
1.002548,1.025641,0.97318,1.023622
1.001271,0.980263,1.023622,0.982051
0.98731,1.008054,0.982051,1.01436
1.012853,1.014647,1.01436,1.046332
1.041878,1.001312,1.046332,0.97663
0.976857,1.032765,0.97663,0.996222
1.001247,0.998731,0.996222,1.010114
1.013699,1.006353,1.010114,1.045056
1.030713,1.0,1.045056,1.05988
1.071514,1.040404,1.05988,0.99774
1.016685,1.053398,0.99774,1.010193
0.985777,0.990783,1.010193,0.985426
1.00444,1.017442,0.985426,0.979522
0.976796,0.969143,0.979522,1.003484
0.992081,0.990566,1.003484,0.93287
0.988597,0.953571,0.93287,0.967742
0.926182,0.963795,0.967742,1.034615
1.016189,0.997409,1.034615,1.1
1.088235,1.035065,1.1,1.028153
1.064189,1.067754,1.028153,0.992333
0.989418,1.041128,0.992333,1.004415
0.991444,1.010158,1.004415,1.005495
1.033441,1.015642,1.005495,1.019672
0.996868,0.974697,1.019672,1.053591
1.073298,1.046275,1.053591,0.949135
0.933659,0.983819,0.949135,1.009646
1.008359,1.009868,1.009646,0.977707
1.0,0.998914,0.977707,1.015201
0.978238,0.980435,1.015201,1.031016
1.024364,1.011086,1.031016,1.011411
1.023785,1.047149,1.011411,0.987692
0.986869,0.994764,0.987692,1.036345
1.038895,1.001053,1.036345,0.997996
0.993103,1.030494,0.997996,0.98996
0.991071,0.985714,0.98996,0.994929
1.005005,0.994824,0.994929,1.019368
1.005976,1.007284,1.019368,1.03
1.045545,1.021694,1.03,0.990291
0.980114,1.020222,0.990291,1.003922
0.994203,1.000991,1.003922,0.989258
1.025267,1.00099,0.989258,0.983218
0.966825,0.957468,0.983218,0.97992
0.980392,1.0,0.97992,1.0
0.981,0.965909,1.0,1.0
1.0,1.0,1.0,0.978484
1.017329,1.018182,0.978484,1.015707
0.980962,0.978992,1.015707,1.001031
1.024515,1.019313,1.001031,1.015448
0.992024,1.003158,1.015448,1.013185
1.005025,1.01574,1.013185,1.017017
1.027,1.028926,1.017017,0.973425
0.988315,0.983936,0.973425,0.996967
0.980296,0.995918,0.996967,0.955375
0.984925,0.957992,0.955375,0.983015
0.969388,0.986096,0.983015,1.012959
0.996842,0.997831,1.012959,0.971215
0.988384,0.983696,0.971215,1.009879
0.987179,1.001105,1.009879,1.018478
1.034632,1.01766,1.018478,1.0
1.0,1.0,1.0,0.991462
0.993724,0.992408,0.991462,0.979548
0.992632,0.990164,0.979548,1.001099
0.978791,0.993377,1.001099,0.975851
0.991333,0.955556,0.975851,1.015748
0.991257,1.02093,1.015748,0.993355
1.005513,1.013667,0.993355,0.981048
0.979167,0.974157,0.981048,0.965909
0.980963,0.972318,0.965909,0.981176
0.974886,0.976275,0.981176,1.043165
1.0363,1.006075,1.043165,0.97931
0.986441,1.020531,0.97931,0.992958
0.990836,0.994083,0.992958,0.992908
0.988439,0.989286,0.992908,1.004762
0.992982,1.004813,1.004762,0.994076
1.007067,0.988024,0.994076,1.009535
0.996491,1.015758,1.009535,1.003542
1.001174,0.972554,1.003542,0.964706
0.988277,1.004908,0.964706,0.981707
0.984579,0.981685,0.981707,1.034783
1.021687,0.972637,1.034783,1.009604
1.002358,1.044757,1.009604,1.034483
1.036471,1.015912,1.034483,0.998851
1.003405,1.024096,0.998851,1.058688
1.050905,1.014118,1.058688,0.958696
0.994618,1.018561,0.958696,1.005669
0.965368,0.989749,1.005669,1.014656
1.026906,1.001151,1.014656,0.987778
0.981441,0.988506,0.987778,0.939258
0.953281,0.956977,0.939258,0.998802
0.989498,0.990279,0.998802,0.98801
0.988208,1.004908,0.98801,1.009709
0.994033,0.991453,1.009709,1.038462
1.05042,1.020936,1.038462,0.994213
1.022857,1.025332,0.994213,1.008149
0.985475,1.002353,1.008149,0.969977
0.986395,0.973005,0.969977,1.00119
0.970115,0.998794,1.00119,1.022592
1.030806,1.001208,1.022592,0.996512
1.011494,1.015682,0.996512,1.012835
0.993182,1.015439,1.012835,1.014977
1.018307,1.007018,1.014977,1.026107
1.029213,1.03252,1.026107,0.982301
1.00655,0.988751,0.982301,0.970721
0.95987,0.968146,0.970721,1.00116
0.99209,1.005875,1.00116,0.910776
0.985194,0.908879,0.910776,1.006361
0.921387,1.002571,1.006361,0.955752
0.996236,0.962821,0.955752,1.005291
0.976071,0.997337,1.005291,1.003947
0.992258,1.009346,1.003947,1.003932
0.997399,0.98545,1.003932,1.010444
1.024772,1.006711,1.010444,0.972868
0.979644,0.994667,0.972868,1.015936
0.994805,1.002681,1.015936,1.028758
1.035248,1.014706,1.028758,0.975858
0.991173,1.002635,0.975858,0.990885
0.974555,0.988173,0.990885,0.984231
1.010444,0.972074,0.984231,1.004005
0.979328,1.012312,1.004005,1.00266
1.006596,1.013514,1.00266,1.007958
1.009174,1.004,1.007958,0.986842
0.994805,0.992032,0.986842,1.017333
0.996084,0.987952,1.017333,0.982962
1.001311,1.01626,0.982962,0.974667
0.975131,0.972,0.974667,1.00684
0.990604,0.990398,1.00684,1.024457
1.025745,1.019391,1.024457,1.005305
1.002642,1.014946,1.005305,0.992084
1.001318,0.997323,0.992084,1.007979
1.019737,1.001342,1.007979,0.997361
0.980645,1.002681,0.997361,0.984127
1.0,0.983957,0.984127,1.076613
1.075,1.009511,1.076613,0.968789
0.988984,1.039031,0.968789,0.989691
0.965347,0.988342,0.989691,1.020833
1.028205,0.990826,1.020833,0.961735
0.990025,0.992063,0.961735,0.95756
0.957179,0.954667,0.95756,1.004155
0.957895,0.994413,1.004155,0.994483
0.997253,1.0,0.994483,1.015257
1.015152,1.005618,1.015257,1.050546
1.063772,1.019553,1.050546,1.0
0.993622,1.034247,1.0,1.0
1.002567,1.01457,1.0,1.007802
1.016645,1.001305,1.007802,1.010323
1.018892,1.005215,1.010323,1.034483
1.004944,1.0,1.034483,0.991358
1.01968,1.024643,0.991358,1.0
0.986731,1.0,1.0,1.006227
0.996333,0.98481,1.006227,0.931931
1.002454,0.96144,0.931931,1.015936
0.952264,1.0,1.015936,1.033987
1.021851,1.006684,1.033987,0.983565
0.994969,1.009296,0.983565,1.048843
1.034134,1.013158,1.048843,1.008578
1.030562,1.04026,1.008578,1.0
1.0,1.0,1.0,0.993925
0.994069,1.004994,0.993925,0.977995
0.97852,0.971429,0.977995,1.00875
0.997561,1.01023,1.00875,0.978934
0.98533,0.987342,0.978934,1.020253
1.012407,1.005128,1.020253,0.980149
0.991422,1.003827,0.980149,1.024051
1.001236,0.997459,1.024051,1.018541
1.024691,1.007643,1.018541,1.041262
1.042169,1.02402,1.041262,0.984848
1.010405,1.040741,0.984848,1.026036
0.995423,0.997628,1.026036,0.978085
0.996552,0.990488,0.978085,0.996462
0.989619,1.003601,0.996462,1.008284
0.996503,0.998804,1.008284,0.961268
1.003509,0.976048,0.961268,1.013431
0.97669,0.993865,1.013431,1.012048
1.004773,1.009877,1.012048,1.002381
1.015439,1.0,1.002381,0.992874
0.988304,1.015892,0.992874,1.010766
1.010651,0.998797,1.010766,1.00355
0.995316,0.984337,1.00355,0.987028
1.034118,1.022032,0.987028,1.1
1.047782,1.011976,1.1,1.082519
1.099891,1.1,1.082519,0.976931
0.970385,0.984375,0.976931,0.982546
0.992879,1.010582,0.982546,1.0
1.012295,0.996859,1.0,0.971787
0.965587,0.97479,0.971787,1.012903
0.997904,0.990302,1.012903,0.985138
1.010504,0.989119,0.985138,1.001078
0.971933,1.0033,1.001078,0.963402
0.982888,0.972588,0.963402,1.011173
0.992383,1.00451,1.011173,1.001105
1.013158,1.010101,1.001105,0.986755
0.982684,0.975556,0.986755,1.022371
1.031938,1.01139,1.022371,0.991247
0.982924,1.01464,0.991247,1.014349
1.015201,1.00444,1.014349,1.0
1.019251,1.005525,1.0,1.005441
0.976915,0.983516,1.005441,0.975108
1.002148,1.0,0.975108,0.927858
0.953912,0.917318,0.927858,1.002392
0.942697,0.998782,1.002392,1.011933
1.017878,1.012195,1.011933,1.004717
1.01171,1.012048,1.004717,0.995305
0.986111,0.992857,0.995305,0.977594
0.992958,0.992806,0.977594,1.004825
0.995272,0.996377,1.004825,0.9988
0.991686,0.981818,0.9988,1.014423
1.017964,1.022222,1.014423,1.004739
1.001176,0.995169,1.004739,1.011792
1.014101,1.015777,1.011792,0.969697
0.988413,0.989247,0.969697,1.0
1.0,1.0,1.0,1.016827
0.994138,1.004831,1.016827,0.986998
0.994104,0.995192,0.986998,0.984431
0.992883,0.978261,0.984431,1.010949
1.002389,1.003704,1.010949,0.991576
1.010727,0.99631,0.991576,0.95267
0.981132,0.965432,0.95267,1.012739
0.961538,1.001279,1.012739,1.006289
1.0,1.0,1.006289,0.97
1.0,0.989783,0.97,1.034794
1.01,0.990968,1.034794,0.992528
1.002475,1.02474,0.992528,1.001255
0.992593,1.007624,1.001255,1.005013
1.0,1.001261,1.005013,1.014963
1.022388,1.003778,1.014963,0.9914
1.006083,1.007528,0.9914,1.033457
1.009674,1.003736,1.033457,0.990408
1.002395,1.019851,0.990408,0.995157
0.995221,0.998783,0.995157,1.014599
1.009604,0.998782,1.014599,0.972422
0.997622,0.986585,0.972422,0.98767
0.973778,0.986403,0.98767,0.96005
0.98164,0.957393,0.96005,0.988296
0.966334,0.982984,0.988296,1.046053
1.030968,1.002663,1.046053,1.018868
1.057572,1.043825,1.018868,0.933333
0.96213,0.945293,0.933333,0.965608
0.932349,0.966353,0.965608,1.013699
0.98153,1.004178,1.013699,1.001351
1.001344,1.015257,1.001351,0.978408
0.986577,0.983607,0.978408,1.016552
1.020408,1.002778,1.016552,1.012212
0.996,1.01108,1.012212,1.012064
1.02008,1.00411,1.012064,0.961589
0.989501,0.989086,0.961589,1.017906
0.986737,1.0,1.017906,0.994587
0.991935,0.998621,0.994587,1.029932
1.04065,1.01105,1.029932,0.982827
0.992188,1.012295,0.982827,0.986559
0.975066,0.985155,0.986559,1.001362
1.004038,1.00137,1.001362,1.006803
1.004021,1.001368,1.006803,1.031081
1.025367,1.01776,1.031081,1.011796
1.022135,1.009396,1.011796,1.012953
1.005096,1.014628,1.012953,1.031969
1.045627,1.009174,1.031969,1.032218
1.019394,1.042857,1.032218,0.9988
1.009512,1.026152,0.9988,0.998798
0.998822,0.993932,0.998798,1.045728
1.0625,1.01221,1.045728,1.005754
1.013319,1.043426,1.005754,1.001144
0.976999,0.99422,1.001144,0.992
0.988789,1.0,0.992,1.00576
0.996599,0.965116,1.00576,0.983963
1.010239,1.026506,0.983963,0.996508
0.980856,0.997653,0.996508,1.001168
0.993111,0.981176,1.001168,0.96266
0.989595,0.983213,0.96266,1.027879
1.010514,1.004878,1.027879,0.98467
0.988439,1.012136,0.98467,0.968862
0.966082,0.959233,0.968862,1.014833
1.023002,0.99875,1.014833,1.002436
0.994083,1.013767,1.002436,1.0
0.986905,1.011111,1.0,0.981774
0.998794,0.982906,0.981774,1.02599
1.004831,1.006211,1.02599,0.915561
0.99399,0.925926,0.915561,1.011858
0.941959,1.006667,1.011858,1.053385
1.06932,1.001325,1.053385,0.998764
0.985594,1.051587,0.998764,1.003713
0.991474,0.991195,1.003713,1.036991
1.050369,1.017766,1.036991,0.994055
0.982456,1.006234,0.994055,0.983254
0.988095,0.988848,0.983254,1.001217
1.084337,1.025063,1.001217,0.962333
0.904444,0.9511,0.962333,0.938131
0.979115,0.939589,0.938131,1.004038
0.948557,0.95896,1.004038,0.99866
1.021164,1.061341,0.99866,1.014765
0.990933,0.969086,1.014765,1.011905
1.016993,1.042996,1.011905,1.001307
0.996144,0.99867,1.001307,0.984334
0.993548,0.990679,0.984334,0.997347
1.002597,0.995968,0.997347,1.0
1.0,1.0,1.0,0.966755
0.943005,0.962213,0.966755,0.986245
1.009615,1.002805,0.986245,1.011158
1.004082,1.0,1.011158,0.987586
0.990515,0.998601,0.987586,1.030726
1.023256,0.997199,1.030726,0.993225
0.991979,1.022472,0.993225,0.994543
0.995957,1.0,0.994543,1.0
1.002706,0.997253,1.0,1.010974
0.995951,1.0,1.010974,0.985075
1.00271,0.995868,0.985075,0.986226
0.985135,0.979253,0.986226,0.973464
0.980796,0.983051,0.973464,0.992826
0.977622,0.988506,0.992826,1.017341
1.010014,1.005814,1.017341,0.995739
1.008499,1.007225,0.995739,0.987161
0.992978,0.988522,0.987161,0.981214
0.967468,0.984035,0.981214,1.010309
1.004386,0.9941,1.010309,1.007289
1.018923,1.017804,1.007289,0.998553
1.0,1.0,0.998553,0.971014
0.984286,0.973761,0.971014,1.00597
0.981132,0.998503,1.00597,1.022255
1.022189,0.995502,1.022255,0.95791
0.988423,0.99247,0.95791,0.989394
0.979502,0.975721,0.989394,0.961715
0.982063,0.972006,0.961715,1.0
0.971081,1.0032,1.0,0.97293
0.996865,0.960128,0.97293,0.98036
0.962264,0.988372,0.98036,1.006678
0.995098,1.003361,1.006678,0.968491
1.004926,0.973199,0.968491,0.993151
0.982026,0.977625,0.993151,1.032759
1.003328,0.989437,1.032759,1.008347
1.008292,1.058719,1.008347,0.986755
0.996711,0.978151,0.986755,0.998322
0.993399,0.996564,0.998322,0.931092
0.981728,0.948276,0.931092,0.969314
0.947547,0.963636,0.969314,0.964618
0.957143,0.962264,0.964618,1.005792
0.977612,1.003922,1.005792,1.017274
1.017176,1.0,1.017274,1.020755
1.033771,1.019531,1.020755,1.009242
1.00726,1.019157,1.009242,1.014652
1.007207,1.011278,1.014652,1.027076
1.055456,1.042751,1.027076,0.996485
0.964407,0.98574,0.996485,0.977072
1.0,0.990958,0.977072,1.009025
0.982425,0.978102,1.009025,1.005367
1.023256,1.037313,1.005367,1.030249
1.013986,1.01259,1.030249,0.972366
0.998276,0.998224,0.972366,0.973357
0.972366,0.960854,0.973357,1.016423
0.991119,1.005556,1.016423,0.978456
0.994624,0.998158,0.978456,1.007339
1.001802,1.001845,1.007339,1.092896
1.080935,1.012891,1.092896,0.983333
0.991681,1.056364,0.983333,1.028814
1.088926,0.991394,1.028814,0.995058
0.958398,1.026042,0.995058,0.993377
0.998392,0.996616,0.993377,0.998333
0.980676,0.993209,0.998333,1.008347
1.037767,1.023932,1.008347,0.990066
0.958861,0.983306,0.990066,0.981605
0.988449,0.972835,0.981605,0.982964
0.979967,0.984293,0.982964,1.017331
1.013629,0.984043,1.017331,1.010221
0.998319,1.03964,1.010221,0.944351
0.996633,0.941075,0.944351,1.048214
1.035473,1.055249,1.048214,0.972743
0.952692,0.986038,0.972743,0.943958
0.979452,0.952212,0.943958,1.005566
0.958042,0.994424,1.005566,0.998155
0.99635,1.007477,0.998155,1.009242
1.009158,0.975881,1.009242,1.003663
1.009074,1.020913,1.003663,0.972628
0.980216,0.990689,0.972628,1.018762
1.009174,0.93985,1.018762,0.948435
0.958182,1.02,0.948435,0.996117
0.988615,0.980392,0.996117,1.033138
1.019194,1.004,1.033138,0.986792
0.998117,1.015936,0.986792,1.003824
1.015094,1.011765,1.003824,0.979048
0.986989,0.984496,0.979048,0.998054
0.967985,0.96063,0.998054,1.011696
1.025292,1.034836,1.011696,1.0
1.01518,1.015842,1.0,0.99422
0.973832,0.992203,0.99422,1.0
0.992322,0.982318,1.0,0.994186
1.011605,1.02,0.994186,1.013645
1.0,1.005882,1.013645,0.984615
1.001912,0.964912,0.984615,0.990234
0.98855,0.977778,0.990234,0.994083
0.988417,0.952479,0.994083,1.017857
1.005859,1.039046,1.017857,1.023392
1.027184,1.056367,1.023392,0.990476
0.994329,1.01581,0.990476,1.003846
1.022814,1.001946,1.003846,0.975096
0.973978,0.961165,0.975096,0.988212
0.965649,1.0,0.988212,1.029821
1.031621,0.989899,1.029821,0.984556
1.001916,1.030612,0.984556,1.003922
0.998088,0.99802,1.003922,1.03125
1.017241,1.019841,1.03125,0.977273
0.990584,1.001946,0.977273,0.998062
0.988593,0.992233,0.998062,1.0
1.0,1.0,1.0,1.007767
0.998077,0.984344,1.007767,1.007707
1.011561,1.021869,1.007707,0.996176
1.0,1.005837,0.996176,1.007678
1.005714,0.994197,1.007678,1.024762
1.020833,1.015564,1.024762,1.020446
1.051948,1.019157,1.020446,1.04918
1.026455,1.028195,1.04918,0.984375
0.987973,1.016453,0.984375,0.994709
0.991304,0.994604,0.994709,1.005319
1.001754,1.005425,1.005319,0.991182
1.003503,1.0,0.991182,1.016014
1.008726,1.001799,1.016014,1.003503
1.024221,1.021544,1.003503,1.034904
1.001689,1.001757,1.034904,1.043845
1.067454,1.029825,1.043845,1.001616
0.984202,1.030664,1.001616,1.080645
1.094703,1.008264,1.080645,0.998507
1.002933,1.080328,0.998507,0.986547
0.979532,0.981791,0.986547,0.965152
0.970149,0.969088,0.965152,1.012559
1.0,1.007974,1.012559,1.054264
1.078462,1.017405,1.054264,0.995588
0.975749,1.03888,0.995588,0.995569
1.0,0.980539,0.995569,0.986647
0.979532,1.00458,0.986647,0.993985
1.016418,1.00152,0.993985,1.003026
0.977974,0.984825,1.003026,0.950226
0.993994,0.955316,0.950226,1.011111
0.963746,1.01129,1.011111,0.971743
1.028213,0.944179,0.971743,0.962843
0.935976,0.976351,0.962843,1.003356
0.985342,1.017301,1.003356,1.010033
1.001653,1.003401,1.010033,0.993377
1.014851,1.010169,0.993377,1.003333
0.988618,0.988255,1.003333,1.009967
1.006579,1.01528,1.009967,1.003289
1.003268,0.986622,1.003289,0.990164
1.004886,1.010169,0.990164,0.995033
1.0,1.006711,0.995033,0.950083
0.975689,0.946667,0.950083,0.991243
0.963455,0.97007,0.991243,1.003534
0.993103,1.010889,1.003534,1.024648
1.019097,1.007181,1.024648,1.008591
1.015332,1.032086,1.008591,0.989779
0.998322,1.003454,0.989779,1.02926
1.006723,0.987952,1.02926,1.018395
1.038397,1.020906,1.018395,1.019704
1.004823,1.032423,1.019704,1.006441
1.024,1.008264,1.006441,1.0384
1.015625,1.004918,1.0384,0.938367
1.021538,0.991843,0.938367,1.037767
0.966867,0.995066,1.037767,0.982595
0.979751,1.013223,0.982595,1.011272
1.011129,1.006525,1.011272,0.988854
0.993711,1.001621,0.988854,0.982287
1.007911,0.957929,0.982287,1.1
1.053375,1.033784,1.1,1.002981
1.086438,1.078431,1.002981,0.956909
0.91358,0.969697,0.956909,1.020186
0.998498,0.99375,1.020186,0.996956
0.996992,1.014151,0.996956,0.989313
0.99095,0.986047,0.989313,1.0
0.990868,1.004717,1.0,1.003086
1.009217,1.0,1.003086,0.983077
0.987823,0.99687,0.983077,0.992175
0.995378,0.990581,0.992175,1.001577
0.99226,0.99683,1.001577,1.018898
1.026521,1.014308,1.018898,0.984544
0.971125,0.976489,0.984544,1.0
1.0,1.0,1.0,1.009419
1.00939,0.995185,1.009419,0.972006
0.996899,0.991935,0.972006,0.9856
0.976672,0.998374,0.9856,1.025974
1.011146,1.009772,1.025974,1.006329
1.011024,1.009677,1.006329,0.995283
1.004673,1.00639,0.995283,1.015798
1.010853,1.003175,1.015798,1.013997
1.003067,0.990506,1.013997,1.010736
1.012232,1.039936,1.010736,1.00607
1.022659,1.012289,1.00607,0.9819
0.980798,0.984825,0.9819,0.996928
0.996988,0.995378,0.996928,0.959938
0.971299,0.964396,0.959938,0.993579
0.979782,0.991974,0.993579,1.030695
1.080952,0.987055,1.030695,1.003135
0.942731,1.016393,1.003135,1.003125
1.051402,1.016129,1.003125,1.017134
0.974815,0.995238,1.017134,1.012251
1.027356,1.028708,1.012251,1.009077
0.988166,1.012403,1.009077,0.971514
1.0,0.98928,0.971514,0.981481
0.980539,0.96904,0.981481,1.018868
0.993893,1.01278,1.018868,0.981481
0.993856,0.998423,0.981481,1.015723
1.081917,1.007899,1.015723,0.996904
0.922857,0.989028,0.996904,0.947205
0.996904,0.958796,0.947205,1.006557
0.958075,0.995041,1.006557,1.013029
1.029173,1.011628,1.013029,0.971061
0.992126,0.99179,0.971061,0.995033
0.960317,0.965232,0.995033,0.990017
1.0,1.017153,0.990017,1.006723
1.01157,0.991568,1.006723,1.005008
0.993464,1.013605,1.005008,0.958472
0.988487,0.966443,0.958472,1.048527
1.006656,1.003472,1.048527,0.957025
0.998347,1.0,0.957025,0.963731
0.955298,0.965398,0.963731,1.003584
0.979203,1.0,1.003584,1.021429
1.017699,1.0,1.021429,0.996503
1.003478,1.016129,0.996503,0.966667
0.987868,0.970018,0.966667,1.012704
0.978947,0.998182,1.012704,0.976703
1.0,0.96357,0.976703,1.011009
1.0,1.013233,1.011009,0.998185
0.991039,1.009328,0.998185,0.994545
0.992767,0.977819,0.994545,1.014625
1.016393,1.020794,1.014625,0.972973
0.992832,1.0,0.972973,0.985185
0.990975,0.981481,0.985185,1.005639
0.985428,1.003774,1.005639,0.975701
0.996303,0.981203,0.975701,0.996169
0.974026,0.984674,0.996169,1.011538
1.011429,0.994163,1.011538,0.979087
0.988701,1.003914,0.979087,1.01165
0.99619,1.003899,1.01165,1.021113
1.01912,1.005825,1.021113,1.007519
1.016886,1.023166,1.007519,1.001866
0.994465,1.003774,1.001866,1.020484
1.020408,1.005639,1.020484,0.981752
0.996364,1.003738,0.981752,0.964684
0.981752,0.964618,0.964684,1.011561
0.977695,0.998069,1.011561,0.990476
0.998099,0.998066,0.990476,0.998077
0.99619,0.99031,0.998077,1.003854
0.998088,1.009785,1.003854,0.984645
0.996169,0.957364,0.984645,1.011696
1.001923,1.02834,1.011696,0.986513
0.996161,1.003937,0.986513,1.005859
0.998073,0.988235,1.005859,0.982524
1.0,1.001984,0.982524,1.013834
1.013514,1.00198,1.013834,1.001949
0.980952,0.994071,1.001949,1.007782
1.013592,0.994036,1.007782,0.980695
0.994253,1.01,0.980695,1.0
0.992293,0.99802,1.0,1.021654
1.023301,1.001984,1.021654,0.982659
0.990512,1.009901,0.982659,1.005882
0.990421,0.998039,1.005882,1.009747
1.015474,1.005894,1.009747,1.028958
1.030476,1.011719,1.028958,1.001876
0.992606,1.021236,1.001876,0.994382
0.988827,0.988658,0.994382,0.992467
1.009416,1.0,0.992467,0.986717
0.994403,0.994264,0.986717,1.0
0.988743,0.961538,1.0,0.967308
0.994307,1.002,0.967308,1.0
0.967557,0.998004,1.0,0.998012
0.998028,0.992,0.998012,0.964143
0.990119,0.971774,0.964143,0.995868
0.974052,0.993776,0.995868,1.006224
1.0,0.985386,1.006224,1.008247
1.002049,1.019068,1.008247,0.989775
1.002045,0.997921,0.989775,1.018595
1.018367,1.0,1.018595,1.016227
1.006012,1.020833,1.016227,0.984032
1.005976,1.0,0.984032,1.022312
1.0,1.008163,1.022312,1.005952
1.00396,1.010121,1.005952,0.984221
1.0,0.997996,0.984221,1.004008
0.996055,0.997992,1.004008,1.003992
0.99802,1.002012,1.003992,1.005964
1.015873,1.01004,1.005964,0.994071
0.996094,0.992048,0.994071,1.05169
1.058824,1.004008,1.05169,0.986767
0.990741,1.031936,0.986767,1.005747
0.985047,0.994197,1.005747,0.998095
1.041746,1.009728,0.998095,0.982824
0.958106,0.982659,0.982824,1.0
0.990494,1.0,1.0,0.984466
0.990403,0.980392,0.984466,0.988166
0.988372,0.998,0.988166,1.02994
1.035294,1.006012,1.02994,1.017442
0.994318,1.017928,1.017442,1.1
1.1,1.023483,1.1,1.1
1.1,1.1,1.1,1.029874
1.081761,1.037288,1.029874,0.951145
1.046512,0.972222,0.951145,0.967897
0.9,0.993277,0.967897,1.008292
1.033386,1.010152,1.008292,1.019737
0.963077,0.9866,1.019737,1.029032
1.023962,1.037351,1.029032,0.924765
0.979719,0.939444,0.924765,0.983051
0.936306,0.993031,0.983051,0.977586
1.010204,0.989474,0.977586,1.015873
0.983165,0.975177,1.015873,1.012153
1.003425,1.023636,1.012153,0.987993
1.025597,1.015986,0.987993,1.046875
1.024958,0.987762,1.046875,0.966833
0.969156,1.023009,0.966833,0.991424
1.001675,0.99654,0.991424,0.974048
0.964883,0.96875,0.974048,0.960924
0.970537,0.964158,0.960924,1.007394
0.978571,0.990706,1.007394,0.998165
1.010949,1.013133,0.998165,1.060662
1.059567,0.994444,1.060662,0.993068
1.030664,1.05959,0.993068,1.013962
0.961983,0.963093,1.013962,1.032702
1.082474,1.04562,1.032702,1.006667
0.98254,1.036649,1.006667,1.008278
0.990307,0.998316,1.008278,1.004926
1.008157,1.01855,1.004926,0.980392
1.014563,0.986755,0.980392,0.996667
0.963317,0.981544,0.996667,0.994983
1.018212,1.003419,0.994983,1.040336
1.019512,1.010221,1.040336,1.001616
1.020734,1.028668,1.001616,0.982258
0.9875,0.993443,0.982258,0.998358
0.974684,0.985149,0.998358,1.013158
1.006494,1.005025,1.013158,0.99513
1.012903,1.013333,0.99513,1.004894
0.984076,0.998355,1.004894,1.063312
1.090615,1.001647,1.063312,0.99542
0.991098,1.054276,0.99542,0.983129
0.98503,0.99688,0.983129,1.049922
1.039514,1.0,1.049922,1.034175
1.052632,1.061033,1.034175,1.041667
1.020833,1.019174,1.041667,0.983448
0.979592,1.013025,0.983448,0.99439
1.001389,0.991429,0.99439,0.973202
0.98613,0.981268,0.973202,1.044928
1.029536,1.016153,1.044928,0.950069
0.983607,0.982659,0.950069,1.040876
0.997222,0.995588,1.040876,0.995792
1.009749,1.033973,0.995792,0.974648
0.975172,0.975714,0.974648,1.001445
1.002829,0.997072,1.001445,1.031746
1.015515,1.011747,1.031746,0.994406
1.019444,1.027576,0.994406,0.981716
0.976839,0.980226,0.981716,0.994269
0.987448,0.975504,0.994269,0.956772
0.991525,0.974889,0.956772,1.013554
0.974359,1.013636,1.013554,1.099554
1.081871,1.00299,1.099554,0.997297
1.039189,1.084948,0.997297,1.014905
0.981795,0.982143,1.014905,0.959947
0.989404,0.997203,0.959947,0.995828
0.96921,0.98878,0.995828,1.009777
1.016575,0.994326,1.009777,1.067773
1.07337,1.007133,1.067773,0.976684
0.96962,1.050992,0.976684,1.009284
1.0,0.997305,1.009284,1.030223
1.052219,1.021622,1.030223,1.031888
1.028536,1.027778,1.031888,0.953028
0.977081,0.981982,0.953028,0.993515
0.962963,0.97772,0.993515,1.001305
0.991026,1.002681,1.001305,1.009126
1.028461,1.009358,1.009126,0.985788
0.993711,1.007947,0.985788,0.998689
0.983544,0.980289,0.998689,1.035433
1.041184,1.021448,1.035433,1.022814
1.025958,1.035433,1.022814,1.034696
1.018072,1.010139,1.034696,0.900599
0.947929,0.943538,0.900599,1.021277
0.96005,0.973404,1.021277,0.990885
1.029909,1.028689,0.990885,0.99343
0.977273,0.984064,0.99343,0.955026
0.985788,0.966262,0.955026,1.00831
0.963303,0.993017,1.00831,0.971154
1.013605,0.974684,0.971154,0.956153
0.951678,0.962482,0.956153,0.998521
0.973202,0.997001,0.998521,0.979259
0.991304,0.971429,0.979259,1.015129
0.98538,1.021672,1.015129,1.0462
1.04451,1.016667,1.0462,1.024217
1.041193,1.028316,1.024217,0.98331
0.984993,1.013043,0.98331,0.997171
0.98338,1.001431,0.997171,1.007092
1.015493,0.995714,1.007092,0.997183
1.009709,1.005739,0.997183,0.967514
0.989011,0.965763,0.967514,0.954745
0.944444,0.964549,0.954745,1.009174
0.977941,1.001531,1.009174,1.051515
1.091729,1.013761,1.051515,1.008646
0.984848,1.030166,1.008646,0.962857
0.98042,0.969253,0.962857,0.998516
0.961484,0.978852,0.998516,1.023774
1.043027,1.033951,1.023774,1.002903
0.998578,1.016418,1.002903,0.998553
1.004274,1.011747,0.998553,0.982609
0.984397,0.972424,0.982609,1.007375
1.001441,0.998507,1.007375,1.038067
1.021583,1.00299,1.038067,0.997179
1.004225,1.037258,0.997179,1.005658
1.014025,1.005747,1.005658,1.008439
1.0,1.01,1.008439,0.977685
0.990318,0.978784,0.977685,0.964337
0.98324,0.968208,0.964337,1.017751
0.982955,1.00597,1.017751,0.97093
0.992775,0.964392,0.97093,0.986527
0.982533,1.012308,0.986527,1.021244
0.997037,1.0,1.021244,1.013373
1.029718,1.027356,1.013373,1.004399
0.991342,0.998521,1.004399,1.021898
1.02329,1.013333,1.021898,0.985714
1.014225,1.005848,0.985714,0.986957
0.97195,0.978198,0.986957,1.017621
1.002886,1.0,1.017621,1.010101
1.011511,1.022288,1.010101,0.985714
1.004267,0.994186,0.985714,1.001449
0.984419,1.002924,1.001449,1.047757
1.043165,1.002915,1.047757,1.026243
1.045517,1.047965,1.026243,0.993271
1.003958,1.016644,0.993271,1.01084
0.980289,0.997271,1.01084,1.0
1.045576,1.012312,1.0,0.991957
0.971795,0.990541,0.991957,0.995946
0.984169,0.987722,0.995946,0.994573
0.985255,1.001381,0.994573,1.043656
1.040816,1.006897,1.043656,0.989542
1.014379,1.027397,0.989542,1.002642
0.984536,1.001333,1.002642,0.980237
1.001309,0.990679,0.980237,1.001344
0.988235,0.990591,1.001344,0.966443
0.98545,0.972863,0.966443,1.004167
0.975839,0.993026,1.004167,0.988935
1.028886,0.995787,0.988935,0.965035
0.965241,0.96756,0.965035,0.971014
0.954294,0.944606,0.971014,1.004478
0.981132,1.023148,1.004478,0.977712
0.997041,0.987934,0.977712,1.010638
0.992582,1.001527,1.010638,0.983459
0.994021,0.971037,0.983459,0.98318
0.996992,1.007849,0.98318,0.993779
0.980392,0.97352,0.993779,0.9
0.984615,0.92,0.9,0.970435
0.9,0.90087,0.970435,1.007168
0.993056,1.048263,1.007168,1.003559
1.015734,1.033149,1.003559,1.039007
1.039587,0.99287,1.039007,1.001706
0.976821,1.023339,1.001706,1.008518
1.008475,1.021053,1.008518,0.974662
0.991597,0.97079,0.974662,1.032929
1.023729,1.012389,1.032929,1.018456
1.029801,1.045455,1.018456,0.940692
0.956592,0.946488,0.940692,0.987741
0.973109,0.985866,0.987741,1.053191
1.036269,1.005376,1.053191,1.030303
1.046667,1.060606,1.030303,0.986928
0.996815,1.010084,0.986928,1.006623
0.984026,0.988353,1.006623,1.001645
0.991883,1.005051,1.001645,1.013136
1.026187,1.00335,1.013136,0.980551
0.988836,1.008347,0.980551,0.940496
0.983871,0.938742,0.940496,1.012302
0.945902,0.985891,1.012302,1.027778
1.038128,1.028623,1.027778,0.981419
0.981636,0.987826,0.981419,0.986231
0.994898,1.005282,0.986231,0.989529
0.981197,0.982487,0.989529,0.962963
0.984321,0.97148,0.962963,1.014652
0.99823,0.99633,1.014652,1.025271
1.046099,1.038674,1.025271,1.021127
0.991525,1.005319,1.021127,1.02931
1.032479,1.037037,1.02931,0.994975
0.983444,0.988095,0.994975,0.993266
1.0,1.003442,0.993266,1.023729
1.026936,1.015437,1.023729,0.981788
0.990164,0.996622,0.981788,1.001686
0.991722,0.991525,1.001686,1.030303
1.021703,1.010256,1.030303,1.00817
1.029412,1.033841,1.00817,0.996759
0.998413,1.0,0.996759,0.978862
0.976153,0.983633,0.978862,0.990033
1.013029,0.986689,0.990033,1.015101
0.9791,0.996627,1.015101,0.98843
0.998358,1.00846,0.98843,0.998328
0.986842,0.989933,0.998328,1.001675
1.008333,1.001695,1.001675,1.0
0.993388,0.996616,1.0,1.020067
1.019967,1.011885,1.020067,1.02623
1.030995,1.02349,1.02623,0.985623
0.990506,0.996721,0.985623,1.034036
1.027157,1.009868,1.034036,1.001567
1.018663,1.032573,1.001567,1.0
1.0,1.0,1.0,1.0
1.0,1.0,1.0,1.0
1.0,1.0,1.0,1.0
1.0,1.0,1.0,1.0
1.0,1.0,1.0,1.1
1.073282,0.9653,1.1,1.021337
1.069701,1.1,1.021337,0.976323
0.961436,1.014599,0.976323,1.017118
1.001383,1.002878,1.017118,0.973352
0.984807,0.97561,0.973352,1.010086
0.998597,1.008824,1.010086,0.952924
0.991573,0.965015,0.952924,0.994012
0.947592,0.983384,0.994012,1.010542
1.007474,1.016897,1.010542,0.982116
1.0,0.978852,0.982116,1.030349
1.023739,1.007716,1.030349,0.95729
0.973913,0.992343,0.95729,1.066154
1.040179,1.001543,1.066154,1.099567
1.090129,1.087827,1.099567,1.099738
1.099738,1.072238,1.099738,1.011933
1.01432,1.075297,1.011933,1.083726
1.097647,1.020885,1.083726,0.997824
1.013934,1.061372,0.997824,1.014177
0.989429,0.989796,1.014177,0.963441
1.034188,1.008018,0.963441,0.993304
0.930785,0.940909,0.993304,0.976404
1.00111,1.035024,0.976404,1.0
0.997783,1.001167,1.0,1.025316
0.993333,0.982517,1.025316,1.023569
1.040268,1.041518,1.023569,0.900219
0.993548,0.93508,0.900219,0.976857
0.9,0.954933,0.976857,0.978803
0.987849,0.994898,0.978803,1.0
1.00123,0.997436,1.0,0.935032
0.970516,0.90874,0.935032,1.012262
0.948101,1.01273,1.012262,1.004038
1.074766,1.022346,1.004038,1.006702
0.944099,0.979508,1.006702,1.022636
1.025,1.030683,1.022636,1.03125
1.019255,1.021651,1.03125,0.992424
1.018892,1.018543,0.992424,0.98855
0.97775,0.989597,0.98855,0.962677
1.007585,0.969777,0.962677,1.032086
0.983689,0.993225,1.032086,1.0
1.001276,1.038199,1.0,0.958549
0.997452,0.969777,0.958549,1.004054
0.952746,0.97561,1.004054,1.059219
1.095174,1.031944,1.059219,1.069886
1.052632,1.080754,1.069886,1.029691
1.040698,1.028643,1.029691,1.035755
1.022346,1.01937,1.035755,0.982183
1.028415,1.023753,0.982183,1.004535
0.968119,0.987239,1.004535,0.972912
1.004391,1.010576,0.972912,0.970998
0.948634,0.956977,0.970998,1.010753
0.975806,1.00729,1.010753,1.043735
1.068477,1.010856,1.043735,0.985277
0.98011,1.03222,0.985277,0.97931
0.965051,0.915607,0.97931,1.059859
1.093458,1.044192,1.059859,1.016611
1.00641,1.08948,1.016611,1.002179
0.993631,0.993341,1.002179,0.991304
0.992521,1.013408,0.991304,0.993421
0.992465,0.982359,0.993421,1.080574
1.070499,1.006734,1.080574,1.010215
1.04154,1.082497,1.010215,0.991911
1.000973,0.99897,0.991911,1.019368
0.972789,0.989691,1.019368,0.955
1.011988,0.989583,0.955,0.970681
0.94768,0.964211,0.970681,0.992449
0.982292,1.0,0.992449,0.975
0.990456,0.960699,0.975,0.948718
0.966809,0.954545,0.948718,1.010576
0.968992,0.978571,1.010576,1.02907
1.048,1.046229,1.02907,1.014689
0.983642,1.002326,1.014689,0.964365
0.995565,0.99768,0.964365,1.008083
1.005568,1.006977,1.008083,0.973654
0.977852,0.97806,0.973654,0.984706
0.962627,0.964581,0.984706,1.002389
0.992941,1.013464,1.002389,0.983313
0.998815,0.966184,0.983313,0.933333
0.972716,0.96125,0.933333,1.001299
0.969512,0.983095,1.001299,0.971466
0.996226,0.98545,0.971466,0.974633
0.973485,0.977181,0.974633,1.00274
0.975357,0.995879,1.00274,1.023224
1.010638,1.008276,1.023224,1.017356
1.006579,1.01368,1.017356,0.989501
0.996078,1.009447,0.989501,1.019894
1.01706,0.998663,1.019894,0.981795
0.987097,0.991968,0.981795,0.993377
0.993464,1.0,0.993377,1.052
1.047368,1.010796,1.052,1.1
1.090452,1.058745,1.1,1.008065
1.046083,1.071879,1.008065,1.021714
1.046256,0.978824,1.021714,0.99217
0.947368,1.046875,0.99217,0.992108
1.0,0.993111,0.992108,1.031818
1.018889,1.00578,1.031818,0.973568
0.981461,1.003448,0.973568,1.013575
0.996667,0.956472,1.013575,1.1
1.09922,1.071856,1.1,1.007099
1.023327,1.072626,1.007099,1.036254
1.080278,1.021875,1.036254,1.009718
0.988073,1.018349,1.009718,1.031761
1.009285,1.001001,1.031761,1.009328
0.99816,1.046,1.009328,0.976895
0.995392,0.960803,0.976895,1.027436
1.023148,1.014925,1.027436,0.939227
1.029864,0.991176,0.939227,0.967647
0.921793,0.947577,0.967647,0.9
0.925643,0.926931,0.9,1.01464
0.961895,0.971847,1.01464,0.980022
0.958244,0.989571,0.980022,0.95923
1.012291,0.989461,0.95923,1.029516
0.965784,0.973964,1.029516,1.020642
1.021714,1.024301,1.020642,0.964045
1.0,1.016607,0.964045,1.001166
0.975391,0.995333,1.001166,1.03376
1.041284,0.981243,1.03376,0.961712
0.984581,1.015532,0.961712,0.921546
0.941834,0.923529,0.921546,1.030496
0.985748,0.993631,1.030496,1.007398
1.014458,1.021795,1.007398,0.996328
0.991686,1.013802,0.996328,0.986486
0.979641,0.977723,0.986486,1.070984
1.05868,1.013924,1.070984,1.00814
1.017321,1.049938,1.00814,1.049596
1.072645,0.998811,1.049596,0.983516
1.026455,1.060714,0.983516,1.035754
0.96701,0.977553,1.035754,1.014024
1.022388,1.058553,1.014024,0.978723
0.990615,0.993492,0.978723,0.984783
0.978947,0.982533,0.984783,1.034216
1.024731,0.991111,1.034216,1.023479
1.023085,1.032511,1.023479,0.96976
1.0,0.998914,0.96976,1.005376
0.982564,0.991304,1.005376,1.047059
1.041754,1.013158,1.047059,0.974464
0.97996,1.02381,0.974464,0.989518
0.980573,0.983087,0.989518,1.008475
0.994786,1.005376,1.008475,0.983193
1.006289,0.992513,0.983193,0.99359
0.982292,0.992457,0.99359,0.976344
0.986214,0.981542,0.976344,1.009912
0.991398,1.003319,1.009912,1.007634
1.024946,1.006615,1.007634,1.032468
1.010582,1.008762,1.032468,0.986373
1.008377,1.016287,0.986373,0.975558
0.973001,0.972222,0.975558,0.978214
0.982924,0.983516,0.978214,0.991091
0.984799,0.965363,0.991091,0.983146
0.982359,1.00463,0.983146,1.020571
1.031425,1.002304,1.020571,0.964166
0.980413,0.974713,0.964166,0.984901
0.993341,1.0,0.984901,1.002358
0.967598,0.982311,1.002358,1.025882
1.011547,1.02401,1.025882,1.010321
1.010274,1.003517,1.010321,1.022701
1.019209,1.024533,1.022701,1.00444
1.018847,1.003421,1.00444,1.005525
0.998912,1.020455,1.005525,0.97033
0.990196,0.977728,0.97033,1.001133
0.986799,0.987472,1.001133,1.03733
1.023411,1.012687,1.03733,1.013086
1.033769,1.048975,1.013086,1.0
0.99157,0.993485,1.0,1.001076
0.995749,1.005464,1.001076,0.951613
0.989328,0.954348,0.951613,0.99774
0.964401,0.996583,0.99774,1.003398
0.991051,0.977143,1.003398,0.986456
1.014673,1.022222,0.986456,1.024027
1.004449,1.0,1.024027,0.998883
1.002215,1.017162,0.998883,0.987696
0.992265,0.992126,0.987696,1.020385
1.005568,0.99093,1.020385,0.981132
1.009967,1.008009,0.981132,0.988688
0.972588,0.977299,0.988688,0.980549
0.985344,0.989547,0.980549,0.963827
0.980549,0.965962,0.963827,1.004843
0.976663,1.001215,1.004843,0.986747
0.998805,0.98665,0.986747,0.996337
0.996411,1.0,0.996337,1.01348
0.996399,0.9877,1.01348,0.997582
0.996386,1.016189,0.997582,0.981818
1.0,0.988971,0.981818,1.012346
0.991536,1.003717,1.012346,1.007317
1.013415,1.01358,1.007317,1.006053
1.004813,1.001218,1.006053,0.980746
1.003593,0.986618,0.980746,0.974233
0.972554,0.972873,0.974233,0.993703
0.979141,0.989861,0.993703,0.998733
0.998747,1.00128,0.998733,1.0
0.996236,1.002558,1.0,0.997462
1.003778,1.0,0.997462,1.010178
1.0,1.002551,1.010178,1.02267
1.02133,1.002545,1.02267,1.03202
1.055283,1.034264,1.03202,0.9821
0.981374,0.993865,0.9821,1.00486
0.984579,1.001235,1.00486,0.995163
0.998795,1.001233,0.995163,0.99271
0.998794,0.996305,0.99271,0.997552
1.001208,0.992583,0.997552,1.013497
1.002413,1.008717,1.013497,0.976998
1.002407,0.996296,0.976998,1.001239
0.978391,0.993804,1.001239,1.023515
1.023313,1.008728,1.023515,1.006046
1.005995,1.001236,1.006046,0.991587
0.991657,1.007407,0.991587,1.049697
1.050481,1.01348,1.049697,0.998845
1.002288,1.035067,0.998845,1.053179
1.067352,0.998832,1.053179,1.008782
0.989305,1.061988,1.008782,1.008705
1.021622,1.001101,1.008705,0.995685
1.003175,1.014301,0.995685,1.045504
1.060127,0.997831,1.045504,1.014508
0.995025,1.048913,1.014508,1.018386
1.013,0.995855,1.018386,1.080241
1.068115,1.019771,1.080241,0.950789
0.99353,1.039796,0.950789,0.994141
0.972093,0.969578,0.994141,0.971513
0.969378,0.994939,0.971513,1.021234
1.000987,1.005086,1.021234,0.991089
1.005917,0.993927,0.991089,1.015984
1.007843,1.017312,1.015984,0.983284
0.998054,0.998999,0.983284,0.99
0.975634,0.986974,0.99,1.016162
1.005994,1.005076,1.016162,1.033797
1.038729,1.015152,1.033797,0.995192
1.003824,1.014925,0.995192,1.0
1.004762,1.010784,1.0,1.046377
1.041706,1.0,1.046377,0.980609
0.980892,1.018429,0.980609,0.992467
0.987013,0.988571,0.992467,0.989564
1.019737,0.999037,0.989564,0.99233
0.97235,0.979749,0.99233,0.998068
0.994313,1.009843,0.998068,1.027106
1.022879,1.003899,1.027106,0.976437
0.998136,1.003883,0.976437,0.982625
0.973856,0.968085,0.982625,0.990177
0.995206,0.995005,0.990177,1.006944
0.989403,1.002008,1.006944,1.003941
1.002921,1.011022,1.003941,1.024534
1.046602,1.02775,1.024534,1.035441
1.017625,0.998071,1.035441,1.007401
1.007293,1.033816,1.007401,1.011938
1.01086,1.009346,1.011938,0.985481
0.992838,1.0,0.985481,0.982505
0.979261,0.97037,0.982505,1.0
1.001842,1.006679,1.0,1.00656
0.98989,1.004739,1.00656,0.989758
0.996286,0.985849,0.989758,0.950141
0.989748,0.960766,0.950141,0.99802
0.958569,0.984064,0.99802,0.998016
0.991159,1.006073,0.998016,1.018887
1.02775,1.011066,1.018887,1.045854
1.04918,1.00597,1.045854,0.998134
0.984375,1.025717,0.998134,1.001869
1.008403,1.0135,1.001869,0.995336
1.00463,1.013321,0.995336,0.991565
0.986175,0.984977,0.991565,0.993384
0.999065,0.998093,0.993384,1.003806
0.992516,1.000955,1.003806,1.012322
1.036758,1.013359,1.012322,1.004682
0.987273,0.998117,1.004682,1.033551
1.032228,1.003774,1.033551,1.000902
1.002676,1.027256,1.000902,0.978378
0.985765,0.989936,0.978378,1.054328
1.046931,0.988909,1.054328,0.985153
1.002586,1.049533,0.985153,0.998227
0.992261,0.967053,0.998227,1.001776
0.992201,1.017495,1.001776,0.992908
0.995633,1.00905,0.992908,0.955357
0.980702,0.950673,0.955357,0.963551
0.949911,0.948113,0.963551,0.99612
0.978343,1.012935,0.99612,1.02629
1.025987,0.995088,1.02629,1.088235
1.082552,1.0385,1.088235,1.089799
1.093588,1.077947,1.089799,1.0296
1.034865,1.074956,1.0296,0.970474
1.01072,1.010664,0.970474,1.014412
0.981061,1.007305,1.014412,0.986582
0.996139,1.007252,0.986582,1.0344
1.015504,0.984,1.0344,1.03635
1.049618,1.044715,1.03635,1.032836
1.007273,1.027237,1.032836,1.000723
1.055596,1.022727,1.000723,1.00361
0.967168,0.978519,1.00361,1.0
1.013437,1.035579,1.0,1.028058
1.008374,1.009503,1.028058,0.96571
0.99654,0.979725,0.96571,1.026812
0.999306,1.005174,1.026812,1.035992
1.034051,1.029412,1.035992,0.980245
0.981183,1.02,0.980245,0.954135
0.989726,0.938375,0.954135,1.099782
1.044983,1.01791,1.099782,1.1
1.1,1.1,1.1,1.02649
1.058399,1.028338,1.02649,1.021701
0.995449,1.015309,1.021701,0.974168
1.0,1.008444,0.974168,1.035946
1.041714,0.988038,1.035946,0.974403
0.974767,0.987893,0.974403,1.099825
1.060214,1.020833,1.099825,1.021762
1.099788,1.1,1.021762,1.05974
1.002896,1.044142,1.05974,1.084804
1.079885,1.012526,1.084804,1.097605
1.08467,1.1,1.097605,0.902429
1.053821,0.967257,0.902429,1.099909
0.939961,0.972095,1.099909,1.034426
1.056408,1.096941,1.034426,0.953087
0.977621,0.986701,0.953087,0.950358
0.991968,0.956522,0.950358,1.023462
0.940081,0.973182,1.023462,1.00173
1.022825,1.042504,1.00173,0.969344
1.015158,0.998208,0.969344,0.931849
0.940689,0.907092,0.931849,0.900096
0.919312,0.931717,0.900096,1.0
1.0,1.0,1.0,1.025491
0.948681,0.955921,1.025491,1.011393
1.015167,1.033333,1.011393,1.054788
1.035857,1.030645,1.054788,1.065534
1.073077,1.057381,1.065534,0.972665
0.999104,1.043414,0.972665,1.030445
1.012556,0.945626,1.030445,1.003182
1.040744,1.1,1.003182,0.92841
0.92766,0.902904,0.92841,0.975598
0.947706,0.987437,0.975598,0.981491
0.982575,0.991349,0.981491,1.009684
1.009852,0.99538,1.009684,0.958607
0.965854,0.938628,0.958607,1.057925
1.018687,1.027473,1.057925,1.006471
1.070897,1.074866,1.006471,1.013848
0.974537,0.970149,1.013848,1.058537
1.051781,1.053846,1.058537,0.917051
0.960253,0.960097,0.917051,1.054271
0.9873,1.00963,1.054271,1.06101
1.083849,1.054217,1.06101,1.010782
1.025495,1.041905,1.010782,1.02
1.007287,0.991773,1.02,1.001743
0.994043,1.041475,1.001743,0.964332
0.984161,0.951327,0.964332,0.982409
0.964767,0.995349,0.982409,1.068411
1.055005,0.996262,1.068411,1.061453
1.087607,1.074109,1.061453,1.002834
0.999607,1.026638,1.002834,1.018975
0.996069,1.025521,1.018975,1.048732
1.081294,1.070095,1.048732,0.974311
1.014599,0.94186,0.974311,0.955021
0.902878,0.99177,0.955021,0.965083
0.974502,0.967635,0.965083,1.03029
1.033115,1.038165,1.03029,1.026541
1.026909,1.022305,1.026541,0.989658
0.985742,0.997172,0.989658,1.013666
1.010946,0.980551,1.013666,1.01705
0.997293,1.030992,1.01705,1.069396
1.066305,1.032465,1.069396,0.994532
1.032727,1.04736,0.994532,0.997434
0.985915,0.989993,0.997434,0.981624
0.975,0.991763,0.981624,0.986522
1.001465,0.979237,0.986522,0.962808
0.960497,0.977641,0.962808,0.977927
0.977152,0.960174,0.977927,0.993551
0.97233,0.997947,0.993551,1.03854
1.034068,1.007407,1.03854,0.985937
1.0,1.002859,0.985937,1.006339
0.998062,0.997963,1.006339,1.006693
1.000388,1.02449,1.006693,0.984748
0.993789,0.988048,0.984748,1.008737
0.997656,1.003629,1.008737,1.01378
1.016836,1.005625,1.01378,0.996505
1.008471,1.01678,0.996505,0.985191
0.976709,0.978389,0.985191,1.00712
1.007037,1.012851,1.00712,1.027494
1.033385,1.007137,1.027494,1.025229
1.013899,1.035433,1.025229,1.046234
1.041126,1.020152,1.046234,1.000713
1.078648,1.043608,1.000713,0.958689
0.920488,0.953214,0.958689,1.034175
1.002867,1.01199,1.034175,1.031968
1.090779,0.979267,1.031968,0.949878
0.969528,1.030246,0.949878,0.990106
0.94221,0.98055,0.990106,1.002591
0.98099,1.000374,1.002591,0.986342
0.987203,0.994762,0.986342,1.026946
1.022222,0.998872,1.026946,0.994534
1.000362,1.008283,0.994534,1.008428
0.998551,0.971247,1.008428,1.0
1.0,1.0,1.0,1.0
1.0,1.0,1.0,1.0
1.0,1.0,1.0,1.0
1.0,1.0,1.0,1.0
1.0,1.0,1.0,1.0
1.0,1.0,1.0,1.0
1.0,1.0,1.0,1.0
1.0,1.0,1.0,1.0
1.0,1.0,1.0,1.0
1.0,1.0,1.0,1.0
1.0,1.0,1.0,1.0
1.0,1.0,1.0,1.099927
1.097933,1.1,1.099927,0.965643
1.023786,0.941526,0.965643,1.012316
0.987415,1.00386,1.012316,0.980061
0.96732,0.995806,0.980061,0.933103
0.977365,0.947701,0.933103,0.966001
0.951607,0.958519,0.966001,0.981255
0.967672,0.981453,0.981255,1.040546
1.007883,1.011811,1.040546,1.024728
1.031285,1.050584,1.024728,0.987203
0.991333,0.981852,0.987203,1.011481
0.996357,0.997359,1.011481,0.97803
1.001828,1.007943,0.97803,1.005616
0.99781,0.970732,1.005616,1.044304
1.037308,1.012756,1.044304,1.049911
1.053597,1.072137,1.049911,0.978268
0.998996,1.024564,0.978268,1.024991
1.0,0.995483,1.024991,1.061294
1.081407,1.02199,1.061294,1.025526
1.011152,1.048839,1.025526,1.053516
1.077819,1.063497,1.053516,1.075015
1.054576,1.032149,1.075015,0.9
1.018868,0.971818,0.9,1.096764
0.952381,0.924298,1.096764,1.099082
1.097778,1.1,1.099082,1.075715
1.080719,1.065054,1.075715,0.960217
1.019668,0.991923,0.960217,0.982839
0.942595,0.93944,0.982839,1.020953
1.019001,1.067172,1.020953,0.963352
0.977289,0.988071,0.963352,0.99442
1.043053,1.002312,0.99442,1.013517
0.961069,0.973603,1.013517,1.012079
0.985847,1.031587,1.012079,0.994779
1.026733,1.019648,0.994779,0.957261
0.988428,0.948198,0.957261,0.929504
0.93878,0.920823,0.929504,1.030618
0.958171,0.948696,1.030618,0.96375
1.038232,1.042598,0.96375,0.910633
0.940193,0.92379,0.910633,1.06087
0.966111,0.961418,1.06087,0.995316
1.018401,1.076346,0.995316,0.927647
0.976285,0.938163,0.927647,0.900127
0.9,0.917286,0.900127,1.032758
0.992233,0.909123,1.032758,1.099932
1.051859,1.088725,1.099932,0.965891
1.068837,1.085409,0.965891,0.916533
0.935596,0.927213,0.916533,0.901226
0.912558,0.908769,0.901226,0.932375
0.95209,0.901167,0.932375,0.9
0.9,0.932211,0.9,1.0
1.0,1.0,1.0,1.0
1.0,1.0,1.0,1.1
1.028139,1.056044,1.1,1.1
1.1,1.092105,1.1,1.033678
1.096441,1.044177,1.033678,0.900037
0.935428,0.935,0.900037,1.004525
0.945896,0.90868,1.004525,1.059787
1.037475,1.086464,1.059787,0.996522
1.022053,1.0625,0.996522,1.007755
0.985863,0.972549,1.007755,0.987303
0.984528,1.010081,0.987303,1.1
1.082024,1.013174,1.1,0.996458
1.062699,1.084318,0.996458,0.900107
0.933333,0.920058,0.900107,0.93207
0.9,0.900079,0.93207,1.050847
0.996,0.990785,1.050847,0.951613
1.002811,1.023915,0.951613,0.96822
0.95795,0.964533,0.96822,0.906346
0.933946,0.922422,0.906346,1.081603
1.002686,1.006806,1.081603,0.966071
1.016964,1.031386,0.966071,0.986599
0.964881,0.974719,0.986599,1.05808
1.034122,1.032661,1.05808,1.089863
1.093269,1.065116,1.089863,1.0
1.0,1.0,1.0,1.0
1.0,1.0,1.0,1.0
1.0,1.0,1.0,1.034119
1.084909,1.1,1.034119,1.054988
0.997033,1.011905,1.054988,0.9
1.021949,0.947843,0.9,1.074886
0.95668,0.910219,1.074886,0.979215
1.027017,1.1,0.979215,0.908805
0.925898,0.933198,0.908805,0.900087
0.9,0.908337,0.900087,0.900048
0.9,0.900048,0.900048,0.959423
1.017445,0.917245,0.959423,1.051196
0.956631,0.989523,1.051196,1.095289
1.093832,1.1,1.095289,0.949251
1.060241,0.994789,0.949251,0.903259
0.922727,0.926663,0.903259,0.909245
0.905419,0.90277,0.909245,1.00248
0.920566,0.996243,1.00248,1.04329
1.004137,0.981772,1.04329,1.053942
1.059447,1.083227,1.053942,0.957255
0.988333,1.004728,0.957255,1.011751
0.972456,0.991176,1.011751,0.944832
1.020231,0.924629,0.944832,0.905962
0.917847,0.939666,0.905962,1.090231
1.000617,0.980191,1.090231,0.943995
1.003701,1.052265,0.943995,1.00857
0.952059,0.996689,1.00857,1.029412
1.028405,0.989369,1.029412,1.012698
1.015694,1.047683,1.012698,0.961129
0.972188,0.973077,0.961129,1.020874
0.997457,1.011199,1.020874,1.001278
1.018483,1.003257,1.001278,1.012763
0.996245,0.996753,1.012763,0.956522
0.978015,0.98241,0.956522,1.011199
0.991651,1.000663,1.011199,1.094463
1.093912,1.047051,1.094463,1.049405
1.059207,1.044304,1.049405,1.04878
1.062046,1.060606,1.04878,1.062737
1.068421,1.033143,1.062737,0.967939
0.999015,1.050885,0.967939,1.028917
0.984714,0.989474,1.028917,1.024016
1.02003,1.03883,1.024016,1.007485
1.045655,1.014849,1.007485,0.980188
0.957277,0.968718,0.980188,0.9
0.968612,0.927604,0.9,1.03032
0.934177,0.988209,1.03032,1.052861
1.056911,1.051705,1.052861,1.009317
1.034872,1.036737,1.009317,0.989231
0.970268,0.967692,0.989231,0.96112
0.993361,0.995692,0.96112,1.019417
0.986118,0.999459,1.019417,0.996296
0.995829,1.001082,0.996296,0.960701
0.968063,0.972973,0.960701,0.9801
0.986479,0.979444,0.9801,1.061478
1.033991,1.008508,1.061478,1.028162
1.046129,1.065242,1.028162,1.043928
1.033452,1.017951,1.043928,1.011386
1.025012,1.006224,1.011386,0.99021
0.980861,1.021134,0.99021,1.054375
1.085366,1.021201,1.054375,0.975152
0.973034,1.011864,0.975152,0.960577
0.946882,0.969712,0.960577,1.019019
0.994146,0.974811,1.019019,0.999509
1.033366,1.042377,0.999509,1.055037
1.063153,0.994546,1.055037,0.989287
0.960697,1.031904,0.989287,1.00565
1.017666,1.014493,1.00565,1.017322
1.011421,1.007619,1.017322,0.979751
0.983288,0.97448,0.979751,0.997651
0.983463,1.009214,0.997651,1.006121
1.029893,1.020183,1.006121,0.911558
0.965079,0.916627,0.911558,1.023101
0.953477,0.976362,1.023101,1.068741
1.080335,1.036842,1.068741,1.057277
1.044708,1.022843,1.057277,1.000888
1.025328,1.098263,1.000888,0.995563
0.958262,0.982829,0.995563,0.97549
1.004444,0.97977,0.97549,0.954774
0.961947,0.973721,0.954774,1.024402
0.987121,0.997108,1.024402,0.955628
0.992544,0.982117,0.955628,0.98827
0.956338,0.974409,0.98827,1.024233
1.017673,0.99596,1.024233,1.017866
1.041968,1.058316,1.017866,0.989564
0.981019,0.989459,0.989564,1.044583
1.047664,1.015496,1.044583,0.997705
0.99955,1.019552,0.997705,1.036799
1.049121,0.99392,1.036799,1.005324
0.979381,1.035765,1.005324,1.006178
1.034649,1.017719,1.006178,0.966228
0.964816,0.973214,0.966228,1.009079
0.988576,1.005963,1.009079,0.947818
0.992889,0.958048,0.947818,1.012814
0.95658,0.984769,1.012814,1.010778
1.010763,1.011116,1.010778,0.984701
1.014815,1.013384,0.984701,0.900188
0.975821,0.901887,0.900188,0.985356
0.920991,0.936192,0.985356,1.020701
0.97868,1.047486,1.020701,0.900156
0.987552,0.9232,0.900156,1.001155
0.952731,0.954362,1.001155,0.914022
0.958655,0.950363,0.914022,1.039141
0.968373,0.993631,1.039141,0.957473
0.996437,1.00641,0.957473,1.037437
0.983313,0.964968,1.037437,0.946177
0.987273,1.013861,0.946177,1.005818
0.973603,0.971354,1.005818,1.046272
1.033417,1.024799,1.046272,0.977887
1.003051,1.028123,0.977887,1.002513
0.994526,0.979644,1.002513,1.059524
1.045872,1.038961,1.059524,1.00414
1.004094,1.04125,1.00414,0.941696
1.025044,0.927971,0.941696,0.988743
0.924432,0.970893,0.988743,1.003163
1.014136,1.025983,1.003163,1.033417
1.009697,1.016234,1.033417,0.992068
0.983193,1.003195,0.992068,1.043665
1.043956,1.030573,1.043665,1.02475
1.040936,1.050062,1.02475,0.99885
0.989888,1.003531,0.99885,0.978699
0.990352,0.995308,0.978699,0.975882
0.95702,0.946376,0.975882,1.047016
1.051497,1.033624,1.047016,1.001727
0.995444,1.027711,1.001727,0.990805
1.017162,1.008206,0.990805,0.99768
0.974691,0.988372,0.99768,1.022093
1.036353,1.028824,1.022093,0.978953
0.982739,0.968553,0.978953,1.002905
0.979037,0.991736,1.002905,0.908459
0.998264,0.928571,0.908459,1.018495
0.933333,0.987179,1.018495,0.968691
1.021739,0.974675,0.968691,1.020039
0.990274,1.017988,1.020039,1.1
1.065684,1.030759,1.1,1.090438
1.1,1.1,1.090438,0.975172
1.010471,1.013889,0.975172,0.996208
0.997927,0.995616,0.996208,0.984774
0.950156,0.946615,0.984774,0.9746
0.972131,1.0,0.9746,0.953541
0.992693,0.976744,0.953541,0.983957
0.95017,0.964881,0.983957,1.029589
1.031585,1.034547,1.029589,1.000587
0.987868,1.000596,1.000587,1.024033
1.030994,1.008939,1.024033,1.012021
1.011912,1.011223,1.012021,1.020928
1.028027,1.033294,1.020928,1.009972
1.002181,1.014698,1.009972,0.980801
0.983678,0.988301,0.980801,0.998881
0.99115,0.993799,0.998881,0.977604
0.996652,0.986387,0.977604,1.013173
1.00112,0.994825,1.013173,0.972866
0.995526,0.990751,0.972866,0.969785
0.974719,0.965578,0.969785,1.028161
0.990202,1.015106,1.028161,1.002331
1.015716,1.016071,1.002331,1.006977
0.993123,0.984769,1.006977,1.020785
1.030583,1.020821,1.020785,0.99491
0.99944,1.013986,0.99491,0.977828
0.995518,0.986782,0.977828,0.997674
0.974676,0.988352,0.997674,1.013403
1.015589,1.01591,1.013403,1.014376
1.01535,1.00058,1.014376,1.011338
1.010638,1.02029,1.011338,1.002242
1.007202,1.001705,1.002242,1.027405
1.014851,1.009075,1.027405,0.988568
1.00813,1.016301,0.988568,1.1
1.074194,1.1,1.1,1.1
1.1,1.0,1.1,0.939945
0.984531,1.026527,0.939945,1.016457
0.979667,0.998537,1.016457,0.965238
0.983962,0.97168,0.965238,1.0148
0.986577,1.003518,1.0148,0.986388
1.00826,1.011517,0.986388,0.976836
0.983133,0.931188,0.976836,0.978305
0.971078,1.028177,0.978305,1.022692
1.013629,1.001551,1.022692,1.013616
1.008964,1.017037,1.013616,1.016418
1.011846,1.011168,1.016418,0.956926
1.012195,0.976908,0.956926,0.95601
0.938795,0.951696,0.95601,0.99679
0.973306,0.991901,0.99679,0.99839
1.001055,1.011432,0.99839,1.00914
0.990516,0.969322,1.00914,0.993074
1.006915,1.018878,0.993074,1.004828
0.991548,0.998365,1.004828,1.049119
1.070325,1.019651,1.049119,0.966921
0.969139,0.989293,0.966921,1.021579
1.0,1.020563,1.021579,0.998454
0.997946,0.995758,0.998454,1.001032
1.002573,1.017572,1.001032,0.990722
0.995893,0.994244,0.990722,0.979188
0.994845,0.985789,0.979188,0.9
0.9,0.9,0.9,0.941985
0.936672,0.959438,0.941985,0.962723
0.957547,0.960976,0.962723,1.038721
1.01642,1.011844,1.038721,1.004862
1.016155,1.028428,1.004862,1.001613
0.992051,0.998374,1.001613,1.003221
0.998397,1.003257,1.003221,0.998395
1.012841,1.001623,0.998395,0.985531
0.987322,0.987034,0.985531,1.003263
0.993579,1.003284,1.003263,0.956098
0.98546,0.957447,0.956098,0.982993
0.968852,0.977778,0.982993,1.017301
1.001692,0.991259,1.017301,0.998299
1.005068,1.026455,0.998299,1.008518
1.001681,1.008591,1.008518,0.998311
0.998322,0.988075,0.998311,0.993232
1.0,1.006897,0.993232,1.008518
0.996639,0.998288,1.008518,1.032095
1.055649,1.010292,1.032095,0.996727
0.982428,0.967742,0.996727,1.013136
1.006504,1.049123,1.013136,0.996759
0.996769,1.013378,0.996759,1.00813
1.017828,1.008251,1.00813,1.001613
0.998408,1.008183,1.001613,1.009662
1.012759,1.00487,1.009662,1.015949
1.004724,0.993538,1.015949,1.043956
1.043887,1.029268,1.043956,1.003008
1.045045,1.050553,1.003008,0.983508
0.958333,0.965414,0.983508,0.998476
0.989505,1.006231,0.998476,0.99542
1.004545,0.996904,0.99542,1.010736
1.001508,0.990683,1.010736,1.025797
1.043675,1.047022,1.025797,0.998521
0.988456,1.001497,0.998521,1.0
0.991241,1.001495,1.0,1.004444
1.002946,1.001493,1.004444,0.983776
0.997063,0.977645,0.983776,0.989505
0.988218,1.003049,0.989505,1.001515
0.994039,0.992401,1.001515,0.996974
0.998501,1.003063,0.996974,1.0
0.993994,1.0,1.0,1.001517
1.0,1.001527,1.001517,0.962121
1.0,0.945122,0.962121,0.99685
0.957704,1.004839,0.99685,0.987362
1.0,0.995185,0.987362,0.976
0.993691,0.970968,0.976,1.013115
0.98254,1.006645,1.013115,1.027508
1.027464,1.011551,1.027508,1.00315
1.011006,1.017945,1.00315,1.00157
1.031104,1.019231,1.00157,1.020376
0.992459,0.985849,1.020376,1.001536
0.990881,1.023923,1.001536,0.984663
1.0,0.998442,0.984663,0.993769
0.986196,0.985959,0.993769,1.048589
1.059098,1.001582,1.048589,1.077728
1.080764,1.050553,1.077728,0.970874
0.982337,1.046617,0.970874,0.981429
0.970954,0.974138,0.981429,1.026201
1.045584,1.00295,1.026201,0.987234
0.949591,1.004412,0.987234,0.991379
1.007174,1.004392,0.991379,0.989855
0.981481,0.983965,0.989855,0.991215
0.994194,0.997037,0.991215,0.980798
0.981022,0.97474,0.980798,0.995482
0.995536,1.004573,0.995482,1.016641
1.022422,1.015175,1.016641,0.983631
0.986842,0.980568,0.983631,1.015129
1.007407,0.996951,1.015129,0.970194
0.985294,0.992355,0.970194,1.003072
0.98806,0.998459,1.003072,0.996937
0.993958,1.001543,0.996937,1.001536
0.992401,0.979969,1.001536,1.0
1.003063,1.022013,1.0,1.004601
1.003053,0.998462,1.004601,0.989313
0.996956,0.996918,0.989313,0.966049
0.977099,0.962906,0.966049,1.001597
0.9875,1.001605,1.001597,1.004785
1.0,0.99359,1.004785,1.007937
1.011076,1.014516,1.007937,1.001575
0.998435,1.006359,1.001575,1.003145
1.004702,1.00158,1.003145,1.023511
1.028081,1.011041,1.023511,0.980092
0.995448,0.99688,0.980092,0.98125
0.980183,0.979656,0.98125,1.035032
1.017107,1.003195,1.035032,0.998462
1.003058,1.025478,0.998462,0.993837
0.990854,0.995342,0.993837,1.00155
1.0,1.00312,1.00155,0.970588
0.98,0.965785,0.970588,1.00319
0.99529,1.003221,1.00319,1.00318
0.996845,1.00321,1.00318,0.995246
1.0,1.0032,0.995246,1.0
0.996835,0.99681,1.0,0.990446
0.998413,0.992,0.990446,1.009646
0.99841,1.001613,1.009646,0.995223
1.004777,1.00161,0.995223,0.9984
0.99683,1.0,0.9984,1.001603
0.995231,0.995177,1.001603,1.0016
1.003195,1.003231,1.0016,0.998403
1.0,1.003221,0.998403,0.9984
0.996815,0.99679,0.9984,0.995192
0.996805,0.993559,0.995192,0.993559
0.996795,0.998379,0.993559,0.987034
0.993569,0.982143,0.987034,1.004926
0.993528,1.008264,1.004926,1.003268
1.009772,0.998361,1.003268,0.996743
0.993548,1.001642,0.996743,0.996732
0.996753,0.996721,0.996732,0.988525
0.995114,0.983553,0.988525,1.003317
0.993453,1.006689,1.003317,1.003306
1.004942,0.993355,1.003306,1.004942
1.003279,1.013378,1.004942,1.006557
1.003268,1.0,1.006557,1.0
1.004886,1.006601,1.0,1.004886
1.004862,1.003279,1.004886,0.995138
0.995161,1.0,0.995138,1.006515
1.001621,1.001634,1.006515,1.004854
1.014563,1.004894,1.004854,0.993559
0.992026,0.998377,0.993559,1.0
1.0,1.0,1.0,1.02107
1.043408,1.0,1.02107,0.992063
0.970724,1.011382,0.992063,1.0048
1.011111,1.0,1.0048,0.995223
0.989011,1.001608,0.995223,0.9936
0.992063,0.993579,0.9936,0.988728
0.9984,0.988691,0.988728,1.014658
1.00641,1.001634,1.014658,0.982343
0.992038,0.996737,0.982343,0.996732
0.985554,0.991817,0.996732,1.004918
1.004886,1.006601,1.004918,1.001631
0.996759,0.996721,1.001631,1.001629
1.004878,1.006579,1.001629,0.998374
0.995146,0.996732,0.998374,0.959283
0.996748,0.965574,0.959283,0.998302
0.964111,0.981324,0.998302,0.991497
0.994924,1.00692,0.991497,1.003431
1.0,0.996564,1.003431,1.0
0.998299,1.003448,1.0,0.996581
0.998296,0.998282,0.996581,0.991424
0.994881,0.989673,0.991424,1.008651
1.001715,1.005217,1.008651,1.0
1.0,1.00346,1.0,0.984563
1.0,0.984483,0.984563,1.001742
0.988014,0.984238,1.001742,1.010435
1.010399,1.019573,1.010435,0.991394
1.0,0.998255,0.991394,1.012153
1.013722,0.998252,1.012153,0.996569
0.993232,1.015762,0.996569,1.006885
1.0,1.0,1.006885,1.010256
1.011925,1.005172,1.010256,1.006768
1.025253,1.018868,1.006768,0.991597
0.980296,0.989899,0.991597,0.99661
0.991625,0.994898,0.99661,1.001701
0.996622,1.001709,1.001701,0.994907
1.0,0.998294,0.994907,0.991468
1.001695,0.993162,0.991468,1.0
0.994924,0.998279,1.0,0.977625
0.993197,0.937931,0.977625,1.007042
0.982877,1.034926,1.007042,0.994755
1.0,1.010657,0.994755,1.0
0.994774,0.991213,1.0,1.005272
1.003503,1.005319,1.005272,1.003497
1.006981,1.005291,1.003497,1.001742
0.998267,1.001754,1.001742,1.001739
1.001736,1.001751,1.001739,1.001736
1.003466,1.003497,1.001736,1.0
1.0,1.0,1.0,1.001733
1.0,1.0,1.001733,1.00346
1.003454,1.003484,1.00346,1.001724
1.001721,1.001736,1.001724,1.003442
1.006873,1.006932,1.003442,1.001715
1.001706,1.001721,1.001715,1.005137
1.001704,1.001718,1.005137,0.998296
1.0,1.001715,0.998296,0.989761
0.996599,0.991438,0.989761,1.001724
0.994881,0.998273,1.001724,0.996558
1.0,0.99481,0.996558,1.006908
1.001715,1.005217,1.006908,1.012007
1.015411,1.008651,1.012007,0.998305
0.998314,1.006861,0.998305,0.998302
1.0,0.996593,0.998302,1.011905
1.006757,0.993162,1.011905,0.979832
1.0,1.003442,0.979832,1.001715
0.983221,0.996569,1.001715,1.001712
1.003413,1.003442,1.001712,1.0
0.998299,1.001715,1.0,0.994872
0.996593,0.991438,0.994872,1.017182
1.018803,1.003454,1.017182,1.005068
1.0,1.012048,1.005068,1.0
1.006711,1.006803,1.0,0.988235
0.991667,0.991554,0.988235,1.0
0.993277,1.001704,1.0,1.018707
1.013536,0.998299,1.018707,1.0
1.010017,1.013629,1.0,0.996661
0.98843,0.996639,0.996661,1.001675
1.005017,1.003373,1.001675,0.994983
0.998336,0.996639,0.994983,0.993277
0.99,0.989882,0.993277,0.998308
0.996633,1.001704,0.998308,0.99661
0.996622,0.993197,0.99661,1.0
1.0,1.001712,1.0,0.996599
0.99661,0.996581,0.996599,0.996587
1.0,0.998285,0.996587,0.988014
0.993197,0.989691,0.988014,0.994801
0.991438,0.994792,0.994801,0.989547
0.991364,0.987784,0.989547,0.998239
0.994774,0.991166,0.998239,1.024691
1.019264,1.012478,1.024691,1.02926
1.037801,1.015845,1.02926,1.008361
1.013245,1.02773,1.008361,1.006633
0.996732,0.998314,1.006633,1.1
1.095082,1.010135,1.1,1.1
1.1,1.1,1.1,1.070748
1.09932,1.019526,1.070748,0.923761
0.934406,0.971272,0.923761,0.942228
0.940397,0.942254,0.942228,0.983942
0.991549,1.00299,0.983942,0.991098
0.963068,0.964232,0.991098,0.980539
0.988201,1.003091,0.980539,0.966412
0.977612,0.969183,0.966412,0.957346
0.966412,0.958665,0.957346,1.019802
1.0,1.004975,1.019802,1.037217
1.017378,1.009901,1.037217,1.01092
1.023292,1.01634,1.01092,1.030864
1.051593,1.022508,1.030864,0.995509
0.972583,1.02673,0.995509,0.977444
0.998516,0.992343,0.977444,0.984615
0.979198,0.964506,0.984615,0.989062
0.995448,1.008,0.989062,0.963665
0.974085,0.966667,0.963665,1.014754
0.973396,0.985222,1.014754,0.969305
0.998392,0.998333,0.969305,1.008333
0.979066,0.976628,1.008333,1.047934
1.077303,1.017094,1.047934,0.998423
0.978626,1.042017,0.998423,1.023697
1.01248,1.001613,1.023697,0.987654
1.013867,1.028986,0.987654,0.979687
0.969605,0.979656,0.979687,1.007974
1.0,0.995208,1.007974,0.960443
0.989028,0.971108,0.960443,0.988468
0.977813,0.990083,0.988468,1.02
0.998379,0.981636,1.02,1.026144
1.022727,1.030612,1.026144,0.982484
1.003175,1.014851,0.982484,1.008104
1.023734,1.009756,1.008104,0.975884
0.962906,0.974235,0.975884,1.054366
1.030498,0.996694,1.054366,1.009375
1.024922,1.053068,1.009375,1.043344
1.030395,1.012598,1.043344,1.026706
1.051622,1.03577,1.026706,0.988439
0.990182,1.022523,0.988439,1.004386
0.983003,0.985316,1.004386,1.001456
1.023055,1.017884,1.001456,1.008721
0.984507,0.997072,1.008721,0.988473
0.995708,0.998532,0.988473,1.011662
0.998563,1.001471,1.011662,1.01585
1.021583,1.013216,1.01585,1.008511
1.029577,1.021739,1.008511,0.997187
0.97948,0.988652,0.997187,0.974612
0.988827,0.987088,0.974612,0.978292
0.984463,0.979651,0.978292,1.023669
0.994261,0.997033,1.023669,1.011561
1.018759,1.025298,1.011561,1.004286
1.014164,1.011611,1.004286,0.98862
0.984637,0.991392,0.98862,0.997122
0.997163,0.998553,0.997122,0.979798
0.98293,0.972464,0.979798,0.985272
0.988423,0.980626,0.985272,0.989537
0.980966,1.00304,0.989537,1.015106
1.004478,1.004545,1.015106,0.988095
0.995542,0.998492,0.988095,1.003012
1.0,1.0,1.003012,0.977477
0.992537,0.981873,0.977477,1.003072
0.993985,1.0,1.003072,1.003063
0.998487,0.995385,1.003063,0.99542
0.995455,1.003091,0.99542,1.010736
1.004566,1.0,1.010736,0.942337
0.99697,0.936826,0.942337,1.009662
0.955927,1.014803,1.009662,1.017544
1.015898,1.006483,1.017544,1.021944
1.039124,1.022544,1.021944,0.984663
0.980422,1.007874,0.984663,1.010903
1.001536,1.003125,1.010903,0.983051
1.0,0.989097,0.983051,0.99373
0.984663,0.992126,0.99373,1.01735
1.007788,1.0,1.01735,0.996899
1.004637,1.01746,0.996899,0.990669
0.992308,0.979719,0.990669,1.015699
1.015504,1.007962,1.015699,1.003091
1.00916,1.017378,1.003091,1.013867
0.995461,0.996894,1.013867,0.981763
0.995441,1.004673,0.981763,0.986068
0.989313,0.975194,0.986068,0.990581
0.981481,0.99682,0.990581,1.004754
1.003145,1.001595,1.004754,0.990536
1.001567,0.996815,0.990536,0.976115
0.981221,0.976038,0.976115,1.011419
0.988836,1.00491,1.011419,1.001613
1.004839,1.004886,1.001613,1.0
0.998395,0.996759,1.0,1.00161
1.001608,1.004878,1.00161,1.019293
1.024077,0.995146,1.019293,0.996845
0.99373,1.019512,0.996845,0.996835
0.998423,1.0,0.996835,0.990476
0.99684,0.992026,0.990476,0.998397
1.00317,0.998392,0.998397,1.008026
1.0,1.00161,1.008026,1.009554
1.00316,1.006431,1.009554,0.998423
1.00315,1.004792,0.998423,0.993681
0.992151,0.99682,0.993681,0.992051
0.995253,0.988836,0.992051,0.996795
0.993641,0.998387,0.996795,0.995177
0.9936,0.995153,0.995177,1.008078
1.008052,1.003247,1.008078,0.99359
0.996805,0.998382,0.99359,1.012903
1.016026,1.001621,1.012903,1.003185
0.998423,1.008091,1.003185,0.993651
0.99842,1.0,0.993651,0.990415
0.993671,0.995185,0.990415,1.01129
1.003185,1.0,1.01129,1.007974
1.004762,1.008065,1.007974,1.023734
1.048973,1.008,1.023734,0.990726
0.978916,1.006349,0.990726,1.024961
1.035385,1.004732,1.024961,1.010654
0.989599,1.012559,1.010654,0.971386
0.992492,0.996899,0.971386,0.993798
0.986384,0.993779,0.993798,0.962559
0.973926,0.962441,0.962559,1.001621
0.981102,1.0,1.001621,1.004854
1.001605,1.004878,1.004854,0.987118
0.99359,0.990291,0.987118,1.004894
0.995161,1.0,1.004894,1.011364
1.019449,1.01634,1.011364,1.00321
0.99682,0.996785,1.00321,1.0096
1.011164,1.003226,1.0096,0.99683
0.995268,1.004823,0.99683,0.99841
1.0,0.9984,0.99841,0.992038
1.009509,0.995192,0.992038,0.99679
0.982732,0.996779,0.99679,0.985507
0.998403,0.982229,0.985507,0.99183
0.9792,0.995066,0.99183,1.014827
1.013072,1.001653,1.014827,1.003247
1.001613,1.014851,1.003247,1.0
1.00161,0.998374,1.0,0.998382
0.998392,1.001629,0.998382,0.995138
0.996779,0.993496,0.995138,0.996743
0.995153,1.0,0.996743,0.985294
0.99513,0.983633,0.985294,1.00995
1.004894,0.995008,1.00995,0.996716
0.991883,1.011706,0.996716,0.985173
0.99018,0.98843,0.985173,0.981605
0.990083,0.974916,0.981605,0.993186
0.983306,0.989708,0.993186,1.037736
1.037351,1.003466,1.037736,0.986777
0.98527,1.027634,0.986777,1.0
0.995017,0.994958,1.0,1.001675
1.0,1.005068,1.001675,1.005017
1.018364,1.003361,1.005017,0.990017
0.988525,0.9933,0.990017,0.986555
0.99005,0.986509,0.986555,1.001704
0.998325,0.994872,1.001704,0.984694
0.988255,0.989691,0.984694,1.0
0.983022,0.979167,1.0,1.01209
1.015544,1.019504,1.01209,1.010239
1.010204,1.013913,1.010239,0.97973
0.994949,0.994854,0.97973,1.003448
0.99154,0.993103,1.003448,0.994845
0.998294,1.001736,0.994845,1.013817
1.003419,1.0,1.013817,1.017036
1.022147,1.012132,1.017036,0.98995
0.998333,1.008562,0.98995,1.003384
0.991653,0.994907,1.003384,0.991568
1.001684,0.994881,0.991568,0.97449
0.989916,0.979417,0.97449,1.005236
0.981324,0.994746,1.005236,0.998264
1.00519,1.008803,0.998264,1.001739
0.994836,0.994764,1.001739,1.005208
1.00173,1.003509,1.005208,0.996546
1.001727,1.005245,0.996546,1.0
0.996552,0.998261,1.0,1.008666
1.019031,1.0,1.008666,0.989691
0.98472,0.998258,0.989691,0.991319
0.998276,0.993019,0.991319,1.005254
0.991364,1.0,1.005254,0.972125
1.0,0.973638,0.972125,0.998208
0.982578,0.98556,0.998208,1.0
0.991135,1.014652,1.0,1.003591
1.010733,1.001805,1.003591,1.003578
0.99646,1.003604,1.003578,0.98574
1.0,0.989228,0.98574,1.001808
0.991119,1.0,1.001808,1.025271
1.021505,1.001815,1.025271,1.015845
1.033333,1.025362,1.015845,1.003466
0.989813,1.007067,1.003466,1.001727
1.001715,1.007018,1.001727,1.060345
1.071918,1.013937,1.060345,1.019512
1.028754,1.044674,1.019512,1.022329
1.018634,1.019737,1.022329,0.982839
0.981707,1.008065,0.982839,0.988889
0.978261,0.9808,0.988889,1.004815
1.028571,1.013051,1.004815,0.996805
1.001543,0.983897,0.996805,1.089744
1.057011,1.00491,1.089744,0.944118
0.98105,1.02443,0.944118,1.004673
0.973254,1.007949,1.004673,0.984496
0.996947,0.987382,0.984496,0.998425
0.972435,0.995208,0.998425,1.014196
1.023622,1.012841,1.014196,0.990669
0.996923,0.998415,0.990669,0.989011
0.989198,0.993651,0.989011,1.033333
1.070203,0.995208,1.033333,1.009217
0.98105,1.035313,1.009217,1.013699
1.022288,1.0,1.013699,0.983483
0.969477,0.993798,0.983483,0.941985
0.989505,0.957878,0.941985,0.97893
0.927273,0.939739,0.97893,1.006623
1.004902,1.005199,1.006623,0.942434
0.978862,0.984483,0.942434,0.989529
0.983389,0.957968,0.989529,0.987654
0.967905,1.012797,0.987654,0.914286
0.958115,0.911552,0.914286,1.003906
0.945355,1.009901,1.003906,1.003891
1.021195,1.003922,1.003891,0.994186
0.977358,0.992188,0.994186,1.021442
1.013514,1.017717,1.021442,1.028626
1.047619,1.009671,1.028626,1.014842
1.005455,1.01341,1.014842,0.976234
0.98915,1.007561,0.976234,1.009363
1.0,0.983114,1.009363,0.992579
0.981718,1.003817,0.992579,1.001869
1.011173,1.0,1.001869,1.007463
1.003683,1.020913,1.007463,1.07963
1.075229,1.001862,1.07963,0.96741
0.994881,1.046468,0.96741,1.010638
0.993139,1.005329,1.010638,1.005263
0.993092,0.998233,1.005263,0.994764
1.013913,1.0,0.994764,0.991228
0.979417,0.99823,0.991228,0.985841
0.992995,0.984043,0.985841,0.994614
0.994709,0.992793,0.994614,1.012635
1.0,1.00363,1.012635,0.989305
0.998227,0.998192,0.989305,0.981982
0.980462,0.969203,0.981982,1.00367
1.009058,1.018692,1.00367,0.992687
0.991023,0.990826,0.992687,0.955801
0.956522,0.942593,0.955801,1.013487
0.998106,0.998035,1.013487,1.015209
1.02277,1.043307,1.015209,1.001873
1.005566,0.992453,1.001873,1.035514
1.03321,1.003802,1.035514,0.980144
0.9875,1.022727,0.980144,0.987109
0.994575,0.988889,0.987109,0.98694
0.969091,0.979401,0.98694,1.0
1.001876,1.003824,1.0,1.028355
1.026217,0.990476,1.028355,0.998162
0.998175,1.030769,0.998162,1.0
1.0,1.005597,1.0,0.983425
0.998172,0.990724,0.983425,1.011236
0.992674,1.0,1.011236,1.009259
1.031365,1.011236,1.009259,0.987156
0.980322,0.990741,0.987156,1.009294
0.99635,0.996262,1.009294,1.016575
1.014652,1.013133,1.016575,1.001812
1.009025,1.012963,1.001812,1.01085
1.003578,1.0,1.01085,1.023256
1.024955,1.016453,1.023256,0.998252
1.003478,1.017986,0.998252,0.982487
0.998267,0.985866,0.982487,1.016043
0.991319,1.003584,1.016043,0.985965
0.996497,1.0,0.985965,1.0
0.994728,0.996429,1.0,1.023132
1.028269,1.005376,1.023132,1.022609
1.020619,1.024955,1.022609,0.994898
0.994949,1.012174,0.994898,1.003419
1.001692,1.001718,1.003419,1.045997
1.055743,1.006861,1.045997,0.986971
0.9872,1.025554,0.986971,0.973597
0.983793,0.975083,0.973597,1.015254
0.990115,0.998296,1.015254,1.0
1.006656,1.010239,1.0,1.008347
1.018182,1.015203,1.008347,0.993377
0.980519,0.983361,0.993377,1.011667
1.011589,1.010152,1.011667,1.008237
1.011457,1.018425,1.008237,0.995098
1.001618,1.0,0.995098,1.013136
1.008078,0.990132,1.013136,0.996759
0.995192,1.013289,0.996759,0.98374
0.987118,0.983607,0.98374,0.996694
1.0,0.998333,0.996694,0.945274
0.969005,0.949917,0.945274,1.02807
0.989899,1.00703,1.02807,1.001706
1.008503,1.006981,1.001706,0.996593
0.998314,1.008666,0.996593,1.008547
1.0,0.994845,1.008547,0.989831
0.994932,1.0,0.989831,0.993151
0.994907,0.994819,0.993151,0.97069
0.989761,0.96875,0.97069,1.003552
0.984483,1.0,1.003552,1.00531
0.998249,1.005376,1.00531,0.994718
1.026316,1.003565,0.994718,0.99823
0.979487,0.996448,0.99823,1.015957
1.008726,0.998217,1.015957,0.902269
0.972318,0.921429,0.902269,1.021277
0.941281,0.996124,1.021277,1.005682
1.026465,1.023346,1.005682,1.022599
1.001842,0.996198,1.022599,0.992634
1.012868,1.013359,0.992634,0.985158
0.970962,0.977401,0.985158,1.003766
1.016822,1.015414,1.003766,0.984991
0.985294,0.988615,0.984991,1.034286
1.014925,1.003839,1.034286,0.935543
0.979779,0.954111,0.935543,1.005906
0.9606,0.995992,1.005906,0.976517
0.998047,1.0,0.976517,0.911824
0.984344,0.905433,0.911824,0.962637
0.908549,0.933333,0.962637,1.013699
0.980306,1.030952,1.013699,1.02027
1.017857,1.027714,1.02027,0.95585
0.982456,0.952809,0.95585,1.034642
1.006696,1.011792,1.034642,1.006696
1.02439,1.044289,1.006696,1.006652
0.984848,0.979911,1.006652,0.982379
0.993407,1.004556,0.982379,0.997758
0.997788,1.006803,0.997758,0.988764
0.993348,0.988739,0.988764,1.013636
1.0,0.984055,1.013636,1.008969
1.008929,1.018519,1.008969,1.037778
1.039823,1.025,1.037778,0.991435
0.997872,1.022173,0.991435,1.006479
1.004264,1.004338,1.006479,1.01073
1.008493,1.0,1.01073,0.968153
0.991579,0.978402,0.968153,1.032895
1.006369,1.004415,1.032895,0.961783
0.989451,0.991209,0.961783,0.971302
0.963753,0.937916,0.971302,0.993182
0.982301,1.026005,0.993182,0.967963
0.988739,0.97235,0.967963,1.035461
1.0,1.00237,1.035461,1.006849
1.015945,1.033097,1.006849,1.024943
1.020179,1.004577,1.024943,1.035398
1.043956,1.027335,1.035398,1.00641
1.002105,1.006652,1.00641,1.002123
1.010504,1.022026,1.002123,0.980932
0.985447,0.991379,0.980932,0.974082
0.966245,0.969565,0.974082,1.002217
1.008734,1.002242,1.002217,0.920354
0.909091,0.901566,0.920354,1.004808
1.002381,1.022333,1.004808,0.995215
0.997625,1.009709,0.995215,1.0
1.0,0.997596,1.0,1.009615
1.002381,0.995181,1.009615,1.009524
1.011876,1.007264,1.009524,1.004717
1.002347,1.014423,1.004717,1.002347
1.004684,1.004739,1.002347,0.992974
0.997669,0.985849,0.992974,0.995283
0.997664,0.997608,0.995283,0.99763
0.992974,0.997602,0.99763,1.021378
1.021226,1.009615,1.021378,0.997674
1.006928,1.019048,0.997674,0.981352
0.986239,0.974299,0.981352,0.995249
0.990698,1.0,0.995249,0.98568
0.99061,0.98801,0.98568,0.995157
0.978673,0.987864,0.995157,0.992701
1.0,1.0,0.992701,1.017157
1.004843,1.0,1.017157,1.0
1.009639,1.012285,1.0,0.983133
0.990453,0.985437,0.983133,1.012255
0.99759,0.992611,1.012255,1.038741
1.057971,1.014888,1.038741,0.981352
0.977169,1.01956,0.981352,1.016627
1.009346,1.007194,1.016627,0.983645
0.976852,0.990476,0.983645,1.002375
1.009479,1.007212,1.002375,0.995261
0.995305,0.997613,0.995261,1.05
1.089623,1.004785,1.05,0.947846
0.935065,0.990476,0.947846,0.995215
0.976852,1.0,0.995215,0.995192
0.995261,0.990385,0.995192,0.905797
0.97381,0.90534,0.905797,1.008
0.93154,0.951743,1.008,0.965608
1.023622,1.028169,0.965608,0.99726
0.966667,0.989041,0.99726,1.013736
0.98939,1.00554,1.013736,1.02168
1.045576,1.022039,1.02168,1.047745
1.015385,0.991914,1.047745,1.060759
1.060606,1.0625,1.060759,0.940334
1.0,0.997442,0.940334,0.989848
0.95,0.992308,0.989848,0.989744
0.967419,0.945736,0.989744,1.018135
1.054404,1.051913,1.018135,0.977099
0.980344,0.992208,0.977099,0.994792
0.972431,0.97644,0.994792,1.007853
1.007732,1.024129,1.007853,0.98961
1.005115,0.994764,0.98961,1.023622
0.994911,1.007895,1.023622,1.005128
1.002558,1.005222,1.005128,0.994898
1.0,1.0,0.994898,0.992308
1.002551,0.997403,0.992308,0.992248
0.989822,0.997396,0.992248,0.989583
0.987147,0.986945,0.989583,1.018421
1.010417,1.0,1.018421,1.018088
1.025773,1.018519,1.018088,1.005076
1.0,1.015584,1.005076,1.002525
1.0,1.007673,1.002525,1.010076
1.017588,1.002538,1.010076,1.027431
1.019753,1.017722,1.027431,0.975728
1.0,0.997512,0.975728,0.997512
0.98063,0.982544,0.997512,0.995012
1.0,1.005076,0.995012,0.969925
0.982716,0.969697,0.969925,0.989664
0.982412,0.997396,0.989664,1.0
0.994885,0.986945,1.0,1.0
0.989717,1.0,1.0,0.971279
1.002597,0.978836,0.971279,1.005376
0.976684,1.0,1.005376,1.024064
1.02122,1.024324,1.024064,1.010444
1.005195,1.0,1.010444,1.0
1.015504,1.002639,1.0,0.984496
0.982188,1.002632,0.984496,1.0
0.997409,0.997375,1.0,0.989501
0.98961,0.984211,0.989501,1.023873
1.031496,1.026738,1.023873,1.007772
0.997455,1.002604,1.007772,1.017995
1.020408,1.005195,1.017995,0.992424
0.995,1.010336,0.992424,1.043257
1.042714,1.002558,1.043257,0.97561
0.983133,1.0,0.97561,1.0
1.0,1.007653,1.0,1.01
1.019608,1.01519,1.01,0.980198
0.961538,0.9601,0.980198,0.989899
0.99,1.01039,0.989899,0.984694
0.984848,0.971722,0.984694,0.981865
0.992308,1.0,0.981865,1.055409
1.072351,1.013228,1.055409,1.0125
0.990361,1.041775,1.0125,1.002469
0.995134,0.997494,1.002469,0.977833
0.99511,0.992462,0.977833,1.020151
0.995086,0.987342,1.020151,1.0
1.009877,1.025641,1.0,0.985185
0.98533,0.9925,0.985185,1.030075
1.066998,1.005038,1.030075,1.019465
0.995349,1.012531,1.019465,1.009547
1.021028,1.022277,1.009547,1.007092
0.981693,1.009685,1.007092,1.002347
1.002331,1.014388,1.002347,0.990632
0.993023,0.985816,0.990632,0.98818
0.992974,1.0,0.98818,1.002392
0.992925,0.997602,1.002392,0.988067
0.997625,0.987981,0.988067,0.980676
0.990476,0.985401,0.980676,1.004926
0.983173,0.995062,1.004926,0.997549
1.0,1.004963,0.997549,1.007371
1.017115,1.004938,1.007371,0.997561
1.007212,1.002457,0.997561,1.0
0.997613,0.980392,1.0,1.012225
0.997608,1.0125,1.012225,0.987923
1.004796,1.004938,0.987923,1.012225
0.990453,1.004914,1.012225,1.014493
1.012048,1.00489,1.014493,1.02619
1.042857,1.014599,1.02619,1.00464
0.997717,1.023981,1.00464,1.018476
1.018307,1.002342,1.018476,0.988662
0.995506,1.011682,0.988662,1.034404
1.022573,1.011547,1.034404,1.070953
1.094923,1.086758,1.070953,0.971014
0.97379,0.976891,0.971014,0.982942
0.985507,0.967742,0.982942,1.002169
0.972689,1.008889,1.002169,1.032468
1.032397,1.019824,1.032468,0.979036
1.0,1.006479,0.979036,1.006424
0.995816,0.997854,1.006424,1.008511
1.0,1.004301,1.008511,0.995781
1.0,1.002141,0.995781,1.04661
1.081933,1.010684,1.04661,1.012146
0.984466,1.035941,1.012146,0.998
0.994083,1.0,0.998,0.991984
0.994048,0.995918,0.991984,0.951515
0.98004,0.965164,0.951515,1.025478
0.995927,1.0,1.025478,1.018634
1.022495,1.027601,1.018634,1.0
0.998,1.008264,1.0,0.96748
0.991984,0.973361,0.96748,1.039916
1.00404,1.014737,1.039916,1.034343
1.032193,1.029046,1.034343,1.001953
1.017544,1.024194,1.001953,1.0
0.992337,0.994094,1.0,1.013645
1.025097,1.021782,1.013645,1.032692
1.013183,1.001938,1.032692,0.973929
0.98513,1.007737,0.973929,0.973231
0.99434,0.971209,0.973231,1.037328
1.005693,1.007905,1.037328,0.984848
1.00566,1.017647,0.984848,1.036538
1.020638,0.998073,1.036538,1.055659
1.053309,1.052124,1.055659,1.031634
1.078534,1.06789,1.031634,1.003407
0.969256,0.989691,1.003407,0.998302
0.998331,1.012153,0.998302,0.986395
0.994983,0.979417,0.986395,1.02069
1.021849,1.021016,1.02069,0.981419
0.972039,0.982847,0.981419,0.982788
0.993232,0.99651,0.982788,1.010508
0.989779,0.985989,1.010508,1.001733
1.013769,1.026643,1.001733,0.989619
0.981324,0.960208,0.989619,0.98951
0.99308,1.014414,0.98951,0.998233
1.003484,1.0,0.998233,0.982301
0.984375,0.969805,0.982301,0.972973
0.977072,0.987179,0.972973,0.977778
0.983755,0.979592,0.977778,1.011364
0.987156,0.992424,1.011364,0.966292
0.998141,0.982824,0.966292,0.988372
0.964618,0.984466,0.988372,0.970588
0.990347,0.974359,0.970588,1.016162
0.982456,0.991903,1.016162,0.902584
0.984127,0.92449,0.902584,1.046256
0.957661,1.011038,1.046256,0.987368
1.010526,1.0,0.987368,1.008529
1.002083,1.008734,1.008529,1.031712
1.016632,1.019481,1.031712,0.977459
0.989775,1.008493,0.977459,0.985325
0.983471,0.981053,0.985325,1.010638
1.006303,1.012876,1.010638,1.012632
1.006263,1.002119,1.012632,0.956341
1.008299,0.964059,0.956341,0.995652
0.950617,0.971491,0.995652,1.010917
1.006494,1.022573,1.010917,0.980562
0.995699,0.986755,0.980562,0.980176
0.982721,0.991051,0.980176,1.011236
1.002198,1.002257,1.011236,1.011111
1.004386,1.004505,1.011111,1.0
1.00655,1.015695,1.0,1.006593
0.993492,0.997792,1.006593,0.982533
1.0,0.993363,0.982533,1.013333
0.997817,1.002227,1.013333,0.991228
0.997812,1.0,0.991228,0.986726
0.991228,0.986667,0.986726,1.008969
1.004425,1.006757,1.008969,0.997778
0.997797,0.995526,0.997778,1.028953
1.019868,1.002247,1.028953,1.025974
1.025974,1.026906,1.025974,0.989451
1.010549,1.021834,0.989451,0.993603
0.985386,0.991453,0.993603,1.042918
1.07839,1.030172,1.042918,1.016461
0.976424,1.006276,1.016461,0.981781
0.985915,1.002079,0.981781,1.002062
1.012245,1.008299,1.002062,1.012346
1.002016,0.995885,1.012346,0.993902
0.995976,1.006198,0.993902,1.006135
0.99596,1.002053,1.006135,1.006098
1.004057,1.0,1.006098,0.991919
0.99798,1.004098,0.991919,1.0
1.0,0.997959,1.0,0.991853
0.995951,0.989775,0.991853,1.014374
1.006098,1.012397,1.014374,1.01417
1.018182,1.0,1.01417,1.017964
1.019841,1.018367,1.017964,1.003922
1.015564,1.014028,1.003922,1.0
0.990421,1.0,1.0,0.988281
0.988395,0.978261,0.988281,0.994071
0.994129,1.010101,0.994071,0.986083
0.992126,0.992,0.986083,1.012097
1.0,1.004032,1.012097,1.001992
1.005952,0.997992,1.001992,1.005964
1.003945,1.008048,1.005964,1.003953
1.003929,1.005988,1.003953,0.992126
0.998043,0.998016,0.992126,1.003968
0.996078,0.992048,1.003968,1.003953
1.007874,1.012024,1.003953,0.974409
0.996094,0.974257,0.974409,0.991919
0.980392,0.99187,0.991919,0.991853
0.992,0.989754,0.991853,0.99384
0.983871,0.993789,0.99384,0.985537
0.993852,0.985417,0.985537,0.981132
0.983505,0.978858,0.981132,1.002137
0.989518,1.008639,1.002137,0.995736
0.995763,0.987152,0.995736,0.980728
0.993617,0.993492,0.980728,0.980349
0.96788,0.969432,0.980349,1.011136
1.024336,1.018018,1.011136,0.973568
0.971922,0.957965,0.973568,1.006787
1.006667,1.027714,1.006787,1.002247
1.0,1.002247,1.002247,0.997758
1.0,0.993274,0.997758,1.013483
0.997792,1.0,1.013483,0.993348
0.997788,1.004515,0.993348,1.006696
1.011086,1.013483,1.006696,1.011086
1.0,0.980044,1.011086,1.002193
1.006579,1.022624,1.002193,1.045952
1.045752,1.022124,1.045952,1.033473
1.052083,1.019481,1.033473,1.0
0.992079,1.04034,1.0,1.004049
1.005988,1.004082,1.004049,1.002016
1.001984,1.006098,1.002016,0.995976
0.984158,0.979798,0.995976,1.006061
1.022133,1.020619,1.006061,0.991968
0.998031,0.993939,0.991968,0.989879
0.980276,0.99187,0.989879,0.989775
0.997988,0.991803,0.989775,1.012397
0.993952,1.002066,1.012397,1.0
1.0,1.006186,1.0,1.022449
1.024341,0.995902,1.022449,1.0
1.009901,1.026749,1.0,0.99002
0.994118,0.991984,0.99002,1.006048
0.994083,1.00202,1.006048,0.991984
0.994048,0.983871,0.991984,1.00202
1.001996,1.008197,1.00202,1.038306
1.033865,1.0,1.038306,0.982524
1.0,1.02439,0.982524,0.972332
0.976879,0.97619,0.972332,1.004065
0.980276,0.995935,1.004065,1.002024
0.997988,1.002041,1.002024,0.99798
1.002016,1.0,0.99798,0.995951
0.993964,0.989817,0.995951,1.012195
1.008097,1.012346,1.012195,1.0
1.006024,1.002033,1.0,1.008032
1.001996,1.006085,1.008032,1.031873
1.031873,1.016129,1.031873,1.03668
1.048263,1.03373,1.03668,0.998138
0.994475,1.015355,0.998138,1.003731
0.996296,1.003781,1.003731,0.996283
1.009294,1.00565,0.996283,1.011194
1.003683,1.001873,1.011194,1.012915
1.016514,1.016822,1.012915,0.979964
0.998195,0.983456,0.979964,0.977695
0.985533,0.981308,0.977695,0.980989
0.966972,0.980952,0.980989,0.988372
1.003795,0.984466,0.988372,1.02549
1.00189,1.0,1.02549,1.013384
1.018868,1.037475,1.013384,0.988679
0.988889,0.994297,0.988679,0.986641
0.981273,0.984704,0.986641,1.01354
1.001908,1.003883,1.01354,0.990458
0.998095,0.996132,0.990458,0.976879
0.986641,0.984466,0.976879,1.005917
0.992263,0.996055,1.005917,0.994118
1.0,1.0,0.994118,1.011834
1.003899,1.00198,1.011834,1.005848
1.005825,1.013834,1.005848,1.001938
1.003861,1.0,1.001938,1.001934
1.003846,1.003899,1.001934,0.996139
1.001916,1.0,0.996139,0.998062
0.996176,0.998058,0.998062,0.990291
0.996161,0.988327,0.990291,0.990196
0.986513,0.990157,0.990196,1.009901
1.0,1.001988,1.009901,0.978431
0.996094,0.980159,0.978431,0.997996
0.986275,1.006073,0.997996,0.983936
0.994036,0.975855,0.983936,1.006122
0.996,1.008247,1.006122,0.98783
0.997992,0.993865,0.98783,0.99384
0.983903,0.989712,0.99384,1.008264
1.002045,1.006237,1.008264,1.032787
1.034694,1.004132,1.032787,0.980159
0.994083,1.016461,0.980159,0.989879
0.978175,0.98583,0.989879,0.985685
0.995943,0.985626,0.985685,0.985477
0.983707,0.985417,0.985477,0.993684
0.983437,0.993658,0.993684,1.004237
1.002105,1.0,1.004237,0.991561
0.993697,0.997872,0.991561,1.010638
1.006342,0.997868,1.010638,1.004211
1.012605,1.008547,1.004211,1.006289
1.006224,1.012712,1.006289,1.002083
0.993814,1.0,1.002083,1.0
1.006224,0.997908,1.0,0.991684
0.991753,1.0,0.991684,1.023061
1.018711,0.997904,1.023061,1.016393
1.014286,1.021008,1.016393,1.024194
1.030181,1.020576,1.024194,0.994094
0.998047,1.012097,0.994094,0.980198
0.990215,0.984064,0.980198,0.99798
1.0,0.995951,0.99798,0.959514
0.980237,0.963415,0.959514,0.983122
0.953629,0.968354,0.983122,0.98927
0.980973,1.0,0.98927,1.052061
1.047414,1.008715,1.052061,1.012371
1.024691,1.041037,1.012371,0.997963
0.995984,1.010373,0.997963,0.987755
