0.995142,0.984362,1.005747,1.001633
1.017087,1.011706,1.001633,0.99022
0.9968,0.993388,0.99022,0.992593
0.97512,0.985857,0.992593,1.02073
1.017284,0.994093,1.02073,1.009748
1.007282,1.022071,1.009748,0.970233
0.994378,1.0,0.970233,1.024046
1.004039,1.0,1.024046,1.040486
1.057924,1.033223,1.040486,1.005447
1.00076,1.0209,1.005447,0.98065
0.987842,0.990551,0.98065,0.973954
0.98,0.971383,0.973954,1.008104
0.978022,0.998363,1.008104,0.992765
0.995987,0.957377,0.992765,0.953846
0.983078,1.005137,0.953846,0.928693
0.97377,0.930153,0.928693,0.960695
0.930135,0.943223,0.960695,1.012369
0.975566,1.017476,1.012369,1.007519
1.007421,1.001908,1.007519,1.007463
1.003683,1.001905,1.007463,1.033333
1.040367,1.027567,1.033333,1.016129
1.0,1.008326,1.016129,1.0097
1.017637,1.02844,1.0097,0.971179
0.995667,0.977698,0.971179,0.972122
0.978242,0.981752,0.972122,1.010176
0.97242,0.994424,1.010176,1.043956
1.046661,1.019626,1.043956,0.992982
1.005245,1.031164,0.992982,1.061837
1.054783,1.006222,1.061837,0.998336
0.997527,1.04417,0.998336,1.0225
1.020661,1.003384,1.0225,1.012225
1.014575,1.01855,1.012225,0.993559
1.001596,1.015728,0.993559,0.99919
0.995219,0.98696,0.99919,1.010543
1.014412,1.016515,1.010543,1.009631
1.008682,1.006499,1.009631,1.015103
1.018779,1.017756,1.015103,0.945967
0.986175,0.951626,0.945967,1.018212
0.975078,1.015,1.018212,1.001626
0.997604,1.001642,1.001626,0.987013
0.986389,0.97541,0.987013,0.976151
0.987013,0.983193,0.976151,0.988206
0.98273,0.983761,0.988206,0.997442
0.995816,1.008688,0.997442,0.995726
0.991597,0.991387,0.995726,1.014592
1.002542,1.006082,1.014592,1.017766
1.021978,1.01468,1.017766,0.992519
1.004136,1.012766,0.992519,1.0
0.992586,0.994118,1.0,0.9933
0.994191,0.996619,0.9933,0.990725
0.996661,0.986429,0.990725,1.024681
1.010888,1.012898,1.024681,0.992525
1.009114,1.008489,0.992525,1.017573
0.998358,0.997475,1.017573,1.001645
1.013158,1.017722,1.001645,1.004926
1.003247,1.004975,1.004926,0.973856
0.995146,0.980198,0.973856,1.022651
0.995122,0.996633,1.022651,0.991797
1.000817,1.010135,0.991797,1.031431
1.019592,1.007525,1.031431,0.988773
0.998399,1.014108,0.988773,0.993512
1.002406,0.993453,0.993512,1.003265
0.9928,1.004119,1.003265,1.025224
1.01531,1.009024,1.025224,0.950794
0.999206,0.934959,0.950794,0.989983
0.952343,1.01913,0.989983,0.987352
0.998332,0.996587,0.987352,1.00427
0.987469,0.990582,1.00427,0.954082
1.00423,0.968021,0.954082,1.004456
0.961247,0.983929,1.004456,1.031943
1.023663,1.023593,1.031943,1.046432
1.09161,1.044326,1.046432,1.002465
0.967843,1.011885,1.002465,1.0
1.004052,1.012584,1.0,0.956557
0.98063,0.934548,0.956557,0.982862
0.967901,1.006206,0.982862,0.951177
0.988946,0.960352,0.951177,0.964253
0.938091,0.936697,0.964253,0.991445
0.95967,0.989226,0.991445,1.026846
1.023878,1.009901,1.026846,0.984127
1.022388,1.030392,0.984127,1.033207
1.007299,0.975262,1.033207,0.964187
0.988225,0.977561,0.964187,0.980952
0.988084,1.00998,0.980952,0.962136
0.963822,0.964427,0.962136,1.0222
0.979788,0.991803,1.0222,1.005923
1.011788,1.025826,1.005923,0.9
0.980583,0.923464,0.9,1.0
1.0,1.0,1.0,1.008724
0.937624,1.003272,1.008724,0.961081
0.972545,0.957609,0.961081,1.0
0.977199,0.942111,1.0,1.04162
1.032222,1.071084,1.04162,0.983801
1.004306,1.006749,0.983801,1.006586
0.990354,1.011173,1.006586,1.1
1.091991,0.994475,1.1,0.989098
1.030723,1.075556,0.989098,0.945892
0.960577,0.971074,0.945892,1.026483
0.98999,0.979787,1.026483,0.997936
0.978766,1.001086,0.997936,0.975181
1.004132,1.022777,0.975181,1.033934
1.010288,0.994698,1.033934,1.020513
1.016293,1.007463,1.020513,1.027136
1.031062,1.042328,1.027136,1.059687
1.06414,1.04264,1.059687,0.9
0.9,0.9,0.9,0.961134
0.986444,1.036364,0.961134,1.001093
0.987315,0.997807,1.001093,0.978166
1.002141,0.962637,0.978166,1.020089
0.992521,0.984018,1.020089,1.006565
1.007535,1.058005,1.006565,0.973913
0.987179,0.966009,0.973913,0.981027
0.977273,0.99319,0.981027,0.994312
0.981174,0.987429,0.994312,1.004577
0.995485,1.0,1.004577,0.98861
1.02381,0.981481,0.98861,1.003456
0.974529,0.981132,1.003456,0.985075
1.017045,1.019231,0.985075,1.009324
0.969832,0.987028,1.009324,1.002309
1.002304,1.009558,1.002309,1.036866
1.049425,1.016568,1.036866,0.998889
1.009858,1.027939,0.998889,0.951057
0.97397,0.955832,0.951057,1.003509
0.961024,0.96564,1.003509,1.012821
1.006952,1.033129,1.012821,1.024166
1.033372,1.027316,1.024166,0.992135
0.998886,1.011561,0.992135,0.939977
0.985507,0.947429,0.939977,1.001205
0.942308,0.984318,1.001205,1.01444
1.016807,1.0,1.01444,1.02847
1.024793,1.033088,1.02847,1.008074
1.029954,1.033215,1.008074,1.010297
0.989933,0.990815,1.010297,0.996602
1.00226,1.004635,0.996602,1.009091
1.011274,1.010381,1.009091,1.003378
1.003344,1.005708,1.003378,1.020202
1.015556,0.99319,1.020202,1.019802
1.027352,1.027429,1.019802,0.990291
0.985091,1.006674,0.990291,1.018519
1.012973,1.01105,1.018519,0.963636
1.006403,0.983607,0.963636,1.026637
0.983033,0.997778,1.026637,0.993514
1.006472,1.013363,0.993514,1.01741
1.006431,1.003297,1.01741,1.007487
1.00426,1.010953,1.007487,0.953291
1.0,0.971831,0.953291,1.001114
0.966066,0.988852,1.001114,0.969967
0.986828,0.980834,0.969967,1.036697
1.006674,1.006897,1.036697,1.02323
1.025414,1.021689,1.02323,1.007568
1.010776,1.027933,1.007568,1.013948
1.014925,1.005435,1.013948,0.990476
1.00105,1.002162,0.990476,1.024573
1.011542,0.990291,1.024573,1.019812
1.023859,1.033769,1.019812,1.023517
1.026342,1.021075,1.023517,0.956044
0.98618,0.976264,0.956044,0.986416
0.96997,0.989429,0.986416,1.004237
0.988648,0.989316,1.004237,1.023207
1.014614,1.026998,1.023207,1.013402
1.020576,0.998948,1.013402,1.019329
1.012097,1.008421,1.019329,1.052894
1.093625,1.041754,1.052894,0.983886
0.968124,1.023046,0.983886,1.006744
1.015992,1.013712,1.006744,0.981818
0.974074,0.976812,0.981818,1.015595
0.993346,0.999011,1.015595,0.96929
0.997129,0.99505,0.96929,1.025743
1.001919,1.0,1.025743,1.011583
1.01341,1.026866,1.011583,0.999046
1.011342,1.004845,0.999046,0.967526
0.984112,0.970106,0.967526,0.958539
0.966762,0.946322,0.958539,0.962925
0.96169,0.971639,0.962925,0.989305
0.959142,0.978378,0.989305,1.005405
0.992545,0.994475,1.005405,1.025806
1.030043,1.027778,1.025806,0.985325
0.996875,1.006486,0.985325,1.002128
1.008359,1.006445,1.002128,1.0
0.981347,0.98826,1.0,1.016985
1.017951,1.019438,1.016985,1.009395
1.009336,1.008475,1.009395,0.991727
0.991778,0.997899,0.991727,1.019812
1.015544,0.997895,1.019812,1.015337
1.017347,0.996835,1.015337,1.011078
1.035105,1.028571,1.011078,0.932271
0.971899,0.951646,0.932271,1.021368
0.955135,1.008649,1.021368,0.982218
0.996868,0.995713,0.982218,1.013845
1.0,1.007535,1.013845,1.016807
1.045026,1.025641,1.016807,1.021694
0.996994,1.00625,1.021694,1.026289
1.034171,1.006211,1.026289,0.967488
0.981535,1.007202,0.967488,0.996945
0.979208,0.986721,0.996945,1.045965
1.041456,1.005176,1.045965,1.015625
1.017476,1.040165,1.015625,0.980769
0.991412,0.99802,0.980769,1.0
1.014437,1.006944,1.0,1.02451
0.99241,0.994089,1.02451,1.010526
1.021033,1.025768,1.010526,1.022727
1.018727,1.009662,1.022727,0.987037
1.006434,1.003828,0.987037,0.994371
0.975342,0.989514,0.994371,0.973585
1.014045,0.990366,0.973585,0.910853
0.961219,0.907588,0.910853,1.01383
0.917387,1.002144,1.01383,1.0
1.0,1.0,1.0,0.998951
1.027225,0.951872,0.998951,1.009454
0.993884,1.032584,1.009454,0.986472
0.990769,1.01197,0.986472,0.99789
0.994824,1.005376,0.99789,0.960888
0.983351,0.95615,0.960888,1.045105
1.007407,1.00783,1.045105,1.054737
1.069328,1.045505,1.054737,0.981038
1.000982,1.037155,0.981038,0.97762
0.960746,0.970317,0.97762,1.010406
0.994893,0.968354,1.010406,1.024717
1.023614,1.040305,1.024717,0.988945
1.018054,1.027225,0.988945,0.98374
0.987192,0.978593,0.98374,0.975207
0.976048,0.975,0.975207,1.001059
0.974438,0.983974,1.001059,0.993651
0.994753,1.010858,0.993651,0.998935
0.99789,0.990333,0.998935,1.006397
1.008457,1.006508,1.006397,1.047669
1.057652,1.010776,1.047669,1.024267
1.007929,1.035181,1.024267,0.987167
1.020649,1.023687,0.987167,0.986
0.963391,0.985915,0.986,1.004057
1.009,0.990816,1.004057,0.978788
0.986125,0.962925,0.978788,1.040248
1.019095,1.027807,1.040248,1.001984
1.033531,1.03538,1.001984,0.967327
0.968511,0.977889,0.967327,0.98567
0.975369,0.982528,0.98567,0.973001
1.005051,0.968619,0.973001,0.978655
0.944724,0.988121,0.978655,1.015267
0.995745,1.002186,1.015267,1.029001
1.024573,1.001091,1.029001,1.002088
1.007299,1.029412,1.002088,1.001042
1.00207,1.001058,1.001042,1.006243
1.001033,1.003171,1.006243,0.992761
1.022704,1.006322,0.992761,0.986458
0.973764,0.981152,0.986458,0.977825
0.982383,0.987193,0.977825,1.00324
0.982068,0.989189,1.00324,0.998924
1.003222,0.998907,0.998924,0.991379
0.998929,1.00547,0.991379,0.969565
0.990354,0.96518,0.969565,0.956278
0.959957,0.960541,0.956278,1.002345
0.96956,0.998826,1.002345,1.02924
1.056977,0.99765,1.02924,0.955682
0.962596,0.989399,0.955682,1.003567
0.978286,0.997619,1.003567,0.982227
0.992991,0.988067,0.982227,0.978287
0.977647,0.964976,0.978287,1.01233
0.98917,1.007509,1.01233,1.014616
1.017032,1.0,1.014616,1.042017
1.043062,1.021118,1.042017,1.0
1.008028,1.034063,1.0,1.008065
1.012514,1.008235,1.008065,0.974857
0.98427,0.992999,0.974857,1.022274
0.996575,0.998825,1.022274,1.005734
1.010309,1.017647,1.005734,1.010262
1.00907,1.013873,1.010262,1.005643
1.005618,1.003421,1.005643,1.046016
1.043575,1.001136,1.046016,1.022532
1.026767,1.034052,1.022532,1.005247
1.005214,1.019759,1.005247,1.0
1.016598,1.011841,1.0,0.947808
0.97449,0.957447,0.947808,1.003304
0.961257,0.997778,1.003304,1.031833
1.030501,1.007795,1.031833,1.006383
1.021142,1.028729,1.006383,1.0074
0.989648,0.993555,1.0074,1.001049
1.001046,1.010811,1.001049,1.020964
1.021944,1.007487,1.020964,0.99384
0.998978,1.005308,0.99384,1.014463
1.0174,1.006336,1.014463,0.984725
1.003018,1.010493,0.984725,0.991727
0.968907,0.986501,0.991727,1.004171
0.998965,1.003158,1.004171,0.978193
0.993782,0.987408,0.978193,0.997877
0.995829,0.993624,0.997877,1.015957
1.006283,1.00107,1.015957,1.004188
1.001041,0.980769,1.004188,1.01877
1.02079,1.035948,1.01877,1.003071
1.01833,1.015773,1.003071,1.010204
0.996,1.004141,1.010204,0.988889
1.014056,1.007216,0.988889,0.986721
0.975248,0.972364,0.986721,1.019669
1.003046,1.006316,1.019669,0.994924
1.006073,1.019874,0.994924,0.989796
0.990946,0.991795,0.989796,1.029897
1.015228,1.003102,1.029897,0.996997
1.028,1.020619,0.996997,1.023092
1.009728,0.960606,1.023092,0.981354
1.001927,1.025237,0.981354,1.019
0.984615,1.010256,1.019,0.977429
0.998047,1.009137,0.977429,1.006024
0.986301,0.99497,1.006024,0.991018
0.993056,0.995956,0.991018,0.96576
0.997003,0.972589,0.96576,0.994786
0.970942,0.988518,0.994786,1.009434
0.993808,0.997888,1.009434,0.988577
1.0,1.005291,0.988577,0.994748
0.991693,0.987368,0.994748,1.017951
1.012565,1.00533,1.017951,0.96888
0.995863,0.988335,0.96888,1.010707
0.981308,0.997854,1.010707,1.005297
1.004233,1.008602,1.005297,0.982086
1.0,0.992537,0.982086,0.959227
0.98314,0.959184,0.959227,1.0
1.0,1.0,1.0,1.014541
0.974277,0.987682,1.014541,1.015436
1.037404,1.011338,1.015436,0.977199
0.990456,0.957399,0.977199,0.995556
0.973233,1.018735,0.995556,0.962054
0.981298,0.988506,0.962054,1.00116
0.973094,0.993023,1.00116,0.997683
0.998848,0.992974,0.997683,1.004646
1.00346,1.01533,1.004646,1.0
1.0,1.0,1.0,1.016185
1.01954,1.009292,1.016185,0.976109
0.992108,0.986191,0.976109,1.0338
1.009091,1.002334,1.0338,1.024803
1.03491,1.026775,1.024803,0.9956
0.990207,1.004535,0.9956,1.00221
1.006593,1.012415,1.00221,0.984564
0.99345,0.989967,0.984564,0.984323
0.986813,0.987613,0.984323,0.976109
0.986637,0.973774,0.976109,1.01049
0.987585,0.983607,1.01049,0.99308
1.011429,1.02381,0.99308,1.01626
0.99548,0.982558,1.01626,0.980571
0.99546,1.005917,0.980571,0.960373
0.974914,0.950588,0.960373,1.019417
0.982456,1.013614,1.019417,1.010714
1.02381,1.013431,1.010714,0.975265
0.973256,0.979518,0.975265,1.013285
1.016726,1.01722,1.013285,1.004768
0.9953,1.009674,1.004768,1.005931
1.005903,0.991617,1.005931,0.981132
1.001174,1.003623,0.981132,1.002404
0.981243,0.983153,1.002404,0.98801
0.991637,0.991432,0.98801,1.008495
1.007229,1.007407,1.008495,0.987966
1.003589,1.004902,0.987966,1.0
1.0,1.0,1.0,0.959805
0.964243,0.952439,0.959805,0.964467
0.974042,0.96927,0.964467,1.011842
0.977157,1.0,1.011842,0.994798
1.001299,1.005284,0.994798,1.013072
1.010376,0.985545,1.013072,1.021935
1.023107,1.024,1.021935,1.006313
1.006274,1.028646,1.006313,0.993726
1.0,0.996203,0.993726,1.034091
1.029925,1.003812,1.034091,1.029304
1.026634,1.031646,1.029304,0.991696
1.001179,1.013497,0.991696,1.005981
0.992933,1.0,1.005981,1.0
1.002372,1.006053,1.0,0.997622
1.005917,0.993983,0.997622,0.989273
0.997647,1.004843,0.989273,0.995181
0.988208,0.991566,0.995181,1.003632
0.995227,0.99757,1.003632,0.972256
0.990408,0.979294,0.972256,1.013648
0.992736,1.002488,1.013648,1.017136
1.013415,1.014888,1.017136,1.00722
1.008424,1.00489,1.00722,0.994026
1.005967,1.008516,0.994026,0.986779
0.984579,0.984318,0.986779,1.010962
1.003614,1.003676,1.010962,0.980723
0.9988,0.992674,0.980723,1.014742
0.998798,1.00246,1.014742,0.951574
1.002407,0.96319,0.951574,1.022901
0.966387,0.979618,1.022901,1.026119
1.03354,1.029909,1.026119,0.996364
0.998798,1.020202,0.996364,0.993917
0.997593,0.996287,0.993917,1.025704
1.012063,1.007453,1.025704,0.991647
0.996424,1.006165,0.991647,0.969916
0.992823,0.984069,0.969916,0.997519
0.980723,0.996264,0.997519,0.96393
0.964373,0.945,0.96393,0.925161
0.980892,0.935185,0.925161,0.994421
0.932468,0.956153,0.994421,1.068724
1.068245,1.065089,1.068724,1.068241
1.066493,1.025,1.068241,0.998771
0.997555,1.084011,0.998771,1.02214
1.029412,1.005,1.02214,0.984356
0.984524,1.007463,0.984356,0.996333
0.987908,0.988889,0.996333,1.019632
1.035496,1.011236,1.019632,0.997593
0.995272,0.997531,0.997593,1.050663
1.064133,1.024752,1.050663,1.009185
0.988839,1.031401,1.009185,0.996587
1.004515,1.015222,0.996587,1.006849
0.996629,0.99654,1.006849,0.97619
1.0,0.99537,0.97619,0.993031
0.983089,0.983721,0.993031,0.996491
0.988532,0.99409,0.996491,1.014085
1.011601,0.988109,1.014085,0.993056
1.002294,1.018051,0.993056,0.947552
0.989703,0.952719,0.947552,0.95695
0.932948,0.960298,0.95695,0.985861
0.982652,0.985788,0.985861,1.022164
1.003783,0.996068,1.022164,0.985969
0.994975,1.009211,0.985969,1.011643
0.993687,1.003911,1.011643,0.997442
1.001271,0.997403,0.997442,0.997436
0.991117,0.998698,0.997436,1.001285
1.003841,1.005215,1.001285,0.979461
1.001276,0.988327,0.979461,1.023591
1.012739,0.968504,1.023591,0.997439
0.988679,1.04607,0.997439,1.1
1.090331,1.009067,1.1,0.998833
1.007001,1.084724,0.998833,1.007009
1.001159,0.997633,1.007009,1.00348
1.013889,1.010676,1.00348,1.016185
1.017123,0.998826,1.016185,0.990899
0.991021,1.008226,0.990899,1.001148
0.997735,0.996503,1.001148,0.995413
1.001135,0.990643,0.995413,0.998848
0.992063,1.008264,0.998848,1.002307
1.014857,1.001171,1.002307,1.03107
1.027027,0.988304,1.03107,0.965402
0.975877,1.011834,0.965402,0.910983
0.961798,0.912281,0.910983,0.989848
0.926402,0.987179,0.989848,1.0
1.0,1.0,1.0,0.958974
0.968474,0.962338,0.958974,0.985294
0.981771,0.975709,0.985294,0.987788
0.984085,0.997234,0.987788,1.016484
0.998652,0.98613,1.016484,1.016216
1.020243,1.032349,1.016216,1.0
1.013228,1.010899,1.0,0.978723
0.984334,0.990566,0.978723,1.036685
1.026525,1.009524,1.036685,0.998689
1.003876,1.01752,0.998689,1.002625
0.994852,0.997351,1.002625,1.001309
0.992238,0.981408,1.001309,1.016993
1.033898,1.036536,1.016993,1.005141
0.996217,1.006527,1.005141,0.983376
0.997468,0.996109,0.983376,0.986996
0.988579,0.980469,0.986996,1.02108
0.996149,1.007968,1.02108,0.957419
0.992268,0.974967,0.957419,0.995957
0.977922,0.994595,0.995957,1.037889
1.022576,1.009511,1.037889,1.011734
1.011688,1.028264,1.011734,0.966495
1.001284,0.979058,0.966495,1.001333
0.973077,0.995989,1.001333,1.011984
1.013175,0.986577,1.011984,1.014474
1.002601,1.027211,1.014474,0.988327
0.997406,0.986755,0.988327,1.009186
1.007802,1.008054,1.009186,1.002601
0.996129,0.994674,1.002601,0.963684
1.006477,0.990629,0.963684,0.995962
0.96139,0.985135,0.995962,1.013514
1.005355,1.010974,1.013514,0.974667
1.006658,0.947083,0.974667,1.025992
1.002646,1.061605,1.025992,0.992
0.988127,0.985155,0.992,0.986559
1.0,1.00137,0.986559,1.029973
1.013351,0.971272,1.029973,1.02381
1.025033,1.057746,1.02381,1.001292
1.006427,1.01731,1.001292,0.994839
0.997446,1.001309,0.994839,0.989624
0.994878,0.980392,0.989624,0.992136
0.980695,0.98,0.992136,1.02642
1.026247,1.016327,1.02642,0.996139
0.98977,1.01071,0.996139,1.040052
1.085271,1.011921,1.040052,1.016149
0.975,1.020942,1.016149,0.998778
1.006105,1.029487,0.998778,0.992656
0.997573,0.978829,0.992656,0.979038
0.986618,0.928753,0.979038,1.0
0.985203,1.045205,1.0,1.026448
1.076345,1.018349,1.026448,0.985276
0.947674,1.006435,0.985276,0.980075
0.979141,0.992327,0.980075,0.978399
1.0401,0.975515,0.978399,0.916883
0.955422,0.915456,0.916883,0.9
0.9,0.916306,0.9,0.900787
0.900709,0.900787,0.900787,0.975524
0.9,0.926573,0.975524,1.030466
1.017668,1.032075,1.030466,1.043478
1.055556,1.038391,1.043478,0.995
1.0,1.036972,0.995,0.98995
0.998355,1.0,0.98995,0.954315
0.980231,0.942275,0.954315,0.945035
0.939496,0.958559,0.945035,1.061914
1.014311,1.007519,1.061914,0.975265
1.015873,1.026119,0.975265,1.016304
0.977431,0.990909,1.016304,1.012478
1.008881,1.022018,1.012478,1.005282
1.015845,1.014363,1.005282,1.001751
0.994801,1.0,1.001751,0.998252
1.003484,1.00354,0.998252,1.008757
1.001736,1.0,1.008757,1.019097
1.020797,1.010582,1.019097,1.015332
1.022071,1.024433,1.015332,0.978188
0.988372,0.988075,0.978188,1.025729
1.008403,1.001724,1.025729,1.003344
1.016667,1.025818,1.003344,1.006667
1.0,1.0,1.006667,1.011589
1.003279,1.003356,1.011589,0.99018
1.0,1.003344,0.99018,1.0
1.0,1.0,1.0,1.024793
1.073529,1.023333,1.024793,0.993548
0.954338,0.995114,0.993548,0.99513
0.99681,1.003273,0.99513,1.004894
0.9888,0.986949,1.004894,1.016234
1.014563,1.018182,1.016234,1.004792
1.009569,1.008117,1.004792,1.012719
1.007899,1.008052,1.012719,0.99686
1.015674,1.01278,0.99686,0.988976
0.979938,0.977918,0.988976,0.987261
0.990551,0.998387,0.987261,1.008065
1.0,0.993538,1.008065,1.0
1.0,1.0,1.0,1.0192
1.022258,1.027642,1.0192,0.981162
0.992224,0.985759,0.981162,1.0144
1.001567,0.988764,1.0144,1.029968
1.040689,1.027597,1.029968,1.0
0.986466,1.017378,1.0,1.004594
1.004573,1.0,1.004594,1.003049
1.009105,1.009317,1.003049,0.940729
1.0,0.946154,0.940729,0.982229
0.944361,0.978862,0.982229,1.024671
1.0,1.008306,1.024671,1.041734
1.042994,1.021417,1.041734,0.987673
0.992366,1.025806,0.987673,1.056162
1.049231,0.996855,1.056162,0.955687
0.985337,1.015773,0.955687,0.94745
0.967262,0.948758,0.94745,1.009788
0.96,0.986907,1.009788,1.017771
1.038462,1.026534,1.017771,0.965079
0.972222,0.962843,0.965079,1.003289
0.98254,0.973154,1.003289,1.0
1.0,1.0,1.0,1.05082
1.037157,1.039655,1.05082,1.087363
1.090343,1.063018,1.087363,1.0
0.997143,1.054602,1.0,1.018651
1.045845,1.014793,1.018651,0.994366
0.984932,1.005831,0.994366,0.987252
0.977747,0.976812,0.987252,0.994261
1.014225,0.998516,0.994261,0.984127
0.987377,1.008915,0.984127,0.972141
0.971591,0.97349,0.972141,1.021116
0.99269,1.0,1.021116,0.992614
1.011782,1.015129,0.992614,1.00744
0.988355,0.994039,1.00744,0.983752
1.005891,0.997001,0.983752,0.966967
0.98243,0.941353,0.966967,1.018634
0.980626,1.019169,1.018634,1.001524
1.006079,1.023511,1.001524,0.978691
0.992447,0.97856,0.978691,1.015552
1.004566,1.014085,1.015552,1.022971
1.018182,0.99537,1.022971,0.998503
1.0,1.020155,0.998503,1.001499
0.994048,1.004559,1.001499,0.992515
1.002994,0.996974,0.992515,0.965309
0.98806,0.969651,0.965309,1.001562
0.975831,0.995305,1.001562,0.985959
0.996904,0.992138,0.985959,1.004747
0.995342,1.00317,1.004747,0.988976
0.98752,0.982622,0.988976,1.001592
1.009479,1.004823,1.001592,1.015898
1.00313,1.0064,1.015898,0.98748
0.99844,1.0,0.98748,0.995246
0.996875,0.992051,0.995246,1.003185
0.996865,1.00641,1.003185,1.003175
1.0,0.993631,1.003175,0.987342
0.993711,0.996795,0.987342,0.980769
0.998418,0.980707,0.980769,1.006536
0.977813,0.977049,1.006536,1.016234
1.017828,1.028523,1.016234,1.0
1.006369,1.016313,1.0,1.014377
1.012658,0.998395,1.014377,0.992126
0.998437,1.011254,0.992126,0.955556
0.973396,0.957075,0.955556,1.001661
0.977492,0.983389,1.001661,1.0
1.003289,1.013514,1.0,0.995025
1.004918,1.0,0.995025,1.001667
0.995106,0.998333,1.001667,1.019967
1.008197,1.001669,1.019967,0.988581
1.0,1.008333,0.988581,1.013201
1.0,0.996694,1.013201,0.995114
1.003252,1.008292,0.995114,0.996727
1.004862,0.988487,0.996727,1.003284
0.990323,1.008319,1.003284,0.99018
0.996743,0.9967,0.99018,0.996694
0.998366,0.998344,0.996694,0.9801
0.986907,0.978441,0.9801,0.979695
0.981758,0.979661,0.979695,0.996546
0.986486,0.984429,0.996546,0.998267
1.0,1.008787,0.998267,0.991319
0.998288,0.993031,0.991319,1.008757
0.987993,0.987719,1.008757,1.005208
1.013889,1.026643,1.005208,1.006908
0.998288,0.99654,1.006908,0.989708
1.003431,0.994792,0.989708,0.970537
0.981197,0.972077,0.970537,1.0125
0.996516,0.996409,1.0125,0.9806
0.996503,1.0,0.9806,1.01259
0.996491,0.990991,1.01259,0.996448
1.0,1.007273,0.996448,1.01426
1.003521,1.001805,1.01426,0.99297
1.003509,1.009009,0.99297,0.957522
0.986014,0.964286,0.957522,1.014787
0.980496,0.994444,1.014787,1.007286
1.001808,1.007449,1.007286,1.012658
1.025271,1.022181,1.012658,1.001786
0.996479,1.007233,1.001786,1.003565
1.001767,0.991023,1.003565,1.001776
1.003527,1.007246,1.001776,1.001773
1.0,1.007194,1.001773,0.985841
0.996485,0.989286,0.985841,0.989228
0.987654,0.99278,0.989228,0.99274
1.001786,0.985455,0.99274,0.963437
0.976827,0.97048,0.963437,1.005693
0.979927,1.003802,1.005693,1.013208
1.001862,1.0,1.013208,1.020484
1.031599,1.00947,1.020484,1.018248
1.01982,1.018762,1.018248,1.007168
1.001767,1.027624,1.007168,0.994662
0.992945,0.994624,0.994662,1.010733
1.003552,0.994595,1.010733,1.00885
1.014159,1.012681,1.00885,0.970175
1.001745,0.987478,0.970175,1.007233
0.970383,0.983696,1.007233,1.017953
1.041293,1.014733,1.017953,1.038801
1.034483,1.010889,1.038801,0.986418
0.978333,1.025135,0.986418,0.993115
0.993186,0.994746,0.993115,1.013865
1.012007,1.017606,1.013865,0.993162
1.001695,1.00346,0.993162,0.996558
0.989848,0.987931,0.996558,0.97582
0.994872,0.984293,0.97582,1.014159
0.987973,0.996454,1.014159,1.027923
1.06087,1.030249,1.027923,0.972835
0.963934,0.984456,0.972835,0.970332
0.984694,0.97193,0.970332,0.991007
0.968912,0.99278,0.991007,1.00726
0.996435,0.998182,1.00726,0.987387
1.0,0.996357,0.987387,1.007299
0.996422,0.987203,1.007299,1.027174
1.019749,1.022222,1.027174,1.029982
1.042254,1.028986,1.029982,1.003425
1.001689,1.021127,1.003425,0.994881
0.989882,0.993103,0.994881,1.0
1.001704,1.0,1.0,1.006861
1.034014,1.008681,1.006861,0.993186
0.973684,0.991394,0.993186,0.979417
0.984797,0.982639,0.979417,0.992995
0.996569,0.992933,0.992995,1.014109
0.994836,1.007117,1.014109,0.970435
1.008651,0.985866,0.970435,0.983871
0.957118,0.97491,0.983871,1.007286
0.992832,1.001838,1.007286,0.994575
1.001805,1.00367,0.994575,0.967273
0.990991,0.97075,0.967273,1.020677
0.996364,0.998117,1.020677,1.012891
1.010949,1.015094,1.012891,0.985455
0.998195,1.0,0.985455,1.02583
1.007233,1.007435,1.02583,1.008993
1.012567,1.016605,1.008993,0.983957
1.001773,0.99637,0.983957,0.998188
0.987611,0.998179,0.998188,0.99274
0.987455,0.989051,0.99274,1.001828
1.005445,1.00369,1.001828,1.010949
1.00361,1.003676,1.010949,1.01083
1.01259,1.009158,1.01083,1.007143
1.001776,1.010889,1.007143,0.998227
1.0,0.998205,0.998227,0.989343
1.003546,1.0,0.989343,1.0
0.9947,0.992806,1.0,1.012567
1.008881,1.007246,1.012567,0.975177
0.998239,0.980216,0.975177,1.007273
0.987654,1.0,1.007273,1.018051
1.007143,1.014679,1.018051,1.014184
1.021277,1.014467,1.014184,1.006993
1.001736,1.01426,1.006993,0.993056
1.0,0.994728,0.993056,0.98951
0.994801,0.996466,0.98951,1.003534
0.993031,0.985816,1.003534,1.0
1.005263,1.008993,1.0,1.0
1.089005,1.001783,1.0,0.96831
0.916667,0.97331,0.96831,1.001818
0.972028,0.998172,1.001818,0.99274
1.005396,1.0,0.99274,0.996344
0.985689,0.990842,0.996344,0.983486
0.99274,0.990758,0.983486,1.001866
0.985375,0.994403,1.001866,1.01676
1.012987,1.003752,1.01676,0.987179
1.005495,1.001869,0.987179,1.011132
0.996357,0.996269,1.011132,0.99633
0.998172,1.007491,0.99633,0.996317
1.0,1.005576,0.996317,0.988909
0.992674,0.988909,0.988909,0.945794
0.99262,0.934579,0.945794,0.962451
0.94052,0.97,0.962451,0.991786
0.974308,0.989691,0.991786,1.012422
0.997972,1.00625,1.012422,0.973415
0.997967,0.981366,0.973415,1.012605
0.98778,0.987342,1.012605,1.03112
1.035052,1.025641,1.03112,0.991952
0.996016,1.025,0.991952,1.024341
1.014,1.0,1.024341,1.013861
1.011834,1.022358,1.013861,0.992188
1.0,1.00994,0.992188,0.990157
0.994152,0.984252,0.990157,0.99006
0.988235,0.994,0.99006,1.034137
1.025794,0.997988,1.034137,1.005825
1.005803,1.03629,1.005825,0.998069
1.003846,0.998054,0.998069,1.015474
1.011494,1.005848,1.015474,1.00381
1.003788,1.00969,1.00381,0.982922
0.998113,0.992322,0.982922,1.0
0.984877,0.998066,1.0,1.023166
1.026871,1.005814,1.023166,1.016981
1.011215,1.019268,1.016981,1.0
1.005545,1.009452,1.0,1.001855
0.994485,1.0,1.001855,1.001852
1.003697,1.007491,1.001852,0.994455
1.003683,0.990706,0.994455,1.001859
0.992661,1.003752,1.001859,1.012987
1.009242,1.0,1.012987,0.998168
1.003663,1.011215,0.998168,1.009174
1.007299,1.003697,1.009174,0.976364
1.003623,0.983425,0.976364,1.029795
1.001805,1.0,1.029795,1.012658
1.016216,1.035581,1.012658,1.0
1.003546,0.996383,1.0,0.989286
0.9947,1.005445,0.989286,1.01083
1.003552,0.998195,1.01083,1.0125
1.00354,1.009042,1.0125,0.971781
0.996473,0.980287,0.971781,1.001815
0.985841,0.992687,1.001815,0.981884
1.001795,0.98895,0.981884,1.00738
0.980287,1.001862,1.00738,1.016484
1.02011,1.009294,1.016484,1.012613
1.012545,1.022099,1.012613,1.005338
1.00177,1.001802,1.005338,0.99292
1.003534,1.007194,0.99292,1.001783
0.996479,0.996429,1.001783,1.0
1.0,0.996416,1.0,1.0
0.996466,1.001799,1.0,1.005338
1.021277,1.008977,1.005338,0.985841
0.980903,0.978648,0.985841,1.016158
1.00354,1.010909,1.016158,1.022968
1.035273,1.02518,1.022968,0.989637
1.001704,1.001754,0.989637,1.026178
1.0,1.0,1.026178,0.97619
0.994898,0.996497,0.97619,0.994774
0.984615,0.998243,0.994774,1.003503
1.001736,1.0,1.003503,0.991274
0.996534,0.994718,0.991274,0.996479
0.998261,1.0,0.996479,1.024735
1.012195,1.00177,1.024735,1.005172
1.005164,1.014134,1.005172,0.96741
1.008562,0.970383,0.96741,1.060284
1.027165,1.014363,1.060284,1.010033
1.0,1.040708,1.010033,0.975166
1.0,0.989796,0.975166,1.006791
0.981818,1.005155,1.006791,1.021922
1.035354,1.005128,1.021922,0.971947
1.0,0.989796,0.971947,0.98472
0.964228,0.984536,0.98472,1.005172
1.0,1.008726,1.005172,0.994854
0.993255,0.965398,0.994854,1.022414
1.01528,1.023297,1.022414,1.005059
1.035117,1.033275,1.005059,1.035235
0.996769,0.991525,1.035235,0.990276
1.001621,1.039316,0.990276,1.016367
1.02589,1.001645,1.016367,0.990338
0.984227,1.0,0.990338,0.988618
0.990385,0.990148,0.988618,1.001645
1.0,1.004975,1.001645,0.965517
0.983819,0.968647,0.965517,1.0
0.983553,0.994889,1.0,1.011905
1.006689,1.001712,1.011905,1.0
1.001661,1.005128,1.0,0.971429
0.986733,0.981293,0.971429,1.00519
0.988235,0.970537,1.00519,1.001721
0.998299,1.032143,1.001721,1.005155
1.0,1.0,1.005155,0.994872
1.008518,1.00519,0.994872,0.994845
0.991554,0.993115,0.994845,1.022453
1.018739,0.993068,1.022453,1.035473
1.028428,1.029668,1.035473,0.991843
0.995122,1.022034,0.991843,0.990132
0.993464,0.985075,0.990132,1.016611
1.009868,1.006734,1.016611,0.990196
0.995114,1.006689,0.990196,0.966997
0.993453,0.971761,0.966997,1.017065
0.990115,0.998291,1.017065,1.018456
1.018303,1.017123,1.018456,1.00659
1.01634,1.001684,1.00659,1.022913
1.009646,1.018487,1.022913,0.992
1.015924,1.021452,0.992,1.037097
1.010972,0.998384,1.037097,0.992224
1.020155,1.02589,0.992224,1.00627
0.983283,0.990536,1.00627,0.985981
0.989181,0.985669,0.985981,1.060032
1.0875,1.058158,1.060032,0.964232
0.95977,0.969466,0.964232,0.996909
0.976048,1.00315,0.996909,0.990698
0.984663,0.982732,0.990698,1.00626
1.017134,1.009585,1.00626,1.0
0.995406,1.004747,1.0,1.032659
1.023077,0.99685,1.032659,1.01506
1.033083,1.036335,1.01506,0.98368
0.979622,1.001524,0.98368,0.996983
1.013373,0.998478,0.996983,1.015129
0.989736,1.0,1.015129,1.002981
1.008889,1.004573,1.002981,1.0
0.991189,0.996965,1.0,1.016345
1.017778,1.016743,1.016345,1.039474
1.043668,1.005988,1.039474,0.980309
1.037657,1.034226,0.980309,0.995696
0.958333,0.989928,0.995696,1.027378
1.009818,0.99564,1.027378,1.023843
1.031944,1.030657,1.023843,0.971233
0.978466,0.988669,0.971233,0.960508
0.983494,0.968481,0.960508,0.941263
0.952448,0.927515,0.941263,1.034321
0.973568,1.019139,1.034321,1.00905
1.028658,1.023474,1.00905,1.049327
1.079179,1.061162,1.049327,1.009972
0.974185,0.979827,1.009972,0.983075
0.995816,1.014706,0.983075,0.974175
0.959384,0.942029,0.974175,0.927835
0.988321,0.961538,0.927835,1.004762
0.952733,0.9072,1.004762,1.053712
1.046512,1.081129,1.053712,0.968516
0.997037,1.047308,0.968516,1.0387
1.017831,1.004673,1.0387,1.037258
1.017518,1.044961,1.037258,1.007184
1.008608,1.014837,1.007184,1.019971
1.019915,1.020468,1.019971,0.984615
1.001395,1.001433,0.984615,0.982955
0.990251,0.979971,0.982955,0.971098
0.962025,0.951825,0.971098,0.991071
0.989766,1.016871,0.991071,1.036036
1.020679,0.987934,1.036036,1.1
1.098408,1.050382,1.1,0.981555
1.088274,1.072674,0.981555,1.032215
0.940678,0.98645,1.032215,1.009103
1.011583,1.037088,1.009103,0.979381
0.983461,0.97351,0.979381,0.988158
1.009056,1.004082,0.988158,0.945406
0.969231,0.955285,0.945406,1.1
1.033069,0.991489,1.1,1.014085
1.037132,1.1,1.014085,1.02399
1.012346,1.001295,1.02399,0.964242
0.99878,1.009056,0.964242,1.0
0.969475,0.985897,1.0,0.971867
0.982368,0.970091,0.971867,0.989474
0.983333,0.981233,0.989474,1.0
0.998696,1.021858,1.0,1.042553
1.02611,1.004011,1.042553,0.982143
1.002545,1.018642,0.982143,1.01039
0.997462,1.007843,1.01039,1.003856
0.997455,0.994812,1.003856,1.012804
1.021684,1.009126,1.012804,0.982301
0.993758,0.994832,0.982301,0.978121
0.986181,0.974026,0.978121,1.002632
0.983439,1.001333,1.002632,1.010499
1.003886,1.013316,1.010499,0.977922
0.996129,0.981603,0.977922,0.968127
0.976684,0.96921,0.968127,0.979424
0.988064,0.983425,0.979424,1.008403
0.977181,0.990169,1.008403,0.979167
0.993132,0.992908,0.979167,1.017021
0.994467,0.998571,1.017021,1.020921
1.020862,1.020029,1.020921,0.97541
0.997275,0.987377,0.97541,1.007003
0.984973,1.008523,1.007003,1.006954
1.011096,1.004225,1.006954,0.975138
0.989026,0.984572,0.975138,1.028329
1.020804,1.002849,1.028329,0.982094
0.980978,0.994318,0.982094,0.99439
0.987535,1.002857,0.99439,1.014104
1.01122,0.998575,1.014104,0.988873
0.998613,1.009986,0.988873,0.969058
0.990278,0.967514,0.969058,0.995646
0.973352,0.991241,0.995646,1.01312
1.005764,1.002946,1.01312,1.004317
1.0,1.008811,1.004317,0.977077
1.001433,0.988355,0.977077,1.020528
0.995708,0.997054,1.020528,0.99569
1.001437,1.013294,0.99569,1.01443
1.011478,1.005831,1.01443,1.0
1.001418,1.011594,1.0,0.995733
1.001416,0.991404,0.995733,1.028571
1.019802,1.007225,1.028571,0.986111
0.997226,1.012912,0.986111,0.971831
0.993046,0.971671,0.971831,0.971014
0.97479,0.970845,0.971014,1.007463
0.977011,0.993994,1.007463,1.008889
1.008824,1.016616,1.008889,1.045521
1.046647,1.011887,1.045521,1.002809
1.001393,1.036711,1.002809,1.011204
1.011127,0.997167,1.011204,1.019391
1.024759,1.014205,1.019391,1.009511
1.010738,1.015406,1.009511,1.020188
1.014608,1.004138,1.020188,1.013193
1.013089,1.024725,1.013193,0.976562
1.00646,0.978552,0.976562,0.974667
0.993582,0.989041,0.974667,1.023256
0.966408,1.001385,1.023256,0.971925
0.998663,0.995851,0.971925,0.971114
0.987952,0.979167,0.971114,1.001416
0.966125,0.992908,1.001416,0.978784
1.002805,0.987143,0.978784,1.011561
0.987413,1.001447,1.011561,0.988571
1.014164,0.962428,0.988571,1.017341
0.986034,1.039039,1.017341,0.997159
1.009915,1.013006,0.997159,0.991453
0.984572,0.974322,0.991453,1.005747
1.005698,1.020498,1.005747,1.005714
0.997167,0.991392,1.005714,0.985795
1.002841,1.002894,0.985795,0.976945
0.981586,0.969697,0.976945,0.979351
0.98557,0.980655,0.979351,1.006024
0.983895,0.996965,1.006024,1.005988
1.004464,1.00761,1.005988,0.96131
0.995556,0.97432,0.96131,1.006192
0.967262,0.987597,1.006192,1.012308
1.027692,1.017268,1.012308,1.019757
1.005988,1.015432,1.019757,1.011923
1.016369,1.016717,1.011923,1.005891
1.001464,1.001495,1.005891,0.986823
0.998538,0.998507,0.986823,0.985163
0.986823,0.989537,0.985163,1.004518
0.998516,1.001511,1.004518,0.997001
0.997028,1.0,0.997001,1.007519
1.00149,0.995475,1.007519,1.010448
1.022321,1.022727,1.010448,1.008863
1.0,0.997037,1.008863,0.944363
0.978166,0.950966,0.944363,1.018605
0.980655,1.001562,1.018605,1.021309
1.028832,1.026521,1.021309,0.99851
0.99705,1.015198,0.99851,1.004478
0.997041,0.998503,1.004478,1.011887
1.011869,1.005997,1.011887,1.010279
1.013196,1.013413,1.010279,1.007267
1.004342,0.997059,1.007267,1.005772
1.012968,1.013274,1.005772,1.0
1.002845,1.002911,1.0,1.008608
1.014184,0.995646,1.008608,1.018492
1.002797,1.002915,1.018492,1.001397
1.012552,1.027616,1.001397,0.991632
0.990358,1.002829,0.991632,0.991561
0.988873,0.990127,0.991561,0.988652
0.990155,0.950142,0.988652,1.007174
1.007102,1.028486,1.007174,1.032764
1.025388,1.023324,1.032764,0.972414
1.002751,0.985755,0.972414,0.990071
0.971193,0.99711,0.990071,0.971347
0.990113,0.982609,0.971347,1.011799
0.980029,0.989676,1.011799,1.004373
1.016012,1.014903,1.004373,0.982583
0.994269,0.983847,0.982583,0.982275
0.974063,0.991045,0.982275,1.021053
1.008876,1.001506,1.021053,1.001473
1.017595,1.019549,1.001473,1.014706
1.01585,1.016224,1.014706,0.982609
0.998582,0.976778,0.982609,0.989676
0.963068,0.983655,0.989676,1.007452
0.998525,0.965257,1.007452,0.992604
0.998523,1.043818,0.992604,1.0
1.014793,0.98051,1.0,0.976155
0.975219,0.992355,0.976155,0.983206
0.985052,0.987673,0.983206,1.009317
0.992413,1.00624,1.009317,1.032308
1.027523,1.00155,1.032308,0.997019
1.001488,1.026316,0.997019,1.001495
1.005944,1.007541,1.001495,0.99403
0.991137,0.991018,0.99403,0.998498
1.0,1.0,0.998498,1.0
1.00149,1.003021,1.0,1.009023
1.0,0.996988,1.009023,1.031297
1.034226,0.996979,1.031297,1.099711
1.094964,1.075758,1.099711,1.053876
1.089356,1.1,1.053876,1.022444
1.016888,1.015228,1.022444,1.05
1.069988,1.00875,1.05,0.988386
0.946785,1.023544,0.988386,1.028202
1.070258,1.01937,1.028202,0.982857
0.972648,0.995249,0.982857,0.976744
0.970754,0.98568,0.976744,0.960714
0.977984,0.967312,0.960714,1.013631
0.972749,1.003755,1.013631,0.993888
0.992692,0.996259,0.993888,0.936039
1.020859,0.951189,0.936039,1.03548
0.949519,0.973684,1.03548,0.959391
1.050633,1.013514,0.959391,1.063492
0.973494,0.986667,1.063492,1.00995
1.018564,1.07027,1.00995,1.043103
1.069259,1.012626,1.043103,1.1
1.059091,1.1,1.1,0.973176
1.025751,0.983425,0.973176,1.070562
1.043933,0.977528,1.070562,0.959835
1.008016,1.062069,0.959835,0.950644
0.973161,0.926407,0.950644,0.907449
0.9,0.931075,0.907449,1.002488
0.961905,0.984944,1.002488,1.002481
1.02599,1.025478,1.002481,1.018564
0.993969,0.949068,1.018564,1.032807
1.061893,1.058901,1.032807,0.975294
0.96,1.011125,0.975294,0.942099
0.982143,0.948655,0.942099,1.033291
0.981818,0.992268,1.033291,1.008674
1.011111,1.038961,1.008674,1.006143
1.009768,1.0075,1.006143,1.06105
1.087062,1.047146,1.06105,0.955121
0.953281,0.981043,0.955121,0.981928
1.009335,0.966184,0.981928,0.949693
0.94104,0.93875,0.949693,1.023256
0.980344,1.0253,1.023256,1.002525
1.010025,1.015584,1.002525,0.987406
0.985112,0.992327,0.987406,1.02551
1.013854,1.006443,1.02551,1.006219
1.009938,1.010243,1.006219,1.003708
1.00369,1.021546,1.003708,1.014778
1.017157,1.003722,1.014778,0.975728
0.989157,0.988875,0.975728,1.012438
0.992692,0.9875,1.012438,0.9914
1.002454,1.01519,0.9914,1.004957
0.995104,1.0,1.004957,1.01233
1.0123,0.996259,1.01233,1.034105
1.034022,1.027534,1.034105,0.965842
0.996475,0.992692,0.965842,0.980488
0.96816,0.96319,0.980488,0.977612
0.978076,0.997452,0.977612,0.982188
0.978829,0.980843,0.982188,0.974093
0.998728,0.977865,0.974093,0.925532
0.955414,0.925433,0.925532,1.017241
0.946667,0.994245,1.017241,1.018362
1.023944,1.021708,1.018362,1.002774
0.995873,1.0,1.002774,1.012448
1.022099,1.015581,1.012448,0.971311
0.983784,0.986053,0.971311,1.008439
1.005495,0.994342,1.008439,0.984658
0.980874,0.995733,0.984658,1.035411
1.020891,1.008571,1.035411,0.995896
1.002729,1.024079,0.995896,1.005495
1.013605,1.005533,1.005495,0.98224
0.981208,0.96011,0.98224,0.976356
0.984952,1.002865,0.976356,0.980057
0.976389,0.978571,0.980057,1.010174
1.0,1.011679,1.010174,1.018705
1.008535,0.988456,1.018705,0.992938
1.008463,1.024818,0.992938,1.012802
0.997203,0.992877,1.012802,1.008427
1.019635,1.02439,1.008427,0.998607
0.993122,0.998599,0.998607,1.016736
1.012465,1.0,1.016736,0.979424
1.002736,1.001403,0.979424,1.015406
0.991814,1.001401,1.015406,1.017931
1.019257,1.002797,1.017931,0.98374
0.995951,0.995816,0.98374,1.013774
1.001355,1.005602,1.013774,0.987772
1.00406,1.008357,0.987772,0.986245
0.983827,0.990331,0.986245,1.009763
0.993151,0.983264,1.009763,1.013812
1.016552,1.015603,1.013812,0.997275
1.009498,1.013966,0.997275,1.019126
1.012097,1.002755,1.019126,1.00134
1.002656,1.01511,1.00134,1.008032
1.019868,1.00406,1.008032,1.005312
0.985714,1.001348,1.005312,0.977543
1.052701,0.989233,0.977543,1.001351
0.933667,0.976871,1.001351,1.0
1.0,1.023677,1.0,1.004049
0.997319,1.0,1.004049,0.987903
0.997312,0.995918,0.987903,1.012245
1.008086,1.002732,1.012245,1.026882
1.054813,1.006812,1.026882,1.009162
0.979721,1.028417,1.009162,1.010376
1.010349,1.009211,1.010376,1.006418
1.020487,1.006519,1.006418,1.024235
1.015056,1.006477,1.024235,0.982565
0.990111,1.011583,0.982565,0.997465
0.987516,0.991094,0.997465,1.016518
1.012642,0.994865,1.016518,0.96375
0.997503,0.994839,0.96375,1.009079
0.988736,1.003891,1.009079,1.015424
1.003797,1.0,1.015424,1.043038
1.047919,1.01938,1.043038,1.084951
1.090253,1.057034,1.084951,0.947427
0.971302,0.997602,0.947427,0.983471
0.961364,0.992788,0.983471,1.002401
0.997636,0.998789,1.002401,1.020359
1.042654,1.003636,1.020359,1.0223
1.010227,1.012077,1.0223,0.971297
0.979753,1.00358,0.971297,0.962175
0.972445,0.94887,0.962175,0.987715
0.970484,0.997494,0.987715,1.032338
1.010949,1.011307,1.032338,1.013253
1.018051,1.024845,1.013253,0.983353
0.991726,1.0,0.983353,1.035067
1.021454,1.002424,1.035067,0.977804
1.001167,1.006046,0.977804,1.020311
1.002331,1.009615,1.020311,1.0
0.997674,1.008333,1.0,1.032787
1.038462,0.997639,1.032787,1.028345
1.044893,1.036686,1.028345,1.022051
1.004296,1.018265,1.022051,1.001079
1.019251,1.032511,1.001079,1.015086
1.003148,0.997828,1.015086,1.014862
1.007322,1.016322,1.014862,1.044979
1.086189,1.011777,1.044979,1.02002
0.991396,1.050794,1.02002,0.997056
0.997107,1.012085,0.997056,0.985236
0.994197,0.979104,0.985236,1.040959
1.015564,1.002033,1.040959,1.018234
1.024904,1.046653,1.018234,0.98115
0.995327,0.999031,0.98115,1.005764
1.00939,1.009699,1.005764,0.950334
0.980465,0.951969,0.950334,1.01809
0.968691,0.993946,1.01809,0.997038
1.006856,1.011168,0.997038,1.00495
0.990272,0.996988,1.00495,1.027586
1.035363,1.023162,1.027586,1.042186
1.044592,1.026575,1.042186,1.00092
1.008174,1.037392,1.00092,1.007353
1.000901,0.997227,1.007353,1.010036
1.0,1.000927,1.010036,1.01084
1.020702,1.023148,1.01084,0.982127
0.986772,0.968326,0.982127,1.0
1.005362,1.020561,1.0,1.014559
0.992889,0.996337,1.014559,1.025112
1.038496,1.020221,1.025112,0.986877
1.010345,1.009009,0.986877,0.994681
0.967577,0.955357,0.994681,0.989305
0.985891,1.023364,0.989305,1.046847
1.056351,1.010046,1.046847,1.018933
1.026249,1.028933,1.018933,1.03125
1.014851,1.036028,1.03125,0.990991
1.027642,1.020356,0.990991,1.019835
0.988133,0.995844,1.019835,1.008914
1.002402,1.010851,1.008914,0.994378
1.016773,1.020644,0.994378,1.002423
0.98586,0.987055,1.002423,0.999194
1.000797,1.010656,0.999194,0.987903
0.993631,0.958637,0.987903,0.985306
0.981571,1.00846,0.985306,1.023198
1.014694,0.998322,1.023198,0.987854
1.004023,1.02437,0.987854,0.995902
0.985577,0.97621,0.995902,0.987654
1.009756,1.006723,0.987654,0.978333
0.976651,0.964942,0.978333,1.005963
0.982688,1.00346,1.005963,0.985605
1.003356,1.002586,0.985605,0.953608
0.978261,0.929493,0.953608,0.999099
0.951282,0.960222,0.999099,1.014427
1.027853,1.047206,1.014427,0.985778
0.987762,1.00828,0.985778,1.011722
0.99823,1.008212,1.011722,1.005348
1.008865,0.99638,1.005348,1.007092
1.001757,1.012716,1.007092,0.99912
1.003509,0.997309,0.99912,0.989427
0.996503,1.0,0.989427,1.003562
0.999123,1.002698,1.003562,1.1
1.088674,1.005381,1.1,1.015323
1.029032,1.083854,1.015323,1.02224
1.02116,1.024691,1.02224,0.986014
1.006907,1.009639,0.986014,0.946414
0.985518,0.944312,0.946414,1.007494
0.936582,0.989048,1.007494,0.976033
1.007432,1.005111,0.976033,1.016088
0.990164,0.990678,1.016088,1.0325
1.033113,1.023952,1.0325,1.000807
1.0,1.022556,1.000807,1.005645
1.020032,1.008987,1.005645,1.007217
1.003142,1.008907,1.007217,1.009554
0.995301,0.99679,1.009554,1.016562
1.02439,1.021739,1.016562,0.995345
1.003072,0.994484,0.995345,1.010133
1.002297,1.017433,1.010133,1.010031
1.023682,0.989097,1.010031,0.940413
0.977612,0.956693,0.940413,0.941511
0.938168,0.936626,0.941511,0.996549
0.956876,0.993849,0.996549,1.001732
0.994898,0.999116,1.001732,1.007779
0.996581,1.014159,1.007779,0.961407
1.0,0.970332,0.961407,0.966994
0.957976,0.96223,0.966994,0.988007
1.004476,0.988785,0.988007,1.040149
0.997326,1.012287,1.040149,1.006284
1.017873,1.028945,1.006284,0.999108
0.987709,1.000907,0.999108,1.022321
1.017778,0.999093,1.022321,1.00786
1.030568,1.036298,1.00786,0.967938
0.977966,0.971979,0.967938,0.979409
0.965338,0.98018,0.979409,0.97989
0.997307,0.96875,0.97989,0.900187
0.967597,0.91556,0.900187,0.972021
0.932093,0.957513,0.972021,1.02452
0.959082,1.015152,1.02452,1.01873
1.030177,1.015991,1.01873,1.013279
1.020202,1.026233,1.013279,0.974798
0.985149,0.980573,0.974798,0.973113
0.974874,0.978102,0.973113,1.013815
1.0,1.002132,1.013815,1.014675
1.002062,0.987234,1.014675,1.02686
1.027778,1.030172,1.02686,0.990946
0.995996,1.012552,0.990946,0.996954
1.0,1.005165,0.996954,1.003055
1.011055,1.010277,1.003055,0.961421
0.973161,0.961343,0.961421,1.01056
0.97855,0.998942,1.01056,1.007315
1.017745,1.008475,1.007315,1.005187
0.996923,1.007353,1.005187,1.023736
1.024691,1.005214,1.023736,0.960685
1.006024,0.966805,0.960685,1.053515
1.006986,1.026824,1.053515,1.038845
1.044599,1.049112,1.038845,1.0
1.00759,1.026892,1.0,0.99233
0.982109,0.992241,0.99233,1.022222
1.01534,1.009775,1.022222,1.004726
1.023607,1.010649,1.004726,1.000941
0.986162,1.000958,1.000941,0.982143
0.991581,0.996172,0.982143,1.009569
1.021698,1.004803,1.009569,1.032227
1.01385,0.971319,1.032227,1.012856
1.009107,1.058071,1.012856,0.965549
0.997292,0.986047,0.965549,0.969953
0.968326,0.971698,0.969953,0.99516
0.973832,0.981553,0.99516,0.999027
1.002879,1.008902,0.999027,0.999026
0.985646,0.998039,0.999026,1.000975
1.000971,1.0,1.000975,1.030185
1.028128,0.982318,1.030185,1.017958
1.027358,1.052,1.017958,1.026927
1.016529,1.026616,1.026927,0.991863
1.00813,1.012963,0.991863,0.992707
0.991039,0.991773,0.992707,1.007346
0.991863,0.998157,1.007346,1.001823
1.003646,1.003693,1.001823,1.020928
1.031789,1.013799,1.020928,0.976827
0.990317,0.99274,0.976827,1.035584
1.009778,0.992687,1.035584,1.015859
1.017606,1.031308,1.015859,0.981787
0.99654,0.999107,0.981787,1.039753
1.039062,0.999106,1.039753,0.994902
1.000835,1.036673,0.994902,0.98719
0.991653,0.984469,0.98719,0.99654
0.981481,0.999124,0.99654,1.007812
0.997427,1.005263,1.007812,1.015504
1.029235,1.013962,1.015504,1.002545
0.993317,1.005164,1.002545,1.040609
1.050463,1.005993,1.040609,0.999187
0.995997,1.029787,0.999187,0.998373
0.987942,1.004132,0.998373,1.036675
1.05533,1.0,1.036675,0.970912
0.994603,0.988477,0.970912,0.998381
0.965116,1.007494,0.998381,1.009732
1.026506,0.999174,1.009732,0.988755
0.992175,1.01158,0.988755,0.987815
0.981073,0.98937,0.987815,1.003289
0.991158,1.000826,1.003289,1.036885
1.027575,1.004955,1.036885,1.008696
1.009471,1.019721,1.008696,1.030564
1.04222,1.013699,1.030564,1.011407
1.005251,1.032591,1.011407,0.969925
0.998507,0.977675,0.969925,0.954264
0.96861,0.935433,0.954264,1.017059
0.986111,1.021044,1.017059,1.028754
1.011737,1.032152,1.028754,1.042702
1.048724,1.018371,1.042702,0.960536
0.985988,0.996078,0.960536,1.022481
1.000748,0.991339,1.022481,1.006823
1.020179,1.04448,1.006823,0.947289
0.9663,0.952852,0.947289,1.034181
0.990902,0.992817,1.034181,1.039969
1.040551,1.046624,1.039969,1.045085
1.041912,1.032258,1.045085,1.02546
1.030346,1.016369,1.02546,0.996552
1.010274,1.035871,0.996552,0.947405
0.995932,0.957597,0.947405,1.049671
0.980939,0.994834,1.049671,0.967293
1.005552,1.02819,0.967293,0.993525
0.968944,0.974026,0.993525,0.955829
0.983618,0.974074,0.955829,1.012121
0.996379,1.003802,1.012121,0.961826
0.99564,0.971212,0.961826,1.036576
0.973723,0.99454,1.036576,1.036787
1.043478,1.035294,1.036787,0.997828
0.997126,1.021212,0.997828,1.017417
1.012968,1.001484,1.017417,0.990014
1.002134,1.012593,0.990014,0.954611
0.981547,0.951719,0.954611,1.005283
0.976139,1.007686,1.005283,1.024775
1.013333,1.016018,1.024775,1.007326
1.037281,1.018769,1.007326,1.029091
1.004228,1.021371,1.029091,1.1
1.092632,1.005051,1.1,1.031471
1.064868,1.1,1.031471,1.006849
0.989144,1.005178,1.006849,1.005566
1.006098,1.008371,1.005566,0.917589
1.030303,0.945083,0.917589,0.980563
0.9,0.950676,0.980563,1.067669
1.031579,1.033404,1.067669,1.0621
1.063776,1.065337,1.0621,0.993972
1.013189,1.040026,0.993972,0.982414
0.985799,0.921167,0.982414,1.051235
1.031813,1.097035,1.051235,0.974163
1.0,1.007371,0.974163,0.972272
0.952298,0.963415,0.972272,1.011779
1.020159,0.99557,1.011779,1.064338
1.052096,1.023522,1.064338,1.084053
1.087649,1.056522,1.084053,0.982475
1.012036,1.063492,0.982475,0.951892
0.979835,0.967385,0.951892,1.098807
1.022164,0.972,1.098807,0.982946
1.035106,1.1,0.982946,0.900105
0.943641,0.910638,0.900105,1.023949
0.939746,0.904206,1.023949,1.086138
1.07874,1.1,1.086138,0.941702
1.012513,1.01567,0.941702,0.900167
0.92276,0.922286,0.900167,0.900248
0.94308,0.900248,0.900248,1.062629
0.923077,0.900206,1.062629,0.900259
1.005128,1.062691,0.900259,0.9
0.9,0.9,0.9,0.90008
0.903273,0.90008,0.90008,0.9
0.978261,0.9,0.9,0.900296
0.9,0.900296,0.900296,0.900219
0.9,0.900219,0.900219,1.099878
1.099878,0.900122,1.099878,1.099668
1.099668,1.1,1.099668,1.099698
1.099698,1.1,1.099698,0.966117
1.057692,1.042084,0.966117,0.900474
0.908225,0.913462,0.900474,1.041053
0.959962,0.915789,1.041053,1.078868
1.0715,1.1,1.078868,1.002812
1.037071,1.050607,1.002812,1.041121
1.025022,0.993256,1.041121,0.989228
0.984307,1.033948,0.989228,1.050817
1.034544,1.02439,1.050817,0.959413
1.002568,1.005495,0.959413,0.90009
0.963279,0.910747,0.90009,0.911
0.9,0.9,0.911,1.072448
0.976285,0.987778,1.072448,0.966223
1.025304,1.051744,0.966223,0.979873
0.95459,0.962567,0.979873,0.926486
0.951396,0.933333,0.926486,1.093349
1.022826,1.030952,1.093349,1.001067
1.030818,1.070439,1.001067,1.051173
1.051546,0.979504,1.051173,1.024341
0.994118,1.069383,1.024341,1.057426
1.059172,1.040165,1.057426,1.009363
1.032588,1.044554,1.009363,1.000928
1.000902,0.998104,1.000928,1.037998
1.010811,1.007597,1.037998,1.005357
1.029412,1.046183,1.005357,1.047957
1.024242,1.005405,1.047957,0.9
1.009298,0.951613,0.9,1.022599
0.91876,0.900188,1.022599,0.999079
1.02917,1.08682,0.999079,0.909677
0.943313,0.943215,0.909677,0.9
0.9,0.906122,0.9,0.9
0.9,0.9,0.9,0.902378
1.004825,0.9,0.902378,1.067961
0.92437,0.980529,1.067961,1.087013
1.088312,1.092199,1.087013,0.953405
0.9821,1.031169,0.953405,0.902256
0.961118,0.904282,0.902256,0.933333
0.944374,0.922006,0.933333,1.044643
0.973226,1.042296,1.044643,1.074074
1.042641,1.018841,1.074074,1.057029
1.073879,1.073969,1.057029,0.976161
0.981572,1.01457,0.976161,1.021851
0.996245,1.009138,1.021851,0.900629
1.008794,0.926261,0.900629,0.928771
0.9,0.920391,0.928771,1.1
1.038298,1.01214,1.1,0.98224
1.045082,1.076462,0.98224,1.018081
0.964706,0.988858,1.018081,1.040984
1.03794,1.008451,1.040984,1.011811
1.016971,1.054469,1.011811,1.005188
1.023107,0.994702,1.005188,1.011613
0.989962,1.018642,1.011613,0.943878
0.996198,0.960784,0.943878,1.027027
0.969466,0.986395,1.027027,0.982895
0.992126,1.013793,0.982895,1.022758
1.022487,1.02585,1.022758,1.043194
1.043984,1.03183,1.043194,1.026349
1.022305,1.01671,1.026349,1.051345
1.064242,1.03287,1.051345,1.051163
1.037585,1.034272,1.051163,0.992257
1.036224,1.030769,0.992257,1.028986
0.979873,1.008037,1.028986,1.00325
1.023784,1.028474,1.00325,1.018359
1.007392,1.016611,1.018359,1.004242
0.997904,0.996732,1.004242,0.9
0.991597,0.931148,0.9,1.032864
0.935381,0.989437,1.032864,1.029545
1.033975,1.034401,1.029545,1.007726
1.014239,1.034404,1.007726,0.990142
0.983801,0.940133,0.990142,0.972345
1.0,1.027123,0.972345,1.020478
0.993414,1.011481,1.020478,1.014493
1.01326,0.99319,1.014493,0.987912
1.011996,1.006857,0.987912,1.042269
1.010776,1.012486,1.042269,1.046958
1.050107,1.042601,1.046958,0.979613
1.0,1.021505,0.979613,1.020812
1.00203,1.013684,1.020812,0.994903
0.995947,0.986501,0.994903,1.028689
1.03764,1.010526,1.028689,1.006972
0.995098,1.03125,1.006972,0.993076
1.011823,0.990909,0.993076,1.006972
1.012658,0.988787,1.006972,1.009891
0.989423,1.013402,1.009891,1.003918
1.034985,1.033571,1.003918,0.995122
0.985915,0.989173,0.995122,1.036275
1.008571,1.002985,1.036275,1.007569
1.033994,1.034722,1.007569,0.983099
0.981735,0.997124,0.983099,1.021968
1.019535,0.972115,1.021968,1.003738
0.991788,1.043521,1.003738,0.972998
0.98988,0.988626,0.972998,0.902392
0.969331,0.902205,0.902392,0.99894
0.918504,0.947928,0.99894,1.003185
0.998956,1.04148,1.003185,0.990476
0.990596,0.972013,0.990476,1.023504
1.014768,1.03876,1.023504,1.009395
1.007277,1.011727,1.009395,1.059979
1.058824,1.013699,1.059979,0.963902
0.986355,1.02183,0.963902,0.994939
0.978261,0.979654,0.994939,1.008138
1.020202,1.007269,1.008138,0.974773
0.976238,0.993814,0.974773,1.018634
0.998986,0.985477,1.018634,1.013211
1.014213,1.028421,1.013211,1.0
1.015015,1.015353,1.0,1.043129
1.043393,1.011089,1.043129,0.9875
0.99811,1.016949,0.9875,1.058423
1.035038,1.00098,1.058423,1.0046
1.024703,1.052889,1.0046,0.961538
0.971429,0.970233,0.961538,1.01619
0.983456,0.995206,1.01619,1.000937
1.000935,1.012524,1.000937,0.962547
1.014939,0.972407,0.962547,1.013619
0.960442,0.990215,1.013619,1.023033
1.022989,1.027668,1.023033,0.969981
1.0,0.990385,0.969981,0.901354
0.970974,0.903883,0.901354,0.972103
0.903568,0.923738,0.972103,1.027594
1.0,1.05,1.027594,0.900107
0.981857,0.928018,0.900107,1.009547
0.946739,0.958234,1.009547,0.9
0.956372,0.947696,0.9,1.010512
0.933974,0.985545,1.010512,0.962289
1.011568,0.981333,0.962289,1.037838
0.98094,0.964674,1.037838,0.99349
1.047927,1.06338,0.99349,1.010485
0.974042,0.977483,1.010485,1.037613
1.020305,1.0271,1.037613,0.9975
1.004975,1.030343,0.9975,0.953634
1.001238,0.973111,0.953634,1.013141
0.962917,0.977632,1.013141,1.01297
1.011553,1.033647,1.01297,0.900128
0.982234,0.915365,0.900128,0.995733
0.927649,0.943101,0.995733,0.981429
0.979109,1.004525,0.981429,1.045124
1.031294,1.018018,1.045124,1.058496
1.082759,1.038348,1.058496,1.057895
1.03949,1.065341,1.057895,1.074627
1.066176,1.061333,1.074627,1.0
1.0,1.067839,1.0,1.020833
1.057471,1.011765,1.020833,1.021542
0.98587,0.962791,1.021542,1.063263
1.061742,1.076087,1.063263,0.967641
0.994808,1.020202,0.967641,0.968716
0.977035,0.981298,0.968716,0.994432
0.96688,0.986547,0.994432,1.016797
1.00442,1.010227,1.016797,0.972467
1.012101,0.976378,0.972467,1.01359
0.973913,0.981567,1.01359,0.900559
0.993304,0.946009,0.900559,0.972705
0.91573,0.947891,0.972705,0.924745
0.96319,0.926702,0.924745,1.034483
0.964331,1.016949,1.034483,1.065333
1.058124,1.029167,1.065333,0.989987
1.009988,1.066127,0.989987,0.949431
0.987639,0.929114,0.949431,1.047936
0.987484,1.032698,1.047936,1.001271
1.00507,0.985488,1.001271,0.982234
0.986129,1.02008,0.982234,0.99354
1.016624,1.007874,0.99354,1.003901
0.979874,0.976562,1.003901,1.032383
1.041078,1.04,1.032383,0.993726
0.998767,1.007692,0.993726,0.97601
0.995062,0.980916,0.97601,1.029754
0.991315,1.002594,1.029754,1.035176
1.033792,1.028461,1.035176,1.021845
1.023002,1.038994,1.021845,0.989311
0.998817,1.003632,0.989311,1.006002
0.996445,0.998794,1.006002,1.001193
1.019025,0.990338,1.001193,0.995232
0.983664,1.0,0.995232,1.0
1.014235,1.013415,1.0,0.985629
0.976608,0.965102,0.985629,1.030377
1.021557,1.032419,1.030377,0.998821
1.01524,1.016908,0.998821,1.007084
0.988453,0.976247,1.007084,1.01993
1.024533,1.026764,1.01993,1.008046
1.006842,1.013033,1.008046,0.979475
0.996602,1.002339,0.979475,0.988359
0.971591,0.969662,0.988359,1.014134
1.017544,1.022864,1.014134,0.988386
0.994253,0.988235,0.988386,1.012926
1.015029,1.015476,1.012926,1.025522
1.017084,1.011723,1.025522,1.005656
0.99776,1.011587,1.005656,1.010124
1.016835,0.996564,1.010124,0.993318
0.995585,1.013793,0.993318,0.926009
0.987805,0.911565,0.926009,0.984262
0.938272,0.998756,0.984262,1.0
0.97488,0.988792,1.0,0.99139
0.995092,0.988665,0.99139,1.022333
1.01603,1.019108,1.022333,1.024272
1.033981,1.0275,1.024272,0.985782
0.991784,0.992701,0.985782,0.991587
0.984615,1.006127,0.991587,1.036364
1.028846,1.001218,1.036364,1.010526
1.025701,1.03163,1.010526,1.002315
0.994305,1.009434,1.002315,0.941109
0.996564,0.950935,0.941109,0.953374
0.935632,0.945946,0.953374,1.0
0.964373,1.0,1.0,0.992278
1.0,0.997403,0.992278,0.98703
0.974522,0.971354,0.98703,0.978975
1.003922,0.991957,0.978975,1.034899
1.005208,1.006757,1.034899,0.998703
1.009067,1.026846,0.998703,0.97013
0.983312,0.962092,0.97013,1.01071
0.993473,1.017663,1.01071,1.018543
1.011827,0.990654,1.018543,1.010403
1.01039,1.030997,1.010403,1.029601
1.098972,1.044444,1.029601,0.98625
0.956725,0.913642,0.98625,0.993663
0.988998,1.038356,0.993663,1.012755
1.001236,1.026385,1.012755,0.97733
0.976543,0.989717,0.97733,1.048969
1.031606,1.007792,1.048969,1.030713
1.041667,1.041237,1.030713,1.1
1.085882,1.022277,1.1,0.979415
1.028169,1.084746,0.979415,0.993363
0.962065,0.985491,0.993363,1.010022
1.005476,1.003398,1.010022,0.980154
1.004357,0.997743,0.980154,0.914511
0.970716,0.91629,0.914511,1.00738
0.922905,0.988889,1.00738,1.1
1.090799,1.004994,1.1,1.099889
1.099889,1.1,1.099889,1.09889
1.09889,1.086188,1.09889,0.996327
1.02112,1.068159,0.996327,0.990783
0.994604,1.006667,0.990783,0.982326
0.962025,0.969726,0.982326,0.975379
0.994361,0.987317,0.975379,0.995146
0.981096,0.967391,0.995146,1.044878
1.044316,1.038815,1.044878,0.962652
0.976015,1.0,0.962652,1.008729
1.017958,1.009833,1.008729,1.030769
1.010214,1.003895,1.030769,0.962687
0.981618,0.99418,0.962687,1.00969
0.985019,0.985366,1.00969,1.012476
1.004753,1.009901,1.012476,0.990521
1.023652,1.014706,0.990521,1.05933
1.062847,0.986473,1.05933,0.96748
0.968696,1.047013,0.96748,1.023343
1.022442,1.003742,1.023343,0.97719
0.977173,0.969245,0.97719,1.000934
0.967655,1.008654,1.000934,0.99347
1.010214,0.988561,0.99347,0.966197
0.973346,0.991321,0.966197,0.98931
0.983947,0.987354,0.98931,1.031434
1.035509,1.023645,1.031434,0.980952
0.97127,0.989413,0.980952,1.004854
0.999046,1.0,1.004854,0.977778
0.989494,0.98249,0.977778,0.998024
0.983591,0.990099,0.998024,1.018812
1.010795,1.01,1.018812,0.927114
1.003883,0.938614,0.927114,1.010482
0.933269,0.985232,1.010482,0.983402
0.998964,1.006424,0.983402,0.973629
0.981328,0.96383,0.973629,1.015168
0.991543,1.018764,1.015168,1.002134
1.004264,1.007584,1.002134,1.007455
1.006369,1.003226,1.007455,0.959831
1.005274,0.96463,0.959831,1.075991
1.034627,1.033333,1.075991,1.005118
0.997972,1.030108,1.005118,0.98778
0.99187,1.003132,0.98778,0.965979
0.993852,0.973985,0.965979,1.046958
1.038144,1.005342,1.046958,1.024465
1.0,1.021254,1.024465,0.997015
1.006951,1.028096,0.997015,0.997006
0.995069,1.0,0.997006,1.006006
1.005946,1.003036,1.006006,0.99005
0.989163,0.997982,0.99005,0.99598
1.003984,0.998989,0.99598,0.985873
0.989087,0.977733,0.985873,1.003071
0.994985,1.009317,1.003071,0.97449
0.980847,0.972308,0.97449,1.00733
1.002055,1.007384,1.00733,0.99896
0.990769,0.995812,0.99896,1.012487
1.019669,1.011567,1.012487,1.002055
0.996954,1.003119,1.002055,0.994872
1.011202,1.003109,0.994872,0.981443
0.975831,0.97624,0.981443,1.002101
0.991744,1.001058,1.002101,1.015723
1.009365,0.996829,1.015723,0.99484
1.012371,1.022269,0.99484,1.005187
0.992872,0.997925,1.005187,0.991744
1.004103,0.995842,0.991744,0.953174
0.959142,0.954071,0.953174,1.014192
0.992545,0.997812,1.014192,0.995694
1.0,1.003289,0.995694,1.020541
1.016094,1.008743,1.020541,0.986229
0.996832,1.005417,0.986229,0.998926
0.993644,0.996767,0.998926,1.007527
1.006397,1.00973,1.007527,0.998933
0.996822,0.996788,0.998933,0.990385
1.01594,0.993555,0.990385,1.003236
0.978033,0.984865,1.003236,1.009677
1.010695,1.015368,1.009677,1.00213
1.009524,1.014054,1.00213,1.001063
0.992662,0.997868,1.001063,1.015924
1.011616,1.00641,1.015924,1.011494
1.015658,1.015924,1.011494,1.003099
0.997945,1.00209,1.003099,1.008239
1.010299,1.006257,1.008239,0.991828
1.002039,0.994819,0.991828,0.980433
0.991862,0.989583,0.980433,1.016807
0.993846,1.002105,1.016807,1.019628
1.028896,1.015756,1.019628,1.0
1.008024,1.013444,1.0,0.992908
0.989055,0.97551,0.992908,1.0
0.993964,1.011506,1.0,1.006122
1.007085,1.010341,1.006122,0.985801
0.984925,0.987718,0.985801,1.005144
0.997959,1.001036,1.005144,0.980553
1.001022,0.990683,0.980553,0.989562
0.980592,0.982236,0.989562,1.008439
0.997917,1.003191,1.008439,0.997908
1.004175,1.006363,0.997908,1.004193
1.004158,1.001054,1.004193,1.006263
1.0,1.004211,1.006263,1.008299
1.013458,1.008386,1.008299,1.004115
1.004086,1.007277,1.004115,0.987705
0.997965,0.972136,0.987705,1.01971
1.007136,1.026539,1.01971,1.005086
1.002024,1.009307,1.005086,1.0
1.00303,1.005123,1.0,1.002024
1.001007,1.0,1.002024,0.99899
0.998994,1.003058,0.99899,0.996967
0.993958,0.988821,0.996967,1.0
1.009119,1.007194,1.0,1.025355
1.069277,1.023469,1.025355,1.005935
0.961502,0.997009,1.005935,1.003933
1.012695,1.008,1.003933,0.977473
0.988428,0.989087,0.977473,0.993988
0.978537,0.973922,0.993988,0.995968
0.99003,1.011329,0.995968,0.978745
0.997986,0.982688,0.978745,0.992761
0.983855,0.989637,0.992761,1.008333
0.998974,1.006283,1.008333,0.98657
1.001027,0.988554,0.98657,0.994764
0.975385,0.984211,0.994764,1.005263
1.009464,1.014973,1.005263,1.006283
1.003125,1.002107,1.006283,0.989594
1.002077,0.998948,0.989594,0.996845
0.989637,0.990526,0.996845,0.92616
0.993717,0.930925,0.92616,0.998861
0.932561,0.979452,0.998861,0.989738
0.99661,1.0,0.989738,1.006912
1.002268,1.005828,1.006912,1.022883
1.012443,1.012746,1.022883,0.998881
1.004469,1.01373,0.998881,1.006719
1.004449,1.003386,1.006719,1.002225
1.002215,1.007874,1.002225,1.00333
1.00221,1.001116,1.00333,1.02323
1.07387,1.026756,1.02323,0.983784
0.940452,0.953312,0.983784,1.004396
1.002183,1.025057,1.004396,1.038293
1.076253,1.006667,1.038293,0.994731
0.965587,1.02649,0.994731,0.988347
0.998952,1.001075,0.988347,1.025723
1.005247,1.0,1.025723,1.012539
1.017745,1.023631,1.012539,1.021672
1.046154,1.008395,1.021672,0.99798
0.976471,1.014568,0.99798,1.007085
1.0,0.995897,1.007085,0.973869
1.008032,0.993821,0.973869,1.022704
1.020916,0.99171,1.022704,0.976791
0.961951,1.007315,0.976791,0.98657
1.001014,0.982365,0.98657,0.957068
0.967579,0.92925,0.957068,1.013129
0.969634,1.022727,1.013129,0.989201
1.0054,1.014444,0.989201,0.991266
0.98174,0.985761,0.991266,1.019824
1.0186,1.005556,1.019824,1.008639
1.011815,1.01989,1.008639,1.011777
1.010616,1.005417,1.011777,1.004233
1.002101,1.010776,1.004233,0.996839
1.003145,1.006397,0.996839,1.009514
1.005225,0.998941,1.009514,1.032461
1.027027,1.008484,1.032461,0.990872
0.997976,1.015773,0.990872,1.01433
1.006085,0.99793,1.01433,1.002018
1.025202,1.022822,1.002018,1.004028
1.001967,1.0,1.004028,0.997994
0.979392,0.990872,0.997994,1.005025
1.012024,1.013306,1.005025,1.009
1.018812,0.994949,1.009,1.016848
1.005831,1.013198,1.016848,0.979532
0.997101,1.002004,0.979532,1.00995
0.985465,0.998,1.00995,1.005911
1.00885,1.009018,1.005911,0.993144
1.000975,0.998014,0.993144,0.986193
0.987342,0.985075,0.986193,1.032
1.034517,1.00404,1.032,0.97093
0.982841,1.006036,0.97093,0.993014
0.974782,0.982,0.993014,1.00201
0.99801,1.005092,1.00201,0.992979
0.999003,0.995947,0.992979,0.99899
0.99002,0.996948,0.99899,1.015167
1.014113,1.005102,1.015167,1.001992
1.003976,1.012183,1.001992,0.994036
1.00099,0.992979,0.994036,0.984
0.987141,0.989899,0.984,1.002033
0.993988,1.00102,1.002033,1.008114
1.00504,0.994903,1.008114,0.990946
1.002006,1.007172,0.990946,1.032487
1.029029,0.996948,1.032487,1.00295
0.995136,1.029592,1.00295,0.992157
1.024438,0.998018,0.992157,1.027668
1.001908,1.007944,1.027668,0.997115
0.990476,1.004926,0.997115,0.985535
0.990385,0.985294,0.985535,1.034247
1.029126,1.00995,1.034247,0.988647
0.993396,1.018719,0.988647,0.995215
0.993352,0.988395,0.995215,1.005769
1.018164,1.011742,1.005769,0.955067
0.981221,0.962282,0.955067,0.961962
0.961722,0.962814,0.961962,0.996878
0.963184,0.977035,0.996878,1.019833
1.015496,1.013889,1.019833,0.996929
1.002035,1.024236,0.996929,0.997947
1.003046,0.989712,0.997947,0.990741
0.98583,0.994802,0.990741,1.007269
0.99692,0.987461,1.007269,0.998969
1.008239,1.017989,0.998969,1.00516
0.996936,1.003119,1.00516,0.942505
0.997951,0.948187,0.942505,0.976035
0.946612,0.970492,0.976035,0.989955
0.979393,0.993243,0.989955,0.990981
0.986711,0.979592,0.990981,0.997725
0.994388,0.997685,0.997725,1.004561
0.997743,1.008121,1.004561,0.927355
0.993213,0.936709,0.927355,0.998776
0.948747,1.001229,0.998776,1.006127
0.990396,0.998773,1.006127,1.001218
0.996364,0.972973,1.001218,1.004866
1.006083,1.02904,1.004866,1.003632
1.003628,1.006135,1.003632,0.996381
1.001205,0.997561,0.996381,1.008475
1.004813,0.977995,1.008475,0.977191
0.99521,1.01125,0.977191,0.971744
0.977136,0.975278,0.971744,1.012642
0.988916,0.989861,1.012642,0.980025
1.003736,1.00128,0.980025,0.982166
0.971464,0.945013,0.982166,0.981842
0.985951,1.012179,0.981842,1.001321
0.987047,1.009358,1.001321,1.027704
1.024934,0.990728,1.027704,1.011553
1.012804,1.034759,1.011553,1.008883
1.010114,1.005168,1.008883,0.996226
1.005006,1.007712,0.996226,0.97096
0.988792,0.978316,0.97096,0.964889
0.971033,0.966102,0.964889,1.002695
0.968872,0.981107,1.002695,1.017473
1.017403,1.005502,1.017473,0.994716
1.002632,1.028728,0.994716,1.002656
1.009186,1.00266,1.002656,0.945695
0.980494,0.941645,0.945695,1.016807
0.962865,0.985915,1.016807,1.00551
1.008264,1.031429,1.00551,1.005479
1.004098,1.00277,1.005479,1.025886
1.027211,1.01105,1.025886,0.990704
1.002649,1.010929,0.990704,0.99866
0.988111,1.001351,0.99866,0.967785
0.987968,0.97166,0.967785,1.024965
1.006766,1.001389,1.024965,1.009472
1.008065,1.024965,1.009472,1.017426
1.024,1.0,1.017426,0.997365
0.998698,1.018945,0.997365,1.011889
1.0,1.002656,1.011889,1.013055
1.036506,1.010596,1.013055,1.0
0.977358,1.0,1.0,0.963918
0.996139,0.97903,0.963918,1.014706
0.985788,0.990629,1.014706,1.014493
1.013106,1.02027,1.014493,1.020779
1.041397,1.01457,1.020779,0.980916
0.97764,1.002611,0.980916,1.003891
0.991105,1.001302,1.003891,0.998708
0.997436,0.994798,0.998708,1.007762
1.002571,1.002614,1.007762,0.996149
1.001282,1.006519,0.996149,1.014175
1.010243,1.005181,1.014175,1.008895
1.012674,1.006443,1.008895,1.010076
1.006258,1.00128,1.010076,0.992519
1.011194,1.016624,0.992519,0.978643
0.99385,0.976101,0.978643,1.005135
0.977723,0.983247,1.005135,1.011494
1.003797,1.02228,1.011494,0.981061
0.998739,0.989744,0.981061,0.921493
0.978535,0.923575,0.921493,1.006983
0.935484,0.995792,1.006983,1.019417
1.017931,1.011268,1.019417,1.006803
1.017615,1.026462,1.006803,1.004054
1.001332,1.0,1.004054,1.016151
1.005319,1.004071,1.016151,0.986755
1.011905,1.005405,0.986755,1.021477
1.0,0.987903,1.021477,1.005256
1.003922,1.02449,1.005256,1.007843
1.00651,1.00664,1.007843,1.002594
1.011643,1.010554,1.002594,1.034929
1.029412,0.998695,1.034929,1.0075
1.004969,1.022222,1.0075,1.001241
1.02225,1.014066,1.001241,0.998761
0.987908,0.989912,0.998761,1.029777
1.029376,1.008917,1.029777,0.998795
0.991677,1.030303,0.998795,0.993969
0.996403,1.0,0.993969,1.04733
1.064982,0.998775,1.04733,0.915411
0.964972,0.966871,0.915411,1.013924
0.942623,0.997462,1.013924,1.004994
1.016149,1.016539,1.004994,1.001242
0.99511,1.002503,1.001242,1.004963
0.997543,1.0,1.004963,0.980247
0.993842,0.991261,0.980247,1.017632
1.004957,1.0,1.017632,0.987624
1.003699,0.996222,0.987624,0.984962
0.985258,0.987358,0.984962,0.997455
0.986284,1.0,0.997455,1.01148
1.005057,1.002561,1.01148,1.006305
1.007547,1.00894,1.006305,0.998747
1.003745,1.006329,0.998747,0.998745
0.992537,0.997484,0.998745,0.998744
1.002506,0.996217,0.998744,1.003774
0.99875,1.0,1.003774,1.001253
1.002503,0.997468,1.001253,0.997497
1.002497,1.008883,0.997497,1.023839
1.017435,0.994969,1.023839,1.015931
1.034272,1.026549,1.015931,0.997587
0.988166,1.004926,0.997587,1.032648
1.02515,1.022059,1.032648,1.003513
1.050234,1.01199,1.003513,0.980163
0.948832,0.984597,0.980163,1.1
1.083236,1.021661,1.1,0.980519
1.024892,1.062426,0.980519,1.032009
0.996832,0.977827,1.032009,0.964706
0.980932,1.018141,0.964706,1.002217
0.981641,0.98441,1.002217,1.005531
1.075908,1.023756,1.005531,0.9989
0.947853,0.962431,0.9989,0.942731
0.964401,0.979334,0.942731,1.014019
0.987696,1.0,1.014019,1.00576
0.998867,1.004689,1.00576,0.973654
0.995465,0.987165,0.973654,1.009412
0.979499,1.0,1.009412,1.016317
1.02093,1.018913,1.016317,0.993119
0.989749,0.991879,0.993119,1.016166
1.017261,1.007018,1.016166,0.9875
0.994344,1.001161,0.9875,0.993096
0.992036,0.993039,0.993096,0.957126
0.988532,0.963785,0.957126,1.0
0.967517,0.996364,1.0,0.970944
0.995204,0.974453,0.970944,0.993766
0.980723,0.987516,0.993766,1.012547
0.993857,1.0,1.012547,1.002478
1.00618,1.017699,1.002478,0.99382
0.993857,0.98882,0.99382,1.00995
1.007417,1.006281,1.00995,1.0
1.001227,1.003745,1.0,0.980296
1.003676,0.987562,0.980296,0.947236
0.973138,0.940806,0.947236,1.011936
0.958595,1.004016,1.011936,0.989515
1.002618,1.004,0.989515,0.982781
0.98564,0.98008,0.982781,0.989218
0.986755,0.985095,0.989218,1.013624
1.001342,1.008253,1.013624,1.002688
1.00134,1.00955,1.002688,1.008043
1.014726,1.002703,1.008043,1.003989
1.0,1.008086,1.003989,1.005298
1.005277,1.0,1.005298,0.998682
1.0,1.002674,0.998682,0.976253
0.992126,0.984,0.976253,0.998649
0.994709,0.995935,0.998649,1.0
0.994681,0.990476,1.0,0.949932
0.987968,0.95467,0.949932,0.987179
0.94452,0.971223,0.987179,0.994228
0.998567,1.013333,0.994228,1.007257
0.997131,1.004386,1.007257,0.976945
0.997122,0.982533,0.976945,0.9941
0.976912,0.98963,0.9941,1.0
1.001477,1.0,1.0,1.017804
1.011799,1.008982,1.017804,0.994169
1.0,0.998516,0.994169,1.004399
1.002915,1.007429,1.004399,1.005839
1.002907,1.007375,1.005839,0.978229
0.997101,0.978038,0.978229,0.964392
0.984012,0.964072,0.964392,1.006154
0.966027,0.986025,1.006154,1.001529
1.009174,1.023622,1.001529,1.016794
1.012121,1.003077,1.016794,1.003003
1.001497,1.018405,1.003003,0.979042
0.998505,0.983434,0.979042,1.013761
0.992515,0.996937,1.013761,1.001508
1.003017,1.010753,1.001508,0.998494
0.998496,1.0,0.998494,1.003017
1.012048,1.004559,1.003017,1.006015
0.998512,1.004539,1.006015,0.988042
1.002981,0.995482,0.988042,0.98941
0.979198,0.971256,0.98941,1.004587
1.0,1.010903,1.004587,0.974125
0.996965,0.986133,0.974125,1.009375
0.984779,0.996875,1.009375,0.996904
1.004637,1.003135,0.996904,1.001553
0.995385,1.0,1.001553,1.009302
1.007728,1.001562,1.009302,1.012289
1.013804,1.01092,1.012289,1.015175
1.013616,1.012346,1.015175,0.995516
1.0,1.010671,0.995516,1.009009
1.007463,1.0,1.009009,0.99256
0.994074,1.0,0.99256,1.0
0.995529,1.001508,1.0,0.98051
0.995509,0.971386,0.98051,1.010703
0.998496,1.003101,1.010703,0.993949
0.996988,1.01391,0.993949,0.957382
0.992447,0.957317,0.957382,0.99682
0.964992,0.988854,0.99682,0.995215
0.990536,0.987118,0.995215,1.001603
1.001592,1.009788,1.001603,0.9984
1.0,1.0,0.9984,1.003205
0.99841,0.990307,1.003205,1.004792
1.003185,1.019576,1.004792,1.00318
1.004762,0.9952,1.00318,1.00317
1.011058,1.008039,1.00317,0.988942
0.9875,0.995215,0.988942,0.984026
0.990506,0.982372,0.984026,1.00487
0.990415,1.0,1.00487,0.948304
0.998387,0.949429,0.948304,0.921635
0.95315,0.924399,0.921635,0.953789
0.915254,0.949814,0.953789,1.011628
0.974074,0.990215,1.011628,0.927203
0.98289,0.954545,0.927203,1.016529
0.969052,0.995859,1.016529,1.036585
1.023952,1.018711,1.036585,0.980392
0.994152,1.004082,0.980392,1.026
1.013725,1.028455,1.026,0.994152
1.011605,1.001976,0.994152,1.009804
0.988528,1.0,1.009804,1.013592
1.011605,1.015779,1.013592,1.003831
1.003824,1.0,1.003831,1.020992
1.019048,1.019417,1.020992,1.0
1.003738,1.009524,1.0,1.003738
1.003724,0.99434,1.003738,1.018622
1.016698,1.009488,1.018622,1.0
1.009124,1.018797,1.0,0.996344
0.990958,0.998155,0.996344,1.011009
1.012774,1.0,1.011009,0.990926
1.0,1.007394,0.990926,1.003663
0.989189,0.992661,1.003663,1.021898
1.021858,1.011091,1.021898,1.016071
1.017825,1.018282,1.016071,1.003515
1.012259,1.007181,1.003515,0.985989
1.00692,1.0,0.985989,1.099467
1.063574,1.017825,1.099467,1.1
1.1,1.1,1.1,0.989721
1.0837,1.055292,0.989721,1.025223
0.971545,0.964072,1.025223,0.973951
0.973501,1.034161,0.973951,0.968796
0.977077,0.975976,0.968796,0.900307
0.912023,0.903077,0.900307,0.994889
0.94373,0.93356,0.994889,1.034247
1.040886,1.069343,1.034247,0.970199
0.98036,0.996587,0.970199,1.018771
1.008347,0.996575,1.018771,1.008375
1.008278,1.020619,1.008375,1.013289
1.009852,0.986532,1.013289,0.970492
0.977236,1.005119,0.970492,0.971284
0.995008,0.967742,0.971284,0.991304
0.961538,0.977193,0.991304,1.012281
1.005217,1.014363,1.012281,1.001733
1.008651,1.015929,1.001733,0.979239
0.996569,0.980836,0.979239,0.996466
0.984509,1.0,0.996466,0.962766
0.984266,0.957371,0.962766,0.963168
0.971581,0.96846,0.963168,1.021033
0.978062,0.990421,1.021033,1.007491
1.014953,1.025145,1.007491,0.97026
0.996317,0.977358,0.97026,0.994253
0.970425,0.986486,0.994253,1.026975
1.020952,1.013699,1.026975,1.007505
1.009328,1.019305,1.007505,0.970205
0.998152,0.982955,0.970205,1.013436
0.981481,1.003854,1.013436,1.001894
1.009434,1.001919,1.001894,1.011342
1.0,0.998084,1.011342,0.992523
1.0,1.003839,0.992523,1.020716
1.014953,1.015296,1.020716,1.01107
1.012891,1.020716,1.01107,1.005474
1.009091,0.99631,1.005474,1.023593
1.01982,1.016667,1.023593,0.984043
0.996466,1.007286,0.984043,0.987387
0.996454,0.987342,0.987387,1.007299
0.985765,0.992674,1.007299,0.98913
0.998195,1.00369,0.98913,1.040293
1.070524,1.0,1.040293,0.996479
0.961149,1.023897,0.996479,1.028269
1.033392,1.016158,1.028269,0.994845
0.988095,1.010601,0.994845,0.981002
1.0,0.986014,0.981002,0.987676
0.986231,0.989362,0.987676,0.976827
0.982548,0.980287,0.976827,0.974453
0.971581,0.97075,0.974453,1.009363
0.989031,1.001883,1.009363,0.942486
0.992606,0.945489,0.942486,1.019685
0.96648,1.013917,1.019685,1.0
1.003854,1.001961,1.0,0.990347
1.0,0.996086,0.990347,1.015595
1.0,1.007859,1.015595,1.0
1.003839,1.007797,1.0,0.996161
1.007648,1.0,0.996161,0.986513
0.982922,0.982592,0.986513,0.978516
0.990347,0.982283,0.978516,1.017964
0.994152,1.0,1.017964,0.980392
0.998039,1.0,0.980392,0.998
0.990177,0.997996,0.998,0.971944
0.994048,0.96988,0.971944,0.905155
0.96008,0.904762,0.905155,1.027335
0.950104,0.997712,1.027335,0.982262
0.989059,1.002294,0.982262,1.022573
1.002212,0.995423,1.022573,0.984547
1.022075,1.022989,0.984547,1.026906
0.993521,0.977528,1.026906,0.984716
1.006522,1.034483,0.984716,0.968958
0.987041,0.966667,0.968958,1.066362
1.04814,1.011494,1.066362,0.980687
0.974948,1.031818,0.980687,1.026258
1.008565,0.997797,1.026258,0.98081
0.991507,1.006623,0.98081,0.969565
0.997859,0.975877,0.969565,1.011211
0.987124,0.979775,1.011211,1.031042
1.017391,1.029817,1.031042,1.002151
1.002137,1.024499,1.002151,0.965665
0.987207,0.963043,0.965665,1.022222
1.0,1.011287,1.022222,1.008696
1.00432,1.022321,1.008696,1.0
1.0,1.0,1.0,1.012931
1.010753,1.002183,1.012931,0.993617
1.017021,1.013072,0.993617,0.989293
0.981172,0.976344,0.989293,1.02381
1.010661,1.006608,1.02381,1.012685
1.027426,1.026258,1.012685,1.012526
1.0,1.012793,1.012526,1.010309
1.051335,1.021053,1.010309,1.018367
0.976562,1.0,1.018367,0.997996
1.016,1.012371,0.997996,0.975904
0.976378,0.98167,0.975904,1.028807
1.048387,1.004149,1.028807,0.978
0.963462,1.008264,0.978,0.957055
0.976048,0.942623,0.957055,0.99359
0.97137,1.01087,0.99359,0.989247
0.989474,0.984946,0.989247,1.030435
1.010638,0.995633,1.030435,1.006329
1.018947,1.026316,1.006329,1.033543
1.043388,1.014957,1.033543,1.008114
0.988119,1.021053,1.008114,0.98994
0.98998,0.997938,0.98994,1.004065
1.006073,1.014463,1.004065,0.983806
1.004024,0.98778,0.983806,0.997942
0.987976,0.985567,0.997942,0.985567
0.997972,0.993724,0.985567,1.014644
0.993902,0.983158,1.014644,1.002062
1.002045,1.023555,1.002062,0.969136
1.0,0.983264,0.969136,1.006369
0.977551,1.0,1.006369,0.987342
0.995825,0.987234,0.987342,1.021368
1.004193,1.006466,1.021368,1.01046
1.018789,1.010707,1.01046,0.993789
0.995902,1.010593,0.993789,0.991667
0.997942,0.997904,0.991667,0.972689
0.981443,0.968487,0.972689,1.0
0.983193,0.986985,1.0,1.006479
1.004274,1.010989,1.006479,0.98927
1.0,0.997826,0.98927,0.991323
0.987234,0.991285,0.991323,1.004376
0.997845,0.993407,1.004376,0.980392
0.991361,0.995575,0.980392,1.004444
0.991285,0.988889,1.004444,1.004425
1.008791,1.013483,1.004425,1.011013
1.002179,1.002217,1.011013,1.004357
1.01087,1.011062,1.004357,1.002169
1.004301,0.995624,1.002169,1.064935
1.087794,1.0,1.064935,0.987805
0.962598,1.03956,0.987805,0.99177
0.98773,1.006342,0.99177,1.004149
1.008282,1.004202,1.004149,0.987603
0.989733,0.993724,0.987603,0.993724
0.995851,0.995789,0.993724,0.976842
0.99375,0.976744,0.976842,1.010776
0.983229,1.002165,1.010776,0.968017
0.993603,0.978402,0.968017,1.004405
0.98927,1.0,1.004405,1.0
1.002169,0.997792,1.0,0.907895
0.974026,0.90708,0.907895,1.004831
0.94,0.965854,1.004831,1.0
1.004728,1.050505,1.0,0.975962
0.988235,0.954327,0.975962,1.012315
0.990476,1.015113,1.012315,0.973236
0.992788,0.990074,0.973236,1.015
0.987893,0.982456,1.015,1.046798
1.046569,1.040816,1.046798,0.988235
1.0,1.026961,0.988235,1.007143
0.995316,0.99284,1.007143,0.990544
0.992941,0.983173,0.990544,1.01432
1.026066,1.03423,1.01432,0.983529
0.983834,0.976359,0.983529,1.016746
1.002347,1.0,1.016746,1.014118
1.014052,1.026634,1.014118,0.99768
1.009238,1.009434,0.99768,1.02093
1.009153,1.009346,1.02093,1.013667
1.011338,1.00463,1.013667,0.997753
1.0,1.009217,0.997753,0.995495
1.0,1.004566,0.995495,0.997738
1.006726,1.0,0.997738,1.002268
0.997773,0.995455,1.002268,1.036199
1.022321,1.011416,1.036199,1.030568
1.034934,1.018059,1.030568,0.993644
1.010549,1.022173,0.993644,1.014925
0.997912,1.004338,1.014925,1.008403
1.023013,1.019438,1.008403,1.004167
1.002045,1.014831,1.004167,0.970954
0.995918,0.968685,0.970954,1.025641
0.985656,0.997845,1.025641,0.991667
1.004158,1.023758,0.991667,0.943277
1.0,0.947257,0.943277,1.01559
0.958592,1.002227,1.01559,1.008772
1.0,1.008889,1.008772,1.015217
1.012959,1.0,1.015217,0.978587
1.006397,0.997797,0.978587,1.008753
0.980932,0.99117,1.008753,1.02603
1.032397,1.046771,1.02603,1.008457
1.002092,1.004255,1.008457,0.997904
1.012526,0.989407,0.997904,0.987395
0.987629,0.995717,0.987395,1.006383
1.006263,1.004301,1.006383,0.983087
0.975104,0.985011,0.983087,1.006452
0.997872,1.004348,1.006452,1.014957
1.027719,1.010823,1.014957,1.012632
1.012448,1.006424,1.012632,0.952183
0.979508,0.968085,0.952183,1.00655
0.970711,0.997802,1.00655,0.991323
0.997845,0.993392,0.991323,0.97593
0.993521,0.986696,0.97593,1.0
0.98913,0.991011,1.0,0.995516
0.989011,0.993197,0.995516,1.006757
0.997778,1.009132,1.006757,0.970917
0.982183,0.957014,0.970917,1.041475
1.081633,1.021277,1.041475,0.949115
0.951782,0.993056,0.949115,0.986014
0.949339,0.983683,0.986014,1.002364
0.99536,0.995261,1.002364,1.011792
1.013986,1.004762,1.011792,1.055944
1.057471,1.007109,1.055944,1.03532
1.032609,1.058824,1.03532,0.997868
0.995789,1.026667,0.997868,1.012821
1.052854,1.012987,1.012821,1.037975
1.028112,1.012821,1.037975,1.099593
1.056641,1.008439,1.099593,0.992606
1.044362,1.09205,0.992606,0.970205
0.955752,0.980843,0.970205,0.980806
0.959259,0.978516,0.980806,1.001957
1.021236,1.005988,1.001957,0.945312
0.960302,0.948413,0.945312,1.033058
0.998031,1.014644,1.033058,0.972
0.998028,0.995876,0.972,1.1
1.057312,1.006211,1.1,1.009346
1.082243,1.1,1.009346,1.1
1.025907,0.977654,1.1,0.922559
1.052189,1.04381,0.922559,1.016423
0.9456,0.9,1.016423,0.9
0.908629,1.016227,0.9,0.994012
0.968343,0.976048,0.994012,1.090361
1.053846,1.042945,1.090361,1.099448
1.089416,1.043137,1.099448,1.1
1.1,1.1,1.1,0.975647
1.047184,1.051926,0.975647,1.040562
0.997093,0.995223,1.040562,0.946027
0.962099,1.008,0.946027,1.045959
1.024242,0.993651,1.045959,1.007576
1.019231,1.009585,1.007576,1.019549
1.037736,1.030063,1.019549,0.967552
0.946853,0.984639,0.967552,0.98628
0.982275,0.985959,0.98628,1.071097
1.04812,1.014241,1.071097,0.97114
1.011478,1.026521,0.97114,0.970282
0.991489,0.984802,0.970282,0.977029
0.932761,0.966049,0.977029,1.023511
1.021472,1.017572,1.023511,1.004594
1.004505,1.007849,1.004594,1.022866
1.014948,1.007788,1.022866,1.0462
1.072165,1.03864,1.0462,0.975783
0.958791,1.0,0.975783,0.906569
0.954155,0.918155,0.906569,1.083736
1.024024,1.006483,1.083736,1.023774
1.032258,1.080515,1.023774,1.007257
1.051136,1.010432,1.007257,0.940922
0.960811,0.921829,0.940922,1.099541
1.009845,1.0272,1.099541,1.005571
1.073816,1.1,1.005571,1.077562
1.029831,0.990113,1.077562,0.955013
0.959698,1.029957,0.955013,0.995962
1.01706,1.004155,0.995962,0.987838
0.96129,0.982069,0.987838,0.990424
1.013423,0.994382,0.990424,1.005525
1.002649,1.007062,1.005525,1.037088
1.023778,1.030856,1.037088,0.919205
0.96,0.930612,0.919205,1.004323
0.942204,0.976608,1.004323,1.044476
1.064194,1.04491,1.044476,1.010989
1.030831,1.015759,1.010989,0.990489
0.955787,0.99859,0.990489,1.03155
1.044898,1.022599,1.03155,1.029255
1.015625,0.995856,1.029255,1.099483
1.091026,1.026352,1.099483,1.037603
1.099882,1.1,1.037603,1.026048
0.995726,0.975381,1.026048,1.019868
1.056867,1.0625,1.019868,0.96645
0.952284,0.963801,0.96645,1.039194
0.996802,1.017606,1.039194,1.021552
1.048128,1.05075,1.021552,0.950422
0.964286,0.987925,0.950422,1.008879
0.989418,0.955556,1.008879,1.1
1.069519,1.038372,1.1,0.9
0.992,1.007839,0.9,1.022222
0.94254,0.966667,1.022222,0.9
0.973262,0.951724,0.9,0.931159
0.9,0.917874,0.931159,0.920882
0.965389,0.923684,0.920882,1.032394
0.947503,1.011396,1.032394,0.900409
0.92973,0.929577,0.900409,1.010606
0.998547,0.998485,1.010606,0.989505
1.002911,0.960546,0.989505,0.984848
0.982583,1.026856,0.984848,1.047692
1.01034,0.992308,1.047692,0.983847
1.001462,1.026357,0.983847,0.998507
0.992701,0.996979,0.998507,1.041854
1.041176,1.016667,1.041854,1.005739
1.038136,1.025335,1.005739,0.947218
0.968707,0.946221,0.947218,1.006024
0.939607,0.976959,1.006024,1.01497
1.028401,1.044025,1.01497,0.992625
1.007267,0.993976,0.992625,0.965825
0.97114,0.974242,0.965825,1.007692
0.994056,1.010886,1.007692,1.027481
1.010463,0.987692,1.027481,0.991085
1.02071,1.029595,0.991085,0.989505
0.975362,0.992436,0.989505,0.984848
0.982169,0.980183,0.984848,0.963077
0.990923,0.970451,0.963077,0.950479
0.974046,0.948718,0.950479,0.97479
0.945141,0.964527,0.97479,0.998276
0.985075,1.003503,0.998276,0.982729
0.991582,0.987784,0.982729,1.015817
0.986418,1.007067,1.015817,1.038062
1.037866,1.005263,1.038062,0.983333
0.998342,1.024433,0.983333,1.067797
1.063123,1.006814,1.067797,0.928571
0.976562,0.981387,0.928571,0.996581
0.9536,1.001724,0.996581,1.017153
1.018456,1.008606,1.017153,1.033727
1.028007,1.025597,1.033727,1.014682
0.996795,1.0,1.014682,1.0
1.016077,1.024958,1.0,0.998392
0.993671,1.0,0.998392,1.008052
1.004777,0.99513,1.008052,0.985623
0.990491,1.001631,0.985623,1.003241
1.0048,1.004886,1.003241,0.990307
0.990446,0.980551,0.990307,1.040783
1.033762,1.02314,1.040783,1.014107
1.018663,1.01454,1.014107,0.969088
0.981679,0.988854,0.969088,0.992026
0.981337,0.993559,0.992026,0.990354
0.988906,0.988655,0.990354,0.946429
0.985577,0.95082,0.946429,1.017153
0.969106,0.998276,1.017153,0.984823
1.0,1.003454,0.984823,0.982877
0.994966,0.977625,0.982877,1.015679
0.989882,1.010563,1.015679,1.006861
1.010221,1.006969,1.006861,1.001704
0.996627,1.00692,1.001704,1.011905
1.010152,1.010309,1.011905,0.961345
0.991625,0.971088,0.961345,1.01049
0.994932,1.010508,1.01049,0.948097
0.979626,0.948007,0.948097,1.012774
0.963605,1.0,1.012774,1.025225
1.028777,1.009141,1.025225,1.01406
1.019231,1.038043,1.01406,1.0
0.996569,1.001745,1.0,0.993068
1.001721,0.989547,0.993068,1.001745
1.003436,1.008803,1.001745,0.994774
0.989726,0.994764,0.994774,0.992995
0.986159,0.982456,0.992995,0.940035
0.973684,0.939286,0.940035,0.986867
0.969369,1.0,0.986867,0.958175
0.95539,0.931559,0.958175,0.990079
0.992218,1.014286,0.990079,1.01002
1.0,1.006036,1.01002,0.996032
1.019608,1.0,0.996032,1.011952
0.976923,1.0,1.011952,0.996063
1.007874,1.0,0.996063,1.003953
1.009766,1.012,1.003953,0.998031
0.98646,0.962451,0.998031,1.009862
1.011765,1.036961,1.009862,1.029297
1.021318,1.013861,1.029297,1.011385
1.036053,1.025391,1.011385,1.007505
0.992674,1.013333,1.007505,1.005587
1.005535,1.007519,1.005587,0.998148
1.0,0.994403,0.998148,0.992579
1.018349,0.973734,0.992579,1.018692
1.009009,1.046243,1.018692,0.992661
0.980357,0.994475,0.992661,0.994455
1.007286,0.994444,0.994455,0.98513
0.985533,0.964618,0.98513,1.030189
1.00367,1.013514,1.030189,1.005495
1.02011,1.034286,1.005495,1.005464
0.992832,1.005525,1.005464,1.01087
1.021661,1.003663,1.01087,1.001792
1.003534,1.005474,1.001792,1.028623
1.017606,1.016334,1.028623,1.003478
1.025952,1.010714,1.003478,1.012132
1.015177,1.008834,1.012132,0.989726
0.975083,1.005254,0.989726,0.99481
0.994889,0.994774,0.99481,0.965217
0.993151,0.956217,0.965217,0.990991
0.960345,1.001832,0.990991,1.009091
0.996409,0.990859,1.009091,1.007207
1.036036,1.027675,1.007207,0.974955
0.966957,0.964093,0.974955,1.001835
0.989209,1.005587,1.001835,0.972527
0.996364,0.981481,0.972527,0.967985
0.978102,0.966038,0.967985,1.015564
0.975746,1.003906,1.015564,0.975096
0.998088,0.988327,0.975096,1.003929
0.990421,1.001969,1.003929,1.015656
1.003868,0.996071,1.015656,1.009634
1.011561,1.019724,1.009634,1.003817
1.005714,1.0,1.003817,1.019011
1.018939,1.019342,1.019011,0.973881
0.992565,0.988615,0.973881,1.001916
0.988764,0.994242,1.001916,0.998088
0.996212,0.984556,0.998088,0.971264
0.994297,0.990196,0.971264,0.99211
0.969407,0.986139,0.99211,1.015905
1.00789,1.008032,1.015905,0.998043
1.011742,1.007968,0.998043,1.007843
1.003868,1.003953,1.007843,1.0
0.996146,0.992126,1.0,1.015564
1.01354,1.017857,1.015564,0.988506
1.0,1.003899,0.988506,0.978682
0.979008,0.978641,0.978682,0.986139
0.994152,0.988095,0.986139,1.01004
0.986275,0.987952,1.01004,0.99006
1.003976,1.010163,0.99006,0.997992
0.990099,0.995976,0.997992,0.985915
0.994,0.985859,0.985915,0.997959
0.991952,0.997951,0.997959,0.989775
1.0,0.99384,0.989775,0.96281
0.977688,0.960744,0.96281,1.006438
0.977178,0.991398,1.006438,0.991471
0.997877,1.002169,0.991471,1.006452
1.002128,1.002165,1.006452,0.985043
0.997877,0.99568,0.985043,1.010846
0.993617,1.004338,1.010846,1.021459
1.019272,1.00216,1.021459,0.989496
1.004202,1.008621,0.989496,1.008493
1.0,0.997863,1.008493,1.002105
1.023013,1.012848,1.002105,0.997899
0.97546,0.993658,0.997899,0.997895
1.002096,1.004255,0.997895,0.99789
0.997908,0.997881,0.99789,1.004228
1.002096,0.995754,1.004228,1.018947
1.014644,1.006397,1.018947,1.002066
1.012371,1.016949,1.002066,1.020619
1.008147,1.004167,1.020619,1.010101
1.034343,1.016598,1.010101,0.998
0.978516,1.010204,0.998,0.987976
1.0,0.987879,0.987976,1.002028
0.99002,1.00409,1.002028,0.997976
0.995968,0.989817,0.997976,1.006085
1.012146,1.014403,1.006085,0.981855
0.992,0.985801,0.981855,1.014374
0.995968,1.002058,1.014374,1.01417
1.016194,1.008214,1.01417,1.017964
1.015936,1.01833,1.017964,0.996078
1.003922,1.014,0.996078,1.019685
1.021484,0.998028,1.019685,0.984556
0.994264,1.005929,0.984556,0.970588
0.988462,0.972495,0.970588,1.024242
0.988327,1.0,1.024242,1.013807
1.07874,1.036364,1.013807,1.019455
0.958029,0.974659,1.019455,0.979008
0.998095,1.022,0.979008,1.003899
0.982824,0.984344,1.003899,0.998058
