1.022592,1.046452,1.017157,1.018072
1.009302,1.006165,1.018072,0.969231
0.986175,0.992647,0.969231,1.042735
1.0,0.995062,1.042735,1.017564
1.05257,1.042184,1.017564,1.003452
0.985572,1.02381,1.003452,0.987385
0.996622,0.97907,0.987385,1.025552
1.014689,1.033254,1.025552,0.98641
0.992205,0.986207,0.98641,1.020666
1.001122,1.0,1.020666,1.012373
1.019058,1.009324,1.012373,0.923333
0.990099,0.949192,0.923333,0.99278
0.941111,0.992701,0.99278,0.974545
0.983471,0.96201,0.974545,0.987562
0.97599,1.005096,0.987562,0.968514
0.9877,0.956907,0.968514,1.005202
0.990037,1.006623,1.005202,1.019405
0.993711,1.007895,1.019405,0.992386
1.016456,1.015666,0.992386,0.933504
0.967621,0.928021,0.933504,1.019178
0.983269,1.012465,1.019178,1.010753
0.985602,0.968536,1.010753,1.014628
1.038513,1.042373,1.014628,0.971166
0.975703,0.99187,0.971166,1.025641
1.015727,1.008197,1.025641,0.994737
0.989677,1.009485,0.994737,1.013228
1.0,1.010738,1.013228,0.998695
1.026076,1.009296,0.998695,1.010458
0.983482,1.001316,1.010458,0.996119
1.011628,0.998686,0.996119,1.025974
1.016603,0.997368,1.025974,1.013924
1.008794,1.029024,1.013924,1.014981
1.027397,1.021795,1.014981,0.9877
0.987879,1.005019,0.9877,1.019925
1.006135,1.0,1.019925,1.008547
1.029268,1.011236,1.008547,1.013317
0.995261,1.012346,1.013317,0.947431
1.021429,0.963415,0.947431,1.026482
0.958042,0.997468,1.026482,1.02457
1.027981,1.027919,1.02457,1.004796
1.008284,1.019753,1.004796,1.009547
1.052817,1.01816,1.009547,0.970449
0.943144,0.96195,0.970449,0.985384
0.979905,0.995056,0.985384,1.007417
0.985525,0.996273,1.007417,0.998773
1.002448,0.991272,0.998773,1.070025
1.084249,1.020126,1.070025,0.994259
0.998874,1.061652,0.994259,1.013857
1.003382,0.994193,1.013857,1.014806
1.01573,1.017523,1.014806,0.977553
0.983407,0.987371,0.977553,0.991963
0.984252,1.001163,0.991963,0.981481
0.994286,0.980256,0.981481,1.025943
1.004598,0.998815,1.025943,0.981609
0.996568,1.0,0.981609,1.008197
0.996556,1.002372,1.008197,1.015099
1.023041,1.002367,1.015099,1.009153
1.006757,1.024793,1.009153,1.030612
1.061521,1.017281,1.030612,0.987899
0.958904,1.003398,0.987899,1.006682
1.005495,1.004515,1.006682,0.984513
0.984699,0.993258,0.984513,1.022472
1.018868,1.004525,1.022472,1.015385
1.007625,1.016892,1.015385,0.962121
1.015135,0.945736,0.962121,1.00225
0.963791,1.028103,1.00225,0.976431
0.98453,0.985194,0.976431,0.994253
0.992144,0.989595,0.994253,0.964162
1.001131,0.971963,0.964162,1.0
1.0,1.0,1.0,1.051559
0.99887,1.016827,1.051559,1.028506
1.028281,1.020095,1.028506,0.965632
1.0,1.002317,0.965632,1.008037
0.968097,0.986127,1.008037,0.957859
0.997727,0.961313,0.957859,1.001189
0.976082,1.00122,1.001189,0.984561
1.019837,1.003654,0.984561,1.006031
0.964531,0.955097,1.006031,1.031175
1.026097,1.017789,1.031175,1.034884
1.035838,1.05618,1.034884,0.970787
0.995536,1.01773,0.970787,0.976852
0.956278,0.931475,0.976852,0.900474
0.992966,0.947631,0.900474,0.959211
0.9268,0.953947,0.959211,0.980796
0.947771,0.975172,0.980796,1.020979
0.982527,0.97454,1.020979,1.013699
1.025992,1.04209,1.013699,0.936486
0.998667,0.962396,0.936486,1.012987
0.94526,0.960926,1.012987,1.012821
1.028249,1.036145,1.012821,0.962025
0.980769,0.989826,0.962025,1.016082
0.990196,0.954479,1.016082,1.05036
1.036775,1.078462,1.05036,1.039726
1.046385,1.027104,1.039726,0.988142
0.986962,1.022222,0.988142,1.017333
1.019815,0.998641,1.017333,0.996068
1.001295,1.014966,0.996068,0.952632
0.978008,0.963807,0.952632,0.980663
0.957672,0.958275,0.980663,1.033803
1.015193,1.018868,1.033803,0.974114
1.009524,1.014245,0.974114,1.016783
0.987871,0.991573,1.016783,1.011004
1.015007,0.998584,1.011004,1.016327
1.013441,1.038298,1.016327,1.002677
1.001326,0.990437,1.002677,1.016021
1.030464,1.024828,1.016021,0.977661
0.98329,1.0,0.977661,0.986559
0.986928,0.981157,0.986559,0.952316
0.978808,0.956104,0.952316,1.040057
0.985115,0.989957,1.040057,1.001376
1.004121,1.04058,1.001376,0.995879
1.010944,1.0,0.995879,1.0
1.0,1.0,1.0,0.98069
0.986468,0.981894,0.98069,0.981716
0.979424,0.985816,0.981716,0.931232
0.987395,0.932374,0.931232,0.970769
0.924823,0.96142,0.970769,0.988906
0.978528,0.998395,0.988906,1.003205
0.987461,0.946945,1.003205,0.995208
1.003175,1.018676,0.995208,1.027287
1.018987,1.038333,1.027287,1.001562
1.0,1.011236,1.001562,1.00936
1.020186,1.0,1.00936,1.02473
1.018265,1.022222,1.02473,1.001508
1.007474,1.018634,1.001508,0.974398
0.979228,0.96189,0.974398,1.021638
1.019697,1.026941,1.021638,0.983359
1.017831,0.998457,0.983359,1.016923
0.972263,0.972179,1.016923,1.027231
1.025526,1.042925,1.027231,1.022091
1.023426,1.032012,1.022091,0.992795
0.997139,1.005908,0.992795,1.008708
0.998565,1.0,1.008708,0.98705
1.002874,0.986784,0.98705,1.01312
1.012894,1.016369,1.01312,1.001439
0.995757,1.004392,1.001439,1.028736
1.03267,1.01312,1.028736,0.997207
0.993122,1.011511,0.997207,0.998599
0.995845,1.0,0.998599,1.02244
1.019471,1.015647,1.02244,0.975309
1.002729,0.994398,0.975309,1.021097
0.989116,0.994366,1.021097,1.035813
1.049519,1.022663,1.035813,1.015957
1.002621,1.018006,1.015957,0.996073
1.006536,1.02585,0.996073,0.981603
1.012987,0.98939,0.981603,1.025435
0.99359,1.00134,1.025435,0.97389
0.990968,0.995984,0.97389,1.024129
0.996094,0.995968,1.024129,1.019634
1.026144,1.026991,1.019634,1.01027
1.035669,1.030223,1.01027,1.001271
0.97663,0.985969,1.001271,0.988579
0.993703,0.996119,0.988579,0.966624
0.992395,0.975325,0.966624,1.007968
0.983397,1.0,1.007968,1.013175
1.003896,1.001332,1.013175,0.994798
1.019405,1.013298,0.994798,1.020915
0.993655,1.002625,1.020915,1.021767
1.033206,1.026178,1.021767,1.011278
0.998764,1.007653,1.011278,0.996283
0.997525,1.006329,0.996283,0.987562
1.027295,0.98239,0.987562,1.012594
0.983092,1.006402,1.012594,1.004975
1.003686,1.01145,1.004975,0.99505
1.0,1.001258,0.99505,0.998756
0.988984,0.994975,0.998756,1.003736
1.0,0.996212,1.003736,0.985112
1.011139,1.003802,0.985112,0.987406
0.977968,0.963384,0.987406,1.014031
0.996245,1.019659,1.014031,1.022642
1.027638,1.015424,1.022642,0.9877
0.996333,1.007595,0.9877,0.946451
0.988957,0.948492,0.946451,0.997368
0.952854,1.0,0.997368,1.002639
1.002604,1.001325,1.002639,1.007895
1.001299,1.002646,1.007895,1.022193
1.019455,1.006596,1.022193,1.00894
1.024173,1.015727,1.00894,1.012658
1.001242,1.015484,1.012658,1.0025
0.998759,1.001271,1.0025,1.016209
1.024845,1.019036,1.016209,1.009816
1.008485,1.006227,1.009816,1.015796
1.020433,1.02104,1.015796,1.001196
0.995289,0.995152,1.001196,0.964158
0.994083,0.980512,0.964158,1.003717
0.986905,0.991304,1.003717,0.965432
0.978287,0.966165,0.965432,1.099744
1.060419,1.011673,1.099744,1.043023
1.07907,1.1,1.043023,0.971014
0.962284,0.989655,0.971014,1.0
0.985442,0.989547,1.0,1.010333
1.009091,1.012911,1.010333,1.028409
1.030405,1.0,1.028409,0.961326
0.981421,1.003476,0.961326,1.031034
1.007795,0.997691,1.031034,1.010033
1.025414,1.033565,1.010033,1.018764
1.006466,0.996641,1.018764,0.980498
1.023555,1.011236,0.980498,0.98232
0.961297,0.986667,0.98232,1.022497
0.994559,1.001126,1.022497,1.0
1.006565,1.012373,1.0,1.039604
1.048913,1.015556,1.039604,1.026455
1.023834,1.0186,1.026455,0.980412
0.976721,1.008593,0.980412,1.0
1.0,1.0,1.0,0.913775
0.984456,0.920128,0.913775,1.024166
0.944211,1.010417,1.024166,0.992135
1.028986,0.991982,0.992135,0.944507
0.967497,0.946882,0.944507,1.029976
0.967525,1.013415,1.029976,1.039581
1.053241,1.026474,1.039581,1.076148
1.079121,1.065651,1.076148,0.957336
0.964358,0.977998,0.957336,1.019565
1.011616,1.017998,1.019565,0.995736
0.995825,1.014365,0.995736,1.017131
0.997904,0.992375,1.017131,1.005263
1.018908,1.018661,1.005263,0.959162
1.007216,0.959052,0.959162,1.0
0.95087,1.014607,1.0,1.027293
1.049516,1.021041,1.027293,0.979809
0.974359,0.986985,0.979809,0.965293
0.981053,0.97033,0.965293,1.014607
0.968884,0.987542,1.014607,1.002215
1.024363,1.02867,1.002215,0.973481
0.972973,0.977703,0.973481,1.022701
1.002222,0.995439,1.022701,1.024417
1.029933,1.032073,1.024417,1.013001
1.032293,1.024417,1.013001,0.992513
0.979145,0.998917,0.992513,1.003233
1.01065,1.004338,1.003233,1.023631
1.006322,1.00324,1.023631,0.963274
1.005236,0.958019,0.963274,1.007625
0.964583,1.019101,1.007625,0.982703
1.00216,0.997795,0.982703,0.979098
0.983836,0.979006,0.979098,0.967416
0.970427,0.959368,0.967416,0.960511
0.989842,0.971765,0.960511,0.993954
0.95325,0.990315,0.993954,1.020681
1.004785,1.003667,1.020681,0.994041
1.00119,1.008526,0.994041,1.014388
1.009512,1.004831,1.014388,1.002364
1.008245,1.009615,1.002364,0.981132
0.98715,0.986905,0.981132,1.012019
1.002367,0.993969,1.012019,1.009501
1.012987,1.009709,1.009501,0.956471
0.986014,0.963942,0.956471,0.98032
0.965721,0.983791,0.98032,1.007528
0.988984,0.997465,1.007528,1.009963
1.037129,1.027954,1.009963,0.969174
0.963007,0.965389,0.969174,0.959288
0.972739,0.960307,0.959288,1.006631
0.969427,0.994667,1.006631,1.018445
1.018397,1.016086,1.018445,0.949547
1.007742,0.963061,0.949547,1.00545
0.957746,0.980822,1.00545,0.979675
1.0,1.006983,0.979675,1.009682
0.979947,0.993065,1.009682,1.015068
1.023192,1.011173,1.015068,1.006748
1.001333,1.013812,1.006748,1.002681
1.002663,1.010899,1.002681,1.008021
1.005312,1.005391,1.008021,1.005305
1.007926,1.006702,1.005305,0.994723
1.003932,0.996005,0.994723,1.04244
1.067885,1.034759,1.04244,0.992366
0.973105,0.997416,0.992366,1.020513
1.003769,1.010363,1.020513,0.993719
1.011264,1.012821,0.993719,1.02402
1.008663,1.0,1.02402,1.003704
1.006135,1.013924,1.003704,0.98278
0.991463,0.988764,0.98278,1.018773
1.00246,1.0,1.018773,0.971744
0.998773,0.988636,0.971744,1.018963
0.9914,0.998723,1.018963,1.019851
1.023544,1.014066,1.019851,0.998783
1.008475,1.022699,0.998783,1.008526
1.0012,1.002466,1.008526,1.001208
1.008393,1.00984,1.001208,0.992762
0.989298,0.986602,0.992762,0.978129
0.992788,0.990123,0.978129,1.029814
1.007264,0.997506,1.029814,1.006031
1.003606,1.0325,1.006031,1.010791
1.011976,1.002421,1.010791,0.991696
1.001183,1.004831,0.991696,1.022727
1.013002,0.997596,1.022727,0.980117
1.021004,1.008434,0.980117,1.020286
1.011429,1.008363,1.020286,0.967251
0.970621,0.9609,0.967251,1.032648
1.0,1.019729,1.032648,0.967213
0.987194,0.991536,0.967213,1.003632
0.991745,1.006098,1.003632,0.987937
0.994055,0.987879,0.987937,1.002442
0.98445,0.991411,1.002442,1.017052
1.019441,1.009901,1.017052,1.00479
1.003576,1.020833,1.00479,1.004768
1.004751,1.002401,1.004768,1.004745
1.009456,1.009581,1.004745,1.010626
1.021077,1.003559,1.010626,0.969626
0.981651,0.971631,0.969626,0.972289
0.977804,0.978102,0.972289,1.006196
0.973716,0.986318,1.006196,0.998768
1.004908,1.008827,0.998768,1.008631
0.998779,1.005,1.008631,1.003667
1.006112,1.007463,1.003667,0.992692
0.996355,0.996296,0.992692,1.046626
1.058537,1.011152,1.046626,1.002345
1.011521,1.018382,1.002345,1.003509
0.989749,1.01083,1.003509,0.980186
0.989643,0.989286,0.980186,1.041617
1.027907,1.001203,1.041617,0.990868
1.001131,1.026442,0.990868,1.010369
1.00678,1.003513,1.010369,0.984036
0.988777,1.003501,0.984036,1.0
1.0,1.0,1.0,0.931634
0.964813,0.933721,0.931634,0.977612
0.950588,0.967621,0.977612,0.986005
0.980198,0.985843,0.986005,0.992258
1.002525,1.001305,0.992258,1.014304
0.987406,0.997392,1.014304,1.008974
1.005102,1.001307,1.008974,0.963151
0.997462,0.986945,0.963151,1.001319
0.97201,0.994709,1.001319,1.003953
1.001309,0.992021,1.003953,1.009186
1.011765,1.018767,1.009186,1.003901
0.998708,1.002632,1.003901,1.003886
1.007762,1.003937,1.003886,0.974194
0.991014,0.985621,0.974194,1.033113
1.014249,0.997347,1.033113,1.00641
1.010217,1.030585,1.00641,0.987261
0.993679,0.988387,0.987261,1.014194
1.006361,1.007833,1.014194,1.002545
1.003793,1.009067,1.002545,1.054569
1.066751,0.994865,1.054569,1.01444
1.008264,1.036129,1.01444,1.005931
1.004684,1.01868,1.005931,0.970519
1.018648,1.002445,0.970519,1.030377
0.998856,1.00122,1.030377,0.9
0.973654,0.929354,0.9,0.927916
0.9,0.91481,0.927916,1.021186
0.975839,1.005731,1.021186,1.006916
1.008253,1.018519,1.006916,0.997253
1.00955,0.99021,0.997253,1.009642
0.997297,1.016949,1.009642,1.004093
0.998645,1.008333,1.004093,1.009511
1.012212,0.995868,1.009511,0.979812
1.034853,1.006916,0.979812,1.016484
0.959845,0.968407,1.016484,0.989189
0.995951,1.024113,0.989189,1.010929
1.01626,1.00831,1.010929,0.998649
1.0,1.002747,0.998649,0.968877
0.974667,0.973973,0.968877,0.984637
0.994528,0.988748,0.984637,0.975887
0.973865,0.963016,0.975887,1.008721
0.981638,1.0,1.008721,1.005764
1.034532,1.028065,1.005764,1.014327
0.990264,0.994253,1.014327,1.019774
1.018258,1.020231,1.019774,1.001385
1.004138,1.016997,1.001385,1.004149
1.008242,0.997214,1.004149,0.972452
0.989101,0.984637,0.972452,1.012748
0.995868,1.0,1.012748,1.001399
0.997234,1.011348,1.001399,1.019553
1.016644,1.00561,1.019553,1.00137
1.002729,1.011158,1.00137,1.008208
1.006803,1.004138,1.008208,0.993216
1.001351,0.998626,0.993216,0.994536
0.993252,0.994498,0.994536,1.012363
1.01087,1.006916,1.012363,1.002714
1.001344,0.990385,1.002714,1.009472
1.009396,1.015257,1.009472,1.004021
1.00266,1.009563,1.004021,1.001335
1.0,1.008119,1.001335,0.993333
1.009284,0.993289,0.993333,0.989262
0.989488,0.990541,0.989262,1.037992
1.022576,1.004093,1.037992,1.007843
1.01039,1.023098,1.007843,0.985733
0.998715,1.002656,0.985733,0.932895
0.978121,0.93245,0.932895,0.995769
0.938158,0.985795,0.995769,1.005666
0.998597,1.007205,1.005666,0.983099
0.992978,0.987124,0.983099,0.985673
0.991513,0.995652,0.985673,1.010174
0.99572,1.001456,1.010174,0.988489
0.992837,0.984012,0.988489,1.0131
1.005772,1.004431,1.0131,1.0
1.007174,1.014706,1.0,0.962644
0.968661,0.96087,0.962644,0.908955
0.972059,0.909502,0.908955,0.986864
0.916793,0.956882,0.986864,1.011647
1.026403,1.048527,1.011647,1.006579
0.991961,0.965289,1.006579,1.026144
1.029173,1.053082,1.026144,1.009554
1.0,1.013008,1.009554,0.990536
1.007874,1.004815,0.990536,0.998408
0.989062,0.995208,0.998408,0.977671
1.00158,0.983949,0.977671,0.982055
0.951104,0.96248,0.982055,1.001661
1.013267,1.018644,1.001661,1.034826
1.040917,1.013311,1.034826,1.004808
1.0,1.018062,1.004808,1.014354
1.003145,1.004839,1.014354,0.993711
0.995298,1.004815,0.993711,0.981013
0.992126,0.988818,0.981013,0.993548
1.004762,0.991922,0.993548,0.998377
0.979463,0.986971,0.998377,1.003252
1.008065,1.006601,1.003252,0.97731
0.9872,0.985246,0.97731,0.966833
0.964344,0.968386,0.966833,1.006861
0.998319,0.993127,1.006861,1.017036
1.006734,1.013841,1.017036,0.98995
1.010033,1.006826,0.98995,0.998308
0.990066,0.99661,0.998308,1.001695
1.008361,0.977891,1.001695,1.015228
0.996683,1.017391,1.015228,0.995
1.008319,1.020513,0.995,1.020101
1.008251,1.00335,1.020101,0.978654
0.998363,0.991653,0.978654,1.0
0.978689,0.984848,1.0,1.028523
1.031826,1.006838,1.028523,0.967374
1.001623,1.001698,0.967374,0.998314
0.972447,0.979661,0.998314,0.971284
0.991667,0.986159,0.971284,1.008696
0.983193,1.008772,1.008696,0.965517
1.003419,0.972174,0.965517,0.978571
0.962521,0.974955,0.978571,0.992701
0.984071,0.976147,0.992701,0.992647
0.98741,1.007519,0.992647,1.005556
1.020036,1.0,1.005556,1.033149
1.007143,1.0,1.033149,1.019608
1.01773,1.039179,1.019608,1.034965
1.038328,1.014363,1.034965,0.981419
0.996644,1.023009,0.981419,0.956971
0.979798,0.960208,0.956971,1.0
0.974227,1.0,1.0,0.971223
0.977072,0.954955,0.971223,1.018519
0.99639,1.00566,1.018519,1.005455
1.014493,1.011257,1.005455,1.039783
1.046429,1.020408,1.039783,1.010435
0.998294,1.029091,1.010435,0.994836
1.006838,1.014134,0.994836,1.015571
1.005093,1.006969,1.015571,0.996593
0.996622,1.00346,0.996593,1.005128
1.00339,0.996552,1.005128,1.032313
1.028716,0.991349,1.032313,1.00659
1.039409,1.064572,1.00659,1.006547
0.990521,0.995082,1.006547,1.0
0.995215,1.00659,1.0,0.978862
0.990385,0.98036,0.978862,1.018272
0.993528,0.993322,1.018272,0.982055
1.003257,1.010084,0.982055,1.001661
0.991883,0.996672,1.001661,1.023217
1.00982,1.010017,1.023217,1.011345
1.02107,1.014876,1.011345,0.975962
1.003175,0.983713,0.975962,1.001642
0.990506,1.006623,1.001642,0.955738
0.969649,0.950658,0.955738,1.008576
0.970346,0.99827,1.008576,0.984694
0.993209,0.979203,0.984694,0.977547
0.998291,0.99292,0.977547,1.003534
0.981164,0.98574,1.003534,1.028169
1.026178,1.019892,1.028169,0.97774
1.001701,1.0,0.97774,1.008757
0.979626,0.998227,1.008757,0.921875
0.998267,0.937833,0.921875,1.007533
0.961806,1.013258,1.007533,0.990654
0.971119,0.986916,0.990654,0.973585
0.992565,0.973485,0.973585,0.998062
0.97191,0.986381,0.998062,1.005825
1.001927,1.011834,1.005825,1.0
1.007692,0.986355,1.0,1.001931
0.996183,1.011858,1.001931,0.980732
1.001916,0.992188,0.980732,0.948919
0.971319,0.944882,0.948919,0.975155
0.956693,0.979167,0.975155,0.953291
0.975309,0.953191,0.953291,1.035635
0.983122,1.004464,1.035635,1.002151
1.008584,1.004444,1.002151,1.021459
1.038298,1.028761,1.021459,0.947479
0.989754,0.946237,0.947479,0.986696
0.935818,0.972727,0.986696,1.011236
1.006637,1.016355,1.011236,0.995556
1.01978,1.027586,0.995556,0.979911
0.974138,0.975391,0.979911,1.004556
0.980088,0.974771,1.004556,1.020408
1.027088,1.025882,1.020408,1.008889
1.006593,1.034404,1.008889,0.969163
1.00655,0.971175,0.969163,0.952273
0.958785,0.954338,0.952273,1.01432
0.966063,0.980861,1.01432,1.037647
1.035129,1.019512,1.037647,1.043084
1.045249,1.052632,1.043084,1.006522
1.021645,1.031818,1.006522,0.991361
0.991525,1.008811,0.991361,0.973856
0.995726,0.969432,0.973856,0.970917
0.959227,0.975225,0.970917,1.057604
1.029083,1.002309,1.057604,0.978214
1.017391,1.02765,0.978214,1.013363
0.991453,1.006726,1.013363,1.015385
1.00431,1.01559,1.015385,0.991342
1.004292,0.995614,0.991342,1.008734
0.989316,0.997797,1.008734,0.993506
1.008639,1.004415,0.993506,1.019608
1.004283,1.002198,1.019608,1.014957
1.01919,1.02193,1.014957,1.006316
1.008368,1.012876,1.006316,0.972803
0.991701,0.974576,0.972803,1.021505
0.995816,1.004348,1.021505,1.016842
1.029412,1.025974,1.016842,1.012422
1.004082,1.012658,1.012422,1.042945
1.046748,1.004167,1.042945,0.992157
0.996117,1.037344,0.992157,1.045455
1.038986,1.014,1.045455,0.988658
1.0,1.021696,0.988658,0.986616
0.990619,0.980695,0.986616,0.994186
1.0,1.007874,0.994186,1.013645
0.984848,0.990234,1.013645,1.023077
1.028846,1.019724,1.023077,0.984962
1.001869,1.005803,0.984962,1.013359
0.996269,1.003846,1.013359,1.015066
1.039326,1.021073,1.015066,1.1
1.068468,1.0,1.1,0.976391
1.038786,1.078799,0.976391,1.1
1.034091,1.001739,1.1,1.048666
1.076923,1.1,1.048666,1.061377
1.059767,1.024806,1.061377,1.0
1.0,1.0,1.0,0.973202
0.975241,1.03177,0.973202,1.004348
0.983075,1.0,1.004348,1.007215
1.005739,1.001466,1.007215,0.995702
0.997147,0.988287,0.995702,1.010072
1.007153,1.008889,1.010072,0.907407
0.99858,0.928047,0.907407,0.978022
0.910384,0.971519,0.978022,1.043339
1.020312,1.004886,1.043339,1.016923
1.033691,1.037277,1.016923,0.977307
0.974815,0.984375,0.977307,1.065015
1.080547,1.011111,1.065015,0.989826
0.967651,1.020408,0.989826,0.9721
0.989826,1.010769,0.9721,0.968278
0.982379,0.961948,0.968278,0.99064
0.971599,0.987342,0.99064,0.955906
0.984615,0.953526,0.955906,0.968699
0.95,0.976471,0.968699,1.011905
1.004934,1.012048,1.011905,1.058824
1.03437,1.013605,1.058824,1.0
1.022152,1.038591,1.0,0.980952
0.970588,0.988691,0.980952,1.017799
1.004785,0.977124,1.017799,1.00159
1.01746,1.021739,1.00159,1.026984
1.018721,1.036007,1.026984,1.007728
1.015314,1.007899,1.007728,1.01227
1.003017,1.010972,1.01227,0.978788
1.010526,1.0,0.978788,1.027864
0.997024,0.993798,1.027864,1.010542
1.022388,1.031201,1.010542,0.995529
0.992701,1.001513,0.995529,1.031437
1.042647,1.012085,1.031437,1.056604
1.069111,1.013433,1.056604,0.989011
0.969657,1.038292,0.989011,0.959722
0.980952,0.971631,0.959722,0.986975
0.966713,0.991241,0.986975,1.001466
1.004304,1.004418,1.001466,0.988287
0.972857,0.964809,0.988287,1.01037
1.026432,1.025836,1.01037,0.994135
0.974249,0.985185,0.994135,1.019174
1.020558,1.019549,1.019174,0.966715
0.989928,0.985251,0.966715,1.0
1.0,1.0,1.0,0.968563
0.979651,0.965569,0.968563,1.040185
1.014837,1.007752,1.040185,1.041605
1.03655,1.027692,1.041605,1.002853
1.00141,1.028443,1.002853,1.024182
1.029577,1.018923,1.024182,0.9625
0.983584,0.982857,0.9625,0.965368
0.969402,0.96657,0.965368,1.019432
0.982783,1.010526,1.019432,0.982405
1.0,0.985119,0.982405,0.998507
0.988321,1.003021,0.998507,0.991031
0.997046,0.995482,0.991031,1.012066
0.995556,0.977307,1.012066,1.017884
1.017857,1.026316,1.017884,0.991215
1.001462,1.016591,0.991215,1.026588
1.029197,0.998516,1.026588,0.991367
0.994326,1.010401,0.991367,0.940493
0.961484,0.95,0.940493,0.983025
0.974777,0.97678,0.983025,0.99686
0.986301,0.99683,0.99686,0.987402
1.0,0.985692,0.987402,0.99681
0.984568,1.008065,0.99681,1.0192
1.0,0.992,1.0192,0.982732
0.996865,1.004839,0.982732,1.027157
1.015723,1.006421,1.027157,0.990669
1.0,1.011164,0.990669,0.981162
0.989164,0.966877,0.981162,1.0064
0.989045,1.011419,1.0064,0.993641
1.004747,1.006452,0.993641,0.984
0.990551,0.983974,0.984,0.986992
0.982512,0.970684,0.986992,0.967051
0.978964,0.981544,0.967051,1.010221
0.983471,0.989744,1.010221,0.991568
1.005042,1.010363,0.991568,0.988095
0.994983,0.989744,0.988095,1.008606
0.986555,0.986183,1.008606,1.015358
1.02385,1.019264,1.015358,1.005042
1.008319,1.012027,1.005042,1.001672
0.99835,1.006791,1.001672,0.964942
0.991736,0.973019,0.964942,1.015571
0.983333,0.975737,1.015571,0.962521
0.99322,1.0,0.962521,0.962832
0.96587,0.959147,0.962832,1.011029
0.973498,1.005556,1.011029,0.990909
0.99637,0.92081,0.990909,0.998165
0.996357,1.064,0.998165,0.950368
0.992687,0.969925,0.950368,1.007737
0.970534,0.99031,1.007737,1.003839
0.996205,0.984344,1.003839,1.047801
1.074286,1.033797,1.047801,0.998175
0.991135,1.040385,0.998175,0.978062
0.982111,0.987061,0.978062,1.007477
0.990893,0.986891,1.007477,0.990724
0.996324,1.011385,0.990724,0.981273
0.99262,0.979362,0.981273,1.0
0.990706,0.996169,1.0,0.979008
0.986867,0.975,0.979008,0.962963
0.979087,0.972387,0.962963,1.024291
0.992233,1.006085,1.024291,0.968379
0.992172,0.985887,0.968379,1.02449
0.99211,1.002045,1.02449,1.037849
1.037773,1.020408,1.037849,1.026871
1.028736,1.042,1.026871,0.996262
1.003724,1.013436,0.996262,1.009381
0.998145,1.0,1.009381,1.001859
1.018587,1.0,1.001859,0.966605
0.985401,0.984848,0.966605,1.069098
1.040741,1.009615,1.069098,0.971275
0.978648,1.020952,0.971275,0.981516
0.994545,0.985075,0.981516,1.0
0.978062,0.986742,1.0,1.0
0.994393,0.994242,1.0,1.039548
1.054511,1.025097,1.039548,0.981884
0.983957,1.016949,0.981884,1.01476
1.014493,0.996296,1.01476,0.969091
0.983929,0.988848,0.969091,0.958724
0.963702,0.958647,0.958724,1.033268
0.998117,1.001961,1.033268,1.039773
1.09434,1.035225,1.039773,1.003643
0.987931,1.018904,1.003643,1.010889
0.979058,1.0,1.010889,1.010772
1.008913,1.022263,1.010772,0.978686
1.012367,0.983666,0.978686,1.019964
0.991274,1.00369,1.019964,1.016014
1.008803,1.029412,1.016014,1.050788
1.054101,1.014286,1.050788,1.0
1.0,1.0,1.0,0.975
0.991722,0.998239,0.975,1.0
0.988314,1.010582,1.0,0.967521
0.988176,0.986038,0.967521,0.9947
0.982906,0.987611,0.9947,0.984014
0.987826,0.991039,0.984014,1.00361
0.994718,0.994575,1.00361,1.030576
1.021239,1.012727,1.030576,0.963351
0.993068,0.987433,0.963351,1.003623
0.986038,1.0,1.003623,0.99278
0.984071,0.985455,0.99278,0.974545
0.996403,0.987085,0.974545,0.977612
0.974729,0.971963,0.977612,1.019084
0.996296,0.996154,1.019084,1.018727
1.01487,1.019305,1.018727,0.994485
1.007326,1.018939,0.994485,1.029575
1.014545,1.007435,1.029575,1.014363
1.014337,1.01845,1.014363,0.975221
0.996466,0.996377,0.975221,1.021779
1.0,1.0,1.021779,0.968028
1.0,0.923636,0.968028,0.99633
0.975177,1.068898,0.99633,0.996317
0.996364,0.987109,0.996317,1.022181
1.012774,1.007463,1.022181,1.005425
1.009009,1.011111,1.005425,1.0
1.008929,1.012821,1.0,0.985612
0.985841,0.987342,0.985612,1.0
0.996409,0.998168,1.0,0.976277
0.996396,0.979817,0.976277,0.968224
0.974684,0.966292,0.968224,1.003861
0.974026,0.996124,1.003861,1.001923
1.0,1.007782,1.001923,1.005758
1.0,1.0,1.005758,1.013359
1.019048,1.013514,1.013359,1.00565
1.0,1.00381,1.00565,1.001873
1.007477,1.009488,1.001873,0.990654
1.0,0.981203,0.990654,0.998113
0.987013,1.003831,0.998113,0.969754
0.994361,0.977099,0.969754,1.0
0.975425,0.992188,1.0,1.003899
1.003876,1.005906,1.003899,0.98835
0.998069,0.990215,0.98835,1.0
0.994197,1.0,1.0,0.982318
0.996109,0.970356,0.982318,0.98
0.972656,0.98778,0.98,0.995918
0.985944,0.991753,0.995918,0.987705
1.002037,1.002079,0.987705,0.991701
0.987805,0.973029,0.991701,0.974895
0.981481,0.98081,0.974895,0.984979
0.987421,0.997826,0.984979,1.002179
0.985138,0.997821,1.002179,0.947826
0.989224,0.941048,0.947826,0.983945
0.949891,0.988399,0.983945,0.983683
0.990826,0.985915,0.983683,1.004739
0.990741,0.990476,1.004739,0.957547
0.990654,0.975962,0.957547,0.982759
0.959906,0.94335,0.982759,1.030075
1.039312,1.028721,1.030075,1.002433
0.985816,1.035533,1.002433,1.029126
1.019185,0.990196,1.029126,1.028302
1.030588,1.042079,1.028302,0.993119
1.009132,1.016627,0.993119,0.997691
0.984163,0.983645,0.997691,0.976852
0.990805,1.0,0.976852,1.045024
1.027842,1.0,1.045024,1.020408
1.020316,1.042755,1.020408,1.042222
1.070796,1.006834,1.042222,0.98081
0.960744,1.024887,0.98081,0.991304
0.989247,0.984547,0.991304,0.991228
1.006522,1.006726,0.991228,1.002212
0.99568,1.002227,1.002212,1.02649
1.013015,1.006667,1.02649,1.006452
1.008565,1.01766,1.006452,0.987179
1.002123,1.0,0.987179,1.010823
0.997881,0.997831,1.010823,1.017131
1.029724,1.004348,1.017131,0.987368
0.991753,1.002165,0.987368,1.012793
0.989605,1.00432,1.012793,1.012632
1.012605,1.012903,1.012632,1.0
1.012448,1.008493,1.0,1.010395
1.008197,1.006316,1.010395,0.989712
1.022358,1.004184,0.989712,1.029106
0.998012,0.972917,1.029106,1.016162
1.01992,1.053533,1.016162,1.005964
0.990234,1.006098,1.005964,0.982213
1.0,0.99798,0.982213,1.026157
1.009862,0.997976,1.026157,0.998039
1.001953,1.024341,0.998039,0.984283
0.998051,0.986139,0.984283,1.013972
0.994141,0.977912,1.013972,0.966535
1.009823,1.004107,0.966535,0.977597
0.961089,0.977505,0.977597,1.025
0.997976,1.002092,1.025,1.020325
1.022312,1.022965,1.020325,1.003984
1.011905,1.010204,1.003984,1.011905
1.031373,1.006061,1.011905,1.0
0.977186,1.006024,1.0,0.990196
1.0,0.996008,0.990196,0.99802
0.984436,0.991984,0.99802,1.011905
1.011858,1.016162,1.011905,0.992157
0.998047,0.998012,0.992157,1.013834
1.013699,1.001992,1.013834,1.017544
1.027027,1.029821,1.017544,0.992337
0.994361,0.990347,0.992337,1.013514
0.994329,1.003899,1.013514,0.971429
0.996198,0.984466,0.971429,0.986275
0.979008,0.990138,0.986275,1.007952
0.994152,0.998008,1.007952,0.968442
1.0,0.978044,0.968442,1.0
0.978431,0.991837,1.0,1.028513
1.016032,1.018519,1.028513,1.031683
1.029586,1.020202,1.031683,0.971209
0.996169,0.982178,0.971209,1.041502
1.023077,1.018145,1.041502,1.009488
1.020677,1.037624,1.009488,0.977444
0.981584,0.977099,0.977444,1.001923
0.996248,1.003906,1.001923,1.005758
1.003766,1.005837,1.005758,0.961832
0.990619,0.959381,0.961832,0.996032
0.960227,0.991935,0.996032,1.057769
1.04931,1.018293,1.057769,0.981168
1.00188,1.02994,0.981168,1.03263
1.013133,0.998062,1.03263,1.007435
1.005556,1.025243,1.007435,1.01107
1.01105,1.00947,1.01107,0.989051
1.001821,1.007505,0.989051,0.987085
0.983636,0.988827,0.987085,1.005607
1.007394,0.998117,1.005607,0.977695
0.987156,0.981132,0.977695,1.001901
0.990706,1.0,1.001901,0.954459
0.977486,0.963462,0.954459,1.00994
0.976967,1.0,1.00994,1.009843
1.013752,1.013972,1.009843,0.94152
0.996124,0.909449,0.94152,0.975155
0.941634,1.010823,0.975155,0.987261
0.964876,0.963597,0.987261,1.025806
1.021413,1.035556,1.025806,0.989518
1.004193,1.002146,0.989518,0.987288
1.008351,0.995717,0.987288,0.991416
0.971014,0.982796,0.991416,0.980519
0.987207,0.989059,0.980519,1.015453
0.99568,0.984513,1.015453,1.01087
1.010846,1.029213,1.01087,1.025806
1.036481,1.004367,1.025806,1.004193
0.99793,1.023913,1.004193,0.993737
0.991701,0.997877,0.993737,1.042017
1.073222,1.014894,1.042017,1.014113
0.988304,1.020964,1.014113,1.00994
1.035503,1.01848,1.00994,0.976378
0.982857,0.987903,0.976378,1.022177
0.996124,1.0,1.022177,1.009862
1.015564,1.030612,1.009862,1.015625
1.001916,1.00198,1.015625,0.994231
1.005736,1.009881,0.994231,1.007737
0.998099,1.007828,1.007737,0.976967
0.992381,0.976699,0.976967,1.021611
0.998081,0.998012,1.021611,1.015385
1.038462,1.039841,1.015385,0.973485
0.974074,0.977011,0.973485,1.01751
0.996198,1.005882,1.01751,1.001912
1.01145,1.007797,1.001912,1.01145
1.009434,0.996132,1.01145,1.00566
1.007477,1.015534,1.00566,1.043152
1.046382,1.017208,1.043152,0.980216
0.994681,1.009398,0.980216,1.00367
1.003565,1.001862,1.00367,1.025594
1.010657,1.016729,1.025594,1.02139
1.024605,1.016453,1.02139,0.975567
0.981132,0.983813,0.975567,0.998211
0.98951,1.014625,0.998211,1.010753
0.998233,0.996396,1.010753,0.968085
1.00177,0.985533,0.968085,1.001832
0.978799,0.988991,1.001832,0.967093
0.99278,0.96475,0.967093,0.99811
0.967273,1.0,0.99811,0.975379
0.992481,0.982692,0.975379,0.98835
0.986742,0.988258,0.98835,0.950884
0.965451,0.934653,0.950884,1.016529
0.986083,1.029661,1.016529,1.006098
1.016129,1.00823,1.006098,1.026263
1.015873,0.979592,1.026263,0.98622
0.986328,1.020833,0.98622,0.964072
0.988119,0.979592,0.964072,0.995859
0.975952,0.970833,0.995859,0.908524
0.99384,0.929185,0.908524,1.002288
0.931818,0.928406,1.002288,1.013699
1.0,1.08209,1.013699,0.984234
1.0,1.0,0.984234,0.997712
0.982262,0.97931,0.997712,1.034404
1.018059,1.016432,1.034404,1.006652
1.008869,1.027714,1.006652,1.008811
1.008791,0.98427,1.008811,1.0
1.013072,1.025114,1.0,0.997817
1.006452,1.01559,0.997817,0.943107
0.965812,0.940789,0.943107,1.006961
0.964602,1.002331,1.006961,1.02765
1.025229,1.009302,1.02765,1.026906
1.035794,1.025346,1.026906,0.984716
1.008639,1.011236,0.984716,1.039911
1.017131,1.004444,1.039911,1.010661
1.012632,1.030973,1.010661,0.991561
1.004158,1.008584,0.991561,1.014894
0.989648,0.982979,1.014894,0.968553
1.025105,0.995671,0.968553,1.034632
0.977551,0.98913,1.034632,1.020921
1.020877,1.043956,1.020921,1.02459
1.022495,1.002105,1.02459,0.98
1.01,1.027311,0.98,1.040816
1.015842,0.993865,1.040816,0.968627
1.003899,1.00823,0.968627,0.977733
0.963107,0.969388,0.977733,0.99793
0.991935,1.010526,0.99793,1.049793
1.030488,0.995833,1.049793,0.998024
1.009862,1.050209,0.998024,1.009901
1.0,0.996016,1.009901,0.996078
1.0,1.002,0.996078,0.994094
1.007812,1.001996,0.994094,0.99604
0.99031,0.994024,0.99604,0.986083
0.992172,0.97996,0.986083,1.054435
1.033531,1.01227,1.054435,1.040153
1.057252,1.040404,1.040153,1.011029
0.998195,1.019417,1.011029,0.998182
1.03255,1.028571,0.998182,1.005464
1.007005,1.012963,1.005464,1.077899
1.053913,0.996344,1.077899,0.991597
0.981848,1.055046,0.991597,1.040678
1.036975,1.005217,1.040678,1.032573
1.074554,1.039792,1.032573,0.984227
0.965309,1.011647,0.984227,1.032051
1.015625,1.019737,1.032051,0.987578
1.018462,1.017742,0.987578,0.959119
0.966767,0.96355,0.959119,0.986885
0.959375,0.967105,0.986885,0.996678
1.003257,1.003401,0.996678,0.985
0.974026,0.971186,0.985,1.01692
1.005,1.022688,1.01692,0.985025
1.003317,1.008532,0.985025,1.021959
1.001653,0.998308,1.021959,1.026446
1.037954,1.008475,1.026446,0.990338
0.992051,1.02521,0.990338,1.1
1.084936,1.1,1.1,1.051699
1.1,1.016248,1.051699,1.002809
0.990604,0.998547,1.002809,0.922969
0.952575,0.953421,0.922969,1.007587
0.967283,0.998473,1.007587,0.959337
0.989706,0.969419,0.959337,1.020408
0.983655,0.990536,1.020408,1.050769
1.034743,1.015924,1.050769,0.992679
1.00438,1.040752,0.992679,0.976401
1.014535,0.986446,0.976401,0.968278
0.972779,0.975573,0.968278,1.065523
1.02651,1.007825,1.065523,1.019034
1.021521,1.046584,1.019034,1.051724
1.039326,1.01632,1.051724,0.994536
1.004054,1.033577,0.994536,1.001374
1.002692,1.009887,1.001374,1.080933
1.07651,1.016783,1.080933,1.044416
1.047382,1.057772,1.044416,1.0
1.0,1.0,1.0,1.058323
1.071429,1.014304,1.058323,0.900115
0.971111,1.005128,0.900115,1.09949
0.98627,0.973214,1.09949,1.025522
1.056845,1.1,1.025522,0.949095
1.007684,0.947674,0.949095,0.927294
0.930283,0.93865,0.927294,1.006427
0.934426,0.981699,1.006427,0.997446
1.0,1.018642,0.997446,1.00128
1.006266,0.99085,1.00128,0.930946
0.990037,0.92876,0.930946,1.005495
0.930818,1.002841,1.005495,0.980874
0.990541,1.001416,0.980874,0.97493
0.975443,0.966054,0.97493,1.011429
0.994406,1.01757,1.011429,1.084746
1.09564,1.02446,1.084746,1.0
1.046213,1.054775,1.0,0.994792
0.97546,1.009321,0.994792,0.96466
0.989937,0.968338,0.96466,1.016282
0.959339,0.946866,1.016282,0.983979
0.997351,1.051799,0.983979,1.05156
1.071713,1.00684,1.05156,1.056774
1.034696,1.023098,1.056774,1.003663
1.035928,1.079681,1.003663,1.083942
1.045087,1.00369,1.083942,0.982043
0.987832,1.0625,0.982043,1.019429
1.030235,1.00692,1.019429,0.982063
0.996739,0.991982,0.982063,0.971461
0.954198,0.964203,0.971461,1.099882
1.069714,1.0,1.099882,1.042735
1.075855,1.1,1.042735,1.006148
1.011917,1.038043,1.006148,0.988798
0.998037,1.010471,0.988798,1.046344
1.000983,0.985492,1.046344,0.936024
1.010806,0.962145,0.936024,1.009464
0.945578,0.974863,1.009464,1.025
1.044193,1.06278,1.025,0.980691
0.979331,1.0,0.980691,0.964767
0.959799,0.968354,0.964767,1.010741
1.015707,1.01634,1.010741,1.028693
1.025773,1.012862,1.028693,0.970041
0.959799,0.983069,0.970041,1.018104
1.039791,1.020452,1.018104,1.007322
0.981873,0.987342,1.007322,0.944964
0.986667,0.962607,0.944964,0.972527
0.954262,0.953385,0.972527,0.99774
0.976035,1.001164,0.99774,1.00453
1.007812,1.024419,1.00453,0.997745
1.007752,0.99319,0.997745,0.969492
0.978022,0.950857,0.969492,1.038462
1.030337,1.020433,1.038462,1.003367
0.997819,1.036514,1.003367,0.964206
0.985792,0.978409,0.964206,1.042923
1.001109,0.993031,1.042923,0.998888
1.006645,1.040936,0.998888,1.005568
1.013201,0.997753,1.005568,1.027685
1.015201,1.013514,1.027685,0.976293
0.996791,1.0,0.976293,0.971302
0.963519,0.957778,0.971302,1.021591
1.016704,1.009281,1.021591,1.038932
1.025192,1.024138,1.038932,0.964668
1.004274,1.010101,0.964668,0.977802
0.965957,0.972222,0.977802,0.900114
0.985683,0.906286,0.900114,1.058008
0.948603,0.972257,1.058008,0.995232
1.008245,1.070039,0.995232,0.97485
0.976636,0.981818,0.97485,0.998771
0.98445,0.967901,0.998771,1.00861
1.010936,1.014031,1.00861,1.037805
1.02524,1.021384,1.037805,1.036428
1.038687,1.049261,1.036428,1.053288
1.057562,1.026995,1.053288,1.036598
1.040555,1.046857,1.036598,1.008307
1.017436,1.034934,1.008307,0.995881
0.983871,0.986287,0.995881,1.011375
1.008197,1.011765,1.011375,1.017382
1.026423,1.004228,1.017382,1.026131
1.015842,1.012632,1.026131,1.010774
1.022417,1.047817,1.010774,1.068798
1.056244,1.005952,1.068798,0.985494
1.005415,1.054241,0.985494,0.977001
1.017953,0.991581,0.977001,1.016949
0.963845,0.971698,1.016949,1.032407
1.020128,1.043689,1.032407,0.959641
1.026009,0.987907,0.959641,1.038318
0.979021,0.99435,1.038318,0.984698
1.005357,1.013258,0.984698,0.97075
0.975133,0.982243,0.97075,1.048964
1.016393,0.978116,1.048964,0.937163
1.028674,0.997082,0.937163,0.964559
0.9,0.947317,0.964559,0.967229
0.993204,1.0,0.967229,1.026694
0.982405,0.993821,1.026694,1.026
1.039801,1.036269,1.026,0.996101
0.994258,1.0,0.996101,0.985323
0.995188,0.999,0.985323,1.007944
0.98646,0.973974,1.007944,0.988177
1.003922,1.028777,0.988177,0.942173
0.996094,0.934066,0.942173,0.993651
0.936275,0.994652,0.993651,0.965921
0.990576,0.963441,0.965921,1.047409
1.010571,1.015625,1.047409,1.009474
1.029289,1.028571,1.009474,1.04171
1.02439,1.020299,1.04171,1.0
1.001984,1.032461,1.0,1.037037
1.027723,1.005071,1.037037,0.944981
0.99711,0.984864,0.944981,1.030644
0.976812,0.95082,1.030644,1.058474
1.07814,1.064655,1.058474,1.062734
1.047706,1.064777,1.062734,0.97533
0.991243,1.040875,0.97533,0.993677
0.995583,0.983562,0.993677,0.954545
0.998225,0.95636,0.954545,0.981905
0.939556,0.966019,0.981905,1.077595
1.053926,1.037186,1.077595,0.987399
0.996409,1.046512,0.987399,0.994531
0.989189,0.990741,0.994531,1.003666
1.009107,1.006542,1.003666,0.978082
0.987365,0.985144,0.978082,1.063492
1.051188,1.016023,1.063492,0.997366
1.006957,1.038961,0.997366,0.96831
0.982729,0.964286,0.96831,1.010909
0.97891,0.997222,1.010909,1.000899
1.007181,1.016713,1.000899,0.96496
0.991979,0.977169,0.96496,0.992551
0.973944,0.990654,0.992551,1.009381
1.00738,1.00566,1.009381,0.95632
0.992674,0.953096,0.95632,1.001944
0.968635,0.984252,1.001944,1.009699
1.005714,1.025,1.009699,0.958694
0.974432,0.970732,0.958694,0.986974
0.985423,0.986935,0.986974,0.93401
0.973373,0.923625,0.93401,1.01087
0.943262,1.001103,1.01087,1.023656
1.023631,1.015419,1.023656,1.031513
1.033578,1.019523,1.031513,1.016293
1.020305,1.038298,1.016293,0.972946
0.989055,0.98668,0.972946,1.00206
1.001006,1.002077,1.00206,0.99075
0.98392,0.974093,0.99075,1.030083
1.018386,1.023404,1.030083,0.981873
0.996991,1.005198,0.981873,0.990769
0.98994,0.98242,0.990769,0.964803
0.985772,0.975789,0.964803,0.990343
0.962887,0.981661,0.990343,0.990249
1.0,0.996703,0.990249,1.00547
1.0,1.00882,1.00547,1.020675
1.007495,0.986885,1.020675,0.996802
1.018066,1.0299,0.996802,1.007487
0.988518,0.992473,1.007487,1.008493
1.008448,1.008667,1.008493,0.996842
1.009424,1.011815,0.996842,1.046463
1.039419,1.005308,1.046463,0.998991
1.001996,1.032735,0.998991,1.010101
1.000996,0.997955,1.010101,0.991
1.006965,1.01127,0.991,0.968718
0.987154,0.943262,0.968718,1.001042
0.967968,1.016112,1.001042,0.98231
1.0,0.994715,0.98231,0.998941
0.986556,0.994687,0.998941,1.007423
1.008386,0.962607,1.007423,0.995789
0.990644,1.037736,0.995789,0.987315
0.992655,0.993583,0.987315,1.019272
1.014799,0.998924,1.019272,1.005252
1.009375,1.017241,1.005252,0.981191
0.992776,0.991525,0.981191,0.975506
0.977131,0.976496,0.975506,1.0
1.0,1.0,1.0,1.0
1.0,1.0,1.0,0.900655
0.942553,0.900438,0.900655,0.992727
0.934537,0.957473,0.992727,0.991453
1.007246,1.013959,0.991453,1.0
0.978417,0.992491,1.0,1.002463
1.006127,1.01261,1.002463,1.002457
1.0,1.008717,1.002457,1.015931
1.010962,1.001235,1.015931,1.041013
1.043373,1.014797,1.041013,1.028969
1.047344,1.049818,1.028969,0.993243
0.99118,1.006944,0.993243,0.989796
0.993326,0.990805,0.989796,0.9874
0.984323,0.984919,0.9874,0.989559
0.989761,1.0,0.989559,0.988277
0.987356,0.98351,0.988277,1.04745
1.041909,0.99521,1.04745,0.996602
0.986592,1.046931,0.996602,0.980682
0.996602,0.986207,0.980682,0.994206
0.990909,0.997669,0.994206,0.988345
0.991972,0.984813,0.988345,1.0
0.987283,0.995255,1.0,0.994104
0.997658,1.002384,0.994104,1.008304
1.004695,0.996433,1.008304,0.969412
0.997664,0.97852,0.969412,1.015777
0.984778,0.987805,1.015777,1.014337
1.028537,1.017284,1.014337,1.001178
0.99422,1.019417,1.001178,1.004706
0.996512,1.00119,1.004706,0.995316
0.994166,0.998811,0.995316,1.02
1.029343,1.008333,1.02,1.00346
0.99886,1.009445,1.00346,1.003448
0.998858,1.010526,1.003448,1.002291
1.002286,0.99537,1.002291,1.019429
1.020525,1.006977,1.019429,0.973094
0.997765,1.0,0.973094,0.998848
0.984323,0.997691,0.998848,1.027682
1.020478,1.001157,1.027682,1.015713
1.014493,1.020809,1.015713,1.003315
0.997802,1.0,1.003315,1.017621
1.030837,1.026048,1.017621,1.071429
1.073718,1.004415,1.071429,1.0
1.010945,1.072527,1.0,1.029293
1.016732,1.002049,1.029293,0.976447
0.987415,1.009202,0.976447,0.978894
0.97451,0.970618,0.978894,1.020534
1.01006,1.01357,1.020534,0.984909
1.000996,1.00103,0.984909,0.963228
0.975124,0.965021,0.963228,1.021209
0.991837,1.00533,1.021209,0.990654
0.995885,1.004242,0.990654,1.018868
1.007231,0.998944,1.018868,1.049383
1.055385,1.02537,1.049383,1.001961
0.998056,1.038144,1.001961,1.017613
1.032132,1.00993,1.017613,0.994231
0.981132,1.000983,0.994231,0.994197
1.017308,1.001965,0.994197,0.995136
0.982987,0.996078,0.995136,1.021505
1.014423,0.999016,1.021505,1.007656
1.025592,1.025616,1.007656,1.026591
1.05268,1.025937,1.026591,0.995375
0.975417,0.993446,0.995375,0.960967
0.990999,0.967012,0.960967,1.008704
0.950954,0.989279,1.008704,1.01534
1.018147,1.021675,1.01534,1.010387
1.036585,1.025072,1.010387,1.023364
1.004525,1.001881,1.023364,1.018265
1.017117,1.012207,1.018265,1.012556
1.0062,1.023191,1.012556,0.970771
0.985915,0.986401,0.970771,1.043796
1.036607,0.998162,1.043796,1.003497
1.009475,1.043278,1.003497,0.99216
0.985495,0.987643,0.99216,1.027217
1.014719,0.996425,1.027217,0.992308
1.014505,1.030493,0.992308,0.978467
0.977292,0.982594,0.978467,0.954225
0.965577,0.951284,0.954225,0.989852
0.979501,0.994413,0.989852,1.015843
0.992721,0.984082,1.015843,0.968807
1.000917,1.003806,0.968807,0.994318
0.981685,0.969668,0.994318,1.009524
0.992537,1.01564,1.009524,0.990566
1.007519,1.005775,0.990566,0.981905
0.988806,0.980861,0.981905,0.973812
0.979245,0.974634,0.973812,0.993028
0.979769,0.992993,0.993028,1.02006
1.006883,1.003024,1.02006,1.032448
1.033203,1.022111,1.032448,1.005714
1.004726,1.024582,1.005714,0.991477
1.001881,0.998081,0.991477,0.992359
0.988732,0.984615,0.992359,1.001925
0.995252,1.009766,1.001925,0.987512
0.995229,0.985493,0.987512,0.98249
0.985618,0.989205,0.98249,1.012871
0.995136,0.99504,1.012871,0.994135
1.016618,1.010967,0.994135,1.007866
0.988462,0.993097,1.007866,0.988293
1.019455,0.999007,0.988293,1.020731
0.98855,0.989066,1.020731,1.047389
1.051158,1.036181,1.047389,0.99169
0.997245,1.027158,0.99169,1.001862
0.998158,0.99339,1.001862,1.031599
1.04059,1.007605,1.031599,0.996396
0.99734,1.031132,0.996396,0.984629
0.991111,0.991766,0.984629,1.000918
0.981166,0.990775,1.000918,1.015596
1.019196,1.011173,1.015596,1.03523
1.030493,1.014733,1.03523,0.985166
1.007833,1.013612,0.985166,0.9938
0.988774,0.999105,0.9938,0.97148
0.980786,0.96595,0.97148,1.004587
0.990205,1.001855,1.004587,1.031963
1.055755,1.019444,1.031963,0.987611
0.964225,0.998183,0.987611,1.008961
1.008834,1.009099,1.008961,0.950266
0.987741,0.937782,0.950266,1.001869
0.981383,1.017308,1.001869,0.94403
0.96206,0.951796,0.94403,1.040514
0.99061,0.991063,1.040514,1.007597
1.008531,1.041082,1.007597,1.043355
1.046992,1.020212,1.043355,1.009937
1.007181,1.023585,1.009937,0.994633
1.015152,1.015668,0.994633,0.982914
0.976295,0.970054,0.982914,0.99634
0.984712,1.005613,0.99634,0.981635
0.991781,0.96,0.981635,0.951356
0.981584,0.971899,0.951356,1.009833
0.993433,1.008973,1.009833,1.022395
1.007554,1.016798,1.022395,0.998095
0.99344,1.000972,0.998095,1.055344
1.045283,1.009709,1.055344,1.007233
1.00722,1.038462,1.007233,0.942549
0.991039,0.944444,0.942549,1.006667
0.958409,1.010784,1.006667,0.996216
0.998113,0.99418,0.996216,1.003799
1.006616,1.009756,1.003799,1.012299
1.019718,1.014493,1.012299,0.991589
0.990792,0.999048,0.991589,0.979265
0.98513,0.981888,0.979265,0.985563
0.993396,0.982524,0.985563,1.024414
1.006648,1.003953,1.024414,1.0
0.99717,1.01378,1.0,1.011439
1.008515,1.01165,1.011439,1.0377
1.0394,1.013436,1.0377,0.967302
0.997292,0.977273,0.967302,1.060094
1.040724,1.022287,1.060094,1.0124
0.996522,1.054028,1.0124,1.099738
1.096859,1.011691,1.099738,1.018298
1.030231,1.1,1.018298,1.017187
1.026255,1.024194,1.017187,0.980031
0.987961,0.993701,0.980031,0.991379
1.0,0.992868,0.991379,0.991304
0.977913,0.982442,0.991304,1.013557
1.017134,1.023558,1.013557,1.014162
0.990046,0.980952,1.014162,1.048875
1.075019,1.046926,1.048875,0.972633
0.996403,1.014683,0.972633,0.971103
0.974007,0.966489,0.971103,0.974941
0.967383,0.961387,0.974941,1.004016
0.968582,1.011475,1.004016,1.0168
1.009494,1.00081,1.0168,1.029111
1.026646,1.026721,1.029111,0.987768
1.003817,1.013407,0.987768,1.034056
1.025095,1.006226,1.034056,1.023204
1.027448,1.035576,1.023204,1.021214
1.039711,1.03062,1.021214,0.972063
0.971528,0.971014,0.972063,1.005158
0.978556,0.988806,1.005158,1.016129
1.013148,1.018868,1.016129,0.998557
1.009373,1.003704,0.998557,0.964595
0.99,0.98524,0.964595,1.018727
0.984127,0.997753,1.018727,1.065441
1.073314,1.013514,1.065441,1.011732
1.068989,1.075556,1.011732,1.098226
1.030032,0.997245,1.098226,1.010559
1.060794,1.080801,1.010559,1.008605
0.979532,1.003834,1.008605,1.053016
1.032836,1.032463,1.053016,0.985532
1.011561,1.040074,0.985532,1.000587
0.985714,0.981624,1.000587,0.995305
0.993623,1.006039,0.995305,1.014741
1.016919,1.006002,1.014741,0.981987
0.99082,0.998807,0.981987,1.019527
1.024899,1.014934,1.019527,1.016251
0.99322,0.989406,1.016251,0.987436
1.023322,0.992267,0.987436,1.071139
1.034464,1.019185,1.071139,0.955184
0.992477,1.029412,0.955184,0.997739
0.987547,0.995429,0.997739,0.984703
0.987939,0.987371,0.984703,1.008055
0.990011,0.991279,1.008055,1.025114
1.008969,1.019941,1.025114,1.030624
1.044444,1.022427,1.030624,0.998379
1.004787,1.016873,0.998379,0.998377
0.996294,1.011615,0.998377,0.942547
0.985654,0.944232,0.942547,0.946521
0.938005,0.925883,0.946521,1.029162
0.974138,1.021263,1.029162,1.014758
1.031268,1.029394,1.014758,0.991856
0.992563,0.999405,0.991856,0.963636
0.975793,0.964286,0.963636,1.011564
0.998819,0.974691,1.011564,1.008424
1.023063,1.056365,1.008424,0.977327
0.983815,0.977818,0.977327,1.040904
1.005875,0.999387,1.040904,1.1
1.095794,1.052761,1.1,1.065032
1.079424,1.1,1.065032,0.981481
0.986667,1.005263,0.981481,1.00306
1.000501,1.000524,1.00306,0.988815
1.02001,1.004186,0.988815,0.990231
0.961256,0.974466,0.990231,1.039979
1.054082,1.036364,1.039979,0.983525
0.985963,1.008772,0.983525,0.927919
0.97349,0.9289,0.927919,0.996718
0.948563,0.990639,0.996718,0.954995
0.978203,0.957198,0.954995,1.1
1.040217,1.092915,1.1,1.064786
1.095089,1.052072,1.064786,1.1
1.069656,1.016162,1.1,1.036574
1.092328,1.1,1.036574,0.991824
0.988158,1.032462,0.991824,1.033839
1.01157,0.978603,1.033839,1.024759
1.010621,1.048639,1.024759,1.05733
1.065885,1.028085,1.05733,1.077072
1.076981,1.074089,1.077072,1.061848
1.055634,1.075145,1.061848,0.963427
0.998332,1.003226,0.963427,1.07065
1.045773,0.978921,1.07065,1.010177
1.00639,1.095985,1.010177,0.968801
0.97746,0.982684,0.968801,0.905736
0.97759,0.9102,0.905736,1.038148
0.966777,0.931124,1.038148,1.0396
1.019931,1.1,1.0396,1.012697
1.010108,1.01347,1.012697,0.963402
0.986991,0.967821,0.963402,0.982765
0.963839,0.924828,0.982765,1.047244
1.058205,1.1,1.047244,1.027341
1.018555,1.015542,1.027341,1.1
1.075797,1.021913,1.1,1.039915
1.071666,1.082709,1.039915,1.00727
0.994921,1.049984,1.00727,0.978637
0.998298,1.011976,0.978637,0.909145
0.965057,0.905325,0.909145,0.94257
0.9005,0.934641,0.94257,1.02926
0.983655,0.944755,1.02926,1.018395
1.093054,1.1,1.018395,0.94647
0.95713,0.900987,0.94647,1.031228
0.963469,0.973713,1.031228,1.015141
1.019782,1.094863,1.015141,0.993039
1.011962,0.993151,0.993039,0.9
0.934185,0.929655,0.9,0.9
0.957592,0.9,0.9,1.007832
0.9075,0.9,1.007832,0.900204
0.96222,1.008246,0.900204,0.900045
0.9,0.900045,0.900045,0.90005
0.9,0.90005,0.90005,0.900168
1.014339,0.900168,0.900168,0.900312
0.9,0.900312,0.900312,0.900346
1.033081,0.900346,0.900346,1.099923
0.954636,0.93774,1.099923,1.09993
1.09993,1.1,1.09993,1.099746
1.099746,1.088158,1.099746,1.078567
1.099942,1.046554,1.078567,0.9
0.959559,0.970537,0.9,1.015476
0.984674,0.9,1.015476,1.080305
1.035019,1.1,1.080305,1.047748
1.06391,1.056272,1.047748,0.989643
0.994447,1.028857,0.989643,1.008373
0.984772,0.987055,1.008373,1.1
1.092784,1.054645,1.1,0.983491
1.066038,1.067358,0.983491,0.90024
0.955752,0.911165,0.90024,0.947789
0.906481,0.9,0.947789,1.097246
0.999489,1.013618,1.097246,0.995389
1.073071,1.1,0.995389,0.949563
0.928571,0.924737,0.949563,0.901897
0.932308,0.945361,0.901897,1.091346
1.0011,1.001806,1.091346,0.988987
1.032418,1.044471,0.988987,0.983296
0.973922,0.978136,0.983296,1.056625
1.027322,1.05,1.056625,1.088424
1.090426,1.064426,1.088424,1.038405
1.053171,1.073684,1.038405,0.995258
1.007411,1.015196,0.995258,1.059552
1.030345,0.990343,1.059552,0.992356
1.017403,1.062896,0.992356,1.024921
0.993421,1.0,1.024921,0.900088
1.089183,0.933945,0.900088,1.072692
0.9,0.926326,1.072692,0.938645
1.015399,1.082185,0.938645,0.913171
0.908118,0.904949,0.913171,0.900107
0.9,0.91229,0.900107,0.900297
0.9,0.900297,0.900297,0.9
1.027686,0.9,0.9,1.012454
0.923669,0.900366,1.012454,1.099855
1.055556,1.1,1.099855,0.911842
1.0,0.986419,0.911842,0.9
0.9,0.903623,0.9,0.900561
0.947794,0.9,0.900561,1.048976
0.958107,1.032086,1.048976,1.1
1.049393,1.001727,1.1,1.060185
1.091821,1.1,1.060185,0.995633
1.004947,1.016092,0.995633,1.063596
1.04782,1.018854,1.063596,0.900344
0.997987,0.969652,0.900344,0.9
0.9,0.9,0.9,1.1
1.013281,0.979644,1.1,0.966076
1.066307,1.080519,0.966076,1.034318
0.939262,0.991987,1.034318,1.064815
1.063895,1.021809,1.064815,0.995652
1.018813,1.058498,0.995652,0.973799
0.976562,0.985063,0.973799,1.008969
1.008,1.004549,1.008969,0.982963
1.020202,0.983396,0.982963,1.012811
0.953324,0.967767,1.012811,0.96131
0.982938,1.007137,0.96131,1.006966
0.992453,1.007874,1.006966,1.058417
1.057034,1.039062,1.058417,1.045752
1.05036,1.026316,1.045752,1.040278
1.047945,1.05348,1.040278,1.012016
1.005229,1.012517,1.012016,0.959103
0.993498,0.995879,0.959103,1.099725
1.046466,1.006897,1.099725,1.040025
1.068793,1.09589,1.040025,1.007817
0.995904,1.0175,1.007817,1.044749
1.072268,1.019656,1.044749,0.900057
0.978082,0.949398,0.900057,1.079315
0.957983,1.000635,1.079315,1.023516
1.05731,1.07863,1.023516,0.987364
0.984513,0.986479,0.987364,0.998255
0.973596,0.955304,0.998255,0.974942
1.032891,1.038054,0.974942,1.022714
0.964804,1.006611,1.022714,0.986558
0.999421,0.982687,0.986558,0.969787
0.991889,0.984812,0.969787,0.987783
0.975467,0.987045,0.987783,1.062461
1.029341,1.019375,1.062461,1.0
1.03025,1.052728,1.0,1.1
1.067194,1.055911,1.1,1.008466
1.058201,1.032543,1.008466,1.033578
1.02,1.008547,1.033578,0.995431
0.980392,1.016949,0.995431,0.971953
0.993,0.96875,0.971953,0.970094
0.952669,0.980108,0.970094,1.035695
1.013742,0.981349,1.035695,0.961358
1.014077,1.024036,0.961358,1.009234
0.997429,1.009825,1.009234,1.1
1.053608,1.008649,1.1,1.009785
1.042074,1.076635,1.009785,1.021318
1.023474,1.006969,1.021318,1.081594
1.054128,1.00346,1.081594,0.990789
1.010444,1.091133,0.990789,1.018592
1.021102,1.001354,1.018592,0.903955
0.984817,0.933724,0.903955,0.998558
0.916488,0.917431,0.998558,0.981704
0.978037,1.052632,0.981704,0.96616
0.992355,0.95,0.96616,1.071066
1.017333,1.040526,1.071066,1.07109
1.098438,1.054628,1.07109,0.987611
0.976303,1.051319,0.987611,1.02733
1.034863,1.005018,1.02733,0.988225
0.977825,1.002724,0.988225,0.964695
1.000872,0.986419,0.964695,0.984904
0.948148,0.957779,0.984904,1.03019
1.020221,1.006229,1.03019,1.023895
1.045495,1.066667,1.023895,1.041832
1.052994,1.0125,1.041832,1.005495
0.989362,1.022928,1.005495,1.005885
1.014888,1.009483,1.005885,0.974509
0.986145,0.994876,0.974509,1.006861
0.980579,0.982833,1.006861,0.959966
0.989465,0.975983,0.959966,1.022183
0.982964,0.978971,1.022183,0.994792
1.017331,1.043419,0.994792,0.951134
0.989353,0.952694,0.951134,0.998165
0.946621,0.967816,0.998165,1.008732
1.015916,1.033254,1.008732,0.965376
0.998657,0.972414,0.965376,0.9
0.958763,0.901655,0.9,0.941793
0.9,0.9,0.941793,1.016704
0.967368,1.031469,1.016704,0.9
0.973885,0.928249,0.9,0.986001
0.950838,0.900791,0.986001,0.9
0.940071,0.985135,0.9,1.028121
0.968125,0.941015,1.028121,0.917945
0.984506,0.999271,0.917945,1.068314
0.967869,0.933625,1.068314,0.953741
1.00271,1.079687,0.953741,1.03281
0.998649,0.985528,1.03281,1.040055
1.023004,1.049927,1.040055,1.0
1.028439,1.034266,1.0,0.916999
0.978778,0.920216,0.916999,1.042723
0.952694,1.003674,1.042723,1.038194
1.042069,1.061493,1.038194,0.900334
0.972866,0.928276,0.900334,0.959881
0.927211,0.9,0.959881,0.927245
0.961849,0.982659,0.927245,1.080134
0.999237,1.008403,1.080134,1.002318
1.001527,1.0425,1.002318,1.071704
1.087652,1.033573,1.071704,0.999281
0.985284,1.026295,0.999281,1.022318
1.025605,1.052751,1.022318,0.979577
0.990985,0.99141,0.979577,0.989216
0.978307,0.953069,0.989216,1.055233
1.047926,1.064394,1.055233,1.025482
1.029352,1.021352,1.025482,0.987911
1.006631,1.022997,0.987911,1.021754
1.000659,0.995232,1.021754,1.019295
1.013825,1.026694,1.019295,0.97389
0.996104,0.972667,0.97389,1.05429
1.026728,1.00891,1.05429,0.900191
0.99619,0.961957,0.900191,0.976695
0.917782,0.944915,0.976695,0.903832
0.965972,0.930493,0.903832,1.0312
0.932423,0.975904,1.0312,1.062839
1.062452,1.060082,1.062839,0.994161
1.014514,1.052795,0.994161,0.939794
0.979971,0.930678,0.939794,1.1
1.027737,1.030111,1.1,1.03125
1.047585,1.024615,1.03125,0.949036
0.968814,1.029279,0.949036,0.986212
0.986004,0.985412,0.986212,0.992642
0.970901,0.969652,0.992642,1.042995
1.048977,1.048092,1.042995,0.983653
0.991638,1.00437,0.983653,0.973988
0.989459,0.971719,0.973988,1.052671
1.015625,1.01194,1.052671,1.042283
1.048951,1.045723,1.042283,1.027045
1.022,1.04725,1.027045,0.997367
1.023483,1.011448,0.997367,1.035644
1.008923,1.007989,1.035644,0.959847
0.979154,0.992074,0.959847,1.043825
1.030323,1.002663,1.043825,0.982188
0.998748,1.018592,0.982188,0.957254
0.968025,0.945241,0.957254,1.052097
1.010363,1.025517,1.052097,0.992926
1.012821,1.031607,0.992926,0.987047
0.974051,0.963494,0.987047,1.058399
1.068226,1.022327,1.058399,0.990701
0.984185,1.035076,0.990701,0.966834
0.998146,0.984655,0.966834,0.985113
0.949845,0.966883,0.985113,1.017083
1.028031,1.035594,1.017083,0.998062
0.981611,0.972763,0.998062,1.010356
1.028424,1.029333,1.010356,1.039078
1.021985,1.016839,1.039078,1.057953
1.079902,1.033121,1.057953,1.0
0.998862,1.035758,1.0,0.987762
0.983476,0.989881,0.987762,0.934513
0.995944,0.917619,0.934513,0.968434
0.927865,0.998034,0.968434,1.011734
0.974922,0.984898,1.011734,0.986469
1.005145,1.000667,0.986469,1.035924
1.018554,1.013324,1.035924,0.984868
1.003141,1.023011,0.984868,0.991677
0.979962,0.968509,0.991677,1.006456
1.0,1.011944,1.006456,1.040411
1.040256,1.01377,1.040411,1.004316
1.022727,1.04075,1.004316,1.022713
1.007808,1.004351,1.022713,0.945378
0.998212,0.972153,0.945378,0.933333
0.931343,0.922979,0.933333,1.0
0.955128,1.002759,1.0,0.972109
1.003356,0.976616,0.972109,0.988803
0.948495,0.949296,0.988803,0.979476
1.011989,1.017804,0.979476,1.024566
0.98885,0.995627,1.024566,1.018336
1.039464,1.04612,1.018336,0.959141
0.962712,0.951714,0.959141,1.011552
1.009155,1.011029,1.011552,1.023555
1.001396,0.995636,1.023555,1.007671
1.015331,1.043828,1.007671,0.978547
0.995196,0.981106,0.978547,1.003536
1.00069,1.004993,1.003536,1.009161
0.995865,0.982967,1.009161,1.013268
1.019377,1.021661,1.013268,1.028256
1.040733,1.004947,1.028256,1.040885
1.019569,1.037271,1.040885,1.007083
1.010877,1.040678,1.007083,1.030691
1.03481,1.009121,1.030691,0.980769
0.987156,1.012912,0.980769,1.001265
0.997522,0.994901,1.001265,1.0
0.984472,0.993594,1.0,0.994946
1.006309,1.002579,0.994946,0.916825
0.979937,0.926688,0.916825,1.00277
0.935381,0.989591,1.00277,1.044199
1.047196,0.995792,1.044199,1.007275
1.011757,1.051408,1.007275,1.002626
1.007101,1.013396,1.002626,1.05501
1.035256,0.999339,1.05501,0.963998
1.000619,1.015212,0.963998,1.031552
0.993812,1.002606,1.031552,0.996255
1.038605,1.030539,0.996255,1.015664
1.0,0.946406,1.015664,1.082665
1.068945,1.071286,1.082665,0.996581
0.988222,1.057836,0.996581,0.983991
1.0,1.005291,0.983991,1.009297
1.011351,1.005848,1.009297,0.968336
0.972503,0.973837,0.968336,1.02497
0.999423,0.997015,1.02497,1.0
1.014434,1.017964,1.0,0.990719
0.981218,0.996471,0.990719,1.01171
1.009281,0.983471,1.01171,0.984954
0.992529,1.019208,0.984954,0.983549
0.99421,0.98351,0.983549,1.033453
1.008154,0.997006,1.033453,0.995954
1.009243,1.027027,0.995954,1.004063
1.004579,0.997661,1.004063,1.000578
1.009117,1.011137,1.000578,0.981514
0.976849,0.98087,0.981514,1.01648
0.999422,0.993499,1.01648,0.996526
1.006362,1.019036,0.996526,1.022661
1.014368,0.987741,1.022661,1.011932
1.031161,1.030142,1.011932,1.019652
1.007143,1.010901,1.019652,0.997797
1.003273,1.016459,0.997797,0.970199
1.014138,0.910664,0.970199,0.964164
0.942627,1.015941,0.964164,0.968732
0.969852,0.98974,0.968732,0.959805
0.963636,0.944512,0.959805,1.034898
0.993914,1.018722,1.034898,1.021459
1.039804,1.020279,1.021459,0.993998
0.994111,1.020497,0.993998,0.978865
0.992299,0.985393,0.978865,1.034547
1.001791,1.000618,1.034547,1.000596
1.001192,1.019753,1.000596,0.980334
0.997619,0.988499,0.980334,0.969605
0.986874,0.970606,0.969605,1.022571
0.987908,1.000631,1.022571,1.01962
1.029376,1.02459,1.01962,1.010824
1.004162,1.017846,1.010824,0.994646
0.994671,1.003023,0.994646,1.020933
1.017857,1.005425,1.020933,0.991798
0.997076,1.001199,0.991798,0.978736
1.000587,0.991617,0.978736,1.010863
0.985346,0.996981,1.010863,0.998209
1.001785,1.00848,0.998209,0.967703
0.984561,0.951952,0.967703,0.994438
0.991556,1.014511,0.994438,1.003729
0.984185,0.995025,1.003729,0.996904
1.00309,1.004375,0.996904,1.016149
1.009242,0.993155,1.016149,0.979829
0.995726,1.003133,0.979829,0.9869
0.991416,0.978763,0.9869,0.998736
0.987013,1.00702,0.998736,1.016456
1.007519,0.979721,1.016456,0.991905
1.005597,1.027167,0.991905,1.007533
0.994434,1.00063,1.007533,0.987539
1.000622,0.994965,0.987539,0.945741
0.963331,0.947502,0.945741,1.014009
0.981935,0.999332,1.014009,0.988158
0.996715,0.999332,0.988158,1.010652
1.001318,1.003342,1.010652,0.996047
1.0,1.0,0.996047,1.003307
1.004608,1.005996,1.003307,1.001318
1.001966,1.002649,1.001318,1.006583
1.008502,1.005284,1.006583,0.961413
0.990921,0.959264,0.961413,1.026531
0.989529,1.006849,1.026531,0.989397
1.005952,1.011565,0.989397,1.010047
0.998685,1.004035,1.010047,1.005968
1.002633,1.004019,1.005968,1.02439
1.021011,1.014676,1.02439,1.000644
1.005788,1.014464,1.000644,1.0
0.998082,1.00324,1.0,0.996785
1.005766,0.998062,0.996785,0.995484
0.992994,0.987702,0.995484,0.979909
0.997434,0.986894,0.979909,1.028439
1.002572,1.002656,1.028439,0.994212
0.999359,1.017881,0.994212,1.004528
1.000642,0.995446,1.004528,0.987766
0.996793,0.998039,0.987766,1.01369
1.004505,0.99869,1.01369,0.998071
1.0,1.010492,0.998071,0.992912
0.996156,0.993511,0.992912,1.003894
0.994855,1.0,1.003894,0.984486
1.007757,0.990202,0.984486,0.980959
0.972418,0.98219,0.980959,1.006693
0.994063,1.0,1.006693,0.99734
1.005309,1.003358,0.99734,1.002667
1.00132,0.996653,1.002667,0.986702
0.994067,0.992612,0.986702,1.006065
0.996684,1.0,1.006065,1.002679
1.004657,1.011502,1.002679,1.002672
0.999338,0.98194,1.002672,1.009327
1.005964,1.023842,1.009327,1.00132
1.000659,0.998669,1.00132,1.009888
1.014483,1.003997,1.009888,1.003916
0.999351,1.00929,1.003916,1.006502
1.017532,1.005917,1.006502,0.988372
0.984046,0.996078,0.988372,1.018954
1.027886,1.000656,1.018954,0.996793
0.990536,1.013115,0.996793,1.004505
0.998726,1.003236,1.004505,0.988469
0.998087,0.993548,0.988469,0.981854
0.989776,0.975325,0.981854,1.012541
0.996127,1.0,1.012541,0.994785
0.994815,1.011984,0.994785,1.000655
0.996743,0.994079,1.000655,1.015717
1.01634,1.005295,1.015717,0.992263
0.998071,1.0079,0.992263,0.980507
0.996134,0.984977,0.980507,0.994698
0.983182,0.994032,0.994698,0.99467
0.996053,0.993996,0.99467,1.011386
0.998018,1.0,1.011386,0.990728
1.001324,1.000671,0.990728,0.997326
0.991408,0.997988,0.997326,0.938338
1.0,0.931452,0.938338,1.003571
0.939333,0.996392,1.003571,1.0
1.0,1.0,1.0,1.0
1.0,1.0,1.0,1.0
1.0,1.0,1.0,1.0
1.0,1.0,1.0,1.0
1.0,1.0,1.0,1.0
1.0,1.0,1.0,1.0
1.0,1.0,1.0,1.0
1.0,1.0,1.0,1.0
1.0,1.0,1.0,1.0
1.0,1.0,1.0,1.0
1.0,1.0,1.0,1.0
1.0,1.0,1.0,1.0
1.0,1.0,1.0,1.0
1.0,1.0,1.0,1.0
1.0,1.0,1.0,1.0
1.0,1.0,1.0,1.0
1.0,1.0,1.0,1.0
1.0,1.0,1.0,1.0
1.0,1.0,1.0,1.0
1.0,1.0,1.0,1.0
1.0,1.0,1.0,1.0
1.0,1.0,1.0,1.0
1.0,1.0,1.0,1.0
1.0,1.0,1.0,1.0
1.0,1.0,1.0,1.0
1.0,1.0,1.0,1.0
1.0,1.0,1.0,1.0
1.0,1.0,1.0,1.0
1.0,1.0,1.0,1.0
1.0,1.0,1.0,1.0
1.0,1.0,1.0,1.0
1.0,1.0,1.0,1.0
1.0,1.0,1.0,1.0
1.0,1.0,1.0,1.0
1.0,1.0,1.0,1.0
1.0,1.0,1.0,1.0
1.0,1.0,1.0,1.0
1.0,1.0,1.0,1.0
1.0,1.0,1.0,1.0
1.0,1.0,1.0,1.037722
1.071682,1.047067,1.037722,0.973251
0.965563,0.975795,0.973251,1.000705
0.975309,0.987243,1.000705,0.998592
0.998594,1.006461,0.998592,1.002116
1.009859,1.009986,1.002116,0.995778
0.990237,0.990819,0.995778,0.996466
0.996479,1.0,0.996466,0.996454
1.000707,1.0,0.996454,0.997153
0.99435,0.99216,0.997153,1.004996
1.002131,1.0,1.004996,1.013494
1.012757,1.002874,1.013494,0.995795
0.997201,1.008596,0.995795,1.002815
1.005614,1.005682,1.002815,0.994386
0.995115,0.995056,0.994386,0.991531
0.99439,0.995032,0.991531,0.993594
0.992243,0.993581,0.993594,0.996418
0.997157,0.995693,0.996418,1.005032
0.997862,0.994953,1.005032,0.998569
1.005,1.00942,0.998569,0.994269
0.991471,0.994975,0.994269,1.018012
1.015054,1.004329,1.018012,0.988677
1.0,1.001437,0.988677,0.997853
0.989407,0.994261,0.997853,0.997131
0.995004,1.0,0.997131,0.989209
0.996413,0.989899,0.989209,1.004364
0.99856,0.991254,1.004364,0.995655
0.996395,1.005882,0.995655,1.004364
1.003618,1.005117,1.004364,0.985518
0.993511,0.989091,0.985518,0.991918
0.99492,0.992647,0.991918,0.967407
0.985412,0.965185,0.967407,0.98928
0.972613,0.989256,0.98928,1.014706
0.998478,1.003879,1.014706,0.995423
1.001524,1.007728,0.995423,1.00613
1.0,1.000767,1.00613,0.994669
1.006849,0.998467,0.994669,1.009188
0.996977,0.984651,1.009188,1.019727
1.024261,1.016368,1.019727,0.990327
0.995559,1.016104,0.990327,0.974455
0.988104,0.978113,0.974455,1.0
1.0,1.0,1.0,0.940632
0.949586,0.909722,0.940632,0.982787
0.96038,1.003393,0.982787,0.993328
1.004125,1.002536,0.993328,0.992443
0.986853,0.993255,0.992443,0.945854
0.990841,0.949066,0.945854,1.007156
0.952101,1.0,1.007156,1.002664
1.0,1.003578,1.002664,0.994686
0.995587,0.963458,0.994686,1.013357
1.014184,1.027752,1.013357,0.987698
0.996503,1.009901,0.987698,1.004448
0.992982,0.988414,1.004448,0.994686
1.003534,1.010821,0.994686,0.988424
0.993838,0.983051,0.988424,1.001802
0.998229,1.005445,1.001802,1.0
0.994676,0.988267,1.0,0.973022
0.997324,0.988128,0.973022,0.941774
0.966011,0.911275,0.941774,1.002944
0.95463,1.025355,1.002944,0.983366
0.99709,0.992087,0.983366,1.022886
1.000973,0.987039,1.022886,1.003891
1.015549,1.036364,1.003891,0.995155
0.997129,0.996101,0.995155,1.00779
1.00096,1.002935,1.00779,0.963285
0.996165,0.96878,0.963285,0.94985
0.968239,0.947633,0.94985,1.029567
0.976143,0.968119,1.029567,1.006154
1.00611,1.049396,1.006154,0.993884
0.997976,1.014644,0.993884,0.993846
1.006085,0.987629,0.993846,0.977296
0.988911,0.979123,0.977296,1.009504
0.976555,0.986141,1.009504,1.01046
1.010438,1.017297,1.01046,1.013458
1.020661,1.01594,1.013458,1.015322
1.010121,1.013598,1.015322,0.992958
0.995992,1.013416,0.992958,1.02229
1.022133,1.002037,1.02229,0.970268
0.994094,0.989837,0.970268,1.015322
0.989109,1.0,1.015322,1.004024
1.007007,1.013347,1.004024,1.021042
1.017893,1.008105,1.021042,0.991168
1.009766,1.01206,0.991168,1.012871
0.991296,1.002979,1.012871,1.005865
1.010732,1.007921,1.005865,1.000972
1.012548,1.005894,1.000972,1.013592
0.995234,0.995117,1.013592,0.990421
1.010536,0.997056,0.990421,0.995164
0.976303,0.991142,0.995164,0.999028
1.005825,1.017875,0.999028,0.984436
0.987452,0.983415,0.984436,0.999012
1.001955,1.001984,0.999012,1.005935
0.998049,0.99703,1.005935,1.00885
1.002933,1.005958,1.00885,1.020468
1.022417,1.003949,1.020468,0.997135
1.00572,1.017699,0.997135,0.998084
0.995261,0.993237,0.998084,1.004798
1.0,1.002918,1.004798,1.1
1.097143,1.00582,1.1,0.97309
1.005208,1.068467,0.97309,1.007136
0.976684,0.982852,1.007136,1.000886
1.0,1.011938,1.000886,1.036283
1.072502,1.002722,1.036283,0.939368
0.967024,0.967421,0.939368,1.074545
1.023018,1.04116,1.074545,1.033841
1.020833,1.044025,1.033841,0.991817
1.026122,1.024957,0.991817,1.019802
0.993636,1.00084,1.019802,0.995955
1.007206,1.015101,0.995955,0.979691
0.974563,0.977686,0.979691,1.005804
0.990212,1.005072,1.005804,0.976092
0.991763,0.98402,0.976092,1.002534
0.994186,1.004274,1.002534,1.024431
1.019215,0.994894,1.024431,0.980263
1.004098,1.011121,0.980263,0.985738
0.974694,0.990694,0.985738,1.006809
0.994137,0.989752,1.006809,0.969569
0.994945,0.987921,0.969569,1.011334
0.988146,0.995633,1.011334,1.014655
1.016281,1.013158,1.014655,1.007647
1.00253,1.012121,1.007647,1.0
1.0,1.0,1.0,1.0
1.0,1.0,1.0,1.0
1.0,1.0,1.0,1.0
1.0,1.0,1.0,1.0
1.0,1.0,1.0,1.059022
1.090833,1.026518,1.059022,1.049363
1.026985,1.014167,1.049363,0.993171
0.996246,1.05834,0.993171,0.964859
0.984928,0.979037,0.964859,1.0
0.981637,0.991277,1.0,0.987332
0.994544,0.9952,0.987332,1.005613
0.997649,1.0,1.005613,1.023126
1.013354,1.005627,1.023126,0.970382
0.995349,0.994404,0.970382,1.012048
0.995327,1.002412,1.012048,1.009524
0.999218,1.003208,1.009524,1.000786
1.003915,1.01279,1.000786,1.023566
1.020281,1.0,1.023566,0.994628
1.005352,1.014207,0.994628,0.993827
0.984791,0.988327,0.993827,1.024068
1.042471,1.022047,1.024068,0.986353
0.988148,0.993837,0.986353,0.991545
0.971514,0.992248,0.991545,0.985271
1.000772,0.985156,0.985271,1.003147
0.989206,1.003965,1.003147,0.969412
0.997662,0.975513,0.969412,1.002427
0.972656,0.987854,1.002427,1.050847
1.048193,1.009836,1.050847,0.988479
1.008429,1.038961,0.988479,1.063714
1.069909,0.997656,1.063714,1.016801
1.026989,1.059514,1.016801,0.972701
0.951591,0.983001,0.972701,0.978582
1.007994,0.988722,0.978582,1.01283
0.968277,0.990875,1.01283,1.020119
1.023827,1.017652,1.020119,1.002191
1.025455,1.023379,1.002191,1.019679
0.997872,1.001474,1.019679,1.01644
1.041222,1.030169,1.01644,0.985935
0.967918,0.992857,0.985935,0.970043
0.98519,0.971223,0.970043,1.006618
0.989263,1.002222,1.006618,0.991965
0.98987,0.999261,0.991965,0.966863
1.002924,0.970414,0.966863,1.018279
0.979592,1.002287,1.018279,0.988033
1.015625,1.003802,0.988033,0.973505
0.980952,0.964394,0.973505,1.024883
0.985063,1.005499,1.024883,0.990137
1.003033,1.005469,0.990137,0.965517
0.985639,0.964258,0.965517,1.005556
0.976994,1.005641,1.005556,1.02131
1.024333,1.010417,1.02131,0.991499
0.995402,1.006344,0.991499,0.954014
0.992302,0.962963,0.954014,1.014706
0.968968,1.006547,1.014706,1.042673
1.073659,1.001626,1.042673,0.982239
0.967189,1.025974,0.982239,1.023585
1.008481,0.997627,1.023585,1.06298
1.082569,1.04203,1.06298,1.015173
0.993644,1.028919,1.015173,0.978648
0.995025,1.008136,0.978648,1.037091
1.019286,1.0,1.037091,0.969846
1.018921,1.009538,0.969846,1.061461
1.026135,0.990552,1.061461,0.965259
0.976542,1.028613,0.965259,1.002117
0.993823,0.992154,1.002117,0.984507
0.975829,0.983465,0.984507,0.925608
0.995046,0.925439,0.925608,1.032457
0.955192,0.977093,1.032457,1.0
1.007446,1.059014,1.0,1.053144
1.070953,1.007634,1.053144,1.001421
1.020704,1.046212,1.001421,1.035486
1.034483,1.004345,1.035486,0.933516
0.930065,0.976929,0.933516,1.099853
1.052706,1.005904,1.099853,1.010681
1.033378,1.075569,1.010681,0.980185
0.98708,0.995907,0.980185,1.033693
1.035995,1.007534,1.033693,0.992177
0.977258,0.995921,0.992177,0.959264
0.979315,0.972014,0.959264,1.1
1.060066,1.011236,1.1,0.988169
1.032379,1.088194,0.988169,1.00126
0.995175,0.996171,1.00126,1.016362
0.984242,1.003844,1.016362,0.983282
1.003079,1.001914,0.983282,1.066751
1.064457,1.033121,1.066751,1.046635
1.066897,1.020962,1.046635,1.032713
1.007027,1.035628,1.032713,0.972146
0.975845,1.008746,0.972146,1.000562
0.982948,0.982081,1.000562,0.987086
1.012311,1.002354,0.987086,1.002844
0.998894,1.007046,1.002844,0.947249
0.97565,0.969679,0.947249,1.004192
0.960295,0.987372,1.004192,0.968396
0.979917,0.951888,0.968396,0.974754
0.986739,1.007678,0.974754,0.993051
0.981063,0.985397,0.993051,1.034987
1.024284,1.006443,1.034987,1.007376
0.999392,1.016645,1.007376,1.00122
1.012774,1.014484,1.00122,1.02986
1.033634,1.006828,1.02986,0.984024
0.984311,1.020962,0.984024,0.966326
0.968123,0.940821,0.966326,0.981954
0.972561,0.998074,0.981954,1.008238
1.00627,0.997428,1.008238,0.990572
0.996262,1.0,0.990572,0.957487
0.995622,0.970986,0.957487,0.935056
0.938442,0.924967,0.935056,1.004961
0.955154,1.002872,1.004961,1.01622
1.022425,0.963493,1.01622,0.960444
0.97464,1.020802,0.960444,0.995665
0.992968,0.999272,0.995665,1.009434
0.997167,0.973052,1.009434,1.00647
0.99858,1.029192,1.00647,1.034286
1.038407,1.016727,1.034286,0.982735
0.99863,1.012876,0.982735,0.977512
0.982853,0.981638,0.977512,0.974838
0.981158,0.971223,0.974838,1.000737
0.976529,1.0,1.000737,0.946942
0.992717,0.95037,0.946942,0.976654
0.956713,0.976617,0.976654,1.00239
0.979294,0.965682,1.00239,0.991256
1.002349,1.012397,0.991256,0.902165
0.972656,0.916735,0.902165,1.023111
0.939759,0.989314,1.023111,1.024327
1.021368,1.029703,1.024327,0.974555
0.99749,0.98514,0.974555,1.056571
1.021812,1.02307,1.056571,0.983526
1.000821,1.032958,0.983526,1.0
0.986874,0.991604,1.0,1.040201
1.037406,1.016088,1.040201,1.004026
1.008013,1.0175,1.004026,1.064956
1.062798,1.012285,1.064956,1.003765
1.018699,1.054207,1.003765,1.00075
0.99486,0.997698,1.00075,1.026987
1.019188,1.003077,1.026987,0.970803
0.993483,1.013037,0.970803,1.047368
1.026239,1.002271,1.047368,0.993539
1.011364,1.034743,0.993539,1.005058
1.001404,0.99781,1.005058,0.989216
0.983871,0.989759,0.989216,1.023983
1.008553,1.012565,1.023983,1.014904
1.019788,1.023358,1.014904,0.973427
0.988912,0.991441,0.973427,0.962644
0.97267,0.956115,0.962644,1.023881
0.990634,1.001505,1.023881,0.975219
0.998545,1.004508,0.975219,1.012706
1.003642,0.997008,1.012706,0.995572
0.984035,0.984996,0.995572,1.01705
1.038348,1.034273,1.01705,1.005102
0.992188,1.003682,1.005102,0.9
0.957051,0.910492,0.9,1.046737
0.975318,0.964545,1.046737,1.046959
1.046779,1.090226,1.046959,0.999265
1.007326,1.019157,0.999265,1.013981
1.016727,1.024812,1.013981,1.056604
1.042918,1.013206,1.056604,1.041896
1.087791,1.043447,1.041896,1.01648
0.976671,1.017349,1.01648,0.961738
0.997418,1.00955,0.961738,1.006743
0.980583,0.974324,1.006743,0.989283
0.988119,1.005548,0.989283,1.010833
1.008684,1.009655,1.010833,0.981916
0.996689,0.990437,0.981916,1.015689
0.999336,1.009655,1.015689,1.017461
1.007979,0.998634,1.017461,0.974917
1.019789,0.992476,0.974917,1.084631
1.0511,1.022054,1.084631,0.981273
0.989538,1.046527,0.981273,1.022901
1.028607,1.000644,1.022901,0.983831
0.988513,0.976819,0.983831,1.055626
1.024465,1.015162,1.055626,0.981437
0.997612,1.053247,0.981437,0.974985
0.998205,0.980271,0.974985,0.939299
0.97542,0.926415,0.939299,0.964024
0.925015,0.965377,0.964024,1.01935
0.991362,0.981716,1.01935,0.990508
1.011394,1.038682,0.990508,1.019849
0.990722,1.00069,1.019849,0.987919
1.000669,1.002757,0.987919,1.008152
1.005348,1.005498,1.008152,0.979784
0.988697,0.979494,0.979784,0.984869
0.985878,0.992324,0.984869,0.984637
0.99045,0.990155,0.984637,1.014184
0.986226,0.980114,1.014184,0.972727
0.997207,1.005797,0.972727,0.998562
0.987395,0.994236,0.998562,0.990641
0.993617,0.980435,0.990641,1.029797
1.013562,1.021434,1.029797,1.002823
1.001408,1.013025,1.002823,1.009148
1.0218,1.005,1.009148,0.97629
0.988988,0.991471,0.97629,0.956429
0.973556,0.95914,0.956429,0.984317
0.968549,0.976084,0.984317,1.001517
0.987454,1.001531,1.001517,0.990152
1.016442,0.993884,0.990152,0.992349
0.976471,0.972308,0.992349,0.956823
0.974398,0.978639,0.956823,1.00967
0.981453,0.994341,1.00967,1.026337
1.013386,1.018699,1.026337,0.993002
1.006216,1.009577,0.993002,0.981989
0.996911,0.989723,0.981989,1.000797
0.983734,0.98722,1.000797,0.974502
0.992126,0.982201,0.974502,1.014718
0.987302,0.995058,1.014718,1.005641
1.032958,1.022351,1.005641,1.005609
0.981323,0.979757,1.005609,1.011155
1.009516,1.010744,1.011155,0.949567
1.017282,0.944399,0.949567,0.991701
0.949035,1.012121,0.991701,0.918828
0.981286,0.928999,0.918828,1.004554
0.927032,0.967772,1.004554,0.971895
0.999106,1.016175,0.971895,1.028918
0.999105,0.965356,1.028918,1.00544
1.012545,1.060136,1.00544,0.981966
0.99823,0.995425,0.981966,1.063361
1.027482,0.994485,1.063361,0.984456
1.004314,1.036969,0.984456,1.050877
1.045533,1.000891,1.050877,0.981636
0.977814,1.035619,0.981636,0.969388
0.994958,0.977644,0.969388,1.021053
1.008446,0.998241,1.021053,1.019759
0.997487,1.014978,1.019759,0.994945
1.002519,1.014757,0.994945,0.946655
0.975712,0.936698,0.946655,1.056351
1.022318,1.025571,1.056351,1.006774
1.005038,1.041852,1.006774,1.014298
1.025898,1.017094,1.014298,1.006633
0.996743,0.993277,1.006633,0.985173
1.007353,1.007614,0.985173,0.984114
0.96837,0.974811,0.984114,1.016143
1.005025,1.001723,1.016143,1.009197
1.0175,1.017197,1.009197,1.011599
1.00819,1.01268,1.011599,0.996724
1.018684,1.012521,0.996724,0.975349
0.972887,0.976917,0.975349,0.999158
0.981148,0.997468,0.999158,0.970489
0.993317,0.967851,0.970489,0.994787
0.978133,0.991259,0.994787,0.983406
1.008598,0.991182,0.983406,0.96714
0.963342,0.940391,0.96714,0.975207
0.968142,1.003784,0.975207,0.996234
0.985375,0.989632,0.996234,1.042533
1.024119,1.007619,1.042533,0.974615
0.999094,1.010397,0.974615,1.03907
1.032638,1.000935,1.03907,1.006267
0.989464,1.036449,1.006267,1.015125
1.020408,0.99459,1.015125,0.982472
0.986957,1.011786,0.982472,0.977698
0.994714,0.976703,0.977698,0.990876
0.984942,0.981651,0.990876,0.995396
1.016187,1.007477,0.995396,1.021277
0.982301,0.992579,1.021277,1.0
1.002703,1.016822,1.0,0.985507
0.993711,0.997243,0.985507,1.015625
1.008137,1.000922,1.015625,0.988235
0.991031,1.001842,0.988235,1.021062
1.01629,1.004596,1.021062,0.997309
1.001781,1.012809,0.997309,0.989209
0.991111,0.98916,0.989209,0.975455
0.994619,0.977169,0.975455,0.994408
0.977457,0.991589,0.994408,0.996251
0.989852,0.978322,0.996251,1.015992
1.015843,1.017341,1.015992,0.97037
0.989908,0.991477,0.97037,1.003817
0.995366,0.99618,1.003817,0.967681
0.993482,0.958773,0.967681,0.955796
0.955951,0.973,0.955796,1.008222
0.971569,0.994861,1.008222,1.003058
1.001009,1.007231,1.003058,1.007114
1.006048,1.001026,1.007114,0.990918
0.997996,1.006148,0.990918,0.960285
0.98494,0.955193,0.960285,1.012725
0.976555,0.996802,1.012725,1.039791
1.059499,1.018182,1.039791,0.997986
0.996059,1.035714,0.997986,1.009082
0.992087,0.994929,1.009082,0.992
1.004985,1.006116,0.992,1.001008
1.000992,0.998987,1.001008,0.967774
0.987116,0.971602,0.967774,1.019771
0.98494,1.005219,1.019771,0.935714
0.984709,0.934579,0.935714,1.003272
0.971014,1.017778,1.003272,1.015217
1.028785,0.994541,1.015217,0.900428
0.937824,0.923161,0.900428,0.945303
0.919337,0.900119,0.945303,0.988679
0.975962,1.031704,0.988679,0.963104
0.986453,0.966709,0.963104,1.047556
0.992509,1.007947,1.047556,0.974779
0.997484,1.005256,0.974779,1.028461
1.007566,0.99085,1.028461,1.045283
1.05632,1.050132,1.045283,0.972323
0.986967,1.005025,0.972323,0.992574
0.980792,0.99375,0.992574,0.982544
0.971848,0.955975,0.982544,1.006345
1.021411,1.039474,1.006345,0.994956
0.998767,0.992405,0.994956,1.011407
0.996296,0.979592,1.011407,1.017544
1.013631,1.041667,1.017544,1.004926
1.020782,1.01875,1.004926,1.029412
1.010778,1.013497,1.029412,1.028571
1.023697,1.006053,1.028571,0.989583
0.991898,1.009627,0.989583,1.0
1.021004,1.009535,1.0,0.985965
0.989714,0.991736,0.985965,1.003559
0.994226,0.991667,1.003559,1.027187
1.01626,1.013205,1.027187,1.01496
1.017143,1.008294,1.01496,1.020408
1.021348,1.029377,1.020408,1.014444
1.0044,1.015982,1.014444,1.041621
1.082147,1.022472,1.041621,0.989485
0.979757,1.026374,0.989485,0.989373
0.998967,0.98394,0.989373,0.991407
0.956567,0.976061,0.991407,1.029252
1.065946,1.015608,1.029252,1.1
1.059838,1.046103,1.1,0.983732
1.07177,1.071354,0.983732,1.053502
1.009821,1.008815,1.053502,0.939982
0.944297,0.962136,0.939982,1.006876
1.008427,1.025227,1.006876,0.957073
0.942433,0.930118,0.957073,1.042813
1.036453,1.049735,1.042813,1.065494
1.062738,1.023185,1.065494,0.959633
0.951699,1.010837,0.959633,1.011472
1.012218,0.98538,1.011472,0.97259
0.996286,1.009891,0.97259,1.002915
0.992544,0.985309,1.002915,1.047481
1.023474,1.010934,1.047481,0.981499
0.988073,1.028515,0.981499,0.998115
1.008357,0.997132,0.998115,0.928234
0.98895,0.939597,0.928234,1.003052
0.93203,0.990816,1.003052,0.984787
0.991009,0.971164,0.984787,0.993821
0.995968,1.015907,0.993821,1.019689
1.003036,1.0,1.019689,0.971545
0.995964,0.98643,0.971545,1.016736
0.995947,1.0,1.016736,1.0
0.998983,0.975661,1.0,0.976337
0.99389,1.0141,0.976337,0.95785
0.992828,0.971123,0.95785,1.027503
0.987616,0.994493,1.027503,1.014989
1.008359,1.028793,1.014989,1.0
1.002073,1.003229,1.0,1.043249
1.031024,0.997854,1.043249,1.011122
1.015045,1.055914,1.011122,0.987
0.994071,1.0,0.987,1.025329
1.037773,1.0,1.025329,0.971344
0.978927,0.997963,0.971344,1.014242
0.990215,1.00102,1.014242,0.994985
1.001976,1.001019,0.994985,1.022177
1.004931,0.997963,1.022177,0.985207
1.003925,1.015306,0.985207,1.013013
1.006843,0.994975,1.013013,1.034585
1.028155,1.008081,1.034585,0.993314
0.996223,1.027054,0.993314,0.977885
0.981043,0.974634,0.977885,1.018682
1.004831,1.004004,1.018682,1.05888
1.096154,1.045862,1.05888,0.972653
0.982456,1.015253,0.972653,0.977507
0.96875,0.977465,0.977507,0.972196
0.97235,0.95389,0.972196,0.977318
0.977251,0.996979,0.977318,0.950555
0.977692,0.911111,0.950555,1.045648
0.980159,1.044346,1.045648,1.027411
1.030364,1.043524,1.027411,1.014822
1.015717,1.023398,1.014822,1.031159
1.038685,1.014911,1.031159,1.0
1.003724,1.027424,1.0,0.994334
0.996289,0.996187,0.994334,1.044634
1.031657,1.007656,1.044634,0.996364
0.99639,1.018044,0.996364,0.988139
0.98913,0.987873,0.988139,1.010157
1.042125,1.010387,1.010157,1.060329
1.019332,1.004673,1.060329,1.044828
1.062931,1.07907,1.044828,0.975248
0.997567,1.0,0.975248,1.014382
0.997561,1.012069,1.014382,0.982485
0.977995,0.991482,0.982485,1.004244
0.991667,0.996564,1.004244,1.009298
1.029412,1.019828,1.009298,1.099665
1.071837,0.992392,1.099665,1.010663
1.041889,1.081772,1.010663,0.990957
0.982456,1.014961,0.990957,1.059316
1.076637,0.992242,1.059316,1.019383
1.015204,1.063331,1.019383,1.037324
1.012934,1.029412,1.037324,0.962661
1.03629,0.991429,0.962661,0.916784
0.902724,0.923631,0.916784,1.033077
1.014368,1.020281,1.033077,1.007446
0.970255,0.984709,1.007446,1.001478
1.013139,1.032609,1.001478,0.990406
0.979107,0.977444,0.990406,1.043964
1.075055,1.033846,1.043964,1.055675
1.035592,1.049851,1.055675,0.97025
0.970919,0.993622,0.97025,0.995819
1.025187,1.012839,0.995819,0.987404
0.964143,0.946479,0.987404,1.053154
1.068871,1.049851,1.053154,1.026245
0.991624,0.973069,1.026245,1.019016
1.02989,1.098325,1.019016,0.980051
1.0,1.004642,0.980051,0.999343
0.969085,0.980198,0.999343,0.982917
1.008464,1.00404,0.982917,0.958556
0.970949,0.953722,0.958556,1.01046
0.977394,1.002813,1.01046,0.986888
0.989796,0.987377,0.986888,0.968531
0.985567,0.983665,0.968531,1.002166
0.983961,0.994224,1.002166,0.992795
1.019135,1.0,0.992795,1.033382
0.994437,0.97894,1.033382,1.004213
1.030769,1.042285,1.004213,0.976923
0.968792,0.990036,0.976923,1.002863
0.985994,0.992092,1.002863,0.996431
1.017045,1.007971,0.996431,0.957736
0.976257,0.948958,0.957736,1.017951
0.982117,0.996212,1.017951,0.98457
1.027677,1.018251,0.98457,1.044776
1.017009,0.997013,1.044776,0.943571
0.990244,0.986517,0.943571,1.021953
0.960591,0.995444,1.021953,0.9
0.950916,0.926773,0.9,0.990947
0.946071,0.966255,0.990947,1.009967
1.022801,0.982112,1.009967,1.016447
1.013535,1.062446,1.016447,1.1
1.068342,0.989388,1.1,1.014706
1.033824,1.09571,1.014706,1.014493
1.021337,1.023343,1.014493,1.012857
0.99234,1.019132,1.012857,0.978843
0.988772,0.991336,0.978843,0.972622
1.019163,0.975965,0.972622,1.072593
1.020891,1.04403,1.072593,0.987569
0.981583,0.975697,0.987569,1.027972
1.040306,1.051282,1.027972,0.991156
0.998664,1.003484,0.991156,0.921071
0.961204,0.93125,0.921071,1.099851
1.02714,0.994034,1.099851,1.027778
1.046748,1.092273,1.027778,0.999341
1.006472,1.022665,0.999341,0.963061
0.960772,0.95769,0.963061,1.006164
1.016734,1.018934,1.006164,0.998639
0.989467,0.968341,0.998639,0.962509
0.988024,0.986496,0.962509,0.980878
0.967677,0.995677,0.980878,0.961011
0.967293,0.958755,0.961011,1.003757
0.976978,1.000755,1.003757,1.047904
1.038292,0.980392,1.047904,1.027143
1.035461,1.063077,1.027143,0.984701
0.994521,1.011577,0.984701,0.978107
0.997245,0.990701,0.978107,1.00361
0.968923,0.968953,1.00361,0.979137
0.997862,1.004471,0.979137,1.099927
1.069286,1.031899,1.099927,1.004676
1.019372,1.054637,1.004676,1.000665
1.019004,1.014315,1.000665,1.049834
1.016077,1.001344,1.049834,0.962658
0.983544,0.987248,0.962658,0.984878
0.98713,1.015636,0.984878,1.068091
1.071056,1.000669,1.068091,1.015625
1.018259,1.053512,1.015625,1.049846
1.040048,1.029841,1.049846,0.964244
0.972989,1.008015,0.964244,1.00304
0.992321,0.984098,1.00304,0.988485
0.979762,0.996892,0.988485,1.010423
1.009113,1.010599,1.010423,0.933252
0.984949,0.941394,0.933252,0.996099
0.947433,0.981651,0.996099,0.986292
0.99871,0.997997,0.986292,0.978822
0.991602,0.98194,0.978822,1.002028
0.986319,0.998638,1.002028,1.045884
1.033686,1.011596,1.045884,0.993548
0.998083,1.033041,0.993548,1.025325
1.03073,1.002611,1.025325,0.962001
0.971429,0.983073,0.962001,1.033575
1.008312,1.011921,1.033575,0.952229
0.993025,0.942408,0.952229,1.030769
0.997446,1.034722,1.030769,1.026606
1.028809,1.044966,1.026606,1.022756
1.016179,1.015414,1.022756,0.987021
0.98714,1.001898,0.987021,1.008766
1.011166,1.002525,1.008766,0.985723
0.990184,0.990554,0.985723,0.996851
0.993185,1.00445,0.996851,0.969046
0.980661,0.963924,0.969046,0.997392
0.984097,0.976362,0.997392,0.989542
1.005171,1.014795,0.989542,0.964333
0.948553,0.929755,0.964333,0.95411
1.002034,0.992872,0.95411,1.020818
0.966171,1.001436,1.020818,0.962025
1.007003,0.979928,0.962025,1.054094
1.003477,1.003658,1.054094,0.984743
0.997228,1.024052,0.984743,1.004225
1.018068,1.009964,1.004225,1.012623
0.993857,0.964059,1.012623,1.003463
1.010302,1.047515,1.003463,1.038647
1.029912,1.01605,1.038647,0.991362
1.005941,1.019918,0.991362,1.014745
1.003281,0.997306,1.014745,1.001321
1.00327,1.008778,1.001321,0.979551
0.986962,0.988621,0.979551,0.974411
0.97358,0.974272,0.974411,1.038701
1.027815,1.016678,1.038701,0.983367
0.988779,1.006152,0.983367,1.0318
1.026702,1.002038,1.0318,1.0
1.026658,1.020339,1.0,1.034098
1.000633,1.001329,1.034098,1.009512
1.028481,1.030524,1.009512,1.017588
1.007385,1.016098,1.017588,1.0
1.029933,1.017744,1.0,1.001235
0.988731,0.993773,1.001235,1.065351
1.04979,1.013784,1.065351,0.979167
0.985714,1.025958,0.979167,0.992908
0.998841,1.003012,0.992908,1.004167
1.002902,1.006006,1.004167,1.020747
1.015625,0.995821,1.020747,0.939024
0.968091,0.957434,0.939024,0.995671
0.962331,1.000626,0.995671,1.020497
1.005505,1.001877,1.020497,1.012173
1.02129,1.015615,1.012173,1.022249
1.015485,0.99631,1.022249,0.992941
1.01349,1.037037,0.992941,0.943128
0.971644,0.945238,0.943128,0.952261
0.955331,0.950882,0.952261,1.005937
0.964464,0.997351,1.005937,0.990164
0.998707,1.000664,0.990164,1.003974
0.99288,0.998673,1.003974,1.021108
1.01043,0.987375,1.021108,1.00646
1.007742,1.032974,1.00646,0.985237
1.0,0.989577,0.985237,1.029316
1.017926,1.017775,1.029316,0.974684
0.992453,0.993532,0.974684,0.999351
0.990494,0.994792,0.999351,0.994802
0.991043,1.0,0.994802,0.966035
0.997418,0.956806,0.966035,1.015551
0.977346,1.004104,1.015551,1.021971
1.018543,1.024523,1.021971,0.986971
1.002601,1.00266,0.986971,1.009901
0.993515,1.000663,1.009901,1.013072
1.011749,0.996024,1.013072,1.025806
1.027742,1.032601,1.025806,0.97673
0.994978,0.999356,0.97673,0.992917
0.998107,0.979368,0.992917,0.994812
0.986094,1.008558,0.994812,1.004563
0.994231,0.984334,1.004563,1.010383
1.014829,1.024536,1.010383,1.00578
0.998729,0.996764,1.00578,0.931673
0.998092,0.935065,0.931673,1.001371
0.942001,1.001389,1.001371,0.998631
1.002706,1.008322,0.998631,0.965045
0.978408,0.963549,0.965045,0.997869
0.976552,0.978587,0.997869,1.011388
1.015537,1.013858,1.011388,1.019704
1.015299,1.018705,1.019704,0.986888
0.99863,1.007768,0.986888,1.002098
0.99177,0.997197,1.002098,1.015352
1.007607,0.998595,1.015352,0.985567
1.003432,1.007741,0.985567,0.992329
0.984952,0.988827,0.992329,0.991567
1.003472,0.988701,0.991567,0.979447
0.975087,0.977857,0.979447,0.994935
0.990774,1.0,0.994935,1.026909
1.019341,1.0,1.026909,0.988669
0.991567,1.01534,0.988669,1.010745
1.002126,0.998561,1.010745,1.023388
1.033239,1.016571,1.023388,1.004848
0.994524,1.010631,1.004848,0.994487
1.008259,1.006311,0.994487,1.021483
1.0157,1.005575,1.021483,1.009498
1.002688,1.013167,1.009498,0.999328
1.018097,1.012996,0.999328,1.024882
1.015142,0.98582,1.024882,0.994751
1.002594,1.036301,0.994751,1.026385
1.030401,1.002644,1.026385,0.998715
0.985562,1.009888,0.998715,1.020592
1.010828,1.009791,1.020592,0.999369
1.006931,1.011635,0.999369,0.995584
1.008761,1.005751,0.995584,1.000634
0.990074,0.984752,1.000634,0.975934
0.996241,0.993548,0.975934,1.013628
1.028302,0.980519,1.013628,1.013444
0.976147,1.023179,1.013444,1.047378
1.044486,1.021359,1.047378,0.998191
0.9994,1.028517,0.998191,0.969789
1.003601,0.987677,0.969789,1.003115
0.970694,0.972551,1.003115,0.978261
