1.009365,0.987818,1.024868,1.010842
1.029897,1.040214,1.010842,0.97855
0.980981,0.967526,0.97855,1.016701
0.997959,1.002131,1.016701,1.026181
1.032209,1.035619,1.026181,1.008004
1.005448,1.01694,1.008004,0.981141
0.989655,0.984856,0.981141,1.014163
1.001991,1.007688,1.014163,0.997007
1.000994,0.996439,0.997007,1.02051
1.016873,1.008167,1.02051,0.983333
0.999512,1.010633,0.983333,1.000997
0.989258,0.961924,1.000997,1.023904
1.021224,1.025,1.023904,1.030156
1.093282,1.021341,1.030156,0.92068
0.924845,0.968159,0.92068,0.93641
0.931644,0.929085,0.93641,1.000548
0.957414,1.001659,1.000548,1.009305
0.991426,1.000552,1.009305,1.010304
1.021622,0.999448,1.010304,0.976382
0.985714,0.938708,0.976382,1.0
0.991412,1.058824,1.0,1.057174
1.048186,1.005,1.057174,0.98804
1.009814,1.043671,0.98804,0.948947
0.959591,0.950212,0.948947,0.992235
0.96855,0.9699,0.992235,0.996646
0.996147,1.017241,0.996646,1.015143
1.00221,1.008475,1.015143,1.021547
1.036384,1.008403,1.021547,0.998378
0.992021,1.018333,0.998378,0.983207
0.990885,0.981451,0.983207,1.00551
0.989719,0.988327,1.00551,1.022466
1.022417,1.015186,1.022466,1.008039
1.010695,1.023823,1.008039,0.99681
1.0,1.007035,0.99681,1.038933
1.033862,1.006448,1.038933,1.034394
1.038895,1.030432,1.034394,1.000496
0.997044,1.02487,1.000496,0.962798
1.004447,0.968655,0.962798,1.055641
1.008362,1.007307,1.055641,0.984871
1.003902,1.026943,0.984871,0.980178
0.975705,0.989405,0.980178,0.996461
1.001494,0.988271,0.996461,0.987823
0.979115,0.991744,0.987823,1.005136
1.008634,1.007284,1.005136,1.025038
1.012085,0.978822,1.025038,1.011964
1.0199,1.043272,1.011964,1.012808
1.017561,0.986343,1.012808,1.00535
0.997124,1.025641,1.00535,0.994194
1.000962,1.0105,0.994194,0.981995
0.982229,0.994557,0.981995,0.989098
0.996577,0.989552,0.989098,1.013026
0.993621,0.995475,1.013026,0.970326
0.998025,0.982323,0.970326,1.014271
0.994557,1.003599,1.014271,0.996985
1.000995,1.01127,0.996985,1.019153
1.005467,0.999493,1.019153,0.990109
0.998023,1.007603,0.990109,1.011988
1.007925,1.003521,1.011988,0.993583
0.997543,1.002506,0.993583,1.007452
1.0,0.996,1.007452,0.988659
0.999015,1.0,0.988659,0.974564
0.989152,0.980422,0.974564,1.018936
0.995513,0.998976,1.018936,1.013059
1.014522,1.006151,1.013059,0.978681
0.996545,0.965359,0.978681,1.008105
0.988113,1.026385,1.008105,1.024623
1.022556,1.002571,1.024623,1.051005
1.071078,1.029231,1.051005,0.953336
0.97849,1.012955,0.953336,1.001958
0.95884,0.959174,1.001958,1.03615
1.04,1.034359,1.03615,1.017445
1.022514,1.024294,1.017445,0.965246
1.006881,1.006776,0.965246,0.979357
0.961276,0.978365,0.979357,0.985784
0.970142,0.958722,0.985784,0.987568
0.983879,1.010251,0.987568,0.967271
1.0,0.969051,0.967271,0.939615
0.943396,0.929843,0.939615,0.99169
0.964211,0.98536,0.99169,1.023464
1.009279,1.001143,1.023464,0.957969
1.000541,0.998858,0.957969,0.959544
0.948108,0.956571,0.959544,1.0
0.975485,0.955795,1.0,0.994656
1.008767,1.0225,0.994656,0.997612
0.976246,0.992054,0.997612,1.023938
1.017804,1.017252,1.023938,1.003507
1.002332,1.018171,1.003507,0.940594
0.988947,0.943486,0.940594,0.995666
0.962941,0.968474,0.995666,0.998134
0.999389,1.019531,0.998134,1.043614
1.051345,1.005747,1.043614,1.038209
1.027326,1.04127,1.038209,1.0
1.0,1.0,1.0,0.972398
1.01528,1.028049,0.972398,0.992312
0.942029,0.927639,0.992312,0.983909
1.000592,1.009591,0.983909,0.984858
0.98285,1.018999,0.984858,0.930504
0.966907,0.938471,0.930504,0.935889
0.938395,0.917219,0.935889,1.014831
0.954244,1.001444,1.014831,0.98469
1.000695,1.018745,0.98469,0.973852
0.968056,0.955414,0.973852,0.983309
0.980631,0.985185,0.983309,1.01476
1.013168,1.015038,1.01476,1.015273
1.010108,1.002222,1.015273,1.005731
1.010722,1.020695,1.005731,0.990028
0.999293,1.0,0.990028,1.003597
0.997877,1.007241,1.003597,0.930466
0.991489,0.92739,0.930466,1.023883
0.951359,0.97907,1.023883,1.002257
1.012782,1.033254,1.002257,0.993243
0.987379,0.999234,0.993243,0.996977
1.002256,1.004601,0.996977,0.97119
0.987997,0.965649,0.97119,0.984387
0.984055,0.996047,0.984387,0.900079
0.979938,0.900794,0.900079,1.004405
0.904724,0.969163,1.004405,0.971053
0.995648,0.997273,0.971053,1.030714
1.002622,0.995442,1.030714,0.986854
0.991282,1.007326,0.986854,1.030195
1.029024,1.013636,1.030195,1.043103
1.042735,1.021525,1.043103,0.992562
1.004918,1.028973,0.992562,1.019151
1.002447,1.00256,1.019151,1.005719
1.005696,1.036596,1.005719,0.965069
0.989482,0.969622,0.965069,1.036195
1.020442,1.00508,1.036195,0.969131
0.985577,1.004212,0.969131,0.99078
0.965854,0.965604,0.99078,1.063452
1.064815,1.007819,1.063452,1.023866
1.035573,1.066379,1.023866,1.017094
1.019847,1.030719,1.017094,1.024446
1.016467,1.011765,1.024446,1.032066
1.028719,1.031008,1.032066,1.010116
1.00859,1.023308,1.010116,1.050072
1.045422,1.01396,1.050072,1.023161
1.035981,1.021014,1.023161,1.002663
0.992792,1.041874,1.002663,0.974768
0.991419,0.984332,0.974768,1.003406
0.989348,1.005536,1.003406,1.020367
1.04105,1.015141,1.020367,1.043912
1.016807,1.005424,1.043912,0.987253
1.010172,1.035738,0.987253,1.000646
0.98112,0.989583,1.000646,1.021935
1.016677,1.010526,1.021935,0.940657
1.001262,0.969401,0.940657,1.008725
0.954001,0.98724,1.008725,0.979375
1.007266,0.994558,0.979375,1.014266
0.982951,0.991792,1.014266,1.034829
1.03936,1.016552,1.034829,1.016181
1.012837,1.039349,1.016181,1.033121
1.035488,1.003916,1.033121,0.997534
1.009792,1.020806,0.997534,0.939431
0.978182,0.963057,0.939431,1.022368
0.972739,0.996032,1.022368,0.998069
0.996815,1.009296,0.998069,0.971631
0.997444,0.988158,0.971631,1.000664
0.98911,0.999334,1.000664,1.02122
1.003238,1.003331,1.02122,1.043506
1.03938,1.022576,1.043506,0.996889
1.003106,1.024675,0.996889,1.045568
1.071207,1.013942,1.045568,1.041791
1.010405,1.038125,1.041791,0.991977
1.021167,1.02348,0.991977,0.980358
0.977591,0.992353,0.980358,1.025339
1.012034,0.995851,1.025339,0.995977
0.984711,1.016667,0.995977,0.969994
1.00345,0.983607,0.969994,1.014872
0.97765,0.988095,1.014872,1.039273
1.043962,1.024096,1.039273,0.984208
0.999439,1.017647,0.984208,0.969628
1.0,0.971098,0.969628,0.968085
0.957865,0.957143,0.968085,0.997558
0.967742,0.993781,0.997558,1.00918
1.012121,0.999374,1.00918,0.973924
0.988024,1.005009,0.973924,1.021793
1.0,0.993769,1.021793,0.993297
0.995758,1.013166,0.993297,0.982209
1.000609,0.990718,0.982209,1.019363
1.002433,0.980637,1.019363,1.020221
1.01517,1.034395,1.020221,1.013213
1.013748,1.009852,1.013213,0.979253
0.998231,1.004268,0.979253,0.964891
0.972829,0.947177,0.964891,0.922836
0.972678,0.942308,0.922836,0.995921
0.953184,0.983673,0.995921,1.029352
0.999345,0.955048,1.029352,1.009284
1.001311,1.073135,1.009284,0.986859
1.017016,0.993927,0.986859,1.005992
0.980695,1.011541,1.005992,1.004633
0.998688,0.993289,1.004633,1.034914
1.051248,1.040541,1.034914,1.009548
0.995,1.009091,1.009548,1.047289
1.066583,1.023166,1.047289,1.0
0.986455,1.01195,1.0,1.009031
1.014925,1.008701,1.009031,1.008353
1.014118,1.032039,1.008353,1.019527
1.006381,1.001791,1.019527,0.950667
0.997118,0.971395,0.950667,1.029304
0.982659,1.0,1.029304,1.031435
1.03,1.023313,1.031435,1.020127
1.038264,1.031775,1.020127,0.988726
0.9956,1.01627,0.988726,1.014253
0.990608,0.987993,1.014253,0.984261
1.018963,1.012731,0.984261,0.915477
0.968801,0.914286,0.915477,1.027449
0.931638,1.003125,1.027449,0.988464
1.038205,1.010592,0.988464,0.999386
0.980724,0.986436,0.999386,1.0252
1.000596,1.01625,1.0252,1.02518
1.019048,1.011685,1.02518,1.046199
1.053738,1.033435,1.046199,1.02739
1.029379,1.040588,1.02739,1.012514
1.017771,1.026569,1.012514,0.984417
1.005291,1.001101,0.984417,1.014192
0.988421,0.979098,1.014192,1.031216
1.036741,1.042135,1.031216,1.012004
0.998973,0.986523,1.012004,0.970088
1.002571,1.02459,0.970088,0.988304
0.983077,0.988267,0.988304,1.030124
1.000522,0.990286,1.030124,0.947781
1.028676,0.986921,0.947781,0.99449
0.926508,0.966317,0.99449,1.1
1.086433,1.023429,1.1,1.000504
1.022659,1.067002,1.000504,1.006543
0.98966,1.015175,1.006543,1.0065
1.004478,1.018557,1.0065,0.981123
0.990589,0.984312,0.981123,1.03443
1.0425,1.007712,1.03443,0.993637
0.98801,1.022959,0.993637,1.003448
0.999515,1.002993,1.003448,0.95729
0.998057,0.929886,0.95729,1.026667
0.982968,1.032086,1.026667,0.984016
0.99604,1.018653,0.984016,1.001523
0.996521,0.99237,1.001523,0.960973
0.989526,0.960021,0.960973,0.94884
0.96875,0.951949,0.94884,0.938299
0.936524,0.945036,0.938299,1.0
1.0,1.0,1.0,1.029028
0.976667,0.964392,1.029028,0.999424
0.995449,1.033846,0.999424,0.99424
1.002857,1.004762,0.99424,0.986674
0.988034,1.001185,0.986674,0.983558
0.986159,0.97574,0.983558,1.002388
0.993567,1.003639,1.002388,0.962478
1.001177,0.966767,0.962478,0.970297
0.940035,0.96,0.970297,1.003189
0.991245,1.011719,1.003189,1.017165
1.021451,1.012227,1.017165,0.986875
0.987647,0.988557,0.986875,0.964535
0.981864,0.958842,0.964535,1.022324
1.0,1.007378,1.022324,1.008992
1.003822,1.019308,1.008992,0.98154
0.991117,0.990856,0.98154,1.023346
1.022407,1.007251,1.023346,1.011407
1.00814,1.020942,1.011407,0.994987
0.993789,1.00641,0.994987,1.021411
1.026875,1.000637,1.021411,0.997534
0.998783,1.019096,0.997534,0.983931
0.986594,0.990006,0.983931,1.037688
1.033972,0.995584,1.037688,0.993341
1.003584,1.036122,0.993341,0.9805
0.992857,0.977982,0.9805,1.006837
0.972422,0.971857,1.006837,1.00679
1.006782,1.033462,1.00679,1.022072
1.021433,1.011831,1.022072,1.0006
1.014388,1.015385,1.0006,1.010192
0.998818,0.999394,1.010192,1.004748
1.004142,1.003639,1.004748,1.00886
1.028874,1.007855,1.00886,1.010539
0.991409,1.005995,1.010539,0.977984
1.002311,0.983313,0.977984,0.994668
0.979251,1.009091,0.994668,1.000596
0.994114,0.995796,1.000596,1.005952
1.009473,0.985525,1.005952,1.011834
1.007038,1.017136,1.011834,1.015789
1.018637,1.012034,1.015789,0.990789
0.994854,0.999405,0.990789,1.024404
1.022989,1.020226,1.024404,1.000567
0.999438,1.013994,1.000567,1.007937
1.006745,1.006325,1.007937,1.035996
1.048576,0.992571,1.035996,0.986428
0.974441,1.035118,0.986428,0.973583
0.997268,0.982759,0.973583,0.990955
0.980274,0.989247,0.990955,0.997718
0.9782,0.978833,0.997718,0.97084
1.004571,0.969608,0.97084,1.012367
0.98066,1.008439,1.012367,0.986038
1.0029,1.004184,0.986038,1.011799
1.000578,1.005952,1.011799,1.003499
1.008092,1.005917,1.003499,0.991284
0.993119,0.998824,0.991284,0.991208
0.982102,0.98881,0.991208,1.010645
1.006467,1.005956,1.010645,0.993563
0.998248,0.994671,0.993563,0.995289
0.998245,1.00119,0.995289,0.95858
0.991208,0.960761,0.95858,1.008642
0.96984,0.999381,1.008642,1.0
1.005488,1.000619,1.0,1.02754
1.021225,1.007426,1.02754,1.010721
1.015439,1.019656,1.010721,1.011196
1.009942,1.020482,1.011196,1.001748
1.005211,1.012397,1.001748,0.992437
1.007488,0.991254,0.992437,1.01524
0.991995,0.994118,1.01524,1.006351
1.007493,1.011834,1.006351,0.99541
1.008581,1.011696,0.99541,1.01268
1.000567,0.989595,1.01268,1.021628
1.030612,1.021028,1.021628,0.980501
1.00495,1.001716,0.980501,1.017045
0.985222,0.997144,1.017045,0.993855
1.01,1.012027,0.993855,0.977515
0.985699,0.977929,0.977515,0.997125
0.979353,0.997106,0.997125,0.976932
0.987464,0.972142,0.976932,0.980519
0.983843,0.980299,0.980519,0.998194
1.0,1.009135,0.998194,1.020507
0.994721,1.0,1.020507,0.979905
1.0,0.982498,0.979905,0.972256
0.978774,0.977887,0.972256,1.003102
0.98012,0.998744,1.003102,1.000618
1.004302,0.99434,1.000618,1.012979
1.009792,1.021505,1.012979,1.006711
1.000606,1.006811,1.006711,1.004242
1.013325,1.00984,1.004242,0.995775
1.001793,0.997564,0.995775,1.017576
1.00537,1.007326,1.017576,0.995831
1.0,1.001818,0.995831,1.00299
1.005341,0.996975,1.00299,1.003578
0.997048,1.01335,1.003578,1.008913
1.019538,1.00479,1.008913,1.000589
0.993031,1.002384,1.000589,1.0
1.0,1.0,1.0,0.992348
0.98655,0.951843,0.992348,1.01898
1.021932,1.043723,1.01898,0.987776
1.00348,1.01137,0.987776,0.952269
0.987283,0.946746,0.952269,1.006807
0.963115,0.988125,1.006807,0.998156
0.989058,1.008855,0.998156,0.988916
0.992624,0.993103,0.988916,0.983811
0.994427,0.991162,0.983811,1.022152
1.008717,1.0,1.022152,1.003096
1.003086,1.021019,1.003096,1.016049
1.021538,1.001871,1.016049,0.995747
0.999398,1.009963,0.995747,1.002441
0.991561,0.986436,1.002441,1.000609
1.0,1.01,1.000609,1.004866
1.010334,1.008663,1.004866,0.996368
1.001203,0.998773,0.996368,1.006683
0.996394,0.988943,1.006683,1.000604
1.004825,1.009317,1.000604,0.95959
0.993397,0.956923,0.95959,1.000629
0.967372,1.002572,1.000629,0.982412
0.994379,1.000641,0.982412,1.002558
0.986181,0.985897,1.002558,1.038265
1.081529,1.009753,1.038265,1.0043
0.964664,1.038635,1.0043,1.004281
1.003053,1.00806,1.004281,0.985993
0.998174,0.99139,0.985993,1.005559
1.004878,1.003722,1.005559,1.006757
0.997573,0.992583,1.006757,1.009762
1.009124,1.015567,1.009762,1.012085
1.022905,1.006131,1.012085,1.005373
0.994107,1.014625,1.005373,0.994656
1.000593,0.997598,0.994656,0.997612
1.005924,1.00301,0.997612,1.008378
1.000589,1.003001,1.008378,0.991098
0.994703,0.990425,0.991098,1.019162
1.011834,1.006042,1.019162,0.998237
1.005263,1.015015,0.998237,1.025309
1.039558,0.995266,1.025309,1.004592
0.990487,1.028537,1.004592,1.005714
1.003955,1.001156,1.005714,1.006818
1.011255,1.01097,1.006818,0.979684
0.986088,0.978869,0.979684,1.020161
1.02991,1.009918,1.020161,0.967815
0.983014,0.97747,0.967815,1.015169
0.971572,0.990544,1.015169,1.004598
1.008606,1.020286,1.004598,1.01087
1.017634,1.001754,1.01087,0.98755
0.994969,0.986573,0.98755,0.978797
0.976966,0.985207,0.978797,0.988876
0.981599,1.000601,0.988876,0.997632
1.004687,1.002401,0.997632,1.002374
0.995335,1.007186,1.002374,0.973357
0.970123,0.957194,0.973357,0.934915
0.987319,0.937888,0.934915,1.011061
0.956575,0.966887,1.011061,1.009009
1.023018,1.064384,1.009009,1.022959
1.0075,0.977477,1.022959,1.014963
1.01737,1.044766,1.014963,1.001229
1.004878,1.014493,1.001229,0.990184
0.993932,1.0,0.990184,0.991945
1.001221,0.98882,0.991945,0.980637
0.976829,0.984296,0.980637,0.993631
0.983146,0.984684,0.993631,1.037821
1.060317,1.007129,1.037821,1.001235
0.977246,1.030245,1.001235,0.995065
0.995711,1.005621,0.995065,1.008679
1.009846,1.003727,1.008679,0.98402
0.990859,0.971535,0.98402,0.990006
0.983395,1.002548,0.990006,0.97918
1.006254,0.985388,0.97918,1.011598
0.978869,1.0,1.011598,0.992994
1.006349,1.002579,0.992994,1.000641
0.992429,0.990997,1.000641,0.957692
0.9911,0.953926,0.957692,0.992637
0.957665,0.99932,0.992637,1.01416
1.010717,1.004084,1.01416,0.983378
0.999337,1.001356,0.983378,0.996619
0.988064,0.987136,0.996619,0.989145
0.986577,0.980796,0.989145,1.017833
1.012925,1.013986,1.017833,0.993935
1.012089,1.009655,0.993935,0.997966
0.985401,0.997268,0.997966,0.978261
0.989899,0.969178,0.978261,0.997222
0.985034,1.0,0.997222,1.019499
1.013122,1.003534,1.019499,0.943989
0.99182,0.970423,0.943989,0.965991
0.952577,0.965167,0.965991,0.988015
0.973304,0.976692,0.988015,0.999242
0.985174,1.003079,0.999242,1.005311
1.00602,1.006907,1.005311,0.981887
0.988033,0.97561,0.981887,1.004612
0.990159,0.999219,1.004612,0.993879
1.009174,1.003909,0.993879,0.995381
1.003788,1.006231,0.995381,1.026295
1.005283,0.991486,1.026295,1.012057
1.012763,1.028884,1.012057,1.005212
1.014826,1.00607,1.005212,0.995556
0.989774,1.006787,0.995556,0.975446
0.990406,0.972285,0.975446,0.992372
0.982861,0.998459,0.992372,0.982321
0.985595,0.967593,0.982321,0.992958
0.983077,0.988836,0.992958,0.992908
0.999218,0.996774,0.992908,1.028571
1.015662,1.016181,1.028571,1.010802
1.022359,1.019904,1.010802,1.003817
0.996983,1.016393,1.003817,1.010646
1.01059,1.009217,1.010646,1.000752
1.002994,1.005327,1.000752,0.998496
0.998507,0.991673,0.998496,1.014307
1.010463,0.992366,1.014307,1.009651
1.02145,1.036923,1.009651,1.0
0.998552,0.997774,1.0,0.994853
0.989848,0.996283,0.994853,0.993348
0.994872,1.0,0.993348,1.017113
1.010309,0.993284,1.017113,0.982443
1.005831,0.998497,0.982443,1.011169
0.985507,1.00301,1.011169,1.022828
1.022794,1.021005,1.022828,0.99568
0.997843,1.008817,0.99568,0.976139
1.0,0.983248,0.976139,1.002963
0.990634,0.996296,1.002963,0.962334
0.982545,0.966543,0.962334,1.00921
0.975574,0.992308,1.00921,0.984791
1.001517,1.000775,0.984791,1.009266
0.99697,1.006971,1.009266,0.996174
0.994681,0.99,0.996174,0.997696
1.00382,1.008547,0.997696,1.013087
1.004566,1.0,1.013087,1.048632
1.059848,1.013867,1.048632,0.96087
0.985704,1.00228,0.96087,1.003771
1.015228,1.006823,1.003771,0.97145
0.953571,0.96988,0.97145,1.005414
0.976779,0.987578,1.005414,1.008462
1.01227,1.007862,1.008462,1.037376
1.059091,1.021841,1.037376,0.988971
0.973534,0.996947,0.988971,1.010409
1.000735,1.008423,1.010409,0.977925
1.01395,1.007593,0.977925,0.940557
0.949312,0.919367,0.940557,0.9664
0.957285,0.986066,0.9664,0.993377
0.971315,0.9867,0.993377,1.019167
1.013946,0.998315,1.019167,1.0
1.0,1.0,1.0,1.008177
1.026699,1.031224,1.008177,0.992701
1.0,0.992635,0.992701,0.962418
0.967691,0.943116,0.962418,1.03056
1.0,1.007867,1.03056,1.001647
0.992671,1.033825,1.001647,0.965461
0.988515,0.984899,0.965461,1.000852
0.983402,0.987223,1.000852,0.988936
0.991561,0.996549,0.988936,1.006885
1.006809,1.004329,1.006885,0.971795
0.996619,0.97931,0.971795,0.944591
0.966921,0.915493,0.944591,0.989758
0.936842,0.972115,0.989758,1.043274
1.043071,1.031652,1.043274,1.041479
1.045781,1.052733,1.041479,0.995671
0.995708,1.037341,0.995671,1.013043
1.024138,1.007902,1.013043,0.957082
0.990741,0.96777,0.957082,0.979372
0.939677,0.978398,0.979372,1.047619
1.037975,0.99632,1.047619,0.958916
1.006098,0.969529,0.958916,1.01732
0.972294,1.039048,1.01732,1.008065
1.024933,1.019248,1.008065,1.016
1.007819,1.011691,1.016,0.997375
0.996552,1.000889,0.997375,0.990351
0.997405,0.997336,0.990351,1.007972
0.988725,0.983972,1.007972,1.043058
1.042105,1.01086,1.043058,0.984836
0.991582,1.036705,0.984836,0.968349
0.993209,0.968048,0.968349,1.029152
1.000855,1.008921,1.029152,1.00515
1.011956,1.024757,1.00515,1.014518
1.004219,1.003451,1.014518,0.994949
1.005882,1.004299,0.994949,1.003384
0.992481,1.001712,1.003384,1.014334
1.016835,1.004274,1.014334,0.996675
1.00745,1.005957,0.996675,0.99583
0.989318,0.998308,0.99583,1.000838
1.002492,1.011017,1.000838,1.009205
1.004143,0.988265,1.009205,1.024876
1.024752,1.01866,1.024876,0.999191
0.99839,1.011657,0.999191,1.013765
1.016129,1.0107,1.013765,0.996805
1.004762,1.010586,0.996805,0.983974
0.983412,0.975826,0.983974,1.022801
1.031325,1.00578,1.022801,1.031847
1.016355,1.022989,1.031847,1.022377
1.016858,1.030498,1.022377,0.994717
1.009043,1.01947,0.994717,1.014416
1.004481,0.996944,1.014416,1.0
1.003717,1.0,1.0,0.99626
0.999259,1.013027,0.99626,1.006006
1.006672,1.000756,1.006006,1.026119
1.020619,1.015117,1.026119,0.996364
1.001443,1.005212,0.996364,0.967883
0.994236,0.925185,0.967883,0.973605
0.954348,1.021617,0.973605,1.025562
1.009871,1.016458,1.025562,0.999245
1.0,1.001542,0.999245,0.982615
0.992481,0.992302,0.982615,0.982308
0.989394,0.979054,0.982308,1.013312
0.997703,0.975436,1.013312,0.98609
0.994628,1.02437,0.98609,0.945141
0.966049,0.943695,0.945141,0.993367
0.972045,1.0,0.993367,0.974124
0.987675,0.973109,0.974124,1.010283
0.982529,0.988774,1.010283,1.0
1.006774,1.0131,1.0,1.022053
1.017662,1.008621,1.022053,0.987552
0.995868,1.001709,0.987552,0.987395
0.989212,1.0,0.987395,1.017872
1.005034,0.994881,1.017872,1.024247
1.039232,1.008576,1.024247,1.013061
1.00241,1.021259,1.013061,1.013699
1.008814,1.014988,1.013699,1.026232
1.034154,1.015587,1.026232,0.982184
0.990015,1.013732,0.982184,1.023659
1.007758,1.003984,1.023659,1.0
1.015396,1.020635,1.0,1.023112
1.007582,0.99689,1.023112,1.0
1.0,1.0,1.0,0.97741
0.989466,0.960218,0.97741,1.005393
1.009886,1.01381,1.005393,0.977011
0.974398,1.017628,0.977011,1.008627
0.995363,0.989764,1.008627,1.006221
1.024845,1.023866,1.006221,1.011592
0.992424,0.987568,1.011592,1.013751
1.018321,1.02439,1.013751,1.016579
1.021739,0.998464,1.016579,1.000741
0.99193,1.024615,1.000741,0.981481
0.991124,0.988739,0.981481,0.999245
0.998507,0.991648,0.999245,0.996979
0.991779,0.99464,0.996979,0.990152
1.015825,0.991532,0.990152,0.987758
0.967359,0.986025,0.987758,1.006197
1.008436,1.0,1.006197,1.003079
1.006844,1.00315,1.003079,0.963929
0.981873,0.981947,0.963929,1.006369
0.983846,0.97522,1.006369,1.00712
0.998436,1.030328,1.00712,1.018853
1.025059,1.002387,1.018853,0.976099
0.99618,1.001587,0.976099,0.994471
0.977761,0.950872,0.994471,1.004766
0.996078,1.019167,1.004766,1.033992
1.051181,1.047424,1.033992,1.029817
1.041199,1.003123,1.029817,0.991834
0.967626,1.01323,0.991834,0.980539
1.0,0.99616,0.980539,0.947328
0.966543,0.95451,0.947328,1.004029
0.965385,0.975767,1.004029,0.997592
0.99761,1.009934,0.997592,1.000805
1.008786,1.0,1.000805,0.991158
0.992874,0.995902,0.991158,1.006488
0.990431,0.992593,1.006488,0.98469
0.995974,1.004975,0.98469,1.013093
1.001617,1.004125,1.013093,0.995961
1.007264,1.002465,0.995961,1.003244
0.995994,0.993443,1.003244,1.004042
1.002414,1.014026,1.004042,1.005636
1.009631,0.992677,1.005636,1.015212
1.011924,1.02377,1.015212,0.992114
0.996858,0.996797,0.992114,0.947536
0.985028,0.951004,0.947536,0.996644
0.9528,0.981419,0.996644,0.994949
1.010076,1.008606,0.994949,1.005076
0.998337,0.999147,1.005076,1.021886
1.014988,0.99573,1.021886,0.999176
1.002461,1.027444,0.999176,1.006595
1.01964,0.980801,1.006595,0.995086
0.990369,1.022128,0.995086,0.976955
0.985413,0.976686,0.976955,1.008425
0.990132,1.005968,1.008425,0.964912
0.991694,0.974576,0.964912,0.999134
0.984087,0.986957,0.999134,1.0
0.990638,1.000881,1.0,1.0
0.999141,0.982394,1.0,0.998267
0.993121,1.017025,0.998267,0.970486
0.995671,0.951542,0.970486,1.000894
0.984348,1.018519,1.000894,1.005362
0.9947,0.95,1.005362,1.002667
1.017762,1.043062,1.002667,0.993794
0.985166,1.019266,0.993794,0.999108
0.996457,0.9982,0.999108,1.082143
1.095111,1.016231,1.082143,0.972772
0.970779,1.022183,0.972772,0.96268
0.975753,0.980903,0.96268,0.999119
0.979434,0.984956,0.999119,0.9806
0.997375,0.981132,0.9806,0.98741
0.972807,0.979853,0.98741,0.999089
1.00541,1.009346,0.999089,0.979945
0.983857,0.989815,0.979945,1.013023
0.995442,0.996258,1.013023,1.014692
1.016484,1.004695,1.014692,1.00543
1.002703,1.026168,1.00543,0.9991
1.006289,1.005464,0.9991,1.008108
1.000893,0.98913,1.008108,1.004468
1.013381,1.02381,1.004468,0.961744
0.989437,0.966905,0.961744,1.00185
0.974199,0.978723,1.00185,0.99723
0.989041,1.007561,0.99723,0.987963
1.001847,1.0,0.987963,1.011246
0.997235,1.000938,1.011246,0.979611
0.99353,0.985942,0.979611,1.010407
0.99907,1.005703,1.010407,1.0
1.0,1.004726,1.0,1.0103
1.005587,1.0,1.0103,0.987952
0.997222,0.985889,0.987952,0.9803
0.979573,0.990458,0.9803,0.995215
0.994313,0.982659,0.995215,0.989423
0.992374,1.00098,0.989423,0.975705
0.992315,0.936337,0.975705,0.999004
0.972894,1.030335,0.999004,1.011964
1.014925,1.0,1.011964,0.990148
0.995098,1.012183,0.990148,1.000995
0.995074,0.992979,1.000995,1.015905
1.026733,1.011111,1.015905,1.037182
1.027965,1.021978,1.037182,1.003774
1.000938,1.026393,1.003774,0.996241
1.0,0.99619,0.996241,1.001887
0.998126,1.003824,1.001887,0.989642
1.010329,1.0,0.989642,0.997146
0.989777,0.990476,0.997146,0.971374
0.99061,0.976923,0.971374,0.990177
0.971564,0.982283,0.990177,1.005952
0.993171,1.001002,1.005952,0.976331
0.996071,0.983984,0.976331,0.982828
0.985207,0.98881,0.982828,0.971223
0.970971,0.947531,0.971223,0.971429
0.973196,0.989142,0.971429,0.977124
0.977754,0.983535,0.977124,1.024526
0.99675,1.001116,1.024526,1.016322
1.021739,1.011148,1.016322,0.998929
1.003191,1.019846,0.998929,1.025723
1.029692,1.005405,1.025723,1.00627
0.994851,1.016129,1.00627,0.995846
1.009317,1.009524,0.995846,1.034411
1.076923,1.005241,1.034411,0.969758
0.93619,0.996872,0.969758,1.0
0.996948,0.996862,1.0,1.006237
0.989796,1.001049,1.006237,1.015496
1.026804,1.007338,1.015496,0.997965
0.992972,1.015609,0.997965,1.002039
0.995956,0.98668,1.002039,0.993896
1.033503,0.986501,0.993896,1.013306
0.981336,1.007368,1.013306,0.980808
0.990991,1.012539,0.980808,0.978373
0.984848,0.970072,0.978373,0.994737
0.97641,0.991489,0.994737,1.0
1.0,1.004292,1.0,0.997884
0.991597,0.998932,0.997884,1.018028
1.016949,1.012834,1.018028,1.003125
1.007292,1.003168,1.003125,0.992731
1.003102,0.995789,0.992731,0.985356
0.997938,0.96723,0.985356,0.992569
0.97624,1.020765,0.992569,0.962567
0.978836,0.958244,0.962567,1.014444
0.992432,0.996648,1.014444,1.0
1.001089,1.014574,1.0,0.987952
0.995647,0.99558,0.987952,1.003326
1.002186,0.991121,1.003326,0.979006
0.984733,0.985442,0.979006,1.014673
1.002215,1.001136,1.014673,0.996663
0.994475,0.99319,0.996663,0.988839
0.995556,1.005714,0.988839,1.004515
0.99442,0.994318,1.004515,0.98427
1.005612,0.995429,0.98427,0.998858
0.986607,1.001148,0.998858,0.990857
0.996606,0.991972,0.990857,0.94233
0.981839,0.942197,0.94233,0.96328
0.949133,0.957055,0.96328,0.98094
0.964677,0.974359,0.98094,0.997409
0.978535,0.986842,0.997409,0.958442
1.0,0.974667,0.958442,1.01084
0.970323,0.990424,1.01084,1.033512
1.037234,1.030387,1.033512,1.001297
0.992308,1.018767,1.001297,1.036269
1.040052,1.010526,1.036269,1.01625
1.012422,1.033854,1.01625,0.99139
1.0,1.011335,0.99139,0.987593
0.992638,0.973848,0.987593,0.994975
0.992583,1.006394,0.994975,1.039141
1.029888,1.005083,1.039141,1.020656
1.026602,1.039191,1.020656,0.983333
0.994111,1.001217,0.983333,1.014528
1.007109,0.998785,1.014528,1.001193
0.990588,1.00365,1.001193,0.989273
1.004751,1.0,0.989273,1.007229
0.991726,1.003636,1.007229,1.033493
1.036949,1.003623,1.033493,1.017361
1.013793,1.034898,1.017361,0.989761
1.006803,1.009302,0.989761,1.008046
0.996622,0.997696,1.008046,1.010262
1.00678,1.008083,1.010262,0.990971
1.003367,1.0,0.990971,1.026196
1.010067,0.996564,1.026196,1.012209
1.011074,1.02069,1.012209,0.985746
0.997809,1.003378,0.985746,1.005562
0.998902,1.002245,1.005562,0.972345
0.997802,0.979843,0.972345,1.023891
0.995595,0.996571,1.023891,1.03
1.030973,1.029817,1.03,1.004315
1.001073,1.01559,1.004315,0.987111
0.998928,1.001096,0.987111,1.009793
0.995708,1.0,1.009793,1.001078
1.010776,1.012048,1.001078,0.975242
0.99467,0.980519,0.975242,1.005519
0.983923,0.987859,1.005519,0.970362
1.003268,0.985475,0.970362,0.998869
0.966341,0.995465,0.998869,1.02265
1.01573,1.0,1.02265,1.013289
1.018805,1.023918,1.013289,0.981421
0.991314,0.984427,0.981421,1.007795
0.992333,1.00565,1.007795,1.0
1.005519,1.006742,1.0,0.998895
1.001098,1.001116,0.998895,1.004425
0.997807,0.996656,1.004425,1.018722
1.020879,1.011186,1.018722,0.993514
1.003229,1.006637,0.993514,1.005441
0.992489,1.002198,1.005441,1.007576
1.015135,1.013158,1.007576,0.980666
0.994675,0.982684,0.980666,1.009858
0.989293,0.998899,1.009858,1.021692
1.028139,1.005513,1.021692,1.015924
1.010526,1.023026,1.015924,1.025078
1.0375,1.020364,1.025078,0.974516
0.995984,1.003151,0.974516,1.007322
0.976815,0.970681,1.007322,0.995846
0.998968,1.022654,0.995846,1.002086
1.007231,1.003165,1.002086,0.956296
0.993846,0.9653,0.956296,1.021763
0.973168,0.998911,1.021763,1.009585
1.009544,1.018539,1.009585,1.011603
1.013655,1.009636,1.011603,1.015641
1.032124,1.007423,1.015641,0.995893
0.988956,1.012632,0.995893,0.963918
0.988832,0.956341,0.963918,0.989305
0.965092,0.995652,0.989305,1.002162
0.996809,0.990175,1.002162,1.026969
1.017076,1.014333,1.026969,0.961134
1.016789,0.98587,0.961134,1.009836
0.956656,1.00441,1.009836,1.014069
1.01726,1.004391,1.014069,1.008538
1.010604,1.019672,1.008538,1.013757
1.011542,1.004287,1.013757,1.001044
0.997925,1.009605,1.001044,1.009385
1.014553,0.989429,1.009385,1.022727
1.045082,1.026709,1.022727,0.956566
0.960784,0.983351,0.956566,0.986272
0.982653,0.984127,0.986272,1.009636
0.989616,1.004301,1.009636,1.015907
1.013641,1.004283,1.015907,1.006263
1.004141,1.012793,1.006263,0.975104
0.987629,0.955789,0.975104,1.038298
1.020877,1.026432,1.038298,0.981557
0.996933,1.019313,0.981557,0.977035
0.984615,0.982105,0.977035,1.017094
1.009375,1.003215,1.017094,0.990546
0.980392,0.978632,0.990546,1.004242
1.002105,1.009825,1.004242,1.027455
1.023109,1.020541,1.027455,0.991778
1.010267,1.019068,0.991778,1.018653
1.003049,0.997921,1.018653,1.015259
1.030395,1.008333,1.015259,0.956914
0.979351,0.979339,0.956914,1.018848
0.978916,0.988397,1.018848,0.961973
0.994872,0.995731,0.961973,0.989316
0.980412,0.990354,0.989316,0.941685
0.974763,0.936147,0.941685,1.009174
0.95685,0.99422,1.009174,1.014773
1.011274,1.015116,1.014773,0.99888
0.99777,1.017182,0.99888,1.020179
1.018994,1.0,1.020179,1.002198
1.001096,1.006757,1.002198,1.004386
1.005476,1.010067,1.004386,1.012009
1.009804,1.002215,1.012009,0.984898
1.0,1.0,0.984898,1.014239
1.003236,1.0,1.014239,1.010799
1.01828,1.01547,1.010799,1.003205
0.997888,1.013058,1.003205,1.024494
1.021164,1.009667,1.024494,0.99896
1.003109,1.01383,0.99896,0.988554
0.993802,0.990556,0.988554,1.012632
1.017672,1.001059,1.012632,1.027027
1.037794,1.013757,1.027027,1.001012
0.988189,1.024008,1.001012,1.073812
1.063745,1.003058,1.073812,1.002825
1.018727,1.053862,1.002825,0.994366
0.992647,1.008679,0.994366,1.022663
1.040741,1.003824,1.022663,1.00554
0.978648,1.017143,1.00554,0.949495
0.987273,0.950375,0.949495,1.001934
0.961326,0.99803,1.001934,0.966216
0.996169,0.985192,0.966216,0.971029
0.969231,0.96994,0.971029,1.006173
0.982143,0.911157,1.006173,1.00409
1.00404,1.079365,1.00409,1.01222
1.016097,1.009454,1.01222,0.99497
1.00099,1.01769,0.99497,0.9818
0.970326,0.966258,0.9818,0.967044
0.986748,0.989418,0.967044,0.982961
0.964876,0.975401,0.982961,0.944745
0.998929,0.949561,0.944745,0.980505
0.943194,0.908776,0.980505,0.990643
0.977273,1.05972,0.990643,1.007084
1.017442,1.015588,1.007084,1.001172
0.992,0.985832,1.001172,1.016393
1.002304,1.014371,1.016393,1.017281
1.016092,1.020071,1.017281,0.994337
1.0,0.993056,0.994337,1.01139
1.019231,1.005828,1.01139,1.01464
1.012209,1.023175,1.01464,0.953385
0.986842,0.971687,0.953385,0.98603
0.958889,0.979021,0.98603,1.024793
1.006952,1.0,1.024793,1.03341
1.049482,1.02381,1.03341,1.003344
0.991228,1.031395,1.003344,1.015556
1.017699,1.006764,1.015556,1.00547
1.011957,1.00112,1.00547,0.981502
0.991407,1.0,0.981502,0.990022
0.983749,0.995526,0.990022,0.976484
0.997797,0.979775,0.976484,1.009174
0.971302,0.988532,1.009174,1.019318
1.032955,1.023202,1.019318,1.021182
1.017602,1.010204,1.021182,0.990175
0.994595,1.004489,0.990175,1.00441
0.998913,0.992179,1.00441,0.980241
0.984766,1.002252,0.980241,1.012318
1.00663,0.986517,1.012318,1.017699
1.015368,1.026196,1.017699,1.040217
1.075676,1.043285,1.040217,0.988506
0.966834,0.989362,0.988506,1.004228
1.006237,1.007527,1.004228,1.021053
1.008264,1.006403,1.021053,0.993814
0.995902,1.008484,0.993814,0.995851
0.998971,0.993691,0.995851,1.002083
0.99897,0.995767,1.002083,1.018711
1.014433,1.019129,1.018711,1.0
1.002033,1.013556,1.0,1.003061
1.01927,1.006173,1.003061,0.976602
0.9801,0.981595,0.976602,0.980208
0.992893,0.973958,0.980208,1.01169
0.976483,0.992513,1.01169,0.997899
1.015707,1.019397,0.997899,1.014737
0.995876,1.001057,1.014737,1.004149
1.011387,1.011616,1.004149,1.001033
0.996929,0.982255,1.001033,1.03096
1.031828,1.031881,1.03096,1.027027
1.053731,1.040165,1.027027,0.991228
0.971671,0.993069,0.991228,1.049164
1.055394,1.007976,1.049164,0.980319
0.992634,1.018793,0.980319,0.984704
0.978664,0.982524,0.984704,1.009709
0.990521,1.012846,1.009709,0.995192
0.997129,0.990244,0.995192,1.000966
1.0,0.995074,1.000966,0.991313
1.0,1.011881,0.991313,1.005842
0.998081,0.998043,1.005842,1.007744
1.023077,1.012745,1.007744,0.992315
0.989662,0.996128,0.992315,1.054211
1.059829,1.000972,1.054211,1.039486
1.039427,1.048544,1.039486,1.060954
1.036207,1.030556,1.060954,0.945046
0.99584,1.006289,0.945046,1.002643
0.992481,1.000893,1.002643,1.011424
0.98064,0.981267,1.011424,0.997394
0.993991,1.014545,0.997394,0.978223
0.988774,1.002688,0.978223,0.946572
0.979913,0.947274,0.946572,0.995296
0.960784,0.995283,0.995296,1.023629
1.010204,1.004739,1.023629,1.017544
1.015611,1.014151,1.017544,0.995463
0.999096,1.0,0.995463,0.986326
0.99457,1.00186,0.986326,1.039741
1.028207,1.007428,1.039741,1.0
1.00885,1.021198,1.0,0.992
0.987719,1.0,0.992,0.968638
0.991119,0.965704,0.968638,0.987974
0.976703,0.991589,0.987974,1.024345
1.018349,1.0,1.024345,1.021938
1.018018,1.027333,1.021938,0.986583
0.997345,1.005505,0.986583,1.001813
0.997338,0.998175,1.001813,0.964706
0.982206,0.967093,0.964706,0.970919
0.973732,0.976371,0.970919,1.005797
0.973023,0.997096,1.005797,0.950048
0.992352,0.94466,0.950048,1.013145
0.967245,1.013361,1.013145,1.008982
1.015936,1.007099,1.008982,0.998022
1.004902,1.005035,0.998022,1.011893
1.001951,1.008016,1.011893,1.007835
1.001947,0.994036,1.007835,0.997085
1.011662,1.023,0.997085,0.977583
0.98463,0.977517,0.977583,0.99003
0.977561,0.979,0.99003,1.007049
1.002994,1.006129,1.007049,1.013
1.01194,1.015228,1.013,0.976308
0.993117,0.985,0.976308,1.017189
0.99802,0.995939,1.017189,1.018887
1.021825,1.026504,1.018887,1.014634
1.009709,1.01291,1.014634,1.0
1.003846,1.003922,1.0,1.015385
1.014368,1.003906,1.015385,0.982008
0.99339,1.003891,0.982008,0.996143
0.991445,1.0,0.996143,1.002904
1.005753,0.998062,1.002904,1.009653
0.998093,1.002913,1.009653,1.024857
1.028653,1.012585,1.024857,0.995336
1.011142,1.013384,0.995336,1.017807
0.999082,1.00283,1.017807,0.926335
0.972426,0.942615,0.926335,1.025845
0.980151,0.988024,1.025845,1.006783
1.018322,1.033333,1.006783,1.0
0.994318,1.006843,1.0,1.000962
0.993333,1.002913,1.000962,1.0125
1.016299,1.00484,1.0125,0.997151
1.000943,1.00578,0.997151,0.981905
0.990575,0.982759,0.981905,1.022308
1.004757,1.0,1.022308,1.00759
1.010417,1.013645,1.00759,0.983992
1.009372,0.999038,0.983992,0.983732
0.97493,0.983638,0.983732,1.002918
0.988571,1.002935,1.002918,0.984481
0.999037,0.987317,0.984481,0.993103
0.989392,0.992095,0.993103,0.989087
0.983431,0.981076,0.989087,1.015045
1.003964,1.011168,1.015045,1.005929
1.00691,1.012048,1.005929,0.980354
0.998039,0.989087,0.980354,1.019038
1.003929,0.997994,1.019038,1.00885
1.006849,1.025126,1.00885,0.999025
1.003887,0.997059,0.999025,1.014634
1.007744,1.00885,1.014634,0.985577
0.999039,0.995127,0.985577,0.963902
0.980769,0.96474,0.963902,1.012146
0.988235,0.996954,1.012146,0.99
0.999008,1.001018,0.99,1.005051
1.007944,0.998983,1.005051,0.998995
0.987192,1.001018,0.998995,1.004024
0.997006,0.998983,1.004024,1.024048
1.028028,1.00611,1.024048,1.022505
1.020448,1.007085,1.022505,0.990431
0.999046,1.025126,0.990431,1.01256
1.002865,1.008824,1.01256,0.997137
1.00381,1.000972,0.997137,1.003828
1.0,1.006796,1.003828,1.020972
1.026565,1.003857,1.020972,0.999066
0.994455,1.023055,0.999066,1.037383
1.040892,0.998122,1.037383,1.003604
1.008929,1.024459,1.003604,1.000898
0.99292,1.009183,1.000898,1.018834
1.031194,1.009099,1.018834,1.001761
0.990493,1.008115,1.001761,1.0
0.993019,0.985689,1.0,1.018453
1.026362,1.021779,1.018453,1.001726
0.997432,1.009769,1.001726,1.031008
1.055794,1.015831,1.031008,0.964912
0.987805,0.996537,0.964912,1.017316
0.987654,1.000869,1.017316,1.015319
1.0,0.998264,1.015319,1.040235
1.051667,1.025217,1.040235,0.991942
0.979398,1.016964,0.991942,0.967506
1.002427,0.99166,0.967506,0.97817
0.965295,0.961312,0.97817,0.999142
0.980769,1.0,0.999142,0.950172
1.00341,0.96238,0.950172,1.009946
0.951572,0.989091,1.009946,0.982095
1.0125,1.004596,0.982095,1.01732
0.989418,0.992681,1.01732,1.020609
1.017825,1.02765,1.020609,1.0
1.002627,1.004484,1.0,1.00439
1.015721,1.004464,1.00439,1.0
1.00258,1.013333,1.0,0.992133
0.986278,0.986842,0.992133,0.956828
0.986957,0.961778,0.956828,1.001842
0.969163,0.994455,1.001842,0.996324
0.995455,0.994424,0.996324,1.008303
1.00274,1.005607,1.008303,1.021043
1.016393,1.006506,1.021043,1.010753
1.011649,1.023084,1.010753,1.003546
1.018601,1.005415,1.003546,0.992049
0.986957,0.992819,0.992049,0.983972
0.997357,0.996383,0.983972,1.015385
0.993816,0.986388,1.015385,1.020499
1.026667,1.027599,1.020499,0.995633
0.994805,1.011638,0.995633,1.0
1.004352,1.002655,1.0,0.992105
0.995667,0.990291,0.992105,0.972591
0.993908,0.974153,0.972591,0.985455
0.967601,0.986276,0.985455,1.028598
1.00905,1.001855,1.028598,0.994619
1.000897,1.019444,0.994619,1.0
0.996416,0.993642,1.0,1.032462
1.034173,1.005484,1.032462,1.024454
1.026087,1.029091,1.024454,0.994032
0.995763,1.020318,0.994032,1.018868
1.029787,1.002597,1.018868,1.035354
1.024793,1.015544,1.035354,1.041463
1.045968,1.029762,1.041463,0.959407
0.966847,1.006606,0.959407,0.992677
0.992026,0.996719,0.992677,1.009016
1.004019,0.985185,1.009016,0.991877
0.993595,1.017544,0.991877,0.964783
0.977438,0.964696,0.964783,0.988964
0.989283,0.971064,0.988964,0.999142
0.991667,1.009641,0.999142,1.022337
1.003361,0.998264,1.022337,0.97563
1.028476,1.006087,0.97563,0.959518
0.947883,0.950735,0.959518,1.031418
0.988832,1.004545,1.031418,1.040035
1.039965,1.030769,1.040035,1.010042
1.011696,1.026339,1.010042,0.993372
1.007432,1.02053,0.993372,0.984153
0.982787,0.987427,0.984153,1.0
0.998332,0.994058,1.0,0.975424
0.988304,0.963279,0.975424,1.050391
1.025359,1.016844,1.050391,0.995864
1.00742,1.04272,0.995864,0.997508
0.993453,0.993311,0.997508,0.974188
0.995881,0.984848,0.974188,1.003419
0.974359,0.981197,1.003419,0.989779
0.996604,1.002613,0.989779,1.021515
1.017036,1.016507,1.021515,1.007582
1.010888,1.007692,1.007582,1.026756
1.019056,1.010178,1.026756,1.008143
1.01626,1.020151,1.008143,0.987076
0.9904,0.986831,0.987076,0.988543
0.994346,1.000834,0.988543,1.023179
1.011373,1.004167,1.023179,0.987864
0.99759,1.00332,0.987864,1.035217
1.02657,1.001654,1.035217,1.025316
1.032941,1.034682,1.025316,0.98071
0.984055,1.004789,0.98071,1.001574
1.012346,1.00556,1.001574,1.025137
0.996189,0.993681,1.025137,1.010728
1.032135,1.027822,1.010728,1.005307
0.989622,0.998453,1.005307,0.984163
0.996255,0.999225,0.984163,1.032184
1.023308,1.0,1.032184,0.996288
0.999265,1.031008,0.996288,0.99851
1.013235,1.000752,0.99851,0.966418
0.970247,0.969947,0.966418,1.0
0.97831,0.993803,1.0,0.984556
1.0,0.980514,0.984556,1.014902
0.990061,1.003975,1.014902,1.016229
1.017761,1.016627,1.016229,0.993156
1.009105,1.010903,0.993156,0.986217
0.983459,0.977658,0.986217,1.018634
1.012232,1.006304,1.018634,0.994665
0.990937,1.014096,0.994665,0.988506
1.006098,0.992278,0.988506,1.007752
0.988636,1.000778,1.007752,1.031538
1.028352,1.003888,1.031538,1.009694
1.012668,1.024787,1.009694,1.003693
1.015453,1.019652,1.003693,1.00883
1.002899,0.992587,1.00883,1.039387
1.059971,1.029873,1.039387,0.977544
0.978187,1.009427,0.977544,1.006461
0.990244,0.984195,1.006461,1.012126
1.016186,1.018248,1.012126,1.018323
1.00277,1.01147,1.018323,0.982699
1.004834,0.990078,0.982699,1.007746
0.989691,1.0,1.007746,0.992313
0.993056,0.989979,0.992313,1.017606
1.026573,1.014461,1.017606,1.011765
0.997956,1.019957,1.011765,1.000684
1.012969,1.010482,1.000684,0.97471
0.988544,0.984786,0.97471,0.981066
0.974778,0.974017,0.981066,1.004289
0.999301,1.000721,1.004289,1.010676
0.9993,1.012968,1.010676,1.019014
1.018908,1.002845,1.019014,1.028334
1.036426,1.015603,1.028334,0.99664
0.992706,1.020251,0.99664,1.0
1.008684,1.002738,1.0,1.008766
0.998013,1.004778,1.008766,0.986631
0.992037,0.990489,0.986631,1.01626
1.004682,1.0,1.01626,0.980667
1.000666,1.006859,0.980667,1.039429
1.027279,1.004087,1.039429,1.028123
1.035622,1.031886,1.028123,1.006361
1.016886,1.024326,1.006361,1.015171
0.99508,1.006418,1.015171,0.980697
0.998146,1.001276,0.980697,1.053333
1.036533,1.0,1.053333,1.000603
0.997611,1.03949,1.000603,0.956627
0.982036,0.970588,0.956627,1.007557
0.979878,0.995581,1.007557,1.000625
0.998133,0.991122,1.000625,1.042473
1.05798,1.011516,1.042473,1.023966
1.023571,1.039216,1.023966,0.986542
1.007484,1.010956,0.986542,0.997628
0.977143,0.994582,0.997628,1.010107
1.008772,1.002421,1.010107,0.999411
0.994203,1.014493,0.999411,1.029446
1.022157,0.995833,1.029446,1.036041
1.03765,1.040048,1.036041,0.993926
1.017042,1.024138,0.993926,1.011111
0.987027,0.993266,1.011111,1.080769
1.079956,1.019209,1.080769,0.991866
1.008114,1.066519,0.991866,1.050231
1.031187,0.994283,1.050231,0.970229
1.045854,1.029796,0.970229,1.000503
0.947295,0.988832,1.000503,1.005028
0.984737,0.996407,1.005028,0.941471
1.014,0.957754,0.941471,0.989904
0.936391,0.981173,0.989904,1.025765
1.014745,1.013158,1.025765,1.048666
1.040477,1.028139,1.048666,0.958084
0.993017,1.001053,0.958084,1.000521
0.977901,1.000526,1.000521,1.038001
1.035439,1.009459,1.038001,1.00652
1.015377,1.025508,1.00652,0.996014
0.97704,0.989848,0.996014,1.009005
1.02,1.026667,1.009005,0.995042
0.994118,0.984515,0.995042,0.996512
0.998521,1.003551,0.996512,0.983
0.995062,0.988878,0.983,0.981689
0.975186,0.986196,0.981689,0.991192
0.977099,0.96423,0.991192,1.005227
1.020833,1.018817,1.005227,1.00572
0.989796,0.993668,1.00572,0.98759
1.000515,1.009028,0.98759,0.990576
0.997939,0.973684,0.990576,0.996829
0.978317,1.010811,0.996829,0.978791
0.997361,0.987166,0.978791,0.982665
0.984127,0.975623,0.982665,0.960309
0.973118,0.960577,0.960309,1.017222
1.003315,0.99422,1.017222,1.010158
0.993943,1.010465,1.010158,1.032402
1.024931,1.021864,1.032402,1.014069
1.035676,1.048423,1.014069,1.012273
1.012004,0.993555,1.012273,1.0
0.99278,1.014595,1.0,1.027412
1.022338,0.995738,1.027412,0.994869
0.990346,1.016586,0.994869,0.997421
0.995382,0.991579,0.997421,0.992244
0.994845,1.012739,0.992244,1.002606
1.003109,0.992138,1.002606,0.994283
1.002066,0.997887,0.994283,0.955044
0.986598,0.948121,0.955044,1.0
0.95977,1.0,1.0,0.970443
0.996189,0.986041,0.970443,0.98872
0.967213,0.97735,0.98872,1.022818
1.022599,1.005214,1.022818,1.002231
1.0,1.025937,1.002231,1.006678
1.006077,1.009551,1.006678,0.997789
1.002746,0.997218,0.997789,1.027701
1.017525,1.003348,1.027701,0.991914
1.007535,1.021691,0.991914,1.005435
0.991453,0.979858,1.005435,0.996216
1.007543,1.017778,0.996216,1.009767
0.995722,0.998908,1.009767,1.032241
1.034909,1.009836,1.032241,0.975013
0.992216,1.001082,0.975013,0.998932
0.996339,0.995135,0.998932,1.00481
1.009974,0.99837,1.00481,1.00266
0.991684,1.008161,1.00266,0.931565
0.987945,0.917431,0.931565,0.974374
0.931565,0.994118,0.974374,0.957919
0.981777,0.934911,0.957919,1.026846
0.976798,1.001899,1.026846,1.002971
1.011283,1.042956,1.002971,1.057464
1.086318,1.009691,1.057464,1.001681
0.978378,1.044391,1.001681,0.986577
0.99337,1.010913,0.986577,0.956916
0.98109,0.940341,0.956916,0.993483
0.962018,0.993353,0.993483,1.002982
0.992929,0.973236,1.002982,0.946492
1.026706,0.99375,0.946492,1.047739
1.010983,0.975472,1.047739,1.009592
0.971984,1.031593,1.009592,1.002375
1.011765,1.043125,1.002375,1.00237
0.995349,1.003595,1.00237,0.952719
0.988318,0.955224,0.952719,0.980149
0.954492,0.974375,0.980149,1.031646
1.011146,1.000641,1.031646,1.047853
1.063686,1.025,1.047853,0.98829
0.984456,1.041276,0.98829,1.007109
1.003509,1.004204,1.007109,0.987059
0.998252,0.998206,0.987059,0.991061
0.997665,0.97843,0.991061,0.965725
0.965477,0.972443,0.965725,1.013699
0.991515,1.001889,1.013699,1.003071
1.01467,1.001257,1.003071,0.996938
0.987349,1.008788,0.996938,1.000614
1.0,1.003734,1.000614,0.974831
0.994509,0.967142,0.974831,1.032746
1.011043,1.015385,1.032746,1.022561
1.030947,1.034722,1.022561,1.013119
1.00412,1.014643,1.013119,0.998234
0.998242,1.006615,0.998234,1.022995
1.024662,1.004182,1.022995,1.022478
1.021203,1.023795,1.022478,0.985344
0.997755,1.013364,0.985344,0.987414
0.987064,0.985665,0.987414,0.997683
0.990313,0.990111,0.997683,0.992451
0.989643,0.970035,0.992451,1.02282
1.034884,1.032707,1.02282,1.005721
1.002809,1.015836,1.005721,0.965301
0.996078,0.9694,0.965301,0.9835
0.950506,0.982132,0.9835,0.98562
0.988166,0.993936,0.98562,1.007903
0.994611,0.982306,1.007903,1.019903
1.022878,1.030435,1.019903,1.014784
1.018246,1.019892,1.014784,1.012821
1.004624,1.015366,1.012821,1.017261
1.024166,1.001164,1.017261,1.008484
1.021348,1.024419,1.008484,1.01346
1.008251,1.007378,1.01346,0.991699
0.996727,0.990423,0.991699,1.006696
0.996169,1.00967,1.006696,1.016075
1.015385,1.009577,1.016075,1.062739
1.060606,1.022879,1.062739,1.036448
1.079082,1.040371,1.036448,1.006934
0.969267,1.035134,1.006934,1.039351
1.032195,1.015704,1.039351,1.030289
1.075142,1.07182,1.030289,1.013321
1.002198,0.985575,1.013321,0.9932
0.973684,1.015109,0.9932,1.0
1.026577,0.986047,1.0,0.999087
0.964897,0.992925,0.999087,1.011878
1.030014,1.026603,1.011878,1.1
1.075938,1.018973,1.1,0.98851
1.004514,1.072661,0.98851,0.989622
0.984477,0.99492,0.989622,1.005872
1.016598,1.002553,1.005872,1.002919
1.006531,1.004244,1.002919,0.982121
0.977291,0.945055,0.982121,1.046994
1.057261,1.042039,1.046994,1.041245
1.047881,1.030043,1.041245,0.989515
0.964045,1.045,0.989515,1.010989
1.023699,1.004785,1.010989,0.970109
0.978368,0.984127,0.970109,1.013605
1.000388,1.0,1.013605,1.038295
1.032571,1.006452,1.038295,0.988213
1.006384,1.021635,0.988213,1.000385
0.985075,1.009804,1.000385,0.996923
1.011364,0.984466,0.996923,1.024691
0.995506,0.996055,1.024691,1.074548
1.099323,1.025347,1.074548,1.011563
1.026352,1.081885,1.011563,0.960513
0.951984,0.978579,0.960513,0.963938
0.980736,0.972638,0.963938,1.001871
0.973929,0.966992,1.001871,1.006721
0.998166,1.031808,1.006721,0.936944
0.988244,0.91203,0.936944,1.013856
0.953532,1.026381,1.013856,1.026943
1.046004,1.029317,1.026943,1.005323
1.000745,1.02341,1.005323,1.0382
1.059963,0.99695,1.0382,0.976685
0.972944,0.99847,0.976685,0.936964
0.966775,0.947913,0.936964,1.03742
0.992903,0.985859,1.03742,1.031082
1.033108,1.055738,1.031082,1.1
1.076475,1.042314,1.1,1.0477
1.092016,1.07635,1.0477,1.0
1.0,1.0,1.0,1.0
1.0,1.0,1.0,1.0
1.0,1.0,1.0,1.0
1.0,1.0,1.0,1.0
1.0,1.0,1.0,1.0
1.0,1.0,1.0,1.0
1.0,1.0,1.0,1.0
1.0,1.0,1.0,1.0
1.0,1.0,1.0,1.0
1.0,1.0,1.0,1.061995
1.046778,1.072664,1.061995,1.026452
1.002072,1.004839,1.026452,1.080569
1.096869,1.086998,1.080569,1.080592
1.07566,1.039575,1.080592,1.074328
1.070088,1.1,1.074328,0.973081
1.026433,1.007085,0.973081,1.063819
1.033045,1.010804,1.063819,1.0
1.0,1.0,1.0,1.0
1.0,1.0,1.0,1.0
1.0,1.0,1.0,1.0
1.0,1.0,1.0,1.0
1.0,1.0,1.0,1.0
1.0,1.0,1.0,1.0
1.0,1.0,1.0,1.0
1.0,1.0,1.0,1.0
1.0,1.0,1.0,1.0
1.0,1.0,1.0,1.0
1.0,1.0,1.0,1.0
1.0,1.0,1.0,1.0
1.0,1.0,1.0,1.0
1.0,1.0,1.0,1.0
1.0,1.0,1.0,1.0
1.0,1.0,1.0,1.0
1.0,1.0,1.0,1.0
1.0,1.0,1.0,1.0
1.0,1.0,1.0,1.0
1.0,1.0,1.0,1.0
1.0,1.0,1.0,1.0
1.0,1.0,1.0,1.0
1.0,1.0,1.0,1.0
1.0,1.0,1.0,1.0
1.0,1.0,1.0,1.0
1.0,1.0,1.0,1.0
1.0,1.0,1.0,1.0
1.0,1.0,1.0,1.0
1.0,1.0,1.0,1.0
1.0,1.0,1.0,1.0
1.0,1.0,1.0,1.0
1.0,1.0,1.0,1.0
1.0,1.0,1.0,1.0
1.0,1.0,1.0,1.0
1.0,1.0,1.0,1.0
1.0,1.0,1.0,1.0
1.0,1.0,1.0,1.0
1.0,1.0,1.0,1.0
1.0,1.0,1.0,1.0
1.0,1.0,1.0,1.0
1.0,1.0,1.0,1.0
1.0,1.0,1.0,1.0
1.0,1.0,1.0,1.0
1.0,1.0,1.0,1.0
1.0,1.0,1.0,1.0
1.0,1.0,1.0,1.0
1.0,1.0,1.0,1.0
1.0,1.0,1.0,1.0
1.0,1.0,1.0,1.0
1.0,1.0,1.0,1.0
1.0,1.0,1.0,1.0
1.0,1.0,1.0,1.0
1.0,1.0,1.0,1.0
1.0,1.0,1.0,1.0
1.0,1.0,1.0,1.0
1.0,1.0,1.0,1.0
1.0,1.0,1.0,1.0
1.0,1.0,1.0,1.0
1.0,1.0,1.0,1.0
1.0,1.0,1.0,1.0
1.0,1.0,1.0,0.900091
0.9,0.98086,0.900091,0.9
0.9,0.9,0.9,0.900028
0.900028,0.900028,0.900028,0.9
0.9,0.9,0.9,0.9
0.9,0.9,0.9,0.9
0.9,0.9,0.9,0.9
1.011593,0.9,0.9,0.90124
0.9,0.9,0.90124,1.021705
0.96178,0.915164,1.021705,1.1
1.067907,1.1,1.1,0.9317
0.989166,1.026247,0.9317,1.020222
0.985714,0.998465,1.020222,0.994549
1.043478,0.947746,0.994549,0.9
0.901389,0.976216,0.9,1.066445
1.016436,0.931894,1.066445,0.903427
0.968671,1.031491,0.903427,0.990805
0.920709,0.966014,0.990805,1.075986
1.053824,1.013715,1.075986,1.069542
1.094624,1.079412,1.069542,0.96371
0.973477,1.022888,0.96371,1.01569
0.994955,1.012254,1.01569,0.939753
0.995943,0.947368,0.939753,1.065753
0.992872,0.988889,1.065753,1.011825
1.039487,1.044944,1.011825,0.990854
0.985693,1.032258,0.990854,1.051282
1.041041,1.023438,1.051282,1.013659
1.020192,1.017812,1.013659,1.050048
1.049482,1.039,1.050048,1.038955
1.045352,1.035611,1.038955,0.964711
0.979381,1.002788,0.964711,1.048468
1.006579,0.999537,1.048468,1.027039
1.04488,1.054706,1.027039,0.977919
1.001251,0.996923,0.977919,1.026487
0.987089,0.996473,1.026487,0.919205
1.013924,0.941593,0.919205,1.058905
0.977944,1.010338,1.058905,1.032595
1.019149,1.052093,1.032595,1.088384
1.08977,1.027851,1.088384,0.975638
0.988506,1.019355,0.975638,0.971859
0.97907,0.996203,0.971859,0.999184
0.988124,1.008047,0.999184,0.980408
1.0,0.994538,0.980408,0.9796
0.96875,0.95564,0.9796,0.998725
0.983044,1.007958,0.998725,1.048511
1.039966,1.025877,1.048511,1.029221
1.054207,1.046601,1.029221,1.031546
1.016884,1.033088,1.031546,1.008028
1.00566,0.998418,1.008028,1.075085
1.083677,1.01901,1.075085,1.046914
1.073061,1.088224,1.046914,1.043464
1.009358,1.035714,1.043464,0.981595
1.006714,0.982759,0.981595,1.1
1.061924,1.05614,1.1,1.09988
1.09988,1.1,1.09988,1.035345
1.099782,1.019576,1.035345,1.1
1.0356,1.032,1.1,1.1
1.1,1.1,1.1,0.941189
0.998264,0.95237,0.941189,1.01591
0.978043,1.005264,1.01591,1.075352
1.062681,1.023804,1.075352,0.964753
1.014432,1.046268,0.964753,1.056005
1.014433,0.995556,1.056005,0.9
0.995935,0.969643,0.9,0.900092
0.9,0.900092,0.900092,0.996931
0.917123,0.9,0.996931,1.1
1.067463,1.051719,1.1,0.979944
1.026119,1.1,0.979944,1.011661
0.988409,1.021204,1.011661,1.072218
1.07519,0.995465,1.072218,1.022817
1.045766,1.078878,1.022817,0.955813
0.953988,0.967111,0.955813,0.965664
0.974491,0.942096,0.965664,0.955845
0.936868,0.944634,0.955845,1.00851
0.998356,1.006971,1.00851,0.968901
0.997178,1.025641,0.968901,1.035332
0.990566,0.9925,1.035332,0.973083
0.988095,1.0,0.973083,1.009879
0.999518,0.994207,1.009879,0.986305
0.987464,1.010894,0.986305,0.963551
0.986328,0.970175,0.963551,1.019557
0.989604,0.929992,1.019557,1.000252
1.025013,1.078611,1.000252,0.992682
0.991947,1.000515,0.992682,1.002288
0.983272,1.001287,1.002288,1.020796
1.017763,1.016195,1.020796,0.949814
0.990659,0.936251,0.949814,0.903217
0.990074,0.930289,0.903217,0.931364
0.9,0.902992,0.931364,1.025808
0.95977,1.013509,1.025808,0.9
0.97006,0.942241,0.9,0.943415
0.943827,0.902661,0.943415,0.900036
0.915631,0.940672,0.900036,1.00238
0.925,0.945656,1.00238,1.025722
1.068726,1.052013,1.025722,1.063657
1.011922,0.982855,1.063657,0.931085
0.992146,1.03854,0.931085,1.045968
0.989205,0.987109,1.045968,1.067412
1.049473,1.046696,1.067412,1.021633
1.031889,1.062382,1.021633,0.929986
1.003695,0.961566,0.929986,1.017628
0.953146,0.971873,1.017628,0.996752
1.0,1.02818,0.996752,0.900072
0.964537,0.920741,0.900072,0.934433
0.919185,0.9,0.934433,0.94576
0.945743,0.953062,0.94576,1.047792
0.984087,0.997186,1.047792,0.973936
0.976596,1.021637,0.973936,1.041035
1.029194,1.031768,1.041035,0.982434
0.982642,0.995091,0.982434,1.099869
1.086601,1.033632,1.099869,0.989691
1.042427,1.075922,0.989691,0.983974
0.943324,0.947984,0.983974,1.057818
1.064516,1.0604,1.057818,1.035027
1.029545,1.028881,1.035027,0.982521
1.014717,1.02768,0.982521,1.011734
0.996737,0.98824,1.011734,1.028807
1.011277,1.024952,1.028807,1.015273
1.02518,1.011236,1.015273,1.04298
1.026316,1.016667,1.04298,0.900069
0.991453,0.954827,0.900069,1.022892
0.946897,0.987791,1.022892,0.900037
0.967953,0.93202,0.900037,1.009946
0.936042,0.941152,1.009946,1.047189
1.032556,1.057684,1.047189,1.001959
1.018684,1.054538,1.001959,0.948768
0.98013,0.932491,0.948768,1.042869
0.990643,1.034293,1.042869,1.003953
1.003148,0.986492,1.003953,1.004331
1.029816,1.018672,1.004331,0.998432
1.016762,1.019552,0.998432,1.013349
0.974148,0.993208,1.013349,1.039907
1.053462,1.029767,1.039907,0.981371
0.982475,1.020312,0.981371,1.036826
1.076551,1.041348,1.036826,1.033321
0.976527,0.985662,1.033321,1.044295
1.05585,1.048116,1.044295,1.028843
1.017744,1.050178,1.028843,1.032322
1.087171,1.000339,1.032322,1.039617
0.994856,1.050136,1.039617,1.018439
1.046229,1.019032,1.018439,1.099879
1.059593,1.045267,1.099879,0.946228
1.041975,1.011508,0.946228,0.943172
0.915745,0.948503,0.943172,1.030126
0.972685,1.022727,1.030126,1.029842
1.073012,1.021914,1.029842,0.959142
0.954821,0.986107,0.959142,1.028097
0.995384,1.01072,1.028097,1.02821
1.03913,1.031212,1.02821,0.955416
0.974895,0.97561,0.955416,0.989829
0.958512,0.96747,0.989829,1.048957
1.040896,1.027397,1.048957,0.993086
0.995125,1.024545,0.993086,1.004062
1.014409,1.006211,1.004062,1.031783
1.022443,1.017931,1.031783,1.008121
1.005835,1.005775,1.008121,0.969167
0.987845,0.981912,0.969167,1.025222
1.010067,1.017544,1.025222,0.918088
0.99474,0.925287,0.918088,0.976248
0.940718,0.992547,0.976248,1.017779
0.97574,0.972778,1.017779,1.0
1.005761,1.018977,1.0,1.01563
1.000603,1.017992,1.01563,1.025951
1.049714,1.021705,1.025951,1.048529
1.05884,1.057967,1.048529,1.003647
0.984007,0.98996,1.003647,1.014254
1.000826,1.011301,1.014254,0.999724
1.032755,1.030946,0.999724,0.981808
0.959222,0.972763,0.981808,0.909321
0.987774,0.916857,0.909321,0.932695
0.9,0.912434,0.932695,0.977491
0.965179,1.001708,0.977491,0.951913
0.989177,0.954654,0.951913,0.960868
0.914788,0.928571,0.960868,1.021844
1.01776,1.037692,1.021844,1.071377
1.057692,1.026316,1.071377,0.968887
0.999327,1.027808,0.968887,0.939965
0.953504,0.931483,0.939965,0.999629
0.985512,1.010939,0.999629,1.018202
0.984224,0.972761,1.018202,1.031375
1.034973,1.051016,1.031375,1.011319
1.027103,1.026642,1.011319,0.993005
0.989034,0.997512,0.993005,1.000352
0.990298,0.96258,1.000352,0.997535
0.996501,1.032951,0.997535,0.997882
1.000351,0.989247,0.997882,1.044216
1.040716,1.014493,1.044216,1.013211
1.025295,1.046786,1.013211,1.008358
1.003289,1.009894,1.008358,1.006631
1.003279,1.004054,1.006631,1.022398
1.019608,1.019515,1.022398,0.994523
0.995513,1.00165,0.994523,0.985099
0.991629,0.988468,0.985099,0.924696
0.973377,0.933,0.924696,1.001422
0.93996,0.978207,1.001422,1.03125
1.041519,1.009496,1.03125,1.026171
1.029983,1.043777,1.026171,0.990604
1.000331,1.015945,0.990604,0.963076
0.958995,0.931423,0.963076,0.986986
0.991034,1.021978,0.986986,1.022452
1.002088,0.98638,1.022452,0.997909
1.006944,1.027616,0.997909,0.979392
0.994483,0.939887,0.979392,1.014622
0.993065,1.035741,1.014622,1.00949
1.00838,1.023247,1.00949,1.017409
1.021122,1.017394,1.017409,1.002396
0.999661,1.002094,1.002396,0.994879
1.002035,1.010097,0.994879,1.022992
1.013541,1.001379,1.022992,1.016102
1.026386,1.022031,1.016102,1.005282
0.998373,1.014146,1.005282,0.99179
0.996089,0.998007,0.99179,1.029801
1.02356,1.002662,1.029801,0.985852
1.017903,1.01228,0.985852,0.988258
0.969849,0.966885,0.988258,1.005941
1.000324,1.026789,1.005941,0.99836
0.993525,0.997688,0.99836,1.0
0.999348,0.998014,1.0,0.989155
0.993479,0.989055,0.989155,1.025914
1.017394,1.006372,1.025914,0.992228
0.999032,1.017661,0.992228,1.015666
1.007104,0.99738,1.015666,0.979756
1.002244,0.988181,0.979756,0.994752
0.981766,1.0,0.994752,1.01154
1.003584,1.003654,1.01154,0.960235
0.999351,0.955975,0.960235,0.987441
0.962638,0.991343,0.987441,1.017532
1.007425,1.012924,1.017532,0.973986
0.99062,0.975862,0.973986,1.010753
0.987487,1.017668,1.010753,0.996225
0.999315,1.000347,0.996225,1.0031
1.000685,1.003124,1.0031,1.012363
1.017123,1.004498,1.012363,1.005427
0.998316,0.985188,1.005427,1.008772
1.016863,1.023776,1.008772,1.022742
1.025207,1.012637,1.022742,1.070961
1.08638,1.01855,1.070961,1.043053
1.030375,1.062914,1.043053,1.003806
0.99422,1.021807,1.003806,0.982211
0.991279,1.009146,0.982211,0.983076
0.978886,0.987915,0.983076,1.058895
1.052127,1.007034,1.058895,0.962065
1.008257,1.022776,0.962065,0.954936
0.951426,0.948634,0.954936,1.000931
0.970614,1.0,1.000931,1.011787
1.008563,1.005947,1.011787,0.977621
0.988175,0.965464,0.977621,1.014111
0.996625,1.025137,1.014111,1.019171
1.031404,1.014146,1.019171,0.986954
0.997015,1.00248,0.986954,0.995081
0.975749,0.990414,0.995081,0.998146
1.003068,1.002185,0.998146,0.998452
0.996329,0.996885,0.998452,1.030068
1.020878,1.003437,1.030068,1.004514
1.027669,1.024603,1.004514,1.00689
0.997366,1.013678,1.00689,1.0482
1.050469,1.002699,1.0482,0.988646
1.013966,1.037081,0.988646,1.0089
0.982369,0.960784,1.0089,1.004838
1.023556,1.045618,1.004838,0.989238
0.968767,0.987084,0.989238,1.015459
1.014706,0.989532,1.015459,1.03947
1.030936,1.028504,1.03947,0.981828
0.999459,1.005714,0.981828,0.988398
0.987016,1.011364,0.988398,1.046115
1.038093,1.000281,1.046115,0.989046
1.002376,1.015164,0.989046,0.989465
0.984725,0.988935,0.989465,0.992629
0.992244,0.993007,0.992629,0.990924
0.990296,1.010704,0.990924,0.980294
0.986935,0.967391,0.980294,1.04983
1.028682,1.016998,1.04983,1.021845
1.026273,1.041643,1.021845,1.001056
1.005225,1.019853,1.001056,0.996573
0.992464,1.002933,0.996573,0.984921
1.005499,0.983515,0.984921,1.01719
0.999219,0.99216,1.01719,1.002905
1.021371,1.028065,1.002905,1.007636
0.998214,0.954148,1.007636,1.003397
0.996421,1.041667,1.003397,1.004687
0.996921,1.0136,1.004687,1.001814
1.008492,1.003946,1.001814,1.092109
1.084971,1.005503,1.092109,0.95783
0.979539,1.045087,0.95783,1.057878
1.039616,0.995012,1.057878,0.966098
1.005081,1.030075,0.966098,0.980397
0.951287,0.97129,0.980397,0.993829
1.014493,0.999499,0.993829,1.032787
0.997143,1.005514,1.032787,1.011544
1.006925,1.019192,1.011544,1.033524
1.050036,1.017364,1.033524,0.987348
0.977416,1.014423,0.987348,1.001631
1.011322,1.008531,1.001631,1.000698
0.985607,0.96687,1.000698,1.013017
1.023876,1.040097,1.013017,1.007343
1.011999,1.004439,1.007343,1.024374
1.006488,1.011398,1.024374,0.991995
1.016226,1.023229,0.991995,1.015243
0.99147,0.996404,1.015243,1.017664
1.024928,1.011279,1.017664,0.98785
1.058975,1.003346,0.98785,0.996266
0.93252,0.96554,0.996266,1.021825
1.019616,1.022335,1.021825,0.98274
1.002565,1.023649,0.98274,0.989682
0.984648,0.982398,0.989682,1.007764
0.990689,0.991041,1.007764,0.959718
1.005464,0.981695,0.959718,1.03555
0.984783,0.992173,1.03555,1.03876
1.059603,1.044084,1.03876,0.991684
0.999583,1.022222,0.991684,0.981724
0.983326,0.967391,0.981724,1.005694
0.974989,0.949213,1.005694,0.994338
0.998913,1.065578,0.994338,1.003942
0.999347,0.978671,1.003942,0.972949
0.997387,1.010443,0.972949,1.036547
1.045197,0.993035,1.036547,0.986156
0.986004,1.022624,0.986156,1.07041
1.0625,0.99292,1.07041,1.02459
1.070389,1.094029,1.02459,1.0384
0.987146,0.95499,1.0384,0.969376
0.99849,1.066752,0.969376,1.006954
0.963901,0.969612,1.006954,1.001579
1.00549,1.010309,1.001579,0.997833
0.994345,1.008776,0.997833,0.968411
0.987449,0.989278,0.968411,0.980632
1.060576,0.961145,0.980632,0.975052
0.9,0.953404,0.975052,1.002345
0.987706,1.039054,1.002345,1.009998
1.01097,1.001074,1.009998,1.008425
1.001461,1.007724,1.008425,1.000209
1.006043,1.000639,1.000209,1.032575
1.030862,1.019149,1.032575,0.992113
1.00864,1.012944,0.992113,0.959437
0.9751,0.968261,0.959437,0.986616
0.961593,0.96424,0.986616,0.979543
0.986191,1.001766,0.979543,1.005716
1.023912,0.973997,1.005716,0.97071
0.963602,1.002489,0.97071,1.004503
0.977293,0.985782,1.004503,1.021072
1.01899,1.018544,1.021072,0.989023
1.019075,0.921555,0.989023,1.018646
0.988382,1.027561,1.018646,1.002397
1.003265,1.07287,1.002397,0.973696
0.997396,0.989602,0.973696,1.022773
1.000218,0.983903,1.022773,1.003274
1.00261,1.037037,1.003274,0.998042
1.006291,0.999343,0.998042,0.99782
0.991377,0.955931,0.99782,0.999126
0.995216,1.036468,0.999126,0.999125
0.999563,0.996017,0.999125,0.998249
0.999344,1.003777,0.998249,1.007455
1.012248,1.007304,1.007455,1.004353
0.998271,1.004395,1.004353,1.000867
1.004762,1.006344,1.000867,0.997402
0.996553,0.988913,0.997402,0.998915
1.003243,1.004836,0.998915,0.996306
0.99332,0.995187,0.996306,0.999782
0.997397,0.991647,0.999782,1.000218
0.998043,1.008867,1.000218,1.0253
1.035084,0.998682,1.0253,0.991491
0.999789,1.023102,0.991491,1.001502
0.993683,0.978495,1.001502,1.015638
1.086035,1.03956,1.015638,0.9749
0.925073,0.965962,0.9749,0.985071
0.9749,0.995842,0.985071,1.003953
0.990264,0.983077,1.003953,1.001531
1.001748,1.006036,1.001531,1.000437
1.001745,1.006667,1.000437,0.99083
0.994339,0.97351,0.99083,1.003305
0.999562,0.984127,1.003305,1.009884
1.011172,1.030184,1.009884,1.011309
1.012782,1.020353,1.011309,0.999785
1.003422,1.011179,0.999785,0.988815
0.990834,0.99393,0.988815,0.998477
0.989028,0.98386,0.998477,1.026362
1.035023,1.015296,1.026362,1.002972
1.006726,1.023144,1.002972,0.993651
0.9881,0.998933,0.993651,1.01065
1.005705,1.000214,1.01065,1.00274
1.012185,1.005126,1.00274,1.001261
1.014321,1.007437,1.001261,1.002519
0.983835,0.994094,1.002519,1.001047
0.999376,1.006153,1.001047,0.997281
0.997503,0.994306,0.997281,0.990352
0.994784,0.996819,0.990352,0.975434
0.994128,0.978723,0.975434,1.013026
0.990928,1.000435,1.013026,0.966352
0.996594,0.975011,0.966352,1.00754
0.973083,0.984399,1.00754,1.00022
1.003293,1.023093,1.00022,1.005502
1.001969,0.99314,1.005502,0.999343
1.003931,1.008913,0.999343,0.998029
0.996302,0.992712,0.998029,0.987492
0.994978,0.990656,0.987492,1.001333
0.993417,1.005839,1.001333,1.00577
1.00486,0.984148,1.00577,0.994263
0.993625,1.006579,0.994263,0.997559
0.998673,1.004282,0.997559,0.973749
0.996012,0.969479,0.973749,1.005255
0.991103,0.911806,1.005255,0.9975
0.99237,1.09114,0.9975,1.013898
1.007689,1.015589,1.013898,1.009438
1.018178,1.016037,1.009438,1.000445
0.997575,0.950169,1.000445,1.004228
1.017897,1.049122,1.004228,1.000443
0.981767,1.007238,1.000443,0.996456
1.013708,0.984056,0.996456,1.0
0.981461,1.015746,1.0,0.993776
0.999111,0.995282,0.993776,0.996645
0.99444,0.983747,0.996645,0.999776
1.000671,1.010785,0.999776,1.008081
1.005588,1.000227,1.008081,0.998664
0.998222,1.004085,0.998664,1.049275
1.055444,0.987794,1.049275,0.99235
0.991561,1.033638,0.99235,0.99636
0.993617,0.992916,0.99636,0.99914
0.999786,1.016722,0.99914,0.998709
0.996573,1.008772,0.998709,0.994185
1.000645,0.996739,0.994185,0.991984
0.988402,0.996728,0.991984,1.000218
1.003259,0.989716,1.000218,0.994978
0.991986,1.004864,0.994978,0.997806
0.995197,0.987899,0.997806,1.018914
1.020184,1.002227,1.018914,1.003022
1.006022,1.0,1.003022,0.990962
0.990808,1.000444,0.990962,0.99696
0.992449,1.00311,0.99696,0.998257
0.999565,1.007529,0.998257,0.998691
0.997173,0.996703,0.998691,1.000437
1.0,0.989857,1.000437,0.996069
0.998909,1.009133,0.996069,1.000219
0.998035,1.001766,1.000219,0.99715
0.997594,0.997135,0.99715,0.989009
0.995395,0.991823,0.989009,0.997555
0.990967,0.980615,0.997555,0.997772
0.99711,1.008407,0.997772,0.998883
1.000446,0.992564,0.998883,0.98994
1.001783,1.002043,0.98994,0.984869
0.985095,0.985048,0.984869,0.997478
0.984869,0.941352,0.997478,0.995172
0.995185,1.040313,0.995172,0.991222
0.997005,1.006341,0.991222,0.982988
0.99376,0.983664,0.982988,0.99431
0.98814,0.973665,0.99431,0.994039
0.990586,1.002437,0.994039,0.995922
0.989546,1.001702,0.995922,1.021676
1.019688,1.000485,1.021676,1.003536
1.011773,1.01431,1.003536,0.991543
0.985339,0.992348,0.991543,0.991708
0.997166,1.00506,0.991708,0.998328
0.993842,0.99976,0.998328,0.999761
0.998093,0.997122,0.999761,0.994016
1.000239,0.996152,0.994016,0.997111
0.998806,0.995896,0.997111,1.002415
0.993069,0.991515,1.002415,0.999518
1.0,1.003667,0.999518,0.998795
0.998075,1.000731,0.998795,1.0
0.999518,0.999513,1.0,0.995174
0.999517,1.002923,0.995174,0.995635
0.998552,0.995629,0.995635,1.016074
1.010636,0.98122,1.016074,1.008389
1.022243,1.027094,1.008389,0.999049
0.984324,1.003146,0.999049,0.991197
0.998098,1.001206,0.991197,1.00072
0.999286,0.999036,1.00072,0.991365
0.993565,0.990835,0.991365,0.976288
0.993284,0.981013,0.976288,0.980173
0.97561,0.963772,0.980173,0.998989
0.982673,0.996395,0.998989,0.995444
0.994962,1.008527,0.995444,1.004577
1.002532,0.99462,1.004577,0.991141
0.994949,1.002576,0.991141,1.000766
0.998731,0.991778,1.000766,0.999745
0.999492,1.005959,0.999745,0.997192
0.996186,1.000515,0.997192,0.998464
0.997192,0.999485,0.998464,0.991797
0.995649,0.991759,0.991797,0.999742
1.001028,1.00026,0.999742,0.990951
0.999743,0.995067,0.990951,1.01174
1.002312,0.97965,1.01174,0.997163
0.994362,1.013582,0.997163,0.994828
0.996649,1.006569,0.994828,1.00026
1.000259,0.99739,1.00026,1.001819
0.997156,1.002617,1.001819,1.000259
1.002852,1.001044,1.000259,0.986774
0.999224,0.988266,0.986774,1.013403
1.00207,1.001319,1.013403,1.002075
0.997934,1.001318,1.002075,1.010352
1.0163,1.005263,1.010352,0.994365
0.99109,1.003927,0.994365,0.994075
0.996147,1.002086,0.994075,1.001555
1.001031,0.994275,1.001555,0.998448
0.995621,1.002879,0.998448,0.996113
0.99793,1.002349,0.996113,0.99974
0.998444,0.99219,0.99974,0.993755
0.996624,0.999213,0.993755,1.002618
1.001563,0.998162,1.002618,0.998955
0.998959,0.995791,0.998955,0.993987
0.996094,1.003963,0.993987,1.005786
1.001307,0.996053,1.005786,1.007322
1.015927,1.00502,1.007322,1.01298
1.012079,1.012618,1.01298,0.98488
0.989843,0.993769,0.98488,0.995837
0.987173,0.996604,0.995837,1.000261
0.99922,0.996592,1.000261,0.999739
0.997919,0.999474,0.999739,1.0
1.000261,0.994737,1.0,0.999739
0.997134,1.006614,0.999739,0.996602
1.00209,0.999737,0.996602,1.000787
0.998696,0.998948,1.000787,0.998952
1.0,0.903684,0.998952,0.997639
0.997389,1.094351,0.997639,0.991849
0.996597,1.0,0.991849,1.004242
0.997636,0.981905,1.004242,0.99076
0.992628,1.008401,0.99076,0.994671
0.99443,0.994625,0.994671,1.001339
1.000267,1.001081,1.001339,0.999732
0.997333,1.00081,0.999732,0.998127
0.998128,0.998652,0.998127,0.995979
1.009912,1.00162,0.995979,0.999462
0.988594,0.996225,0.999462,0.999731
0.99678,0.999188,0.999731,0.999192
0.999462,0.994041,0.999192,0.99973
1.014005,1.000545,0.99973,1.014024
0.999734,1.003268,1.014024,1.013032
1.018863,1.013572,1.013032,1.090575
1.092568,1.019818,1.090575,1.043091
1.052506,1.064338,1.043091,1.0
0.997506,1.043918,1.0,1.03508
1.031371,1.009218,1.03508,0.995318
1.002865,1.017564,0.995318,1.017025
1.011209,1.019563,1.017025,1.007709
1.008476,1.011061,1.007709,0.976831
0.987069,0.983255,0.976831,0.998881
0.982096,1.003406,0.998881,1.000896
1.00289,0.978502,1.000896,1.006043
1.00532,1.017576,1.006043,0.989099
0.992282,0.993636,0.989099,0.997976
0.992222,1.001372,0.997976,0.995718
0.995297,1.000685,0.995718,1.026483
1.05423,0.989957,1.026483,0.996472
0.983778,1.026516,0.996472,0.985838
0.98069,0.99124,0.985838,1.020426
1.006637,1.005212,1.020426,0.981082
1.01011,0.977908,0.981082,0.990359
0.968016,0.997003,0.990359,1.007924
1.00472,1.010173,1.007924,1.004717
1.043848,1.007324,1.004717,1.002459
0.964423,0.914792,1.002459,0.949599
0.978667,1.016642,0.949599,1.045092
1.035422,1.007085,1.045092,1.009663
0.990789,1.055313,1.009663,0.998887
0.996016,1.00046,0.998887,0.988859
0.997333,1.014017,0.988859,1.047319
1.061943,0.98935,1.047319,0.932444
0.986152,0.958085,0.932444,0.900092
0.9,0.932584,0.900092,0.900026
0.900026,0.900026,0.900026,0.900028
0.937055,0.900028,0.900028,0.964241
0.951368,0.928797,0.964241,0.970135
0.958466,1.002044,0.970135,0.953654
0.986667,0.954777,0.953654,1.013835
0.976014,0.999644,1.013835,0.988453
0.989962,0.999644,0.988453,0.972743
0.985315,0.978261,0.972743,0.940684
0.974805,0.922769,0.940684,1.007737
0.971241,1.024082,1.007737,0.984645
0.998126,0.984194,0.984645,0.973489
0.969583,0.962005,0.973489,1.026832
1.001549,1.021987,1.026832,0.960218
0.997293,0.976096,0.960218,1.008123
0.965103,1.000816,1.008123,0.994359
1.002411,1.004486,0.994359,1.005267
1.001202,0.979294,1.005267,1.029424
1.023219,1.020315,1.029424,0.996476
1.005477,1.027631,0.996476,0.988998
0.987549,0.982997,0.988998,1.00437
1.004728,1.006436,1.00437,0.991693
0.998431,1.001599,0.991693,0.98564
0.979969,0.974461,0.98564,0.993525
0.99479,1.001229,0.993525,0.978411
0.990733,0.977914,0.978411,1.021649
0.99878,0.991217,1.021649,0.980848
0.998371,1.01519,0.980848,0.950561
0.98491,0.948047,0.950561,1.01049
0.958178,1.0,1.01049,1.019031
1.023336,0.988163,1.019031,0.985993
0.991976,1.027063,0.985993,1.002152
1.006811,1.003456,1.002152,0.989261
0.990275,0.977185,0.989261,1.09987
1.081554,1.014978,1.09987,0.998816
1.05606,1.088542,0.998816,0.967194
0.933832,0.973684,0.967194,0.977523
0.97518,0.978706,0.977523,1.007943
1.017241,0.988285,1.007943,0.975944
0.971348,0.987722,0.975944,1.042924
1.073951,0.986712,1.042924,0.9185
0.940426,0.973067,0.9185,0.938776
0.910736,0.916518,0.938776,0.969754
0.947606,0.987823,0.969754,1.02924
1.075786,1.02712,1.02924,0.977273
0.945946,0.950552,0.977273,1.009205
0.993911,1.022727,1.009205,0.93471
0.957116,0.94321,0.93471,1.027221
1.007386,1.030366,1.027221,0.9845
0.995601,0.990854,0.9845,1.020315
1.009327,1.006154,1.020315,1.015928
0.999027,1.026504,1.015928,1.007839
1.001947,1.003972,1.007839,1.018474
1.027697,1.009891,1.018474,1.00716
0.998109,1.014202,1.00716,0.996209
1.003316,1.004829,0.996209,1.007136
1.005194,1.0,1.007136,0.992442
0.995303,1.004325,0.992442,1.031414
1.048136,0.996651,1.031414,1.0
0.983341,1.023044,1.0,1.000923
1.004121,1.008916,1.000923,1.006916
0.99772,1.0,1.006916,1.027473
1.056216,1.009767,1.027473,1.020053
0.991346,1.025334,1.020053,1.05024
1.089917,1.018868,1.05024,0.966306
0.980376,1.019841,0.966306,0.969006
0.94281,0.958495,0.969006,1.005331
1.000867,1.015787,1.005331,1.001326
0.999567,1.005329,1.001326,0.98323
0.968385,0.966431,0.98323,1.001346
1.014311,1.015082,1.001346,1.030031
1.058201,0.990995,1.030031,0.9
0.932083,0.939573,0.9,0.992747
0.923558,0.945358,0.992747,1.036045
1.035818,1.061381,1.036045,0.979314
0.991589,1.00241,0.979314,1.021123
1.010368,1.009135,1.021123,1.015515
1.009795,1.015245,1.015515,1.006481
1.025404,1.007508,1.006481,0.974241
0.966667,0.979972,0.974241,0.992918
1.000466,0.999049,0.992918,0.988112
0.977643,0.973834,0.988112,1.002406
0.995712,1.005862,1.002406,1.008641
1.018182,1.008256,1.008641,0.989529
0.993891,1.0,0.989529,0.998076
0.997163,0.996628,0.998076,0.978795
0.981982,0.9768,0.978795,0.976366
0.98986,0.978229,0.976366,1.000504
0.98439,0.979262,1.000504,1.002016
0.99108,1.016012,1.002016,0.979376
0.998,0.988307,0.979376,1.01284
0.991984,0.99537,1.01284,1.007606
1.008081,1.008269,1.007606,0.990941
0.998998,1.007176,0.990941,0.966988
0.98997,0.967939,0.966988,0.990546
0.981763,0.983176,0.990546,0.992577
0.988648,0.994652,0.992577,1.013355
0.991649,0.989247,1.013355,1.001054
1.003684,1.021739,1.001054,1.016324
1.014683,1.007979,1.016324,1.007254
1.006718,1.013193,1.007254,0.99537
1.002567,1.003125,0.99537,1.011886
1.004096,1.001038,1.011886,0.983657
1.0,0.996888,0.983657,0.99325
0.986741,0.988554,0.99325,1.010978
1.00155,0.998947,1.010978,1.019131
1.057276,1.021602,1.019131,1.004566
0.986823,1.006189,1.004566,0.988384
0.976756,0.990774,0.988384,1.021461
1.013165,1.01552,1.021461,0.994997
1.0005,1.003566,0.994997,0.984917
0.994006,0.992893,0.984917,0.992343
0.988442,0.992843,0.992343,0.977881
0.995425,0.977858,0.977881,0.992109
0.97906,0.981569,0.992109,0.987275
0.986959,0.994635,0.987275,0.930183
0.973573,0.929881,0.930183,1.026559
0.969598,1.007541,1.026559,1.013498
1.013438,1.010938,1.013498,0.986681
1.0,1.009112,0.986681,1.008999
0.993923,0.997743,1.008999,1.01728
1.01612,1.001131,1.01728,1.018082
1.048687,1.012429,1.018082,0.956943
0.95566,0.988839,0.956943,0.97694
0.970524,0.97912,0.97694,1.001727
0.987627,0.98098,1.001727,0.985632
0.993736,1.0047,0.985632,0.995918
0.989685,0.994737,0.995918,0.951991
0.994789,0.933568,0.951991,0.9
0.931315,0.921285,0.9,0.998633
0.9325,0.957621,0.998633,0.951403
0.983914,0.989293,0.951403,1.014388
0.970708,0.963925,1.014388,0.998582
1.010526,1.051647,0.998582,1.019886
1.003472,0.970107,1.019886,1.006964
1.026298,1.053558,1.006964,0.996542
0.99056,1.000696,0.996542,1.020125
1.002042,0.989562,1.020125,0.982313
1.002038,1.00211,0.982313,1.018006
0.998644,1.004912,1.018006,0.972789
1.001358,0.99162,0.972789,0.962937
0.983051,0.96831,0.962937,1.023965
0.977931,0.957818,1.023965,1.008511
1.007052,1.059226,1.008511,1.00211
1.005602,1.014337,1.00211,0.959298
0.99234,0.961837,0.959298,1.026335
0.987368,0.995591,1.026335,0.998574
1.000711,1.019188,0.998574,1.003569
1.00142,1.000724,1.003569,1.012091
1.019149,1.013025,1.012091,1.022488
1.014614,1.016429,1.022488,1.058419
1.069959,1.008433,1.058419,0.975974
0.987821,1.031359,0.975974,0.980705
0.970798,0.975676,0.980705,1.006784
0.997326,1.009695,1.006784,0.991914
0.99866,1.001372,0.991914,1.016984
1.010067,1.00411,1.016984,1.026052
1.028571,1.004093,1.026052,0.962891
0.982558,1.002717,0.962891,1.005409
0.978304,0.98916,1.005409,0.95696
1.004704,0.974658,0.95696,1.069571
1.046823,0.968377,1.069571,1.03088
1.019808,1.076197,1.03088,0.919057
0.970551,0.952124,0.919057,1.005548
0.947063,0.98017,1.005548,0.967586
0.988412,1.012283,0.967586,1.029936
0.997931,0.985011,1.029936,1.007612
1.024879,1.031159,1.007612,0.989698
0.977748,0.992973,0.989698,1.018737
1.016552,1.013447,1.018737,0.983651
1.001357,1.002095,0.983651,1.032548
1.012873,0.983275,1.032548,0.975184
1.021405,1.028349,0.975184,0.960798
0.952194,0.922123,0.960798,1.027201
0.998624,1.038864,1.027201,1.021603
1.020661,1.015108,1.021603,1.000682
1.002699,1.017718,1.000682,0.987048
0.989233,1.005571,0.987048,1.008978
0.996599,0.99723,1.008978,0.985626
0.998635,0.995139,0.985626,0.990972
0.985646,0.99023,0.990972,0.987386
0.995146,0.992953,0.987386,0.978708
0.984669,0.976579,0.978708,0.999275
0.978769,0.982558,0.999275,1.030479
1.033261,1.013314,1.030479,0.982394
0.996501,1.013869,0.982394,0.995699
0.983146,0.99496,0.995699,1.006479
1.011429,1.0,1.006479,1.027182
1.021186,0.995658,1.027182,0.997911
0.99101,1.021076,0.997911,0.979763
0.997906,0.990036,0.979763,0.995726
0.98951,0.995687,0.995726,0.980687
0.996466,0.989892,0.980687,0.986142
0.984397,0.984683,0.986142,1.015533
0.992795,0.997778,1.015533,1.005098
1.008708,1.010393,1.005098,1.003623
1.007194,1.013226,1.003623,1.008664
1.007143,1.000725,1.008664,0.995705
0.987234,1.001449,0.995705,0.997843
1.005747,1.002894,0.997843,0.973343
0.987857,0.974026,0.973343,1.008882
0.986985,0.998519,1.008882,0.97799
0.990476,0.97181,0.97799,1.004501
0.998521,1.008397,1.004501,1.003734
1.000741,1.012869,1.003734,0.900298
0.976314,0.904335,0.900298,0.989256
0.936315,0.950413,0.989256,0.993317
0.992713,1.031304,0.993317,0.969722
0.98124,0.970489,0.969722,1.004337
0.981712,0.984361,1.004337,0.970639
0.973751,0.974404,0.970639,1.012456
0.994783,0.978261,1.012456,1.1
1.094406,1.087963,1.1,1.025559
1.086262,1.076596,1.025559,0.996885
0.95,0.972332,0.996885,0.976562
0.96904,0.986992,0.976562,0.9944
1.02476,1.022241,0.9944,0.982301
0.974279,0.97502,0.982301,1.021294
1.0016,0.995041,1.021294,1.033681
1.047923,1.035714,1.033681,1.002327
0.993902,1.024058,1.002327,1.025542
1.035276,1.012529,1.025542,1.024151
1.057778,1.026295,1.024151,0.985999
0.945378,0.979653,0.985999,1.016442
1.024444,1.029231,1.016442,1.002941
1.032538,1.014948,1.002941,1.0
0.969188,0.987482,1.0,1.043988
1.035405,1.006711,1.043988,1.029494
1.028611,1.040741,1.029494,1.002046
1.030529,1.041281,1.002046,1.01838
0.998025,0.994532,1.01838,1.037433
1.030343,1.020619,1.037433,0.971005
1.005122,0.993266,0.971005,0.970803
0.961146,0.987119,0.970803,1.012303
0.981445,0.995879,1.012303,0.989196
1.004727,1.007586,0.989196,0.948805
0.994624,0.944559,0.948805,1.009353
0.965541,0.984783,1.009353,1.038489
1.027292,1.038999,1.038489,0.989019
0.997956,0.99221,0.989019,0.964608
0.989761,0.992148,0.964608,1.017266
0.98069,0.986331,1.017266,1.018388
1.030942,1.044493,1.018388,1.005556
0.989086,0.995112,1.005556,0.979282
0.990345,0.990175,0.979282,0.984485
0.995125,0.987952,0.984485,1.006447
0.9986,1.001435,1.006447,0.982918
0.983181,0.983524,0.982918,1.009413
0.997149,1.005098,1.009413,0.999283
1.012866,1.005072,0.999283,1.007897
0.999294,0.997116,1.007897,0.964387
0.995056,0.974693,0.964387,0.990399
0.961675,0.979228,0.990399,0.983594
0.99262,0.993182,0.983594,0.999242
0.986617,0.998474,0.999242,1.006829
1.004521,0.994652,1.006829,0.990957
1.00075,1.006144,0.990957,0.99924
0.992504,0.996947,0.99924,0.98554
0.991692,0.964778,0.98554,0.998456
1.006855,1.020635,0.998456,0.972931
1.000756,0.978227,0.972931,1.013514
0.978836,1.002385,1.013514,1.012549
1.010039,1.003172,1.012549,0.997676
1.004587,1.01581,0.997676,1.020963
1.001522,0.948638,1.020963,1.019011
1.023556,1.081214,1.019011,1.001493
1.011136,1.00607,1.001493,1.000745
0.997797,1.008296,1.000745,0.995532
0.995585,0.995512,0.995532,1.004488
0.998522,0.999249,1.004488,0.983619
1.0,0.992481,0.983619,1.02271
1.0,1.002273,1.02271,0.991858
1.012583,1.012094,0.991858,0.994776
0.995614,0.989544,0.994776,1.013503
0.997797,1.0,1.013503,1.011103
1.006623,1.019623,1.011103,0.979502
0.998538,0.982976,0.979502,1.013453
0.993411,0.998494,1.013453,0.989676
1.003685,1.011312,0.989676,0.988823
0.992658,0.988814,0.988823,0.993218
0.993343,0.981146,0.993218,0.955994
0.979896,0.946964,0.955994,0.992063
0.966565,1.013799,0.992063,0.9648
0.990566,0.941553,0.9648,1.019071
0.984127,1.029762,1.019071,1.032547
1.023387,1.018993,1.032547,1.017336
1.022853,1.024311,1.017336,1.021689
1.020801,1.014241,1.021689,1.000758
1.003774,1.023401,1.000758,1.000758
1.003008,0.999238,1.000758,1.038607
1.038981,1.009153,1.038607,0.996356
0.997835,1.014361,0.996356,1.003658
0.994215,1.010432,1.003658,1.001458
1.014545,1.00295,1.001458,1.007278
0.997849,0.997059,1.007278,1.041908
1.045977,1.022861,1.041908,0.997226
1.005495,1.023792,0.997226,1.025035
1.071038,1.033803,1.025035,0.984396
0.936862,0.980926,0.984396,0.995865
0.992512,0.988889,0.995865,1.020069
1.017147,1.011236,1.020069,1.012212
1.010115,1.011111,1.012212,1.014745
1.011348,1.018544,1.014745,1.029062
1.041584,1.005394,1.029062,0.926187
0.975285,0.966465,0.926187,1.036036
0.97141,1.001388,1.036036,1.026087
1.040134,1.038115,1.026087,1.005215
1.054662,1.021362,1.005215,0.977951
0.956098,0.973203,0.977951,1.019894
0.985332,1.014103,1.019894,1.035761
1.052427,1.017881,1.035761,1.003139
0.992005,1.022772,1.003139,0.99562
1.00248,0.986641,0.99562,1.013199
0.996908,1.021921,1.013199,1.024194
1.026055,1.009464,1.024194,0.989098
0.994559,0.979375,0.989098,1.040416
1.060182,1.029355,1.040416,1.1
1.071674,1.035338,1.1,0.948101
0.993044,1.053892,0.948101,0.990971
0.979526,0.964773,0.990971,1.025057
1.00495,1.030035,1.025057,0.973889
0.986316,0.999428,0.973889,1.006845
0.981132,0.985126,1.006845,0.981303
1.004525,1.004646,0.981303,0.984988
0.98705,0.966474,0.984988,1.014654
0.989161,1.008373,1.014654,0.987291
0.997693,1.004745,0.987291,1.001755
1.006936,1.004723,1.001755,1.030374
1.013203,0.998825,1.030374,0.971088
1.028329,1.003529,0.971088,0.988325
0.946006,0.956624,0.988325,1.002363
0.993011,1.030025,1.002363,0.982322
1.005865,0.991672,0.982322,1.005399
0.985423,0.987403,1.005399,0.994033
1.001775,1.001215,0.994033,0.967587
0.984052,0.977549,0.967587,1.006824
0.976591,0.985102,1.006824,0.955022
0.998156,0.967234,0.955022,1.002581
0.972906,0.996743,1.002581,0.943372
0.994304,0.951634,0.943372,1.023874
0.959898,1.008929,1.023874,0.924051
0.984085,0.939415,0.924051,1.031002
0.975741,1.008696,1.031002,1.013287
1.03384,1.016523,1.013287,0.983437
0.981964,1.004947,0.983437,1.025965
0.997279,0.989451,1.025965,1.002736
1.004775,1.023454,1.002736,1.000682
1.013578,1.002778,1.000682,1.012952
1.00067,1.018006,1.012952,1.010094
1.007363,1.002041,1.010094,0.946036
0.997342,0.955872,0.946036,0.994366
0.962025,0.980824,0.994366,1.026912
1.007618,1.022448,1.026912,0.988966
1.003436,1.005666,0.988966,0.958856
0.980822,0.961972,0.958856,1.020364
0.98743,1.001464,1.020364,1.02851
1.028289,1.010965,1.02851,0.994456
1.006878,1.036876,0.994456,1.005575
0.995902,1.000697,1.005575,0.988912
0.991084,0.980488,0.988912,1.007008
1.00346,1.008529,1.007008,0.98469
0.997931,0.987315,0.98469,0.973145
0.975812,0.978587,0.973145,1.025418
1.014164,1.01167,1.025418,0.988669
0.997905,0.994953,0.988669,1.008596
0.993002,1.002899,1.008596,1.03125
1.026779,1.013728,1.03125,0.992424
1.0,1.021383,0.992424,1.008328
1.000686,0.998604,1.008328,0.98073
1.002743,0.988819,0.98073,1.003509
0.991108,0.997173,1.003509,0.995105
0.988958,0.992913,0.995105,1.014055
1.020237,1.019986,1.014055,1.014553
1.005472,1.005598,1.014553,1.023224
1.054422,1.037578,1.023224,0.99466
0.975484,0.987928,0.99466,0.987248
0.986111,0.985064,0.987248,1.004759
0.999329,1.006203,1.004759,1.010149
1.012081,1.013699,1.010149,0.983925
0.990053,0.97973,0.983925,1.023145
1.012056,1.023448,1.023145,1.003327
1.003309,1.004043,1.003327,1.02321
1.038259,0.998658,1.02321,1.000648
0.995553,1.017473,1.000648,1.010363
1.002553,0.993395,1.010363,1.0
1.013367,1.020612,1.0,1.020513
1.003769,0.996743,1.020513,1.01005
1.009387,1.030065,1.01005,1.038557
1.046497,1.010787,1.038557,0.977246
0.98282,1.016949,0.977246,1.010417
0.994575,0.97963,1.010417,0.993936
1.008485,1.021424,0.993936,1.003051
0.997596,1.005552,1.003051,0.990876
0.992771,0.993865,0.990876,1.014119
1.003641,1.000617,1.014119,0.985472
1.030834,1.000617,0.985472,1.006757
0.970088,0.993218,1.006757,0.997559
1.010883,1.011794,0.997559,1.006728
0.989833,0.99816,1.006728,1.011543
1.012689,1.011678,1.011543,0.983784
0.997017,0.993317,0.983784,0.981685
0.989826,0.982263,0.981685,0.959577
0.978235,0.960149,0.959577,1.006481
0.969716,0.990272,1.006481,1.010947
1.002549,0.975769,1.010947,0.968153
0.996821,1.013423,0.968153,1.009868
0.98023,0.948344,1.009868,0.971336
0.998699,1.027235,0.971336,0.994634
0.971336,0.994562,0.994634,1.004046
1.006036,1.010936,1.004046,1.024177
1.018667,1.001352,1.024177,1.000656
1.003272,1.012829,1.000656,1.018349
1.017613,1.020667,1.018349,1.005148
1.001923,0.980405,1.005148,0.997439
1.003199,1.023318,0.997439,1.012195
1.008291,1.003255,1.012195,1.020292
1.030361,1.012979,1.020292,0.993785
0.992634,1.012172,0.993785,1.005629
0.995671,0.987342,1.005629,1.007463
1.018634,1.008333,1.007463,1.004938
0.992683,1.005722,1.004938,0.996314
1.000614,1.017699,0.996314,0.982121
0.995703,0.943478,0.982121,0.984934
0.981504,1.028308,0.984934,0.987253
0.995603,0.987836,0.987253,1.007747
0.990536,0.999352,1.007747,1.000641
1.009554,1.005837,1.000641,0.998079
0.986751,0.994842,0.998079,1.011546
1.012148,1.009073,1.011546,0.994927
1.008212,1.001285,0.994927,1.01211
0.996241,1.005131,1.01211,0.995592
1.0,1.005105,0.995592,0.988615
0.999371,0.992381,0.988615,1.002559
0.989301,0.989123,1.002559,0.998724
1.003181,1.010996,0.998724,0.969968
0.995561,0.96993,0.969968,1.016469
0.984713,0.998681,1.016469,1.001944
1.005175,1.015192,1.001944,1.008409
1.009653,1.006506,1.008409,0.983964
0.989802,0.978668,0.983964,1.027379
1.01481,1.007266,1.027379,0.955584
0.998731,0.983607,0.955584,0.974104
0.956798,0.976667,0.974104,1.008862
0.986056,0.989761,1.008862,0.994595
1.0,1.009655,0.994595,1.002038
1.005387,1.001366,1.002038,1.018305
1.007368,1.004093,1.018305,1.005992
1.013298,1.019022,1.005992,0.996691
0.999344,0.994667,0.996691,1.009296
1.00197,1.009383,1.009296,0.991447
1.001966,0.997344,0.991447,0.98142
0.992806,0.978695,0.98142,0.985801
0.981555,0.990476,0.985801,0.986968
0.989262,0.986264,0.986968,0.995136
0.984396,0.988162,0.995136,1.039804
1.082012,1.002819,1.039804,0.977837
0.947771,1.013352,0.977837,0.994505
0.983871,0.998613,0.994505,1.007597
1.002049,0.998611,1.007597,1.019877
1.014315,1.014604,1.019877,0.983199
1.018145,1.001371,0.983199,0.984279
0.965677,0.983573,0.984279,0.986806
0.993848,0.986778,0.986806,1.03026
1.008941,0.991537,1.03026,0.991803
1.00818,1.027738,0.991803,0.995179
0.991886,0.995156,0.995179,0.990311
0.990457,0.99096,0.990311,1.001398
1.010323,0.999298,1.001398,1.006281
0.985014,1.002107,1.006281,0.97018
0.997925,0.977575,0.97018,1.006433
0.977824,0.994265,1.006433,0.995739
0.997874,1.002163,0.995739,0.99572
0.997869,1.0,0.99572,0.984241
0.995018,0.982734,0.984241,1.008734
0.997854,0.989751,1.008734,1.018038
1.012186,1.011095,1.018038,0.989369
1.001416,1.016825,0.989369,1.000716
0.990099,0.990647,1.000716,0.993558
1.010714,1.0,0.993558,0.993516
0.980212,0.99419,0.993516,1.005076
1.012978,1.001461,1.005076,1.01443
1.024911,1.01167,1.01443,0.992176
0.982639,0.999279,0.992176,0.989964
0.988693,0.993506,0.989964,1.004345
1.006433,1.000726,1.004345,1.004326
0.990767,0.994194,1.004326,1.002154
1.003584,0.99927,1.002154,1.003582
1.005,1.013148,1.003582,1.004996
1.004264,1.006489,1.004996,0.996449
1.000708,0.995702,0.996449,1.008553
1.002829,1.006475,1.008553,0.988693
0.99859,0.999285,0.988693,1.002144
0.99435,0.998569,1.002144,1.009986
1.008523,1.004298,1.009986,1.007062
1.007042,1.004993,1.007062,1.007013
1.006993,1.002839,1.007013,1.004178
1.009028,1.014154,1.004178,1.010402
1.004129,1.002094,1.010402,0.994509
1.003427,1.000696,0.994509,0.977226
0.988388,0.981907,0.977226,1.023305
1.004147,1.003544,1.023305,1.008972
1.010323,1.02048,1.008972,1.014364
1.013624,1.009689,1.014364,1.099798
1.096102,0.986292,1.099798,1.02759
1.077253,1.1,1.02759,0.929594
