0.994098,0.965844,0.951409,0.984016
0.96846,0.979961,0.984016,0.955626
0.961686,0.957498,0.955626,0.950249
0.944223,0.921273,0.950249,0.97644
0.975527,1.004545,0.97644,1.034853
1.002163,1.008145,1.034853,0.972798
0.993095,1.005386,0.972798,1.010209
0.99435,0.999554,1.010209,1.014499
1.010927,1.016525,1.014499,0.987007
1.000865,0.98638,0.987007,0.988591
0.991361,0.997773,0.988591,0.954283
0.982571,0.958929,0.954283,0.986977
0.957428,0.975326,0.986977,1.019793
1.011116,0.968019,1.019793,0.98475
0.996793,1.023669,0.98475,1.002346
0.994945,1.017341,1.002346,0.97191
0.993072,0.961174,0.97191,0.992775
0.973488,1.009852,0.992775,0.97671
0.993311,0.979512,0.97671,0.96622
0.961039,0.963645,0.96622,1.019023
1.021021,1.005168,1.019023,1.032795
1.003922,0.976864,1.032795,0.999511
1.007812,1.058947,0.999511,0.984848
0.983527,0.984592,0.984848,0.999007
1.007882,1.013629,0.999007,0.993045
0.987292,0.992032,0.993045,1.034017
1.027723,1.01004,1.034017,1.021287
1.032755,1.024354,1.021287,1.004737
0.999534,1.019408,1.004737,0.974069
0.989734,0.981913,0.974069,1.028558
1.008015,0.994183,1.028558,1.001882
0.999065,1.020965,1.001882,1.008455
1.018258,1.018147,1.008455,1.024686
1.021609,0.99531,1.024686,1.0
1.007651,1.034402,1.0,0.991364
0.99598,0.989977,0.991364,1.007795
0.991031,0.989876,1.007795,0.991356
1.018552,1.011158,0.991356,1.007802
0.980453,0.997701,1.007802,1.001366
1.003172,1.004608,1.001366,0.998181
1.006775,1.002294,0.998181,0.962642
0.982503,0.962929,0.962642,0.970658
0.971689,0.969582,0.970658,0.995124
0.971805,0.991176,0.995124,0.980892
0.986944,0.984174,0.980892,0.995005
0.987261,0.986432,0.995005,1.027108
1.016377,1.013754,1.027108,0.98827
1.003906,1.013568,0.98827,1.007913
0.99465,0.997521,1.007913,0.999509
1.000489,1.007455,0.999509,0.982327
0.998045,0.9852,0.982327,1.003498
0.986778,0.996495,1.003498,0.975598
0.994541,0.98392,0.975598,1.007147
0.994012,0.996425,1.007147,1.036493
1.032129,1.013839,1.036493,1.012225
1.013619,1.028817,1.012225,0.988889
0.998081,1.001474,0.988889,1.030777
1.016827,0.998528,1.030777,1.001896
1.007092,1.028501,1.001896,1.000946
1.011268,1.005256,1.000946,0.982987
0.985144,0.98384,0.982987,0.970673
0.986805,0.967633,0.970673,1.012382
0.97851,1.002996,1.012382,0.983855
1.007809,0.996018,0.983855,1.00547
0.988862,0.989505,1.00547,1.015331
1.007346,1.016162,1.015331,0.987823
0.998542,1.001491,0.987823,0.99359
0.99075,1.0,0.99359,0.947395
0.982801,0.945409,0.947395,0.96857
0.963,0.961155,0.96857,1.027582
0.991693,1.009831,1.027582,0.987895
0.994764,0.988102,0.987895,0.968567
0.987895,0.990695,0.968567,1.025303
1.008524,0.998343,1.025303,0.997318
0.98468,1.009408,0.997318,1.029048
1.037554,0.999452,1.029048,0.989545
1.007239,1.035107,0.989545,0.995774
0.985113,0.979862,0.995774,0.976658
0.979677,0.994051,0.976658,0.998914
0.983511,0.955386,0.998914,0.97118
0.992428,1.001708,0.97118,0.973124
0.954768,0.967595,0.973124,0.998274
1.002854,0.982961,0.998274,0.972911
1.009676,1.004782,0.972911,0.998223
0.958286,0.972635,0.998223,1.053412
1.054118,1.031193,1.053412,0.980845
0.986607,1.023725,0.980845,0.931074
0.972851,0.933372,0.931074,1.022825
0.97093,0.988206,1.022825,0.999397
1.011377,1.023869,0.999397,0.983705
1.000592,0.997546,0.983705,1.032515
0.997041,0.97417,1.032515,1.037433
1.041543,1.066288,1.037433,1.0
1.0,1.0,1.0,0.986254
0.990313,0.987567,0.986254,1.002323
0.996548,1.002998,1.002323,1.000579
1.02194,1.01315,1.000579,0.962362
0.974011,0.979351,0.962362,0.976534
0.978538,0.96506,0.976534,1.017252
0.998814,1.017478,1.017252,0.993943
0.988131,1.00184,0.993943,1.003656
0.997598,0.998163,1.003656,0.97207
0.97953,0.969325,0.97207,0.9
0.9,0.9,0.9,1.00967
0.992126,0.98527,1.00967,0.986433
0.993651,1.024917,0.986433,1.003236
1.002396,1.002431,1.003236,1.010484
1.010359,1.009701,1.010484,0.961692
0.98817,0.961569,0.961692,1.0
1.0,1.0,1.0,1.0
1.0,1.0,1.0,1.0
1.0,1.0,1.0,1.0
1.0,1.0,1.0,1.017427
0.994413,1.000833,1.017427,1.022023
1.009631,1.019967,1.022023,0.975259
1.019873,0.992659,0.975259,1.004092
0.967264,0.971241,1.004092,1.01467
1.025786,1.040609,1.01467,0.995181
0.986646,0.97561,0.995181,0.993543
0.997611,1.005,0.993543,1.010561
1.002394,1.011609,1.010561,1.011254
1.005573,1.014754,1.011254,1.037361
1.041172,1.011309,1.037361,1.029885
1.038023,1.026358,1.029885,1.014881
1.004396,1.036576,1.014881,0.999267
1.006565,1.000751,0.999267,1.010271
1.032609,1.024006,1.010271,1.004357
0.992982,1.004396,1.004357,1.0
1.0,1.0,1.0,1.029646
1.012721,0.994165,1.029646,1.008427
1.018144,1.050624,1.008427,1.029944
1.020562,0.98743,1.029944,1.001352
1.00403,1.033239,1.001352,0.985145
0.995318,0.982888,0.985145,1.0
0.987903,1.005571,1.0,0.99109
1.001361,0.993767,0.99109,1.027663
1.01087,1.006969,1.027663,1.030956
1.030914,1.024913,1.030956,1.000653
1.002608,1.01418,1.000653,1.018265
1.018205,1.015313,1.018265,0.965407
1.002554,0.984262,0.965407,1.005309
0.976433,0.971352,1.005309,1.007261
0.997391,1.030864,1.007261,1.007864
1.013734,0.971391,1.007864,0.992198
1.003226,1.034932,0.992198,0.982307
0.993569,0.990073,0.982307,1.006671
0.983172,0.981283,1.006671,0.985421
0.99605,1.000681,0.985421,1.01076
0.994712,1.003404,1.01076,1.019295
1.0299,1.008141,1.019295,1.011097
1.006452,1.032974,1.011097,1.040671
1.044231,1.016287,1.040671,1.010546
1.028238,1.034615,1.010546,0.985881
0.97194,0.991326,0.985881,1.001868
1.015356,0.99625,1.001868,0.995649
0.984271,0.97867,0.995649,0.974407
0.989551,0.999359,0.974407,0.997438
0.981988,0.992944,0.997438,1.017341
1.003795,0.985788,1.017341,1.03346
1.038437,1.027523,1.03346,1.002443
1.007282,1.033801,1.002443,0.979281
0.995181,0.98211,0.979281,1.088986
1.070218,1.021357,1.088986,1.010857
1.047511,1.060886,1.010857,0.983607
0.981641,0.997101,0.983607,1.015517
0.987349,1.007558,1.015517,1.018676
1.014485,1.008078,1.018676,0.968333
1.000549,0.989697,0.968333,1.005164
0.964874,0.989011,1.005164,0.997146
1.017634,1.017544,0.997146,1.007441
0.995528,1.002874,1.007441,0.965341
0.988209,0.971347,0.965341,0.977634
0.965341,0.967552,0.977634,0.998796
0.994703,0.996951,0.998796,1.021097
1.007692,0.999388,1.021097,1.027155
1.03347,1.029376,1.027155,1.01092
1.011364,1.028537,1.01092,0.964753
0.991011,0.977457,0.964753,0.974661
0.972222,0.97398,0.974661,1.018742
0.993586,1.001821,1.018742,1.008309
1.02054,1.021818,1.008309,1.014126
1.004025,0.9828,1.014126,1.099826
1.085338,1.066385,1.099826,1.046966
1.07124,1.086022,1.046966,0.989919
0.989163,1.001563,0.989919,1.015275
1.002988,0.990635,1.015275,0.940822
1.010427,0.984244,0.940822,1.1
1.014251,1.004269,1.1,1.027616
1.046512,1.074389,1.027616,0.986327
1.018519,1.023739,0.986327,1.043499
0.999091,1.008696,1.043499,1.007787
1.021383,1.032567,1.007787,1.0
1.0,1.004638,1.0,0.950455
0.986637,0.961681,0.950455,0.962697
0.959368,0.950552,0.962697,0.994536
0.972235,0.997475,0.994536,1.026474
1.00242,1.00557,1.026474,0.988321
1.013037,1.005035,0.988321,0.981782
0.968065,0.995992,0.981782,1.025577
1.010832,1.006539,1.025577,0.987286
1.007306,0.998001,0.987286,1.039624
1.015474,0.994492,1.039624,0.966174
0.997619,1.007049,0.966174,0.9714
0.960859,0.976,0.9714,0.998477
0.997019,0.997951,0.998477,0.914082
0.974589,0.912218,0.914082,1.017241
0.947342,1.001688,1.017241,0.937671
0.995143,0.955618,0.937671,1.000583
0.953362,0.988242,1.000583,1.048951
1.035836,1.029744,1.048951,1.011667
1.035695,1.008088,1.011667,0.976936
0.967126,1.009169,0.976936,0.974143
0.992325,0.965361,0.974143,1.028852
0.988398,1.008824,1.028852,1.005048
1.005031,1.029155,1.005048,0.981585
0.994994,0.985836,0.981585,0.982376
0.977641,0.982184,0.982376,0.990741
1.013722,0.963721,0.990741,0.988318
0.965595,1.0085,0.988318,0.997636
1.008762,1.013245,0.997636,0.983412
0.983787,0.97445,0.983412,0.986747
0.984697,0.987805,0.986747,1.017094
0.999402,0.989506,1.017094,0.991597
1.011962,1.023082,0.991597,0.967918
0.981087,0.970122,0.967918,0.989994
0.964458,0.979887,0.989994,1.08844
1.087445,1.015394,1.08844,0.998839
1.001723,1.07391,0.998839,0.978501
0.99656,0.982353,0.978501,0.972684
0.969505,0.979042,0.972684,0.997558
0.976261,0.985321,0.997558,0.994492
1.006687,0.983861,0.994492,1.008615
0.993961,0.996845,1.008615,0.992068
1.007898,1.026582,0.992068,0.98401
0.985533,0.979038,0.98401,0.976875
0.968196,0.9767,0.976875,0.96929
1.008212,0.967763,0.96929,0.963696
0.950501,0.969354,0.963696,1.010959
0.97561,0.982818,1.010959,0.976287
0.991216,0.995804,0.976287,1.018737
1.004772,1.010534,1.018737,1.023161
1.032564,1.00417,1.023161,1.01265
1.009855,1.015225,1.01265,0.987508
1.001952,1.021813,0.987508,1.028628
1.026623,1.001334,1.028628,0.978641
0.985452,1.005996,0.978641,0.992063
0.969833,0.980132,0.992063,1.032
1.037723,1.012838,1.032,1.005168
1.008291,1.03002,1.005168,1.010283
1.003795,1.002591,1.010283,1.000636
1.008192,0.989664,1.000636,0.997457
0.985,1.002611,0.997457,1.004461
1.01269,1.009115,1.004461,0.951777
0.994361,0.967742,0.951777,1.068667
1.038437,0.974,1.068667,0.994386
0.989078,1.082136,0.994386,1.014429
0.993865,0.996205,1.014429,1.005566
1.006173,1.004444,1.005566,1.02829
1.039264,1.002528,1.02829,1.036483
1.030697,1.052963,1.036483,1.002885
1.005155,1.018563,1.002885,0.975259
0.991453,0.990594,0.975259,0.985251
0.987356,0.991098,0.985251,1.1
1.069267,0.995808,1.1,1.004355
1.016875,1.094408,1.004355,1.0
1.0,1.0,1.0,1.0
1.0,1.0,1.0,1.0
1.0,1.0,1.0,1.0
1.0,1.0,1.0,1.0
1.0,1.0,1.0,1.0
1.0,1.0,1.0,1.0
1.0,1.0,1.0,1.0
1.0,1.0,1.0,1.0
1.0,1.0,1.0,1.0
1.0,1.0,1.0,1.0
1.0,1.0,1.0,1.0
1.0,1.0,1.0,1.0
1.0,1.0,1.0,1.0
1.0,1.0,1.0,1.0
1.0,1.0,1.0,1.0
1.0,1.0,1.0,1.0
1.0,1.0,1.0,1.0
1.0,1.0,1.0,1.0
1.0,1.0,1.0,1.0
1.0,1.0,1.0,1.0
1.0,1.0,1.0,1.0
1.0,1.0,1.0,1.0
1.0,1.0,1.0,1.0
1.0,1.0,1.0,1.0
1.0,1.0,1.0,1.0
1.0,1.0,1.0,1.0
1.0,1.0,1.0,1.0
1.0,1.0,1.0,1.0
1.0,1.0,1.0,1.0
1.0,1.0,1.0,1.0
1.0,1.0,1.0,1.0
1.0,1.0,1.0,1.0
1.0,1.0,1.0,1.0
1.0,1.0,1.0,1.0
1.0,1.0,1.0,1.001626
1.062634,1.005495,1.001626,0.99513
0.93602,0.967213,0.99513,1.08211
1.080732,1.016949,1.08211,0.990955
1.008466,1.082778,0.990955,0.986815
0.992593,0.987686,0.986815,0.976362
0.966667,0.972468,0.976362,1.005263
1.006691,1.002671,1.005263,0.968063
0.97955,0.970698,0.968063,0.99351
0.964509,0.996158,0.99351,0.965161
0.988636,0.975207,0.965161,1.020869
1.008758,1.001695,1.020869,1.011602
0.996202,1.012408,1.011602,0.986892
0.995643,0.986072,0.986892,1.001107
1.004376,0.99322,1.001107,1.005528
0.997821,1.023891,1.005528,0.97856
1.009825,0.987222,0.97856,0.997191
0.98,0.997186,0.997191,1.026479
1.014892,1.000564,1.026479,0.99506
0.992935,1.00846,0.99506,0.94374
0.987958,0.955257,0.94374,0.991818
0.952355,0.987705,0.991818,1.007661
1.004654,1.002371,1.007661,1.001754
0.993631,1.00414,1.001754,0.995914
1.002331,1.001178,0.995914,0.973623
0.996512,0.964706,0.973623,0.99699
0.976663,1.004878,0.99699,1.000604
0.993429,0.989684,1.000604,1.003018
1.002405,1.007971,1.003018,1.013237
1.020996,0.998175,1.013237,1.004157
1.003525,1.018282,1.004157,0.991721
0.995902,1.003591,0.991721,0.986881
0.992357,0.985689,0.986881,0.967372
0.992891,0.962492,0.967372,1.011243
0.97136,1.001886,1.011243,0.999382
1.002457,1.003764,0.999382,0.986403
0.998775,0.996875,0.986403,1.0
1.0,1.0,1.0,1.015664
1.011656,0.997492,1.015664,1.020975
1.007884,1.011942,1.020975,1.023565
1.034898,1.018634,1.023565,1.002952
1.00814,1.017073,1.002952,1.026486
1.031142,1.01259,1.026486,0.994839
0.99217,1.024275,0.994839,1.023631
1.003382,0.99711,1.023631,0.978041
1.013483,1.002899,0.978041,0.982729
0.963415,0.968208,0.982729,0.990041
0.986191,1.001791,0.990041,1.047929
1.036173,1.009535,1.047929,0.990401
1.014077,1.030697,0.990401,0.977765
0.980566,0.979381,0.977765,0.965015
0.980747,0.938012,0.965015,1.018127
0.987875,1.025561,1.018127,1.061128
1.049094,1.032827,1.061128,1.002237
1.005014,1.038846,1.002237,1.02846
1.028271,1.009065,1.02846,1.0293
1.042588,1.028074,1.0293,0.995783
0.982937,1.014746,0.995783,0.988883
0.992635,0.983854,0.988883,1.001071
1.006889,1.004376,1.001071,1.002139
1.003684,1.009804,1.002139,0.993597
0.992134,0.996764,0.993597,1.031149
1.037526,1.02381,1.031149,1.008854
0.997453,1.0074,1.008854,0.988126
0.990807,0.990556,0.988126,0.969697
0.997938,0.980403,0.969697,0.98653
0.970558,0.972447,0.98653,1.018569
1.006386,1.011111,1.018569,0.97319
0.977261,0.993407,0.97319,1.009917
1.016775,1.002212,1.009917,1.008183
0.987227,0.998896,1.008183,0.991883
0.996226,1.001657,0.991883,1.003273
0.998377,1.000552,1.003273,0.980424
0.99187,0.98677,0.980424,0.986134
1.0,0.990503,0.986134,1.012936
0.987978,0.99718,1.012936,0.999445
1.006084,1.011312,0.999445,0.967222
0.984607,0.967562,0.967222,1.003446
0.983808,0.986127,1.003446,0.987407
0.987514,0.989449,0.987407,0.984928
0.986207,0.98282,0.984928,1.0
1.0,1.0,1.0,1.0
1.0,1.0,1.0,1.0
1.0,1.0,1.0,0.998234
1.009324,1.001206,0.998234,1.005307
0.995958,1.019266,1.005307,0.967742
0.97913,0.96456,0.967742,0.979394
0.982238,0.949173,0.979394,1.014851
0.992767,1.003871,1.014851,1.007927
1.035216,1.057841,1.007927,1.001815
0.97654,0.984812,1.001815,0.993357
1.021021,1.011721,0.993357,1.007295
0.977647,0.987805,1.007295,0.990947
1.019254,1.007407,0.990947,0.990256
0.978749,0.992647,0.990256,0.96679
0.984318,0.966049,0.96679,0.969466
0.956495,0.961661,0.969466,1.003937
0.98975,1.009302,1.003937,1.005229
1.0,1.000658,1.005229,0.990897
1.006472,1.0,0.990897,1.048556
1.028939,1.000658,1.048556,0.999374
1.00125,1.032873,0.999374,0.973075
0.998752,0.987906,0.973075,0.992921
0.990625,0.989046,0.992921,1.001296
0.983596,0.990228,1.001296,0.991586
1.0,1.004605,0.991586,1.005222
0.994869,1.0,1.005222,0.999351
1.009026,0.998035,0.999351,0.958415
0.977636,0.944882,0.958415,1.035932
1.006536,1.025694,1.035932,0.990838
1.002597,1.022343,0.990838,0.982827
0.988342,0.976821,0.982827,1.001344
0.979685,0.980339,1.001344,1.014765
1.01204,1.016598,1.014765,1.023148
1.044283,1.02517,1.023148,1.010343
0.996835,1.025216,1.010343,0.998081
1.0,0.998058,0.998081,1.002564
1.012698,1.005188,1.002564,1.053069
1.039498,1.009032,1.053069,0.957498
0.99035,1.001279,0.957498,0.974635
0.951888,0.96424,0.974635,1.000651
1.021113,1.007947,1.000651,1.046164
1.010652,1.021682,1.046164,0.983219
1.012399,1.012219,0.983219,1.017067
0.993264,0.997459,1.017067,0.993163
1.005549,1.007006,0.993163,0.949937
0.99019,0.955724,0.949937,0.987484
0.978328,0.969557,0.987484,1.044696
0.997468,0.989761,1.044696,1.015326
1.017132,1.073103,1.015326,1.001887
1.0,1.007712,1.001887,1.004394
1.010605,1.014031,1.004394,0.961875
0.987654,0.961006,0.961875,0.985055
0.978125,0.990183,0.985055,0.994723
0.974441,0.974884,0.994723,0.994695
0.993443,1.00678,0.994695,1.024667
1.023102,1.003367,1.024667,1.023422
1.015484,1.019463,1.023422,1.026701
1.040661,1.030941,1.026701,1.0
1.005495,1.022989,1.0,1.020433
1.015179,1.011236,1.020433,0.991505
0.994617,1.005556,0.991505,0.989596
1.001804,0.987109,0.989596,1.016079
0.990396,0.987562,1.016079,1.015216
1.031515,1.039043,1.015216,0.997002
1.0047,0.998788,0.997002,0.955502
0.969006,0.955704,0.955502,0.989931
0.967411,0.989206,0.989931,1.015257
0.996881,1.003209,1.015257,0.969317
0.991865,0.988484,0.969317,1.000646
0.985489,0.995469,1.000646,1.025823
1.021127,1.013004,1.025823,0.98175
0.999373,0.98973,0.98175,0.970513
0.978043,0.971466,0.970513,0.992734
0.976267,1.002003,0.992734,0.998004
0.990802,0.986009,0.998004,1.009333
1.007958,1.007432,1.009333,0.978864
0.993421,0.983233,0.978864,0.97166
0.988079,0.975443,0.97166,0.981944
0.963807,0.976224,0.981944,0.996464
0.988873,1.004298,0.996464,0.990774
1.00211,0.983595,0.990774,1.015759
0.995789,1.012328,1.015759,0.954161
0.997181,0.952722,0.954161,1.025129
1.00636,1.021805,1.025129,0.961067
0.973315,0.975717,0.961067,0.974494
0.964646,0.975113,0.974494,1.00077
0.983545,0.99536,1.00077,1.025385
1.029658,1.009324,1.025385,1.019505
1.006647,1.009238,1.019505,0.988227
1.012472,1.015256,0.988227,0.975428
0.97029,0.981217,0.975428,0.969466
0.976102,0.965544,0.969466,1.005512
0.987758,0.990484,1.005512,1.012529
1.005422,1.011209,1.012529,1.058005
1.058552,1.024545,1.058005,1.003655
1.007278,1.03323,1.003655,1.008012
1.013006,1.017951,1.008012,0.985549
1.001427,1.00147,0.985549,1.001466
0.98433,0.97212,1.001466,1.027086
1.022431,1.026415,1.027086,0.998574
1.004246,1.022059,0.998574,0.959315
0.98802,0.965468,0.959315,0.991815
0.957204,0.979136,0.991815,1.04126
1.042474,1.008371,1.04126,1.018732
1.014296,1.043019,1.018732,1.001414
1.023961,1.007236,1.001414,1.016243
1.007571,1.010057,1.016243,0.986796
0.998634,0.987198,0.986796,1.049296
1.022572,1.012968,1.049296,1.02349
1.024749,1.053343,1.02349,0.990164
1.000653,1.004727,0.990164,1.012583
1.004566,1.00672,1.012583,0.960759
1.001299,0.977971,0.960759,0.979578
0.968872,0.980205,0.979578,1.065323
1.027443,1.002786,1.065323,0.992172
1.014332,1.044444,0.992172,1.016437
0.996789,1.010638,1.016437,1.003881
1.018041,1.017763,1.003881,0.997423
0.991139,0.97479,0.997423,0.974806
0.994891,0.991379,0.974806,0.989397
0.994865,0.995318,0.989397,1.019424
0.985806,0.995968,1.019424,1.011827
1.015707,1.019568,1.011827,0.99026
1.001933,0.998676,0.99026,0.998033
0.98328,0.994036,0.998033,1.02431
1.033355,1.005333,1.02431,0.993586
0.989873,1.02122,0.993586,0.997418
0.998721,0.993506,0.997418,1.020065
1.015365,0.994771,1.020065,0.984772
0.995586,1.015769,0.984772,0.987758
0.996833,0.981242,0.987758,0.984997
0.977128,0.982202,0.984997,0.990728
0.987646,0.989933,0.990728,1.009358
1.004608,1.014237,1.009358,1.011921
1.003277,1.004679,1.011921,1.040576
1.045069,1.017964,1.040576,1.001887
1.009375,1.033333,1.001887,1.005022
0.994427,0.989247,1.005022,0.996877
1.038605,1.017263,0.996877,1.000627
0.972422,0.989943,1.000627,0.987477
0.988286,0.99746,0.987477,1.003171
0.995633,0.99809,1.003171,1.035398
1.031955,1.007653,1.035398,0.976801
1.003643,1.011392,0.976801,1.0025
0.981246,0.98811,1.0025,1.003117
1.009864,1.0038,1.003117,1.007458
0.996337,1.013249,1.007458,1.0
0.999387,0.998755,1.0,0.979642
0.991416,0.98005,0.979642,0.996222
0.981447,0.992366,0.996222,0.962073
1.006931,0.971154,0.962073,0.973062
0.956821,0.966997,0.973062,1.022957
0.994114,1.010239,1.022957,0.984158
0.992105,0.993243,0.984158,0.962441
0.986737,0.973469,0.962441,1.006272
0.974462,0.992313,1.006272,1.00554
1.006897,1.012676,1.00554,0.980716
0.996575,0.984701,0.980716,0.990871
0.980069,0.985169,0.990871,1.004961
1.01122,1.007168,1.004961,0.988717
0.985437,0.993594,0.988717,1.014979
1.014075,1.002865,1.014979,1.042164
1.034698,1.014286,1.042164,1.006743
1.022803,1.03169,1.006743,1.004019
0.993443,1.006826,1.004019,0.977318
0.9967,0.991864,0.977318,1.020478
0.992053,0.989747,1.020478,1.000669
1.019359,1.016575,1.000669,1.010027
0.992141,1.003397,1.010027,1.005295
1.016502,1.02302,1.005295,1.017117
1.012338,1.000662,1.017117,0.987055
0.996151,1.008598,0.987055,1.018361
1.006439,1.0,1.018361,0.984546
1.003199,1.000656,0.984546,1.00654
0.985332,0.997379,1.00654,0.981806
0.996117,0.991459,0.981806,1.004633
0.995452,0.984095,1.004633,1.011858
1.004569,1.003367,1.011858,0.989583
1.001949,1.014094,0.989583,1.011842
1.005188,1.003309,1.011842,1.037061
1.037419,1.021108,1.037061,1.004389
1.001244,1.024548,1.004389,1.00437
1.009317,1.002522,1.00437,1.006215
1.002462,1.006289,1.006215,0.988264
0.996317,0.980625,0.988264,0.970625
0.974738,0.987253,0.970625,0.997424
0.989254,0.996127,0.997424,0.987088
0.989776,0.98639,0.987088,1.010464
1.001291,0.999343,1.010464,0.985113
0.992908,0.992768,0.985113,0.994087
0.997403,0.998675,0.994087,1.022472
1.019531,1.007958,1.022472,0.981254
0.98212,0.988158,0.981254,0.996047
0.987646,0.994008,0.996047,1.011243
1.010533,1.008038,1.011243,0.999346
1.016287,1.007309,0.999346,1.0
1.0,1.0,1.0,0.966623
0.982051,0.968338,0.966623,1.052133
1.016971,0.993188,1.052133,1.007079
1.02439,1.069273,1.007079,1.007029
0.997494,0.998717,1.007029,0.997462
0.998744,0.994862,0.997462,0.986641
0.994969,0.999354,0.986641,0.965828
0.972819,0.967054,0.965828,0.99733
0.982456,0.991316,0.99733,0.991299
0.997354,0.986523,0.991299,0.982444
0.996684,0.99112,0.982444,1.002749
0.988024,0.996554,1.002749,1.023304
1.011448,1.014523,1.023304,0.981246
0.992011,0.99182,0.981246,1.019113
1.007383,1.003436,1.019113,1.010717
1.011992,1.017123,1.010717,0.993373
1.000658,1.00202,0.993373,1.000667
0.996711,1.00672,1.000667,0.979333
0.992739,0.9753,0.979333,0.993873
0.984043,0.99384,0.993873,0.984932
0.986486,0.98416,0.984932,0.988873
0.987671,0.990203,0.988873,0.991561
0.995146,0.990813,0.991561,1.007092
0.995819,1.002853,1.007092,0.992958
1.003499,1.0,0.992958,1.013475
0.998605,0.995733,1.013475,0.915325
0.999302,0.918571,0.915325,1.001529
0.921733,1.0,1.001529,1.003053
1.00834,1.013219,1.003053,0.979452
0.971429,0.971604,0.979452,1.032634
1.048762,1.016588,1.032634,0.975169
0.980812,1.0,0.975169,1.010031
0.992476,1.009324,1.010031,1.000764
1.000758,1.006159,1.000764,0.990076
0.993182,0.953328,0.990076,0.962992
0.996949,0.995185,0.962992,0.976781
0.959449,0.965323,0.976781,1.009016
0.984848,1.01086,1.009016,1.015435
1.020243,1.009091,1.015435,1.0256
1.042063,1.019656,1.0256,0.98908
0.988576,1.012851,0.98908,0.977918
0.972265,0.980967,0.977918,1.008871
1.002377,0.994341,1.008871,1.007994
1.005534,1.010569,1.007994,1.015067
1.008648,1.00885,1.015067,1.002344
1.017147,1.016746,1.002344,1.004677
1.006897,1.004706,1.004677,0.993018
0.990107,0.98751,0.993018,1.010156
1.003075,1.01502,1.010156,0.996133
1.0,0.996885,0.996133,0.96118
0.972414,0.946094,0.96118,1.008078
0.98424,1.007432,1.008078,0.997596
1.007206,1.013934,0.997596,1.004819
0.999205,1.005659,1.004819,1.017586
1.017502,1.000804,1.017586,0.989002
0.992963,1.007229,0.989002,0.976966
0.987402,0.976874,0.976966,1.00813
0.989633,0.999184,1.00813,0.995161
1.000806,1.003268,0.995161,0.988655
0.995974,0.993485,0.988655,1.004918
0.998383,0.994262,1.004918,0.997553
0.993522,0.994229,0.997553,1.002453
1.00489,1.009121,1.002453,0.965742
0.992701,0.960559,0.965742,0.999155
0.978758,1.001711,0.999155,1.0
0.996661,1.005124,1.0,0.97295
0.988275,0.972812,0.97295,1.002606
0.986441,1.003493,1.002606,1.014731
1.007732,1.001741,1.014731,0.992314
1.0,0.994787,0.992314,0.976764
1.0,0.975546,0.976764,1.043172
1.01705,1.017905,1.043172,0.989865
1.006706,1.026385,0.989865,1.006826
0.983347,0.994859,1.006826,1.010169
1.015241,1.013781,1.010169,1.036913
1.05588,1.018692,1.036913,1.011327
1.00316,1.030859,1.011327,0.9992
0.992913,0.995146,0.9992,1.000801
1.015067,1.005691,1.000801,1.0
0.986719,1.002425,1.0,1.0248
1.021378,1.006452,1.0248,0.967994
1.021705,0.991987,0.967994,1.016935
0.962822,0.997577,1.016935,1.022205
1.020489,1.012955,1.022205,0.976726
1.001544,1.000799,0.976726,1.000794
0.982267,0.991214,1.000794,0.988889
0.981947,0.968574,0.988889,1.007223
1.010392,1.028286,1.007223,0.995219
0.997627,0.997573,0.995219,1.035228
1.030928,1.005677,1.035228,1.047177
1.046154,1.033065,1.047177,1.0
1.003676,1.042935,1.0,1.019202
1.022711,1.016467,1.019202,0.992754
1.001433,1.004418,0.992754,0.967153
0.976395,0.967742,0.967153,1.004528
0.987546,0.994697,1.004528,0.984222
0.986647,0.987053,0.984222,0.980916
0.995489,0.989198,0.980916,1.012451
0.988671,0.99454,1.012451,1.036895
1.031322,1.021176,1.036895,0.993328
1.002222,1.018433,0.993328,1.002239
0.998522,0.99095,1.002239,0.984363
0.996299,1.004566,0.984363,1.006051
0.991828,0.990909,1.006051,0.98797
1.002996,1.0,0.98797,0.967275
0.981329,0.965596,0.967275,0.999213
0.974125,0.992082,0.999213,0.99685
1.007812,1.005587,0.99685,1.023697
1.013178,1.005556,1.023697,1.03858
1.03137,1.025257,1.03858,1.000743
1.003709,1.027714,1.000743,0.991834
1.001478,0.988764,0.991834,1.010479
1.00369,1.000758,1.010479,1.025185
1.028676,1.021953,1.025185,0.986272
1.0,1.004444,0.986272,0.991209
0.979986,0.987463,0.991209,1.015521
1.006565,1.005228,1.015521,0.977438
0.996377,0.997028,0.977438,1.000745
0.986182,0.997019,1.000745,0.97247
0.981563,0.970852,0.97247,1.0
0.984222,0.992302,1.0,1.002295
1.003053,0.993018,1.002295,1.00458
1.009132,1.007031,1.00458,1.015957
1.00905,1.013189,1.015957,0.985041
1.011211,1.006891,0.985041,1.029613
1.011086,1.00076,1.029613,1.006637
1.012427,1.028116,1.006637,0.986813
0.989892,0.992609,0.986813,0.989607
0.986142,0.987342,0.989607,1.010503
1.011834,1.003771,1.010503,1.044543
1.030702,1.012021,1.044543,1.017768
1.02695,1.030438,1.017768,1.0
1.01105,1.014409,1.0,1.015363
1.023224,1.009943,1.015363,0.997937
0.980641,1.014065,0.997937,1.014473
1.012934,0.998613,1.014473,1.009511
1.006048,1.019444,1.009511,1.015478
1.0167,1.001362,1.015478,0.99271
0.996058,1.005442,0.99271,0.993324
0.993404,0.990528,0.993324,1.035618
1.025896,1.016393,1.035618,0.998053
1.021359,1.028898,0.998053,1.021456
1.02218,0.999347,1.021456,1.017823
1.00806,1.022222,1.017823,1.02439
1.010455,1.016624,1.02439,1.006105
1.031649,1.028302,1.006105,1.009102
1.00236,0.998165,1.009102,1.020445
1.003531,0.996936,1.020445,0.971715
0.991202,1.007376,0.971715,1.000606
0.991124,0.984137,1.000606,1.036364
1.026269,1.017359,1.036364,1.031579
1.033741,1.042657,1.031579,0.997166
1.009567,1.011689,0.997166,0.985787
0.982163,0.989024,0.985787,0.975202
0.981839,0.973131,0.975202,1.001183
0.984971,1.005402,1.001183,0.983461
1.016432,0.979104,0.983461,1.003003
0.974018,1.006707,1.003003,1.042515
1.047421,1.0,1.042515,0.994256
1.000566,1.04361,0.994256,0.963605
0.989253,0.952989,0.963605,0.979017
0.957118,0.983557,0.979017,1.04654
1.038232,1.016718,1.04654,0.994149
0.995397,1.010962,0.994149,0.982931
0.987283,0.987952,0.982931,0.994611
0.992974,0.993293,0.994611,0.972908
1.010613,0.982198,0.972908,1.031559
0.984831,1.02,1.031559,1.05159
1.042654,1.022672,1.05159,0.991443
1.000568,1.023367,0.991443,0.986766
0.989211,0.994145,0.986766,0.984257
0.986223,0.988221,0.984257,1.001777
0.991851,0.982718,1.001777,0.996452
1.003521,0.994542,0.996452,1.035608
1.028655,1.010976,1.035608,0.980516
0.999431,1.025332,0.980516,1.004676
0.98066,1.001765,1.004676,1.07388
1.095128,1.023488,1.07388,1.013001
1.006356,1.044177,1.013001,0.95508
0.986842,0.967582,0.95508,1.010638
0.977067,1.008518,1.010638,0.949584
0.971616,0.948761,0.949584,0.967911
0.961798,0.976261,0.967911,1.003617
0.984813,1.004863,1.003617,0.978378
1.002966,0.980036,0.978378,1.006139
0.979894,1.005556,1.006139,1.027456
1.022933,1.006139,1.027456,0.978622
1.0,0.987797,0.978622,0.941141
0.973451,0.945645,0.941141,1.019342
0.961212,1.009144,1.019342,1.016445
1.015763,1.014887,1.016445,0.985065
1.015518,0.999362,0.985065,1.01832
0.999389,1.015316,1.01832,0.98263
0.979817,0.974859,0.98263,0.991793
1.004994,1.009671,0.991793,0.96881
0.975776,0.961686,0.96881,0.998029
0.987269,1.001328,0.998029,0.990783
1.010961,0.976127,0.990783,0.974086
0.952806,0.962636,0.974086,1.016371
1.000669,1.017643,1.016371,1.040268
1.040134,1.036755,1.040268,1.006452
1.011576,1.030769,1.006452,0.998718
0.999364,0.994809,0.998718,0.97561
1.000636,0.984997,0.97561,0.973684
0.964399,0.964901,0.973684,1.008108
0.997363,1.013727,1.008108,1.020777
1.014541,0.98172,1.020777,0.971766
0.992834,1.017241,0.971766,0.979054
0.96916,0.974915,0.979054,1.008972
0.992552,1.0,1.008972,1.005472
1.02251,1.011127,1.005472,1.002041
0.994663,0.988996,1.002041,1.041412
1.033535,1.029903,1.041412,1.016949
1.040883,1.029034,1.016949,0.998718
0.997506,1.007218,0.998718,0.981386
0.97625,0.993485,0.981386,0.976455
1.00064,0.977049,0.976455,1.037508
0.991683,0.993289,1.037508,0.996127
1.006452,1.022297,0.996127,1.011017
1.014744,1.005948,1.011017,1.016026
1.015793,1.028909,1.016026,0.991798
0.993159,0.989144,0.991798,0.96056
0.987477,0.967721,0.96056,0.996689
0.973367,0.978652,0.996689,0.988704
0.986971,1.000682,0.988704,1.001344
0.9967,1.007493,1.001344,1.0
0.988079,0.987153,1.0,1.024161
1.031501,1.023973,1.024161,1.010485
1.010396,1.013378,1.010485,1.007134
1.005788,1.006601,1.007134,1.055377
1.049233,1.027541,1.055377,0.965223
0.998781,0.994895,0.965223,1.005689
0.974375,0.997434,1.005689,0.967945
1.00814,0.989068,0.967945,0.980519
0.960248,0.969441,0.980519,1.003974
0.98577,1.006036,1.003974,1.014512
1.009843,0.997333,1.014512,1.003901
1.011046,1.002674,1.003901,1.01943
1.017995,1.017333,1.01943,0.993647
1.001263,1.014417,0.993647,1.014066
1.007566,1.007752,1.014066,0.965322
0.988736,0.980769,0.965322,0.996734
0.975949,0.989542,0.996734,1.001966
1.003243,1.001321,1.001966,1.018967
1.008403,0.996042,1.018967,1.020539
1.041667,1.033775,1.020539,0.989937
0.977231,0.996156,0.989937,0.993011
1.006297,1.002572,0.993011,0.995521
0.985607,0.994227,0.995521,0.98329
0.988571,0.980645,0.98329,1.008497
0.991651,0.998026,1.008497,0.988983
1.006477,1.003296,0.988983,0.986894
0.994208,0.980289,0.986894,0.960823
0.961165,0.955764,0.960823,1.011057
0.988552,1.004208,1.011057,0.968558
0.996594,0.988128,0.968558,1.000706
0.97471,0.987279,1.000706,0.977433
0.992286,0.979241,0.977433,0.954545
0.974558,0.96345,0.954545,1.018896
0.990573,0.979514,1.018896,0.958457
0.980966,0.996127,0.958457,1.034056
1.00597,0.94479,1.034056,1.002994
1.001484,1.082305,1.002994,0.979104
1.011852,0.996198,0.979104,1.00686
0.983163,0.98855,1.00686,0.993187
0.988831,0.986873,0.993187,1.003811
0.993223,1.007825,1.003811,0.980258
0.996967,0.997671,0.980258,1.034082
1.030418,1.005447,1.034082,1.005993
1.00738,1.0387,1.005993,0.97245
0.971429,0.965723,0.97245,1.008423
0.995475,1.003086,1.008423,1.024298
1.022727,1.011538,1.024298,0.985174
1.001481,0.962738,0.985174,0.971407
0.982988,1.017378,0.971407,1.017816
1.002257,1.00854,1.017816,0.996956
0.990991,0.996921,0.996956,0.98626
0.993182,0.996139,0.98626,0.977554
0.985507,0.972093,0.977554,0.966746
0.982198,0.972887,0.966746,1.004095
0.968479,0.983607,1.004095,1.02447
1.029292,1.013333,1.02447,0.987261
1.002372,1.007401,0.987261,0.990323
0.989748,0.997551,0.990323,1.003257
0.984861,0.994272,1.003257,0.973214
0.98301,0.973663,0.973214,1.003336
1.009877,1.009298,1.003336,1.017456
1.008965,1.014238,1.017456,1.013889
1.009693,1.010735,1.013889,1.002417
1.0056,1.013889,1.002417,1.017685
1.00716,0.991136,1.017685,1.053712
1.06872,1.022764,1.053712,1.002999
1.018477,1.050874,1.002999,0.991031
0.992743,0.996974,0.991031,1.003017
0.989766,0.990895,1.003017,1.023308
1.008124,1.022205,1.023308,1.004409
1.004396,1.010487,1.004409,1.016825
1.056893,1.019274,1.016825,0.971223
0.962043,0.979636,0.971223,1.005926
1.06528,0.988122,1.005926,1.0081
0.927273,1.005259,1.0081,0.970782
0.996369,0.9858,0.970782,0.984951
0.976676,0.983321,0.984951,1.00382
0.987313,1.003855,1.00382,0.987062
1.002268,0.97619,0.987062,1.032382
1.010558,1.018883,1.032382,0.99776
1.002239,1.021622,0.99776,1.007485
1.014147,0.986395,1.007485,0.985884
0.996329,1.00613,0.985884,0.984175
0.977892,0.992384,0.984175,1.008423
1.000754,0.995395,1.008423,1.007593
1.003765,1.008481,1.007593,0.998493
1.0015,1.002294,0.998493,0.982642
0.992509,0.992372,0.982642,1.011521
0.994717,0.996925,1.011521,1.029613
1.033384,1.019275,1.029613,1.021386
1.024229,1.024206,1.021386,1.004332
1.018638,1.016248,1.004332,0.996405
0.985222,0.993459,0.996405,1.023088
1.018571,1.021946,1.023088,0.971791
0.995792,0.978525,0.971791,1.021045
1.033099,1.021214,1.021045,0.986496
0.972052,0.987822,0.986496,1.030259
1.006311,1.015228,1.030259,0.97972
0.994425,0.982143,0.97972,0.983583
0.988087,1.000727,0.983583,0.972424
0.978723,0.971657,0.972424,1.005224
0.986957,0.995512,1.005224,1.004454
1.008811,1.012021,1.004454,1.005174
0.997089,0.98144,1.005174,1.022059
1.017518,1.020424,1.022059,0.990647
1.001435,1.010378,0.990647,1.039216
1.031519,1.016141,1.039216,1.022362
1.033333,1.037545,1.022362,0.994532
0.989919,1.003479,0.994532,0.971134
0.986422,0.964632,0.971134,0.995046
0.985547,1.009346,0.995046,1.003556
0.994413,1.000712,1.003556,1.013466
1.005618,0.990036,1.013466,0.972028
0.995112,0.992092,0.972028,0.978417
0.98386,0.981884,0.978417,1.053676
1.047076,1.00369,1.053676,0.974878
0.984332,1.019118,0.974878,0.994989
0.989619,0.997835,0.994989,0.999281
0.99021,0.9812,0.999281,1.038157
1.033192,1.016949,1.038157,0.994452
1.006835,1.037681,0.994452,1.014644
0.994569,1.000698,1.014644,1.033677
1.037543,1.018842,1.033677,1.010638
1.003947,1.012329,1.010638,0.966447
1.002621,0.991881,0.966447,0.999319
0.967974,0.986357,0.999319,1.001362
1.017556,1.008299,1.001362,1.006122
0.992037,0.991084,1.006122,0.999324
0.995318,1.008997,0.999324,0.9682
0.981183,0.970508,0.9682,1.040531
1.027397,1.00424,1.040531,1.010074
1.032,1.036594,1.010074,1.019282
1.017442,1.028513,1.019282,1.002609
0.994921,1.007261,1.002609,1.008458
0.998724,1.003277,1.008458,0.977419
0.988498,0.979752,0.977419,1.007921
0.998061,1.004,1.007921,1.005239
1.007124,1.000664,1.005239,0.97785
0.986495,0.991374,0.97785,1.009327
0.996089,1.001339,1.009327,1.025743
1.020288,1.013369,1.025743,0.989704
0.99551,1.009894,0.989704,0.983745
1.005155,0.984977,0.983745,1.021811
0.994872,0.998011,1.021811,1.032342
1.039948,1.023256,1.032342,1.00188
1.001239,1.026623,1.00188,0.988743
0.993193,0.99494,0.988743,1.005693
0.996262,0.994914,1.005693,1.001887
1.009381,1.008946,1.001887,0.973635
0.983891,0.978467,0.973635,0.998066
0.996222,0.994822,0.998066,0.99354
0.984829,0.994144,0.99354,0.946034
0.98973,0.943717,0.946034,0.982131
0.945525,0.985437,0.982131,1.004899
1.004801,1.001407,1.004899,0.996518
1.028669,1.002108,0.996518,0.948987
0.957532,0.911641,0.948987,1.0162
0.970894,1.046154,1.0162,0.999275
1.002141,1.002941,0.999275,1.00145
0.988604,1.002199,1.00145,0.968863
0.994236,0.977323,0.968863,1.036622
1.018116,0.999251,1.036622,1.008652
1.004982,1.032959,1.008652,1.010722
1.005666,1.00145,1.010722,0.979491
0.993662,0.998552,0.979491,0.971119
0.974486,0.964467,0.971119,0.969517
0.971636,0.97594,0.969517,1.007669
0.992515,0.994607,1.007669,1.019787
1.018854,1.017816,1.019787,0.974627
1.002221,0.989346,0.974627,1.0
0.970458,0.991538,1.0,0.996172
1.009132,0.998448,0.996172,1.007686
0.996229,1.006216,1.007686,1.006865
1.0,1.005405,1.006865,0.992424
1.0,0.994624,0.992424,0.964122
0.989402,0.972973,0.964122,0.988124
0.973221,0.981746,0.988124,1.016026
1.002358,1.012126,1.016026,1.032334
1.032941,1.011981,1.032334,0.998472
1.005315,1.028414,0.998472,1.008416
1.007553,0.99693,1.008416,0.991654
0.991004,0.996151,0.991654,1.00153
1.0,1.004637,1.00153,1.0
0.999244,0.996923,1.0,0.991597
0.991673,0.999228,0.991597,0.997689
0.989313,0.974517,0.997689,1.040927
1.047068,1.032488,1.040927,1.002967
1.011054,1.028396,1.002967,0.989645
0.987609,0.99403,0.989645,1.002242
1.002952,0.999249,1.002242,1.006711
0.996321,1.001503,1.006711,1.014815
1.016987,1.009002,1.014815,0.982482
0.993464,0.996283,0.982482,1.011887
1.006579,1.002239,1.011887,1.001468
1.024691,1.014892,1.001468,0.994135
0.9837,0.985326,0.994135,0.969027
0.967579,0.965004,0.969027,0.967275
0.98064,0.976852,0.967275,0.998426
0.968869,0.981043,0.998426,0.996848
1.018025,1.015298,0.996848,1.003953
0.983834,0.983347,1.003953,1.014173
1.014085,1.020161,1.014173,1.018634
1.016204,1.008696,1.018634,0.980183
1.006834,1.003918,0.980183,0.995334
0.972097,0.985948,0.995334,0.998437
1.006206,1.004751,0.998437,0.989828
1.0,0.992908,0.989828,0.989723
0.98458,0.98254,0.989723,1.003994
0.98982,0.987076,1.003994,1.006364
1.002373,1.021277,1.006364,0.992885
0.997632,0.998397,0.992885,1.015127
1.011076,1.006421,1.015127,0.998431
1.007042,1.009569,0.998431,0.988217
0.988345,0.982622,0.988217,0.980127
0.992925,0.987942,0.980127,1.034063
1.01346,0.995932,1.034063,1.010196
1.014062,1.041667,1.010196,1.017081
1.023883,1.004706,1.017081,0.989313
0.990971,1.004684,0.989313,0.988426
0.98861,0.981352,0.988426,1.083528
1.082181,1.065717,1.083528,0.997839
1.007097,1.020802,0.997839,1.002888
0.985906,0.998544,1.002888,1.016559
1.010007,1.00656,1.016559,0.985836
1.003539,1.003621,0.985836,1.007902
0.996474,0.998557,1.007902,1.038489
1.038924,1.004335,1.038489,0.999314
1.003406,1.039568,0.999314,1.024725
1.016293,0.997924,1.024725,1.002681
1.005344,1.024965,1.002681,0.995989
1.007309,1.0,0.995989,0.961074
0.98219,0.966847,0.961074,0.998603
0.97045,0.991603,0.998603,1.005594
1.000692,1.007057,1.005594,1.004172
1.011757,0.995095,1.004172,0.975762
0.984279,0.991549,0.975762,1.017743
0.996528,0.997159,1.017743,1.002092
1.009756,1.012108,1.002092,0.998608
1.00069,1.002111,0.998608,0.994425
1.002069,1.001404,0.994425,0.985284
0.977288,0.981767,0.985284,1.031294
1.027465,1.005714,1.031294,1.001379
0.998629,1.018466,1.001379,0.998623
0.996568,1.001395,0.998623,0.994483
1.001377,1.002089,0.994483,0.994452
0.995873,0.988881,0.994452,1.016039
1.012431,1.002811,1.016039,0.989705
0.997271,1.009811,0.989705,1.025659
1.015048,1.00347,1.025659,0.989858
0.996631,1.004841,0.989858,1.000683
0.992563,0.998624,1.000683,0.994539
1.003406,1.002068,0.994539,1.003432
0.99389,0.995186,1.003432,0.978112
0.995902,0.988252,0.978112,1.003497
0.995199,1.000699,1.003497,1.009059
0.998622,0.995807,1.009059,1.001381
1.009662,1.009123,1.001381,1.011724
1.004101,1.005563,1.011724,1.00818
1.034717,1.013831,1.00818,0.991886
0.971053,0.995907,0.991886,1.004772
1.000678,0.995205,1.004772,0.993894
1.008125,1.007571,0.993894,0.996587
0.987911,0.994536,0.996587,0.993836
1.0,0.995192,0.993836,0.997932
0.988443,0.985507,0.997932,1.01105
1.010316,1.008403,1.01105,1.002049
1.00953,1.0125,1.002049,1.01227
1.003372,1.001372,1.01227,1.016835
1.016801,1.013699,1.016835,1.005298
1.005288,1.013514,1.005298,0.995389
1.003287,1.004,0.995389,1.02184
1.019004,1.002656,1.02184,1.023316
1.019936,1.022517,1.023316,0.979114
0.991803,0.996114,0.979114,1.010989
0.996821,1.00065,1.010989,0.973785
1.003827,0.984405,0.973785,1.015758
0.984752,1.007261,1.015758,0.996768
1.016129,1.009174,0.996768,1.008431
0.991111,0.998052,1.008431,0.98328
0.997438,0.988939,0.98328,1.000654
0.992293,1.004605,1.000654,1.001307
0.999353,0.992796,1.001307,0.998695
1.005181,1.007256,0.998695,1.00719
0.996134,1.003274,1.00719,1.001298
1.0,1.000653,1.001298,1.014258
1.018111,1.004566,1.014258,0.994249
1.000635,1.003247,0.994249,0.987789
0.993016,0.993528,0.987789,1.003904
0.987212,0.994788,1.003904,1.00324
1.018135,1.005239,1.00324,0.992894
1.001908,0.998046,0.992894,1.016265
1.008254,0.998695,1.016265,1.024328
1.019521,1.022876,1.024328,0.999375
0.993823,1.008946,0.999375,0.998749
1.001865,1.008233,0.998749,0.975579
0.991315,0.973618,0.975579,1.01733
1.000626,1.00129,1.01733,1.025868
1.020013,1.018041,1.025868,1.01722
1.033722,1.022785,1.01722,1.010278
0.995848,1.016708,1.010278,1.032914
1.036927,1.025563,1.032914,1.016222
1.010913,1.019585,1.016222,1.007982
1.023864,1.026193,1.007982,0.997172
0.993896,0.994328,0.997172,0.916619
0.921831,0.914432,0.916619,1.008045
0.98728,0.999376,1.008045,0.998158
1.015337,1.008739,0.998158,1.019065
1.002417,1.002475,1.019065,0.991551
1.003617,1.005556,0.991551,0.989653
0.984985,0.991406,0.989653,0.972325
0.996951,0.977709,0.972325,1.013915
0.982263,0.996833,1.013915,1.02121
1.023039,1.013342,1.02121,1.0
0.998174,1.013793,1.0,0.996946
1.003049,1.000618,0.996946,1.039828
1.038906,1.013597,1.039828,1.022982
1.016969,1.025,1.022982,0.998272
1.006329,1.023795,0.998272,0.99423
0.991995,0.994189,0.99423,0.980847
0.989625,0.982466,0.980847,1.011834
0.997088,1.0,1.011834,0.995906
1.004673,1.005949,0.995906,0.982971
0.988372,0.981668,0.982971,0.987455
0.984706,0.989759,0.987455,1.011494
1.01135,1.006086,1.011494,0.990431
0.994684,0.998185,0.990431,1.022343
1.008907,1.004848,1.022343,1.013585
1.019423,1.025332,1.013585,1.006993
1.000577,1.0,1.006993,1.023148
1.035776,1.016471,1.023148,1.01414
1.006685,1.020255,1.01414,1.042387
1.034864,1.026092,1.042387,0.997325
1.009091,1.014373,0.997325,0.984979
0.980392,0.992371,0.984979,0.984205
0.997838,0.98737,0.984205,1.024903
1.004875,1.001112,1.024903,0.989741
0.991914,1.0,0.989741,0.954719
0.998913,0.971111,0.954719,1.009143
0.965724,0.986842,1.009143,1.015289
1.010141,1.015072,1.015289,1.01952
1.022867,1.016562,1.01952,0.980306
0.996183,0.999438,0.980306,1.004464
0.995074,1.000562,1.004464,1.015556
1.009901,1.0,1.015556,0.984683
1.017974,1.005618,0.984683,1.0
0.971643,0.996089,1.0,1.010556
1.004956,1.005609,1.010556,0.993953
1.0,1.001115,0.993953,1.006637
1.005479,1.008357,1.006637,0.992857
0.999455,0.992818,0.992857,0.97399
0.978735,0.974402,0.97399,0.998295
0.980501,0.981154,0.998295,0.981218
0.998295,1.000582,0.981218,1.014501
1.0,1.002327,1.014501,1.002287
1.011383,1.004643,1.002287,1.011979
1.006753,1.002311,1.011979,0.993236
0.993851,1.005764,0.993236,0.984109
0.987064,0.991404,0.984109,1.001153
1.00057,1.0,1.001153,0.991359
0.997722,0.990751,0.991359,0.997676
0.986301,0.998833,0.997676,0.987769
0.992477,0.976051,0.987769,1.01533
1.005831,1.010174,1.01533,1.00813
1.011014,1.008886,1.00813,1.019009
1.015482,1.016442,1.019009,1.00961
1.026539,1.02773,1.00961,0.994401
0.985699,0.996065,0.994401,0.989302
0.988839,0.989278,0.989302,0.998293
0.998871,0.997148,0.998293,1.006271
0.99887,1.001716,1.006271,0.983569
1.003394,0.988578,0.983569,1.050115
1.029312,1.010399,1.050115,0.979704
1.010953,1.012579,0.979704,1.033035
1.0,1.001694,1.033035,1.002168
1.010293,1.024803,1.002168,1.020552
1.013405,1.012101,1.020552,1.031797
1.097884,1.043478,1.031797,1.004622
0.943614,0.989583,1.004622,0.953476
0.988764,0.976316,0.953476,1.017694
0.982438,0.987062,1.017694,1.016333
1.015773,1.020754,1.016333,1.016589
1.024845,1.034778,1.016589,1.027537
1.024242,1.01241,1.027537,0.988089
1.010848,1.003575,0.988089,0.98443
0.974146,0.983206,0.98443,1.009184
0.993991,0.994306,1.009184,0.981294
1.042821,1.005206,0.981294,1.015971
0.9657,0.999482,1.015971,1.043103
1.061031,1.028497,1.043103,1.035489
1.006601,1.042821,1.035489,1.013146
1.047307,1.005314,1.013146,1.044486
1.014311,1.037482,1.044486,0.949867
1.071429,0.95183,0.949867,1.073797
0.947325,1.066667,1.073797,0.977381
1.012163,1.008212,0.977381,0.973743
0.981974,0.986878,0.973743,0.994516
0.961538,0.960569,0.994516,1.011029
1.01,1.016706,1.011029,1.004091
1.018002,1.014085,1.004091,0.99502
0.980548,1.008333,0.99502,1.030482
1.025248,0.990817,1.030482,1.00574
1.021108,1.033828,1.00574,0.996049
1.001723,1.004034,0.996049,0.937858
0.973775,0.938839,0.937858,1.007519
0.953201,0.997147,1.007519,1.03125
1.031959,1.015737,1.03125,0.978743
1.017953,1.002347,0.978743,0.963494
0.954145,0.96815,0.963494,1.029736
1.000462,0.992259,1.029736,1.1
1.090993,1.057533,1.1,1.044454
1.099915,1.069156,1.044454,0.999595
0.969977,1.034929,0.999595,0.978913
0.978571,0.983333,0.978913,0.98343
0.999594,0.998729,0.98343,1.036647
1.006085,1.009758,1.036647,1.021942
1.033065,1.014706,1.021942,0.967396
0.991803,0.99793,0.967396,1.013975
0.974813,0.997925,1.013975,1.007296
1.025434,1.027443,1.007296,0.919517
0.948819,0.905301,0.919517,1.021007
0.979253,1.007599,1.021007,1.026575
1.020763,1.022183,1.026575,1.00501
1.021171,1.026476,1.00501,0.988367
0.995528,1.0,0.988367,0.992013
0.979584,0.979704,0.992013,1.025
1.029179,1.018558,1.025,0.987185
0.984204,0.99661,0.987185,0.980318
0.982716,0.991071,0.980318,0.967535
0.998744,0.970828,0.967535,0.969536
0.943816,0.962881,0.969536,1.02459
1.001333,1.005048,1.02459,0.975111
1.011979,1.000457,0.975111,0.994531
0.993862,0.994979,0.994531,1.008708
0.982797,0.993578,1.008708,1.021354
1.018851,1.019852,1.021354,1.022687
1.015859,1.014486,1.022687,1.005655
1.019081,1.021865,1.005655,0.99481
0.991489,0.986026,0.99481,0.995652
0.998283,1.0062,0.995652,1.011354
1.00086,1.001761,1.011354,1.018566
1.023625,1.014938,1.018566,1.024163
1.033151,1.008658,1.024163,1.023179
1.009342,1.030472,1.023179,0.985437
1.010865,1.012078,0.985437,0.996716
0.985271,0.980247,0.996716,0.965404
0.98101,0.981528,0.965404,1.014932
0.981878,0.992301,1.014932,0.979403
1.001258,0.99569,0.979403,0.975107
0.98031,0.977922,0.975107,1.017606
0.995299,0.983621,1.017606,0.99308
0.993989,1.028353,0.99308,1.027003
1.019438,1.004814,1.027003,1.047922
1.097458,1.03615,1.047922,1.000809
0.966795,1.026482,1.000809,1.00647
0.994409,0.995495,1.00647,1.009241
1.012048,1.009872,1.009241,1.001592
1.001984,1.008147,1.001592,0.982114
0.994059,0.99798,0.982114,1.0
0.992829,0.996761,1.0,1.030352
1.038122,1.012591,1.030352,1.001964
0.995748,1.006819,1.001964,0.971776
0.993401,0.98247,0.971776,0.999597
0.976163,0.985401,0.999597,0.995964
0.998799,1.006584,0.995964,1.028768
1.022044,1.009403,1.028768,0.979126
1.018824,1.001215,0.979126,1.039019
0.998075,1.002427,1.039019,0.989547
1.008099,1.011299,0.989547,1.026213
1.013007,1.027534,1.026213,0.994663
1.000378,1.004272,0.994663,1.004216
1.00604,0.990719,1.004216,0.972901
0.988743,0.988681,0.972901,1.009415
0.979886,0.99921,1.009415,0.993782
1.020139,1.006322,0.993782,1.0
0.982536,0.994896,1.0,1.007039
1.010046,1.002368,1.007039,1.073398
1.065417,1.007874,1.073398,0.997467
1.018312,1.067969,0.997467,0.988756
1.001058,0.98098,0.988756,1.034483
0.99683,1.020134,1.034483,1.002128
1.017668,1.019371,1.002128,0.991154
1.013194,0.993905,0.991154,0.970011
0.94928,0.970779,0.970011,1.010305
0.99639,1.003344,1.010305,0.985428
1.012681,0.993704,0.985428,1.009612
0.99034,0.992918,1.009612,0.988649
0.999277,1.013138,0.988649,1.005185
0.993492,0.998147,1.005185,0.949521
0.992722,0.953229,0.949521,0.98409
0.96261,0.981308,0.98409,1.0
0.982102,1.002778,1.0,0.999211
0.994572,0.98338,0.999211,1.022099
1.010526,1.002012,1.022099,0.992664
0.998843,1.022088,0.992664,0.977441
0.988799,0.985855,0.977441,0.978512
0.985156,0.978477,0.978512,0.986987
0.971848,0.970265,0.986987,0.981459
0.986128,0.99916,0.981459,1.036104
1.021928,0.997059,1.036104,1.016613
1.032389,1.040877,1.016613,1.007573
0.994118,1.006073,1.007573,1.020174
1.021696,1.020523,1.020174,1.022877
1.023166,1.016956,1.022877,1.002274
1.004151,1.008918,1.002274,0.977307
0.997745,0.98847,0.977307,0.934985
0.971751,0.936625,0.934985,0.99255
0.949612,0.98049,0.99255,1.04045
1.019592,1.005927,1.04045,0.99519
0.9996,1.024832,0.99519,1.011277
1.026432,1.01191,1.011277,0.990044
0.989075,0.9375,0.990044,1.014079
1.001183,1.065368,1.014079,1.055534
1.049251,1.01666,1.055534,0.98121
1.009012,1.030775,0.98121,1.002681
0.990696,0.991857,1.002681,0.993888
0.991736,1.002737,0.993888,1.003075
0.996212,1.006238,1.003075,0.971648
1.001901,0.980628,0.971648,0.968849
0.967362,0.960095,0.968849,1.007733
0.9745,0.988066,1.007733,0.951939
0.996377,0.979175,0.951939,0.954179
0.956768,0.953211,0.954179,1.036905
0.985642,0.97635,1.036905,1.008148
1.010711,1.046161,1.008148,0.960442
0.993641,0.97903,0.960442,0.930469
0.964164,0.907184,0.930469,0.998572
0.962832,0.946877,0.998572,1.077216
1.048713,1.075325,1.077216,0.956637
0.989483,1.036232,0.956637,0.978261
0.979185,0.960373,0.978261,0.95792
0.972863,0.950485,0.95792,1.080948
1.034868,1.088866,1.080948,1.053881
1.039533,1.00469,1.053881,0.996101
1.004754,0.969655,0.996101,1.097434
1.087312,1.059701,1.097434,1.034879
1.082278,1.1,1.034879,0.95136
0.942251,0.992623,0.95136,0.93599
0.939488,0.949628,0.93599,1.019355
0.983072,0.982609,1.019355,1.002954
1.01092,1.048673,1.002954,1.025242
1.026174,0.987764,1.025242,0.988921
0.987854,1.020077,0.988921,1.016183
1.007787,1.012144,1.016183,0.9
0.923139,0.9,0.9,1.00365
0.97489,0.995835,1.00365,0.968636
0.998644,0.98513,0.968636,0.900985
0.959276,0.904717,0.900985,1.004687
0.923585,0.980709,1.004687,1.026439
1.017365,1.018075,1.026439,0.965152
0.989458,0.993734,0.965152,1.007849
0.983257,0.985286,1.007849,1.027518
1.022188,1.016533,1.027518,1.014654
1.014134,1.036726,1.014654,0.966633
0.998009,0.980769,0.966633,0.99897
0.985037,0.980908,0.99897,1.009283
1.0,1.021042,1.009283,1.037813
1.03443,1.005667,1.037813,0.987691
0.999511,1.019467,0.987691,0.989033
0.985798,0.995477,0.989033,1.010081
1.0,0.994447,1.010081,0.988523
0.997019,0.998985,0.988523,0.98738
0.986547,0.981707,0.98738,0.932515
0.99899,0.926501,0.932515,1.007127
0.934783,0.986592,1.007127,0.974415
0.98702,1.012458,0.974415,0.949721
0.979726,0.945749,0.949721,0.905294
0.922819,0.90479,0.905294,0.916829
0.947273,0.915033,0.916829,1.064493
0.988484,1.010714,1.064493,1.099867
1.069256,1.079152,1.099867,1.026029
1.04661,1.061559,1.026029,1.020649
1.00347,0.987662,1.020649,1.008092
1.005764,1.018738,1.008092,1.027523
1.02808,1.017781,1.027523,0.94029
1.01728,1.0,0.94029,1.011869
0.941918,0.989157,1.011869,1.005865
1.010471,1.034714,1.005865,1.001749
0.991364,0.992937,1.001749,0.998836
1.004065,1.005928,0.998836,1.025058
1.019086,0.992929,1.025058,0.994883
0.998297,1.005935,0.994883,1.048571
1.079022,1.015339,1.048571,0.950954
0.958904,1.01104,0.950954,0.991404
0.971429,0.988506,0.991404,1.001156
0.986425,0.988372,1.001156,1.004042
1.008028,1.016471,1.004042,0.951696
0.973834,0.95544,0.951696,1.003021
0.978388,0.999394,1.003021,0.983735
0.98806,0.973333,0.983735,1.014697
1.008459,1.008095,1.014697,0.975256
0.988616,0.990735,0.975256,1.039604
1.048485,1.041147,1.039604,1.057738
1.044509,1.050898,1.057738,1.0
1.0,1.0,1.0,1.0
1.0,1.0,1.0,1.0
1.0,1.0,1.0,1.0
1.0,1.0,1.0,1.0
1.0,1.0,1.0,1.0
1.0,1.0,1.0,1.0
1.0,1.0,1.0,1.0
1.0,1.0,1.0,1.0
1.0,1.0,1.0,1.0
1.0,1.0,1.0,1.0
1.0,1.0,1.0,1.0
1.0,1.0,1.0,1.0
1.0,1.0,1.0,1.0
1.0,1.0,1.0,1.0
1.0,1.0,1.0,1.0
1.0,1.0,1.0,1.0
1.0,1.0,1.0,1.0
1.0,1.0,1.0,1.0
1.0,1.0,1.0,1.0
1.0,1.0,1.0,1.1
1.081904,1.1,1.1,1.067519
1.09821,1.030691,1.067519,0.990896
0.97578,1.009926,0.990896,0.982108
0.987589,0.991646,0.982108,0.979813
0.98985,0.982161,0.979813,1.011558
0.992676,0.993441,1.011558,1.003974
1.002951,1.008126,1.003974,0.993568
1.002943,1.007557,0.993568,0.986554
0.995599,0.9855,0.986554,1.004038
0.97888,1.002029,1.004038,1.003519
1.007025,1.003544,1.003519,0.996493
1.004983,1.001514,0.996493,0.997486
0.989093,0.986398,0.997486,1.004032
1.00401,1.004597,1.004032,0.99498
1.002996,1.006609,0.99498,0.956105
0.985565,0.95,0.956105,1.009499
0.972222,0.994152,1.009499,1.023001
1.027013,1.016578,1.023001,1.054165
1.081942,1.023146,1.054165,1.024721
0.991117,1.048843,1.024721,0.976348
0.988679,0.996569,0.976348,1.0
0.993798,0.998524,1.0,0.972868
0.989918,0.9867,0.972868,1.044821
1.024248,1.008487,1.044821,0.983794
0.992898,1.019802,0.983794,0.988857
0.987124,0.987864,0.988857,1.016659
1.004831,0.99656,1.016659,0.990843
1.007212,1.008876,0.990843,0.993677
0.988544,0.994624,0.993677,1.010768
1.00676,1.007371,1.010768,1.002421
0.997122,0.999512,1.002421,1.043478
1.046176,1.006345,1.043478,0.997685
1.006437,1.029098,0.997685,1.015777
1.009593,1.013195,1.015777,0.994975
0.993665,0.993023,0.994975,1.003214
0.998634,1.01452,1.003214,0.970709
1.003192,0.974608,0.970709,1.008015
0.975909,0.994789,1.008015,0.997194
1.007918,1.002381,0.997194,0.99531
0.995841,1.007126,0.99531,0.929783
0.983759,0.92783,0.929783,1.010644
0.961321,0.986274,1.010644,1.012036
0.992149,1.022165,1.012036,0.940535
0.984669,0.951084,0.940535,1.027924
0.994475,1.015907,1.027924,0.97386
0.986364,0.98382,0.97386,0.998947
0.985151,0.997347,0.998947,1.013699
1.018711,1.011702,1.013699,1.031185
1.013776,0.994217,1.031185,0.992944
1.010569,1.030672,0.992944,0.98934
0.99502,0.997948,0.98934,1.02668
1.004505,1.002057,1.02668,0.961519
0.996512,0.961006,0.961519,0.975052
0.9635,1.001068,0.975052,1.007463
0.993254,1.0016,1.007463,1.000529
0.999478,1.001597,1.000529,0.951348
0.994773,0.955343,0.951348,0.994441
0.959538,0.97941,0.994441,0.995528
1.004381,1.003977,0.995528,1.04548
1.022901,1.013016,1.04548,0.998389
1.010128,1.02905,0.998389,1.013448
1.002639,1.005429,1.013448,0.976115
0.984211,0.983801,0.976115,1.010332
1.002674,1.010428,1.010332,0.989774
0.995733,0.996198,0.989774,1.007069
0.995715,0.981461,1.007069,1.017819
1.017751,1.028889,1.017819,1.006366
1.004228,1.00432,1.006366,0.988403
1.001579,1.003763,0.988403,0.9936
0.984761,0.987681,0.9936,1.013956
1.012807,1.017354,1.013956,0.993647
0.997893,0.995736,0.993647,1.002664
0.995776,0.988758,1.002664,0.956961
1.002121,0.963725,0.956961,1.003331
0.964021,1.00618,1.003331,1.014388
1.008782,0.986041,1.014388,1.003819
1.006529,1.024915,1.003819,1.029348
1.026486,1.019337,1.029348,1.002112
1.015271,1.014634,1.002112,1.039515
1.030083,1.005342,1.039515,0.989863
1.003525,1.034006,0.989863,1.010753
0.992474,0.966598,1.010753,1.013171
1.013145,1.013291,1.013171,0.974
0.99002,1.021511,0.974,1.00308
0.991935,0.990755,1.00308,0.992835
1.01372,0.999482,0.992835,1.000515
0.976441,1.001037,1.000515,1.036064
1.033881,1.002073,1.036064,0.98906
1.003972,1.01758,0.98906,0.996983
0.997033,1.006098,0.996983,1.006051
0.999504,1.0,1.006051,0.99599
0.997022,1.00101,0.99599,1.0
0.996516,0.998991,1.0,0.989935
0.997003,0.991919,0.989935,1.010168
0.997996,1.000509,1.010168,0.983895
1.002008,0.984733,0.983895,0.98312
0.981463,0.989664,0.98312,1.028096
1.013272,1.007833,1.028096,1.015182
1.017632,1.02228,1.015182,1.015454
1.008911,1.004055,1.015454,0.999018
1.005888,1.017163,0.999018,1.000491
1.000488,1.005955,1.000491,0.99165
0.99805,0.993093,0.99165,0.999505
0.98681,0.990065,0.999505,1.011893
1.021287,1.012544,1.011893,0.998531
0.989821,1.000991,0.998531,1.000981
1.030362,1.007921,1.000981,1.008329
0.982414,1.00442,1.008329,0.995141
1.001935,0.99511,0.995141,0.98584
0.985514,0.989681,0.98584,1.002972
0.99608,0.998014,1.002972,0.998025
0.999016,0.968159,0.998025,0.991094
0.996553,1.017472,0.991094,1.012481
1.009387,1.014646,1.012481,1.007396
1.002937,0.99104,1.007396,1.001958
1.005857,1.017579,1.001958,0.989253
0.996604,0.996051,0.989253,0.997531
0.990263,0.996531,0.997531,1.006931
1.003441,1.003481,1.006931,1.010324
1.011269,1.000991,1.010324,0.995134
0.998547,1.011386,0.995134,0.98533
0.990296,0.985805,0.98533,0.982134
0.991181,0.982125,0.982134,0.995958
0.980227,0.988372,0.995958,1.013191
1.014624,1.004092,1.013191,1.004507
1.008946,1.014264,1.004507,1.0
0.990148,0.995982,1.0,0.987039
1.0,0.99294,0.987039,1.00404
0.991045,0.998984,1.00404,1.000503
1.005522,1.007626,1.000503,0.996481
0.997004,0.984359,0.996481,0.999495
1.004006,1.012814,0.999495,1.0
0.99202,0.996964,1.0,0.997981
1.000503,0.99797,0.997981,1.0
0.99598,1.0,1.0,1.000506
1.001009,1.002543,1.000506,0.998483
1.001008,0.996449,0.998483,1.0
0.996475,1.001527,1.0,1.008101
1.007074,1.001017,1.008101,1.019086
1.023583,1.008126,1.019086,0.996057
0.998039,1.015617,0.996057,1.000495
0.99558,0.999504,1.000495,1.01632
1.020227,1.002481,1.01632,0.992214
1.0,1.003465,0.992214,0.997057
0.989362,0.99852,0.997057,0.999508
1.000978,0.996047,0.999508,0.986713
0.993652,0.993056,0.986713,1.006484
0.995086,1.0005,1.006484,1.008424
1.005432,0.999001,1.008424,0.989189
0.998527,1.001,0.989189,1.002484
1.001476,1.004993,1.002484,1.005451
0.997053,1.00149,1.005451,1.0
1.012808,1.00496,1.0,1.004929
0.992218,0.997532,1.004929,0.992153
0.99951,0.99901,0.992153,0.991102
0.996567,0.984646,0.991102,1.004988
0.993602,1.003018,1.004988,0.996526
0.996533,1.002006,0.996526,1.004482
1.003479,1.004004,1.004482,1.005949
1.007925,1.005982,1.005949,1.004436
1.009337,1.008424,1.004436,1.038273
1.032132,1.008845,1.038273,0.999055
1.004245,1.025329,0.999055,1.0
0.995773,0.9981,1.0,1.003311
1.006132,1.003332,1.003311,0.933522
0.934834,0.929791,0.933522,1.010606
1.015547,1.008163,1.010606,1.084958
1.08642,1.012146,1.084958,0.980193
0.992273,1.0625,0.980193,0.992481
0.979844,0.988235,0.992481,1.013731
1.00748,1.000952,1.013731,1.032228
1.037123,1.018554,1.032228,0.982805
0.998658,1.008407,0.982805,1.003223
0.985215,0.996758,1.003223,1.009637
1.018645,1.008829,1.009637,0.977727
0.998214,0.988485,0.977727,0.989307
0.970483,0.987418,0.989307,1.067199
1.047465,1.000472,1.067199,1.012329
1.015398,1.057075,1.012329,1.020879
1.055459,1.008925,1.020879,0.989774
0.995895,1.02521,0.989774,0.996987
0.957131,0.973253,0.996987,1.001295
1.0,1.00133,1.001295,0.993963
1.004737,1.005312,0.993963,0.998265
1.004715,1.004403,0.998265,1.000435
0.992321,1.003946,1.000435,1.022155
1.014187,1.00262,1.022155,0.994475
1.003391,1.008711,0.994475,0.975214
0.990283,0.978843,0.975214,0.997809
0.980375,1.001323,0.997809,1.027668
1.019147,0.999119,1.027668,1.029915
1.039283,1.031746,1.029915,0.978423
1.000411,1.00641,0.978423,1.003817
0.979466,1.002548,1.003817,0.985213
1.002516,0.978399,0.985213,1.009005
0.987035,1.002165,1.009005,0.99745
1.005932,1.006911,0.99745,1.002983
1.000421,1.003861,1.002983,1.005523
0.999579,1.0,1.005523,0.977609
0.99663,0.981624,0.977609,0.972774
0.979713,0.979103,0.972774,0.98845
0.969802,0.978213,0.98845,1.007191
1.00089,1.009545,1.007191,0.985274
0.996,0.990545,0.985274,0.993207
0.991968,0.995909,0.993207,1.0114
0.998201,0.995436,1.0114,0.989179
1.000451,1.00321,0.989179,1.002279
0.995045,0.998172,1.002279,1.003183
1.004074,1.005037,1.003183,1.0
0.998647,1.002278,1.0,0.980961
0.99684,0.981818,0.980961,0.996765
0.977808,0.968981,0.996765,0.992119
0.997221,1.0129,0.992119,0.988318
0.99164,0.991509,0.988318,1.010402
1.005152,1.005233,1.010402,1.003744
1.00466,1.011358,1.003744,0.994406
1.0,0.994385,0.994406,1.015471
1.00603,1.005176,1.015471,0.996307
1.001383,1.00515,0.996307,0.982854
0.993554,0.986959,0.982854,1.008487
0.993049,0.999528,1.008487,1.013558
1.013066,1.008026,1.013558,1.005074
1.006909,1.017799,1.005074,1.002754
1.005032,0.998159,1.002754,1.028375
1.025489,1.012448,1.028375,0.99644
1.000444,1.01184,0.99644,0.988834
0.989796,0.992799,0.988834,1.009033
1.002689,0.999547,1.009033,1.001791
1.004023,1.008163,1.001791,0.99151
0.996883,0.990553,0.99151,1.017575
1.011612,1.00545,1.017575,1.017272
1.020751,1.015357,1.017272,1.013931
1.018166,1.015569,1.013931,1.012452
1.005947,1.015331,1.012452,0.992366
1.001689,1.00604,0.992366,0.988462
0.992411,0.986278,0.988462,0.996109
0.990229,0.998261,0.996109,1.00434
0.996568,0.997822,1.00434,1.010372
1.011192,1.005238,1.010372,1.012831
1.020434,1.012592,1.012831,0.993666
0.997914,1.001286,0.993666,0.988525
0.995819,0.995717,0.988525,1.003439
0.987825,0.996559,1.003439,0.994002
0.996175,1.0,0.994002,1.0
0.994027,0.993958,1.0,1.017241
1.02618,1.018237,1.017241,0.993644
0.996236,0.987633,0.993644,1.021748
1.008816,1.018135,1.021748,1.000835
1.004994,1.010602,1.000835,0.985405
1.020704,0.983634,0.985405,0.988151
0.965517,0.986775,0.988151,1.005567
0.997059,1.009511,1.005567,1.001704
0.9941,0.998287,1.001704,1.006803
1.011022,1.006435,1.006803,0.997466
1.013836,0.995737,0.997466,0.993226
0.979735,1.001712,0.993226,1.008099
1.011819,0.998718,1.008099,1.035518
1.047142,1.00813,1.035518,1.018375
1.009163,1.037776,1.018375,0.967923
0.99092,0.964008,0.967923,1.052196
1.057769,1.019092,1.052196,0.994094
0.954426,1.03622,0.994094,1.01901
1.032755,1.002812,1.01901,0.974738
0.980894,0.992788,0.974738,0.984848
0.966887,0.968523,0.984848,0.991093
1.011281,1.01375,0.991093,0.999592
0.979283,0.997123,0.999592,1.013486
1.015867,1.009893,1.013486,0.999194
1.004005,1.006122,0.999194,0.982244
0.993618,0.973631,0.982244,1.004519
0.987555,1.002917,1.004519,0.980368
0.997967,0.995015,0.980368,0.952441
0.96945,0.941962,0.952441,1.013141
0.979832,1.003989,1.013141,0.99265
0.998714,1.006623,0.99265,1.0
0.991842,0.99693,1.0,1.003049
1.003896,1.007919,1.003049,1.018671
1.015093,1.000873,1.018671,0.987639
0.998301,1.002181,0.987639,0.996547
0.985532,0.985205,0.996547,0.993937
1.000864,1.011484,0.993937,1.006972
1.000431,1.002183,1.006972,0.990913
0.994825,0.996078,0.990913,1.024017
1.019072,1.002625,1.024017,1.018763
1.033603,1.02836,1.018763,1.016743
1.00823,1.013577,1.016743,0.990119
0.995102,1.002512,0.990119,0.994179
0.990976,0.992902,0.994179,1.010456
1.002483,1.005887,1.010456,0.993791
0.999174,1.00209,0.993791,0.993336
0.994628,0.991656,0.993336,1.004193
1.001662,1.004207,1.004193,1.008768
1.004562,0.994554,1.008768,1.020281
1.034682,1.012216,1.020281,1.003651
0.993615,1.013317,1.003651,1.010509
1.004418,1.010267,1.010509,1.0076
1.008397,1.011789,1.0076,1.0
1.021412,1.011651,1.0,0.990472
0.997671,0.985703,0.990472,1.002004
0.97821,0.99718,1.002004,1.0148
1.010342,1.002424,1.0148,0.999606
1.003937,1.017735,0.999606,0.990142
0.996078,0.990099,0.990142,1.011151
1.012598,1.008,1.011151,1.002757
1.000389,1.007143,1.002757,0.989002
0.987563,0.983846,0.989002,0.996029
0.995671,0.997197,0.996029,1.003589
0.996047,0.995181,1.003589,0.986889
1.0,1.001614,0.986889,1.000403
0.990079,0.995971,1.000403,1.000805
1.005611,1.000405,1.000805,0.993164
0.993623,0.991913,0.993164,1.008097
1.004412,1.004892,1.008097,1.021687
1.019968,1.010142,1.021687,1.000393
1.003915,1.016064,1.000393,1.02554
1.026911,1.002372,1.02554,0.996935
0.993543,1.018139,0.996935,0.990776
0.993119,0.992641,0.990776,0.988363
0.994611,0.990246,0.988363,1.011774
1.000387,1.004334,1.011774,1.000776
1.007737,1.006277,1.000776,0.997287
0.994242,0.99883,0.997287,1.0
0.994208,0.990242,1.0,0.987563
0.998058,0.999212,0.987563,0.995671
0.993774,0.994083,0.995671,0.996047
0.992169,0.995238,0.996047,0.984127
0.992107,0.983254,0.984127,1.01371
1.001591,1.004866,1.01371,0.988465
1.003971,0.999596,0.988465,1.008853
0.992484,0.997981,1.008853,0.999601
1.007174,1.00445,0.999601,0.997606
0.999209,1.00443,0.997606,0.9748
0.991287,0.971933,0.9748,0.996307
0.984419,0.993399,0.996307,1.016063
1.001623,0.998339,1.016063,0.990677
0.998784,1.012063,0.990677,1.021686
1.013793,1.005754,1.021686,1.010813
1.013605,1.014712,1.010813,0.993265
1.004737,1.003222,0.993265,0.984444
0.986248,0.985949,0.984444,0.998784
0.986853,0.990228,0.998784,1.003245
1.00323,1.005757,1.003245,1.026284
1.024145,1.012674,1.026284,1.0
1.005501,1.016552,1.0,1.015366
1.013677,1.009531,1.015366,0.996508
0.995759,1.0,0.996508,0.989097
0.996903,0.997246,0.989097,1.004724
0.99301,0.992505,1.004724,1.003918
1.007431,1.006359,1.003918,0.993365
0.99573,1.003555,0.993365,0.998821
0.993762,0.994884,0.998821,1.006294
1.006277,1.000791,1.006294,1.01681
1.022222,1.008696,1.01681,1.003845
1.001526,1.010972,1.003845,1.039831
1.044554,1.01124,1.039831,1.001842
0.995625,1.03028,1.001842,1.001103
1.000732,0.991071,1.001103,1.001836
1.003659,1.015766,1.001836,1.016496
1.026249,1.012934,1.016496,1.01154
0.997158,0.990879,1.01154,0.97148
1.000356,0.992636,0.97148,0.999266
0.973291,0.990356,0.999266,1.022035
1.026345,1.014232,1.022035,1.001437
0.998574,1.014032,1.001437,1.003947
0.999286,1.003277,1.003947,1.003574
1.01572,1.001815,1.003574,0.968305
0.983116,0.981159,0.968305,1.000368
0.978175,0.98966,1.000368,1.012868
1.010607,1.003731,1.012868,1.01706
1.019182,1.019703,1.01706,0.998216
1.000355,1.009843,0.998216,1.011083
1.004615,0.998195,1.011083,0.99611
1.023322,1.00651,0.99611,0.99645
0.972721,1.002156,0.99645,1.014606
1.01349,0.998207,1.014606,1.010885
1.009457,1.013649,1.010885,1.015283
1.016308,1.012048,1.015283,1.005816
1.008535,1.009454,1.005816,0.997959
1.0,1.010406,0.997959,1.009543
1.013879,1.004463,1.009543,1.015192
1.005676,0.993165,1.015192,1.014965
1.013944,1.022368,1.014965,0.992464
1.006221,1.01481,0.992464,0.965005
0.986007,0.964179,0.965005,1.033185
0.99835,1.000344,1.033185,0.995695
1.002645,1.026479,0.995695,1.026937
1.027695,1.00335,1.026937,1.001943
1.006416,1.03005,1.001943,1.010019
1.012113,1.008428,1.010019,1.04608
1.032126,1.004179,1.04608,0.980116
1.002136,1.010883,0.980116,0.993134
0.982948,0.984484,0.993134,0.916091
0.931846,0.929881,0.916091,1.007547
0.989694,1.003805,1.007547,0.989105
1.015452,0.988973,0.989105,1.03167
0.994046,1.007317,1.03167,1.004671
1.007987,1.026634,1.004671,1.005978
1.002641,0.995957,1.005978,1.027732
1.030952,1.026725,1.027732,1.00514
1.001597,1.015157,1.00514,0.983381
0.998087,0.993184,0.983381,0.999025
0.985304,0.988235,0.999025,1.010085
1.008755,1.008598,1.010085,0.991304
0.995821,0.989508,0.991304,1.0
0.998386,1.004307,1.0,1.019493
1.023278,1.012537,1.019493,1.029637
1.025276,1.028022,1.029637,0.991953
1.006471,1.014263,0.991953,0.982215
0.979792,0.982812,0.982215,1.014612
1.00875,0.997774,1.014612,0.991234
0.997522,0.99044,0.991234,0.985471
0.98913,0.998391,0.985471,1.020192
1.000942,0.999678,1.020192,1.009739
1.008469,1.005803,1.009739,0.980709
0.997512,1.005449,0.980709,0.993972
0.988463,0.9949,0.993972,1.010852
1.001262,0.994553,1.010852,0.989264
0.994959,1.006121,0.989264,1.009895
1.01235,1.0,1.009895,0.997472
0.993431,1.004163,0.997472,0.966096
0.998111,0.955357,0.966096,0.998688
0.962145,0.993992,0.998688,0.997044
1.003279,1.014103,0.997044,0.992754
0.998039,0.993709,0.992754,1.000332
0.990832,0.998001,1.000332,0.997678
0.999339,1.000668,0.997678,0.966755
0.995701,0.968302,0.966755,1.008253
0.97808,0.979669,1.008253,1.008186
1.011205,1.021808,1.008186,0.980717
0.994963,0.992427,0.980717,1.012073
1.004725,0.999653,1.012073,1.009202
0.997313,1.011103,1.009202,1.003715
1.003705,1.004118,1.003715,0.995626
1.001678,1.008886,0.995626,1.003042
0.997655,0.999322,1.003042,0.993935
0.998993,0.981356,0.993935,0.996271
0.991597,1.006908,0.996271,0.995236
0.998305,0.999314,0.995236,1.0
1.000679,1.0,1.0,1.021197
1.017645,1.000687,1.021197,1.003683
1.007669,1.021269,1.003683,1.012008
1.004302,1.002015,1.012008,1.004285
1.00626,1.00771,1.004285,1.008533
1.016699,1.004657,1.008533,0.982753
0.985829,0.997682,0.982753,0.988411
0.994773,0.989047,0.988411,0.99598
0.984236,0.988255,0.99598,0.993946
1.001668,1.002716,0.993946,1.001692
0.988008,0.993566,1.001692,0.997297
1.001349,1.003067,0.997297,0.990515
0.996633,0.991505,0.990515,1.001026
0.993243,0.998286,1.001026,0.998292
1.00034,0.998284,0.998292,1.006502
1.008501,1.001032,1.006502,1.015641
1.01416,1.01271,1.015641,0.985604
0.991689,0.996608,0.985604,0.986753
0.988937,0.987066,0.986753,1.000344
0.988475,0.991724,1.000344,1.018582
1.021262,1.011822,1.018582,0.989189
0.997649,1.003436,0.989189,0.998292
0.994951,0.998288,0.998292,1.009921
1.002368,1.003774,1.009921,1.026762
1.024637,1.004101,1.026762,1.006269
1.01054,1.031314,1.006269,0.998689
1.002608,0.99901,0.998689,0.999015
1.002926,1.003634,0.999015,0.999671
0.989627,0.985517,0.999671,0.992439
1.004913,1.003006,0.992439,1.035773
1.029661,1.025974,1.035773,0.975056
0.995568,0.971762,0.975056,1.040997
1.012401,1.023714,1.040997,1.011657
1.013819,1.029038,1.011657,0.99564
1.009913,1.010463,0.99564,1.001251
0.992331,0.987135,1.001251,0.98438
0.992581,1.000636,0.98438,1.036814
1.020866,1.0,1.036814,1.009489
1.010982,1.032084,1.009489,0.987568
0.996077,0.996614,0.987568,0.994473
0.999394,0.997529,0.994473,1.012658
0.999091,1.000929,1.012658,1.001829
1.00091,1.005877,1.001829,0.982654
1.020006,0.99016,0.982654,1.004336
0.969688,0.989752,1.004336,1.012643
1.008275,1.008158,1.012643,0.958892
0.998784,0.979458,0.958892,0.975865
0.963177,0.970766,0.975865,1.000976
0.977567,1.003273,1.000976,1.004226
0.999677,0.990538,1.004226,1.000971
1.007436,1.006588,1.000971,1.01423
1.032734,1.012435,1.01423,1.000319
0.986327,1.002586,1.000319,1.002231
0.99811,1.001289,1.002231,1.032125
1.03125,1.014166,1.032125,1.001541
1.009489,1.022222,1.001541,1.006462
1.00849,1.00528,1.006462,0.993886
0.982562,0.984863,0.993886,0.99108
0.990208,1.002196,0.99108,1.031037
1.027503,1.000313,1.031037,0.996388
1.0,1.013767,0.996388,1.001208
1.013534,1.010494,1.001208,1.031382
1.015727,1.015577,1.031382,0.945875
0.995326,0.963008,0.945875,0.9867
0.944819,0.979076,0.9867,0.995298
0.988816,0.983732,0.995298,0.995276
1.003142,1.016213,0.995276,0.981646
0.992797,0.987237,0.981646,0.995487
0.981703,0.986102,0.995487,1.001295
0.997108,1.006883,1.001295,1.00194
0.999033,0.994466,1.00194,1.028405
1.03129,1.008838,1.028405,0.987759
0.994057,1.015899,0.987759,0.997458
0.994965,0.989141,0.997458,0.995221
0.993675,1.001614,0.995221,1.024968
1.021324,1.005803,1.024968,0.980325
0.999065,1.004808,0.980325,1.010194
0.993762,0.997129,1.010194,0.981079
0.998117,0.990723,0.981079,1.0
0.982075,0.998708,1.0,1.002893
1.001921,0.99806,1.002893,1.005128
1.007351,1.007451,1.005128,1.004783
1.007297,1.00836,1.004783,1.003174
1.006299,0.993304,1.003174,0.999367
0.998122,1.010273,0.999367,1.009497
1.008153,1.003178,1.009497,0.994356
0.999689,1.000634,0.994356,0.982655
0.98911,0.984489,0.982655,1.001284
0.99245,1.000643,1.001284,1.026923
1.030745,0.993895,1.026923,0.991573
0.980935,1.019399,0.991573,0.992446
1.004389,0.996511,0.992446,1.003172
0.997191,0.997136,1.003172,1.009169
1.0,1.006384,1.009169,1.015351
1.025039,1.013003,1.015351,1.000926
0.997557,1.007201,1.000926,1.044081
1.04775,1.013366,1.044081,0.998819
0.99182,1.022393,0.998819,1.002365
1.010309,1.005401,1.002365,0.987909
0.986297,0.988063,0.987909,0.964776
0.988767,0.973422,0.964776,1.006498
0.985949,1.000621,1.006498,1.0
1.003032,1.005271,1.0,1.009222
1.012092,0.998149,1.009222,1.028023
1.011051,1.016069,1.028023,1.006519
1.018612,1.025547,1.006519,0.999706
0.99652,0.997331,0.999706,1.027091
1.017462,0.997621,1.027091,1.002867
1.008867,1.030999,1.002867,0.985134
1.017295,0.995953,0.985134,0.998839
0.9699,0.985776,0.998839,0.999128
1.001149,1.003239,0.999128,1.013958
1.001722,0.999119,1.013958,0.995125
0.997708,1.0047,0.995125,0.98415
0.991097,0.990643,0.98415,1.0
0.990438,0.977568,1.0,0.996486
1.010825,1.013587,0.996486,0.964737
0.983792,0.968126,0.964737,0.975023
0.949397,0.943692,0.975023,1.009684
1.019523,1.040104,1.009684,1.018564
1.005775,1.016614,1.018564,1.008809
1.006346,1.015418,1.008809,1.02439
1.024925,1.010629,1.02439,1.00147
1.000879,1.009615,1.00147,1.012034
1.022834,1.016667,1.012034,0.99739
0.995993,0.991511,0.99739,0.978191
0.981322,0.989962,0.978191,1.008621
0.99795,0.995526,1.008621,1.032125
1.029049,1.008388,1.032125,1.004854
1.016823,1.02347,1.004854,0.996874
0.996915,1.013062,0.996874,1.025086
1.021941,1.006304,1.025086,0.996385
1.007157,1.01623,0.996385,1.01228
1.001366,0.99972,1.01228,1.023987
1.026201,1.019058,1.023987,0.994076
1.001596,1.012926,0.994076,0.998646
0.995751,0.99457,0.998646,0.997288
0.989067,0.999181,0.997288,1.001632
1.005123,0.998634,1.001632,1.013304
1.002414,0.987962,1.013304,0.98955
1.005619,1.021324,0.98955,0.979691
0.989356,0.970987,0.979691,0.993643
0.980366,0.989947,0.993643,0.988873
0.976132,0.978279,0.988873,0.958931
0.98932,0.974048,0.958931,0.98416
0.985511,0.98283,0.98416,0.969896
0.962525,0.969578,0.969896,1.012293
0.99431,0.994098,1.012293,1.032483
1.028614,1.035937,1.032483,0.999412
1.006735,1.00905,0.999412,0.97411
0.982548,0.986547,0.97411,1.02386
1.010361,1.007879,1.02386,1.004425
1.004688,1.013229,1.004425,0.997651
0.9965,0.986647,0.997651,0.972917
0.992098,0.990977,0.972917,0.996974
0.980826,0.986343,0.996974,1.000303
0.996992,1.009231,1.000303,0.985437
0.996983,0.982012,0.985437,0.965825
0.986082,0.972369,0.965825,0.999362
0.975146,0.958174,0.999362,1.019139
1.006923,1.034988,1.019139,0.998122
1.001875,1.004185,0.998122,0.985575
0.996881,0.995511,0.985575,1.016863
1.007509,1.006763,1.016863,0.998436
0.999068,1.013436,0.998436,0.989345
1.002487,0.98548,0.989345,1.011403
0.993798,0.993914,1.011403,1.025681
1.027145,1.03126,1.025681,1.011298
1.012151,1.017813,1.011298,0.986413
0.993397,1.002763,0.986413,1.013162
1.006042,1.0,1.013162,1.029003
1.025526,1.021127,1.029003,1.009689
1.01347,1.01949,1.009689,1.011922
1.006357,1.006765,1.011922,0.99454
1.00201,1.006427,0.99454,1.017047
1.016905,1.005806,1.017047,0.994602
1.001691,1.004329,0.994602,0.984861
0.989592,0.987644,0.984861,1.00029
0.98863,1.000582,1.00029,1.013337
1.005463,0.991567,1.013337,0.987124
1.018015,1.009384,0.987124,1.007826
0.981461,1.004648,1.007826,1.002588
1.011734,0.983516,1.002588,0.978772
0.987553,0.999706,0.978772,1.014654
1.001432,1.003235,1.014654,1.02022
1.011156,1.014952,1.02022,1.009909
1.019236,1.010399,1.009909,0.988225
0.998057,1.000858,0.988225,1.028369
1.020022,1.013425,1.028369,0.984
0.992094,0.994081,0.984,1.014858
0.997527,1.014176,1.014858,1.001105
1.0,0.992731,1.001105,0.993102
0.998623,1.006759,0.993102,0.988886
0.993103,0.993007,0.988886,1.012644
1.010556,1.005915,1.012644,1.009711
1.00055,1.00056,1.009711,1.009068
1.015934,1.009236,1.009068,0.998094
0.994862,1.008319,0.998094,1.00191
0.999456,0.991749,1.00191,0.994826
1.0,0.991958,0.994826,1.007391
1.004623,0.994688,1.007391,0.976359
0.992691,0.994941,0.976359,0.996938
0.983092,1.007062,0.996938,0.984366
0.994452,0.986255,0.984366,0.99688
0.988842,0.988339,0.99688,1.0
0.999154,0.995683,1.0,1.00256
1.011293,1.010983,1.00256,0.963394
0.982691,0.968268,0.963394,1.030633
0.994318,0.999114,1.030633,0.955702
1.000857,0.95656,0.955702,0.981758
0.956894,0.995675,0.981758,1.0
0.99105,1.012721,1.0,1.01523
1.010235,0.997243,1.01523,1.011701
1.011919,1.015668,1.011701,1.022539
1.017962,1.020266,1.022539,1.00464
1.015042,1.018085,1.00464,1.001155
0.990311,0.994176,1.001155,0.991638
1.019568,1.006444,0.991638,1.01861
0.990404,1.004948,1.01861,1.000571
1.015389,1.005792,1.000571,0.932382
0.928712,0.938094,0.932382,0.997858
0.994258,0.993247,0.997858,0.975161
0.995441,0.974969,0.975161,1.018868
0.992672,1.001585,1.018868,1.006173
1.010151,1.026582,1.006173,0.99908
1.004263,0.998459,0.99908,1.00522
0.996361,1.001544,1.00522,0.981674
0.998174,0.985203,0.981674,0.970131
0.978659,0.97403,0.970131,1.016036
0.987227,0.999358,1.016036,1.006313
1.008836,0.998393,1.006313,0.984003
1.006569,1.009015,0.984003,0.967804
0.978869,0.95469,0.967804,0.95751
0.962857,0.969586,0.95751,1.009632
0.976591,1.000689,1.009632,1.022828
1.017218,1.007923,1.022828,0.967355
0.998341,0.987013,0.967355,1.033058
0.999003,0.998269,1.033058,0.999667
1.004326,1.031911,0.999667,0.987663
0.986746,0.976807,0.987663,1.009115
1.004365,1.012044,1.009115,0.975912
0.996322,0.980959,0.975912,0.971546
0.978188,0.978856,0.971546,0.989061
0.98422,0.991856,0.989061,1.002497
0.986406,0.981792,1.002497,1.012456
1.012367,1.021455,1.012456,1.003515
0.996859,1.002136,1.003515,0.990193
1.005952,0.99929,0.990193,1.003537
0.992342,0.998934,1.003537,1.027494
1.027008,1.01032,1.027494,0.990395
1.00444,1.013737,0.990395,0.987184
0.984019,0.987144,0.987184,1.004211
0.995853,1.003168,1.004211,1.018519
1.017349,1.005614,1.018519,0.996913
0.998636,1.004187,0.996913,0.999656
0.997268,0.995483,0.999656,0.966609
0.994178,0.979407,0.966609,1.007123
0.981743,1.000713,1.007123,1.004597
1.012281,1.005698,1.004597,1.001408
0.994801,1.000354,1.001408,0.994025
0.991289,0.988673,0.994025,0.998232
1.001054,1.001432,0.998232,1.020191
1.011236,1.009296,1.020191,1.019097
1.024306,1.013107,1.019097,0.998978
1.000678,1.012238,0.998978,1.008527
1.003049,1.004491,1.008527,1.009469
1.020263,1.009972,1.009469,0.99397
0.993049,1.000681,0.99397,1.054264
1.051667,1.009527,1.054264,1.004476
1.002536,1.043815,1.004476,1.008912
1.020866,1.013239,1.008912,0.987697
0.983277,0.989484,0.987697,1.062919
1.048189,1.00934,1.062919,0.901743
0.970553,0.955648,0.901743,1.001333
0.937152,0.998331,1.001333,0.976705
0.99108,0.961204,0.976705,0.969676
0.952333,0.973904,0.969676,0.99754
1.025901,1.001786,0.99754,0.951039
0.966564,0.954708,0.951039,1.005556
0.95976,0.991782,1.005556,1.020994
1.021699,1.022599,1.020994,0.992424
1.009359,1.003683,0.992424,1.023628
1.015692,0.994862,1.023628,1.024858
1.02493,1.038731,1.024858,0.962578
0.996232,0.983665,0.962578,0.9946
0.974209,0.994585,0.9946,0.992761
0.982351,0.97677,0.992761,1.003281
1.009702,1.021553,1.003281,0.984375
0.992171,0.964351,0.984375,1.012182
1.018651,1.028668,1.012182,0.988694
0.971831,0.986065,0.988694,1.011804
1.019928,1.008925,1.011804,1.024426
1.00071,1.022116,1.024426,0.985765
1.00071,0.993869,0.985765,0.994585
0.989003,0.987663,0.994585,0.980762
0.991392,0.988979,0.980762,1.006662
0.989508,1.001857,1.006662,1.000735
1.001828,0.998888,1.000735,1.004776
1.00073,1.001114,1.004776,1.004388
1.007659,1.001483,1.004388,0.982526
0.995295,0.998149,0.982526,0.989255
0.985455,0.985163,0.989255,0.977528
0.985609,0.981175,0.977528,0.98659
0.982778,0.978895,0.98659,0.997282
0.987429,1.000392,0.997282,0.989875
0.988426,0.989028,0.989875,1.013769
1.007416,0.999208,1.013769,0.974777
0.993801,0.993656,0.974777,0.985271
0.983236,0.986034,0.985271,0.993131
0.986915,0.993525,0.993131,1.014239
1.002411,0.996741,1.014239,1.0
1.00481,1.011443,1.0,0.996791
0.993219,0.99596,0.996791,1.021328
1.028112,1.020284,1.021328,0.988968
0.992187,0.988469,0.988968,0.995618
0.98622,0.993966,0.995618,0.988395
0.992016,0.991906,0.988395,1.00081
0.996781,1.00204,1.00081,0.98301
0.995155,0.982492,0.98301,1.006584
0.992292,1.002901,1.006584,1.011038
1.016762,1.01405,1.011038,1.002831
1.005629,1.006927,1.002831,0.997177
0.993603,0.995953,0.997177,1.015366
1.017706,0.999594,1.015366,0.995619
1.000395,1.010569,0.995619,1.02
1.019763,1.007643,1.02,0.995294
0.999225,0.992814,0.995294,1.008668
0.994957,1.008444,1.008668,1.010156
1.008967,1.005183,1.010156,1.014695
1.014297,1.011107,1.014695,1.019436
1.025143,1.018439,1.019436,1.015327
1.036046,1.000385,1.015327,0.981959
0.966643,1.00308,0.981959,0.946382
0.97885,0.957774,0.946382,0.981775
0.966641,0.992385,0.981775,0.998789
0.977647,0.981826,0.998789,0.993939
1.004412,1.011929,0.993939,0.987805
0.982029,0.984959,0.987805,1.037037
1.060187,1.030953,1.037037,0.985714
0.970081,0.991994,0.985714,1.013285
1.00435,1.004439,1.013285,0.988081
0.999606,0.996384,0.988081,1.010856
0.998031,0.999597,1.010856,1.012331
1.009866,1.012908,1.012331,0.983497
0.998828,0.996416,0.983497,1.014383
0.995696,0.999201,1.014383,1.029145
1.033006,1.018,1.029145,0.972445
0.997337,0.994106,0.972445,0.995671
0.975973,0.995257,0.995671,1.01581
1.011333,0.990469,1.01581,1.020623
1.021638,1.026063,1.020623,0.994663
1.019289,1.015631,0.994663,1.00345
0.983302,0.989996,1.00345,0.993506
0.990189,1.007384,0.993506,1.022684
1.020579,1.006944,1.022684,1.00188
1.004108,1.005747,1.00188,1.012758
1.004091,1.001143,1.012758,0.99296
1.007037,1.010654,0.99296,1.036194
1.029055,1.006401,1.036194,0.993878
0.998213,1.026936,0.993878,0.950362
0.963122,0.949362,0.950362,1.040793
1.021933,1.009593,1.040793,1.011722
1.018916,1.031927,1.011722,1.021723
1.016423,1.020258,1.021723,1.014529
1.017211,1.012996,1.014529,0.992316
0.987224,1.000713,0.992316,1.031679
1.028332,1.000356,1.031679,0.970658
0.993878,1.010324,0.970658,0.994376
0.978097,0.989429,0.994376,1.00106
0.997901,1.001068,1.00106,1.012712
1.007363,1.002846,1.012712,0.995119
1.0181,1.010997,0.995119,0.985284
0.984615,0.973684,0.985284,0.987553
0.976042,0.991712,0.987553,0.972632
0.98826,0.977108,0.972632,0.980748
0.964723,0.981406,0.980748,1.007173
1.001119,1.000758,1.007173,1.002249
1.002982,1.001136,1.002249,0.955871
0.987737,0.964448,0.955871,1.007825
0.976298,0.995686,1.007825,1.000776
1.00501,1.008665,1.000776,1.02211
1.01342,1.002343,1.02211,1.009488
1.010216,1.022984,1.009488,0.991729
0.998127,1.0,0.991729,0.992039
0.993246,0.99543,0.992039,1.002675
0.997733,0.990819,1.002675,0.974848
0.984476,0.987259,0.974848,1.005473
0.992308,0.998045,1.005473,0.98717
1.001938,0.990596,0.98717,0.998818
0.982592,0.98932,0.998818,1.027997
1.027165,1.009596,1.027997,1.019946
1.028363,1.039208,1.019946,0.993607
0.991428,0.997332,0.993607,1.028388
1.021429,1.003439,1.028388,1.053
1.065513,1.041508,1.053,0.981475
0.996891,1.016819,0.981475,1.017806
1.000693,1.007192,1.017806,1.022743
1.038781,0.999643,1.022743,0.991447
1.008667,1.028214,0.991447,0.976536
0.973893,0.972907,0.976536,0.991519
0.998643,1.000357,0.991519,1.016393
0.971458,0.983226,1.016393,1.059607
1.059811,1.04029,1.059607,0.977498
1.0,1.025122,0.977498,1.003047
0.993399,0.992852,1.003047,0.959163
0.980066,0.967775,0.959163,0.999648
0.978644,1.001771,0.999648,1.000352
0.995843,0.990806,1.000352,0.963758
0.986087,0.97359,0.963758,0.970427
0.965079,0.972141,0.970427,1.005267
0.987573,0.997738,1.005267,1.024701
1.014064,1.006425,1.024701,0.953981
0.985401,0.967706,0.953981,1.001914
0.985185,1.004269,1.001914,0.990829
0.993985,0.989181,0.990829,0.985345
0.986762,0.991406,0.985345,1.030528
1.009199,0.993302,1.030528,0.969237
0.982909,1.005553,0.969237,0.989812
0.992272,0.992899,0.989812,1.017815
1.005841,1.005959,1.017815,1.012447
1.014324,1.015798,1.012447,0.978871
0.993511,0.986781,0.978871,0.976452
0.991164,0.972419,0.976452,1.003215
0.977907,1.003647,1.003215,0.98117
0.989695,0.985466,0.98117,0.953042
0.980376,0.95084,0.953042,1.00557
0.977533,0.987075,1.00557,1.010652
0.992478,0.990397,1.010652,1.044688
1.043368,1.033936,1.044688,0.980226
0.992333,1.031543,0.980226,0.990119
0.991053,0.980579,0.990119,0.995842
0.999179,1.000421,0.995842,1.018789
1.01232,1.012637,1.018789,1.011066
1.004868,1.00624,1.011066,0.99392
1.005248,1.011575,0.99392,1.001631
0.993574,0.995505,1.001631,0.988599
1.021827,0.991379,0.988599,1.01112
0.977057,0.989648,1.01112,1.007739
1.002024,1.010879,1.007739,0.993533
1.001212,1.004553,0.993533,0.988609
0.998789,0.997116,0.988609,1.002469
0.991919,1.004132,1.002469,0.989327
1.000407,0.990123,0.989327,1.013278
1.003664,1.012884,1.013278,1.023342
1.017444,0.997948,1.023342,1.010804
1.008373,1.027961,1.010804,1.005542
1.006327,1.0016,1.005542,0.995276
1.005108,1.005591,0.995276,1.012658
1.007428,1.0,1.012658,0.997656
1.011253,1.007943,0.997656,0.998434
0.993093,0.997636,0.998434,1.021569
1.01391,1.018167,1.021569,1.028023
1.032774,1.001552,1.028023,1.000747
0.995203,1.030209,1.000747,1.001866
1.01891,1.007519,1.001866,1.004469
0.987263,0.987313,1.004469,0.971079
0.997051,0.984505,0.971079,1.001527
0.991497,1.001919,1.001527,0.979413
0.985459,0.980077,0.979413,0.993772
0.986757,0.992181,0.993772,0.936154
0.939034,0.931836,0.936154,1.012134
0.99755,0.974207,1.012134,0.990492
0.996725,1.036458,0.990492,1.005426
0.998768,0.987437,1.005426,0.98215
0.98602,1.001696,0.98215,1.002113
1.002919,0.99492,1.002113,0.986504
0.990852,0.993191,0.986504,1.021377
1.01175,0.999572,1.021377,1.033487
1.028619,1.028718,1.033487,0.986229
1.002016,1.011667,0.986229,1.0
0.983099,0.993822,1.0,1.013142
1.011461,0.997099,1.013142,1.009323
1.022258,1.019119,1.009323,0.99759
0.992874,1.011011,0.99759,0.989936
0.998405,0.989109,0.989936,0.983327
0.974042,0.96248,0.983327,0.976427
0.99344,1.000424,0.976427,1.008895
0.993397,0.981364,1.008895,0.991604
1.006232,1.016401,0.991604,1.032176
1.010322,1.008493,1.032176,1.0
1.021251,1.014737,1.0,0.997129
0.985194,1.005809,0.997129,0.984369
0.995532,0.982673,0.984369,1.019641
1.003672,1.011755,1.019641,1.010246
1.014634,0.994606,1.010246,0.995538
0.998397,1.021694,0.995538,0.99837
1.00321,0.988975,0.99837,0.990204
0.98,0.993807,0.990204,0.992993
0.989388,0.994599,0.992993,1.007472
1.007426,1.004595,1.007472,1.013597
1.011876,1.006237,1.013597,0.976829
0.986645,0.990083,0.976829,1.038702
1.033634,1.00793,1.038702,1.004808
1.038889,1.022774,1.004808,0.985646
0.965623,0.995142,0.985646,1.014563
1.004747,1.001627,1.014563,0.994418
1.007874,1.011779,0.994418,0.986768
0.978125,0.979526,0.986768,1.000813
0.984824,0.996721,1.000813,1.025579
1.030008,1.018092,1.025579,1.02692
1.030709,1.029483,1.02692,1.005397
1.005348,1.012554,1.005397,0.977761
0.994301,0.98489,0.977761,0.993725
0.975162,0.990559,0.993725,0.992107
0.997257,0.992851,0.992107,0.994829
0.999607,0.9988,0.994829,0.987605
0.983491,0.984782,0.987605,1.002834
0.998801,1.00366,1.002834,1.000404
0.997999,0.997164,1.000404,0.995157
0.99599,0.997968,0.995157,0.984185
0.98752,0.975163,0.984185,0.997116
0.9947,1.007098,0.997116,0.978099
0.989754,0.977197,0.978099,1.005492
0.99089,1.003818,1.005492,0.995798
0.994567,0.996196,0.995798,1.003376
1.012605,1.001273,1.003376,0.996636
0.990041,1.002119,0.996636,0.98903
0.992875,0.986892,0.98903,1.020051
1.010975,1.003428,1.020051,1.000836
1.00167,1.014091,1.000836,1.019223
1.020425,1.009263,1.019223,0.98114
1.004902,0.996662,0.98114,1.009193
0.98374,1.000837,1.009193,0.984679
1.000413,0.968214,0.984679,0.986123
0.988435,1.011231,0.986123,0.987633
0.98412,0.986331,0.987633,1.004318
0.991932,1.001732,1.004318,0.99742
0.997432,0.999568,0.99742,0.999569
1.002575,1.000433,0.999569,0.994825
0.994863,0.990056,0.994825,1.026441
1.021945,1.005677,1.026441,0.993243
0.998737,1.020842,0.993243,0.990646
0.996206,0.985113,0.990646,1.008584
0.994499,0.997409,1.008584,1.014894
1.02,1.011688,1.014894,1.000419
1.004172,1.013265,1.000419,0.997066
0.999585,1.000845,0.997066,0.997058
0.991687,0.993671,0.997058,1.01602
1.010059,1.006369,1.01602,0.985477
1.00083,1.000422,0.985477,0.985263
0.979685,0.983973,0.985263,0.994872
0.996614,0.994856,0.994872,0.990979
0.991083,0.991814,0.990979,0.995665
0.992716,0.997828,0.995665,1.008707
1.013811,0.993034,1.008707,0.984894
0.980843,0.992109,0.984894,1.0
0.992622,1.003093,1.0,0.997809
1.004373,1.002203,0.997809,0.990777
0.992599,0.989451,0.990777,0.99734
0.999561,0.999112,0.99734,1.026667
1.017552,1.000445,1.026667,1.014286
1.011212,1.031111,1.014286,0.996586
1.000853,1.000431,0.996586,0.986724
0.998296,0.987075,0.986724,1.009115
1.003841,1.005674,1.009115,0.996989
0.994473,1.002604,0.996989,1.001294
0.994442,0.996104,1.001294,0.980612
0.996991,0.985224,0.980612,1.001757
0.986632,1.000441,1.001757,0.997807
1.006993,0.999559,0.997807,0.996923
0.989583,0.995589,0.996923,1.021164
1.016667,1.001329,1.021164,1.011226
1.015962,1.016372,1.011226,1.00427
1.002123,1.015237,1.00427,1.007653
1.008898,1.012007,1.007653,1.005063
1.00084,1.001695,1.005063,1.003359
1.005036,1.002538,1.003359,0.999163
1.001253,1.001688,0.999163,0.999581
1.002502,1.001685,0.999581,1.004608
1.009983,1.002523,1.004608,0.988324
0.997117,0.993708,0.988324,0.996624
0.987195,0.990291,0.996624,1.0
0.996653,1.001279,1.0,1.001693
0.995382,1.002129,1.001693,1.009298
1.016027,1.00085,1.009298,0.998744
0.99834,1.006791,0.998744,1.0
