0.99886,1.007051,1.013986,0.970115
0.992009,0.982497,0.970115,0.976303
0.978136,0.973872,0.976303,1.006068
0.984706,0.997561,1.006068,1.0
1.014337,0.996333,1.0,1.020507
0.997644,1.009816,1.020507,1.030733
1.046045,1.0,1.030733,1.011468
1.009029,1.053463,1.011468,1.021542
1.011186,1.013841,1.021542,1.085461
1.085177,1.028441,1.085461,0.989775
0.997961,1.048673,0.989775,0.974174
1.00715,0.978903,0.974174,1.009544
0.988844,1.008621,1.009544,0.977941
0.977436,0.973291,0.977941,0.991407
0.98531,1.007684,0.991407,0.941495
0.98935,0.931373,0.941495,0.982739
0.942949,0.97193,0.982739,1.004684
0.990868,1.01444,1.004684,0.982517
0.996544,0.991696,0.982517,0.927639
0.976879,0.930622,0.927639,1.012788
0.966864,1.010283,1.012788,1.020202
0.991432,0.984733,1.020202,1.006188
1.009877,1.031008,1.006188,0.98278
0.99022,0.987469,0.98278,1.010013
1.009877,1.008883,1.010013,1.02974
1.061125,1.006289,1.02974,0.98556
0.963134,1.01125,0.98556,0.995116
0.991627,1.004944,0.995116,1.004908
0.996381,1.00246,1.004908,1.002442
1.002421,1.001227,1.002442,0.980512
0.991546,0.968137,0.980512,1.008696
0.990256,1.001266,1.008696,1.039409
1.098401,1.053097,1.039409,0.994076
0.957447,0.989196,0.994076,1.005959
0.991813,1.008495,1.005959,0.990521
1.002358,1.0,0.990521,1.02512
1.017647,0.998797,1.02512,0.95916
0.989595,0.985542,0.95916,1.007299
0.971963,1.001222,1.007299,0.997585
1.0,1.003663,0.997585,0.991525
0.990385,0.985401,0.991525,0.98779
0.997573,0.988889,0.98779,0.997528
0.989051,0.995006,0.997528,1.0
1.0,1.0,1.0,0.976456
0.98278,0.979925,0.976456,1.001269
0.994994,1.00128,1.001269,1.020279
1.015094,1.007673,1.020279,0.995031
1.004957,1.01269,0.995031,1.001248
0.993835,0.996241,1.001248,1.003741
0.998759,1.002516,1.003741,0.98882
1.001242,0.997491,0.98882,1.015075
1.016129,1.002516,1.015075,0.987624
0.986569,0.994981,0.987624,1.003759
0.992574,1.001261,1.003759,1.021223
1.022444,1.007557,1.021223,0.997555
1.012195,1.01875,0.997555,0.990196
0.983133,0.985276,0.990196,1.006188
1.001225,1.002491,1.006188,0.99754
0.997552,1.002484,0.99754,0.996301
0.997546,0.995043,0.996301,0.99505
0.99385,0.996264,0.99505,0.986318
0.992574,0.98875,0.986318,1.011349
1.0,1.001264,1.011349,0.990025
1.003741,0.997475,0.990025,1.013854
1.002484,0.998734,1.013854,0.997516
1.003717,1.011407,0.997516,0.993773
0.993827,0.994987,0.993773,0.996241
0.992547,0.997481,0.996241,0.940881
0.988736,0.934343,0.940881,0.985294
0.953165,0.97973,0.985294,1.013569
0.992032,1.008276,1.013569,0.981258
0.997323,1.001368,0.981258,0.972715
0.993289,0.956284,0.972715,0.997195
0.97027,1.008571,0.997195,0.998594
0.991643,0.985836,0.998594,0.988732
0.994382,1.001437,0.988732,0.995726
1.001412,0.997131,0.995726,0.985694
0.987306,0.969784,0.985694,1.008708
0.995714,0.994065,1.008708,1.03741
1.044476,1.007463,1.03741,0.9681
1.0,1.032593,0.9681,0.988539
0.953297,0.97274,0.988539,0.985507
1.002882,0.982301,0.985507,0.986765
0.997126,1.001502,0.986765,1.0
0.979827,0.997001,1.0,1.0
1.0,1.0,1.0,1.017884
1.013235,1.010526,1.017884,0.945827
0.985486,0.959821,0.945827,1.010836
0.970545,0.978295,1.010836,1.003063
1.00607,1.017433,1.003063,0.970992
0.993967,0.989097,0.970992,0.992138
0.962064,0.96063,0.992138,1.033281
1.029968,1.040984,1.033281,0.972393
0.992343,0.998425,0.972393,1.004732
0.996914,0.996845,1.004732,1.009419
0.998452,0.996835,1.009419,1.004666
1.009302,1.015873,1.004666,0.962848
0.989247,0.970312,0.962848,0.983923
0.968944,0.980676,0.983923,1.004902
0.985577,0.995074,1.004902,0.990244
1.00813,1.0033,0.990244,1.0
0.987097,0.990132,1.0,0.968801
0.980392,0.978405,0.968801,0.99661
0.988333,0.988115,0.99661,1.027211
1.021922,1.005155,1.027211,0.993377
1.00165,1.017094,0.993377,0.998333
1.0,1.001681,0.998333,0.998331
1.0,1.001678,0.998331,0.989967
0.995058,0.98995,0.989967,1.023649
1.008278,0.98308,1.023649,0.99835
0.996716,1.034423,0.99835,0.985124
0.991763,0.983361,0.985124,0.97651
0.981728,0.974619,0.97651,0.991409
0.986464,0.991319,0.991409,0.987868
0.993139,0.998249,0.987868,0.985965
1.017271,0.984211,0.985965,1.012456
0.971138,0.97148,1.012456,1.001757
1.008741,1.031193,1.001757,1.008772
1.006932,1.003559,1.008772,0.994783
0.989673,0.989362,0.994783,1.022727
1.026087,1.014337,1.022727,1.0
0.99322,1.021201,1.0,0.989744
1.001706,0.99827,0.989744,1.01209
1.008518,0.994801,1.01209,1.051195
1.045608,1.019164,1.051195,0.998377
1.004847,1.039316,0.998377,1.004878
0.996785,1.0,1.004878,0.967638
0.996774,0.978618,0.967638,1.0
0.972492,0.989916,1.0,1.013378
1.013311,1.001698,1.013378,1.019802
1.01642,1.028814,1.019802,0.995146
1.008078,1.009885,0.995146,1.006504
0.998397,1.001631,1.006504,0.993538
0.998395,0.995114,0.993538,1.022764
1.012862,1.00491,1.022764,0.987281
1.006349,1.011401,0.987281,1.012882
0.998423,0.990338,1.012882,1.011129
1.006319,1.017886,1.011129,0.987421
0.99686,0.996805,0.987421,1.020701
1.012598,0.998397,1.020701,0.981279
0.99689,1.008026,0.981279,0.995231
0.981279,0.980892,0.995231,0.992013
0.99682,1.0,0.992013,1.012882
1.004785,1.0,1.012882,0.99682
1.001587,1.012987,0.99682,0.987241
1.017433,0.988782,0.987241,1.001616
0.97352,0.993517,1.001616,0.972581
0.9872,0.973899,0.972581,1.011609
0.990276,1.0067,1.011609,1.02459
1.026187,1.014975,1.02459,1.008
1.009569,1.019672,1.008,1.0
1.00316,1.004823,1.0,0.996825
0.995276,0.9968,0.996825,0.97293
0.995253,0.979133,0.97293,0.996727
0.977742,0.993443,0.996727,1.004926
1.003252,1.00165,1.004926,0.977124
0.988655,0.985173,0.977124,1.001672
0.991803,0.994983,1.001672,1.0
0.991736,0.996639,1.0,1.013356
1.013333,1.011804,1.013356,0.98682
0.996711,0.993333,0.98682,0.986644
0.993399,0.986577,0.986644,1.003384
0.991694,1.003401,1.003384,0.994941
0.99665,0.99322,0.994941,1.023729
1.020168,1.010239,1.023729,1.001656
1.004942,1.011824,1.001656,0.990083
0.991803,0.996661,0.990083,0.984975
0.996694,0.984925,0.984975,1.0
0.985075,0.989796,1.0,1.005085
1.001684,1.008591,1.005085,0.991568
1.0,0.993186,0.991568,0.986395
0.988235,0.991424,0.986395,0.993103
0.998299,0.987889,0.993103,0.993056
0.988075,0.996497,0.993056,0.996503
0.991379,0.994728,0.996503,1.003509
1.0,1.007067,1.003509,1.005245
1.003478,1.005263,1.005245,0.987826
0.996534,0.989529,0.987826,0.994718
0.993043,0.994709,0.994718,1.015929
1.005254,0.998227,1.015929,1.019164
1.02439,1.021314,1.019164,1.023932
1.02381,1.017391,1.023932,1.008347
1.006645,1.017094,1.008347,1.029801
1.044554,1.008403,1.029801,0.991961
1.004739,1.021667,0.991961,1.047002
1.018868,1.003263,1.047002,1.03096
1.058642,1.069919,1.03096,0.995495
0.969388,0.986322,0.995495,1.001508
1.007519,0.995378,1.001508,0.971386
0.989552,0.98452,0.971386,0.987597
0.969834,0.992138,0.987597,1.034537
1.026439,1.011094,1.034537,0.983308
1.004545,1.010972,0.983308,0.969136
0.968326,0.968992,0.969136,1.011146
0.989097,0.9968,1.011146,1.001575
1.015748,1.011236,1.001575,1.006289
1.0,1.004762,1.006289,0.990625
0.993798,0.993681,0.990625,0.998423
1.00468,1.00318,0.998423,1.011058
0.995342,1.0,1.011058,1.021875
1.021841,1.014263,1.021875,1.007645
1.010687,1.020312,1.007645,0.99393
1.004532,0.998469,0.99393,0.980153
0.983459,0.981595,0.980153,0.993769
0.986239,0.992187,0.993769,0.945141
1.00155,0.940157,0.945141,1.001658
0.942724,0.991625,1.001658,0.976821
1.0,0.993243,0.976821,0.984746
0.972085,0.984694,0.984746,1.006885
0.994932,1.003454,1.006885,1.0
0.998302,0.989673,1.0,1.015385
1.027211,1.006957,1.015385,0.968013
0.980132,0.982729,0.968013,1.013913
0.986486,1.00703,1.013913,1.010292
1.013699,1.017452,1.010292,0.989813
1.0,0.994854,0.989813,1.010292
1.001689,1.001724,1.010292,0.976231
0.993255,0.979346,0.976231,1.001739
0.981324,1.001757,1.001739,1.001736
1.010381,1.010526,1.001736,0.998267
0.991438,0.994792,0.998267,0.993056
0.998273,0.993019,0.993056,1.008741
1.00173,0.991213,1.008741,0.991334
1.001727,1.010638,0.991334,0.996503
0.991379,0.994737,0.996503,1.003509
0.996522,0.998236,1.003509,1.019231
1.020942,1.008834,1.019231,0.998285
1.001709,1.014011,0.998285,0.994845
1.0,0.996546,0.994845,0.993092
0.991468,0.996534,0.993092,1.003478
0.994836,0.996522,1.003478,0.982669
1.00173,0.977312,0.982669,1.012346
0.991364,1.005357,1.012346,0.989547
1.001742,1.005329,0.989547,0.996479
0.993043,0.992933,0.996479,0.992933
0.996497,0.996441,0.992933,0.985765
0.994728,0.983929,0.985765,0.99639
0.984099,0.99274,0.99639,1.003623
0.994614,1.005484,1.003623,0.994585
1.001805,0.998182,0.994585,1.010889
1.005405,1.005464,1.010889,1.008977
1.008961,1.005435,1.008977,0.996441
0.998224,1.003604,0.996441,0.996429
1.001779,1.0,0.996429,1.016129
1.023091,0.994614,1.016129,0.984127
0.986111,1.00361,0.984127,1.003584
0.987676,0.992806,1.003584,1.007143
1.008913,1.012681,1.007143,1.003546
1.0053,1.005367,1.003546,0.984099
0.994728,0.989324,0.984099,0.976661
0.984099,0.976619,0.976661,0.994485
0.974865,0.992634,0.994485,1.014787
1.01105,1.001855,1.014787,0.969035
0.996357,0.983333,0.969035,1.005639
0.992687,0.996234,1.005639,1.0
1.0,1.0,1.0,0.996262
0.987109,0.992439,0.996262,1.003752
1.0,1.013333,1.003752,1.011215
1.009328,0.994361,1.011215,1.0
1.0,1.013233,1.0,1.009242
1.014787,1.003731,1.009242,1.0
1.001821,1.009294,1.0,0.983516
0.992727,0.98895,0.983516,1.014898
1.0,0.994413,1.014898,1.00367
1.005495,1.014981,1.00367,1.065814
1.081967,1.04428,1.065814,0.979417
0.979798,1.0053,0.979417,1.003503
0.986254,0.996485,1.003503,1.001745
1.003484,1.007055,1.001745,0.986063
0.994792,0.987741,0.986063,1.0053
0.993019,0.994681,1.0053,0.97188
1.001757,0.983957,0.97188,1.003617
0.975439,0.996377,1.003617,1.005405
1.005396,1.001818,1.005405,1.003584
1.003578,1.009074,1.003584,1.010714
1.008913,1.0,1.010714,0.998233
1.003534,1.010791,0.998233,0.99646
0.992958,0.991103,0.99646,1.001776
1.012411,1.005386,1.001776,1.010638
1.0,1.003571,1.010638,1.010526
1.017513,1.014235,1.010526,0.996528
0.996558,1.001754,0.996528,0.996516
0.998273,1.0,0.996516,0.987762
0.991349,0.985989,0.987762,0.989381
0.989529,0.991119,0.989381,0.998211
0.985891,0.994624,0.998211,0.982079
0.996422,0.972973,0.982079,1.0
1.0,1.0,1.0,0.998175
0.996409,1.009259,0.998175,1.007313
0.996396,1.005505,1.007313,1.005445
1.003617,0.998175,1.005445,0.98917
0.998198,0.994516,0.98917,1.009124
0.998195,1.003676,1.009124,0.994575
1.0,1.003663,0.994575,1.010909
1.009042,1.001825,1.010909,1.0
1.0,1.009107,1.0,1.001799
1.005376,0.994585,1.001799,1.017953
1.023173,1.00726,1.017953,0.985891
0.993031,1.003604,0.985891,1.001789
0.984211,0.992819,1.001789,1.007143
1.012478,1.005425,1.007143,1.001773
1.003521,1.010791,1.001773,1.00177
0.994737,0.998221,1.00177,1.003534
1.008818,1.00713,1.003534,1.019366
1.031469,0.99646,1.019366,1.013817
0.998305,1.017762,1.013817,0.991482
1.0,1.00349,0.991482,0.994845
0.986418,0.996522,0.994845,0.996546
0.998279,1.0,0.996546,0.979203
0.991379,0.984293,0.979203,1.00354
0.989565,1.0,1.00354,1.005291
1.00703,1.005319,1.005291,1.003509
1.006981,1.0,1.003509,0.984266
0.991334,0.991182,0.984266,0.987567
0.98951,0.983986,0.987567,0.991007
0.987633,0.990958,0.991007,0.990926
0.991055,0.994526,0.990926,1.007326
0.99278,0.99633,1.007326,1.02
1.034545,1.012891,1.02,0.987522
0.996485,1.001818,0.987522,1.0
0.989418,0.998185,1.0,1.001805
0.994652,1.0,1.001805,0.998198
1.001792,1.001818,0.998198,1.001805
1.005367,1.00363,1.001805,0.990991
0.991103,0.987342,0.990991,0.983636
0.982047,0.989011,0.983636,1.005545
0.994516,0.994444,1.005545,0.985294
0.998162,0.996276,0.985294,1.003731
0.994475,0.996262,1.003731,1.0
1.0,1.0,1.0,0.994424
1.003704,1.001876,0.994424,0.998131
0.990775,0.996255,0.998131,0.970037
0.996276,0.968045,0.970037,0.992278
0.968224,0.986408,0.992278,0.984436
0.992278,0.996063,0.984436,1.001976
1.003891,0.994071,1.001976,1.001972
0.992248,1.005964,1.001972,0.992126
0.996094,0.994071,0.992126,1.009921
1.001961,1.001988,1.009921,1.001965
0.998043,1.001984,1.001965,0.976471
0.994118,0.982178,0.976471,1.008032
0.99211,1.004032,1.008032,1.005976
1.003976,1.002008,1.005976,1.0
1.00198,1.0,1.0,0.988119
0.998024,1.0,0.988119,1.006012
0.994059,0.995992,1.006012,0.994024
0.996016,0.995976,0.994024,1.006012
1.01,1.00404,1.006012,0.992032
0.99604,1.002012,0.992032,0.957831
0.986083,0.953815,0.957831,0.993711
0.971774,0.995789,0.993711,0.983122
0.985477,0.970402,0.983122,0.997854
0.983158,1.004357,0.997854,0.991398
1.0,0.993492,0.991398,1.013015
1.0,0.991266,1.013015,1.017131
1.021413,1.017621,1.017131,1.0
1.002096,1.019481,1.0,0.995789
0.993724,0.997877,0.995789,0.987315
1.0,0.989362,0.987315,1.008565
0.997895,1.0,1.008565,1.012739
1.014768,1.006452,1.012739,1.020964
1.012474,1.017094,1.020964,1.00616
1.008214,1.016807,1.00616,1.0
1.0,1.0,1.0,0.995918
1.0,1.006198,0.995918,1.0
0.995927,0.989733,1.0,0.977459
0.97955,0.979253,0.977459,0.979036
0.993737,0.983051,0.979036,1.008565
0.993697,1.00431,1.008565,1.0
1.002114,1.004292,1.0,0.997877
0.995781,0.995726,0.997877,0.993617
0.997881,0.997854,0.993617,0.987152
0.987261,0.989247,0.987152,0.995662
1.0,0.993478,0.995662,0.997821
0.991398,1.0,0.997821,1.00655
1.002169,1.004376,1.00655,0.976139
0.997835,0.978214,0.976139,1.004444
0.984816,0.991091,1.004444,0.997788
0.997797,1.004494,0.997788,0.993348
0.995585,1.0,0.993348,1.002232
1.0,0.991051,1.002232,1.008909
1.006652,1.006772,1.008909,0.984547
0.991189,0.993274,0.984547,0.995516
0.993333,0.997743,0.995516,1.002252
1.002237,1.006787,1.002252,0.975281
0.977679,0.973034,0.975281,0.953917
0.988584,0.935335,0.953917,1.002415
0.960739,1.0,1.002415,1.0
1.03125,1.019753,1.0,1.016867
0.997669,0.987893,1.016867,1.011848
1.011682,1.029412,1.011848,1.009368
0.995381,1.002381,1.009368,0.988399
1.0,1.009501,0.988399,1.0
0.993039,0.995294,1.0,0.978873
0.995327,0.981087,0.978873,0.995204
0.978873,0.985542,0.995204,0.990361
1.0,1.002445,0.990361,1.019465
1.01199,1.004878,1.019465,1.002387
1.004739,1.014563,1.002387,1.019048
1.014151,1.004785,1.019048,0.997664
0.997674,1.011905,0.997664,0.983607
0.990676,0.983529,0.983607,0.995238
1.0,0.997608,0.995238,1.002392
0.990588,0.995204,1.002392,0.997613
1.004751,1.00241,0.997613,0.990431
0.992908,0.990385,0.990431,0.987923
0.980952,0.985437,0.987923,0.997555
0.995146,1.0,0.997555,1.014706
1.009756,1.004926,1.014706,0.992754
1.002415,1.004902,0.992754,1.004866
0.99759,1.0,1.004866,0.987893
0.990338,0.987805,0.987893,1.009804
1.004878,1.002469,1.009804,0.995146
1.002427,1.007389,0.995146,1.002439
1.0,1.002445,1.002439,0.987835
0.992736,0.987805,0.987835,1.004926
0.997561,0.997531,1.004926,1.022059
1.022005,1.002475,1.022059,0.973621
0.990431,1.0,0.973621,0.995074
0.978261,0.985185,0.995074,0.987624
1.0,0.997494,0.987624,1.007519
0.997531,1.005025,1.007519,0.992537
1.0,0.995,0.992537,0.982456
0.987624,0.982412,0.982456,0.997449
0.989975,0.994885,0.997449,1.005115
1.0,1.005141,1.005115,1.007634
1.025316,1.01023,1.007634,1.022727
1.0,0.992405,1.022727,1.004938
1.017284,1.02551,1.004938,0.995086
0.987864,1.0,0.995086,1.002469
1.002457,1.004975,1.002469,0.975369
0.990196,0.980198,0.975369,1.002525
0.992574,1.0,1.002525,0.982368
0.992519,0.979798,0.982368,0.994872
0.987437,0.994845,0.994872,1.020619
1.007634,1.0,1.020619,1.015152
1.017677,1.015544,1.015152,1.002488
1.007444,1.017857,1.002488,1.004963
1.002463,1.010025,1.004963,1.012346
1.009828,1.009926,1.012346,0.990244
1.0,0.992629,0.990244,0.997537
0.992701,0.99505,0.997537,1.014815
1.007353,0.995025,1.014815,1.007299
1.019465,1.025,1.007299,1.002415
0.997613,1.007317,1.002415,0.99759
0.997608,0.997579,0.99759,1.004831
1.002398,0.995146,1.004831,0.997596
0.995215,1.002439,0.997596,1.007229
1.009615,0.997567,1.007229,0.990431
1.0,1.004878,0.990431,1.009662
1.0,1.007282,1.009662,0.997608
0.997619,1.0,0.997608,0.98801
1.002387,0.987952,0.98801,0.987864
0.983333,0.990244,0.987864,0.982801
0.98063,0.982759,0.982801,1.0025
0.995062,1.0,1.0025,1.002494
1.0,0.997494,1.002494,0.992537
1.0,1.0,0.992537,0.997494
0.995037,0.992462,0.997494,1.0
1.002494,1.002532,1.0,0.997487
0.997512,0.997475,0.997487,1.010076
1.0,1.007595,1.010076,0.975062
1.0,0.977387,0.975062,1.015345
1.002494,1.017995,1.015345,0.994962
0.995025,0.982323,0.994962,1.0
0.99,1.005141,1.0,1.007595
1.007576,1.002558,1.007595,1.007538
1.005013,1.012755,1.007538,0.995012
1.004988,1.0,0.995012,0.994987
0.992556,0.994962,0.994987,1.007557
1.0075,1.0,1.007557,1.0225
1.01737,1.005063,1.0225,1.0
1.002439,1.02267,1.0,0.97555
0.997567,0.980296,0.97555,1.007519
0.980488,0.987437,1.007519,0.985075
0.997512,0.994911,0.985075,0.994949
0.997506,1.002558,0.994949,0.997462
0.995,1.0,0.997462,0.977099
0.984925,0.971939,0.977099,1.002604
0.989796,1.0,1.002604,1.005195
1.002577,1.002625,1.005195,0.984496
0.994859,0.994764,0.984496,0.992126
0.98708,0.981579,0.992126,1.010582
1.005236,1.002681,1.010582,0.994764
1.0,1.002674,0.994764,1.0
1.002604,1.010667,1.0,0.992105
1.0,0.992084,0.992105,1.005305
0.987013,0.992021,1.005305,1.026385
1.023684,1.010724,1.026385,1.025707
1.030848,1.023873,1.025707,0.989975
0.997506,1.018135,0.989975,0.992405
0.995,0.994911,0.992405,0.984694
0.98995,0.982097,0.984694,1.0
0.98731,0.994792,1.0,1.033679
1.025707,1.002618,1.033679,0.989975
1.007519,1.031332,0.989975,1.017722
1.002488,0.997468,1.017722,1.004975
1.002481,1.01269,1.004975,0.982673
1.00495,0.994987,0.982673,1.002519
0.985222,0.994962,1.002519,0.984925
0.995,0.987342,0.984925,1.007653
0.994975,1.002564,1.007653,1.010127
1.012626,1.005115,1.010127,1.002506
1.002494,1.012723,1.002506,0.975
0.99005,0.977387,0.975,1.015385
0.997487,0.994859,1.015385,1.002525
1.007557,1.015504,1.002525,1.010076
1.005,1.007634,1.010076,0.995012
1.0,1.002525,0.995012,0.984962
0.995025,0.987406,0.984962,1.017812
1.005,1.002551,1.017812,1.0025
1.0,1.010178,1.0025,0.997506
1.0,1.0,0.997506,1.0
1.004975,1.005038,1.0,1.005
0.99505,0.994987,1.005,1.014925
1.017413,1.005038,1.014925,1.004902
1.00978,1.017544,1.004902,1.009756
1.004843,1.002463,1.009756,1.012077
1.028916,1.017199,1.012077,1.0
0.98829,0.997585,1.0,0.97136
0.983412,0.983051,0.97136,1.004914
0.992771,0.997537,1.004914,1.012225
1.007282,1.007407,1.012225,1.0
1.007229,1.012255,1.0,0.985507
0.990431,0.985472,0.985507,1.0
0.995169,0.987715,1.0,1.002451
0.997573,1.014925,1.002451,1.007335
1.002433,1.002451,1.007335,0.997573
1.004854,0.997555,0.997573,1.012165
1.004831,1.004902,1.012165,0.96875
1.002404,0.978049,0.96875,0.987593
0.971223,0.990025,0.987593,1.012563
0.997531,0.994962,1.012563,1.0
1.0,1.012658,1.0,0.985112
0.99505,0.9925,0.985112,1.010076
0.997512,1.0,1.010076,0.997506
1.0,1.0,0.997506,0.9875
0.995012,0.992443,0.9875,0.994937
0.992481,0.992386,0.994937,0.997455
0.997475,0.997442,0.997455,0.979592
0.992405,0.982051,0.979592,1.0
1.0,1.0,1.0,0.984375
0.977041,0.981723,0.984375,1.018519
1.005222,1.005319,1.018519,0.994805
1.0,1.002646,0.994805,1.007833
1.033766,1.005277,1.007833,1.002591
0.974874,0.997375,1.002591,1.0
1.0,1.005263,1.0,1.010336
1.007732,1.005236,1.010336,1.0
1.005115,1.013021,1.0,1.005115
1.007634,0.997429,1.005115,0.992366
1.0,1.002577,0.992366,1.010256
0.997475,0.997429,1.010256,0.997462
0.997468,1.007732,0.997462,1.007634
1.005076,1.0,1.007634,0.992424
1.002525,1.002558,0.992424,0.997455
0.997481,0.984694,0.997455,1.005102
0.997475,1.007772,1.005102,1.0
1.005063,1.010283,1.0,0.994924
0.997481,0.992366,0.994924,1.017857
1.012626,1.007692,1.017857,0.994987
1.0,1.002545,0.994987,1.0
0.992519,1.0,1.0,0.992443
0.994975,0.997462,0.992443,0.997462
0.997475,0.997455,0.997462,0.984733
0.994937,0.982143,0.984733,1.002584
0.989822,1.002597,1.002584,1.0
1.0,0.997409,1.0,1.002577
1.002571,1.005195,1.002577,0.969152
0.974359,0.963824,0.969152,0.997347
0.997368,1.005362,0.997347,1.018617
1.026385,0.997333,1.018617,1.015666
1.025707,1.010695,1.015666,0.989717
0.972431,1.005291,0.989717,1.002597
1.0,1.005263,1.002597,0.987047
0.992268,0.994764,0.987047,0.994751
0.994805,0.997368,0.994751,0.994723
0.992167,0.992084,0.994723,1.005305
1.002632,0.994681,1.005305,1.010554
1.007874,1.010695,1.010554,0.997389
1.0,1.007937,0.997389,0.992147
0.994792,0.992126,0.992147,1.002639
0.997382,1.0,1.002639,0.978947
0.989501,0.984127,0.978947,1.008065
1.002653,1.0,1.008065,1.010667
1.018519,1.005376,1.010667,0.986807
0.992208,1.0,0.986807,1.0
0.986911,0.994652,1.0,1.002674
0.997347,0.997312,1.002674,1.0
0.99734,0.997305,1.0,1.005333
1.008,1.008108,1.005333,0.994695
0.997354,1.0,0.994695,1.002667
1.0,1.0,1.002667,1.010638
1.01061,1.008043,1.010638,1.002632
1.002625,1.005319,1.002632,1.005249
1.005236,1.002646,1.005249,0.989556
1.0,0.997361,0.989556,0.989446
0.992188,0.989418,0.989446,1.010667
0.994751,0.994652,1.010667,0.997361
1.005277,1.013441,0.997361,0.984127
0.994751,0.986737,0.984127,1.005376
0.989446,0.989247,1.005376,0.986631
1.005333,1.0,0.986631,1.01626
0.997347,1.002717,1.01626,1.0
1.00266,1.00813,1.0,0.986667
0.994695,0.991935,0.986667,1.008108
0.994667,1.0,1.008108,0.978552
0.997319,0.97561,0.978552,0.991781
0.983871,1.0,0.991781,0.994475
0.991803,0.994444,0.994475,1.0
0.997245,0.994413,1.0,0.991667
0.997238,1.0,0.991667,0.97479
0.99169,0.974719,0.97479,1.008621
0.988827,0.997118,1.008621,0.991453
0.988701,0.991329,0.991453,1.002874
1.002857,1.002915,1.002874,0.991404
0.994302,1.002907,0.991404,0.985549
0.988539,0.988406,0.985549,1.005865
0.997101,0.997067,1.005865,0.997085
1.0,1.002941,0.997085,1.0
1.0,1.0,1.0,1.002924
0.997093,1.0,1.002924,0.985423
1.002915,0.991202,0.985423,0.997041
0.985465,0.988166,0.997041,1.011869
1.0059,1.008982,1.011869,1.01173
1.029326,1.002967,1.01173,0.994203
0.982906,1.005917,0.994203,1.005831
1.0,1.0,1.005831,1.0
1.002899,1.005882,1.0,0.994203
1.0,1.0,0.994203,1.017493
1.014451,0.997076,1.017493,0.997135
0.997151,1.008798,0.997135,0.979885
0.988571,0.991279,0.979885,1.0
0.991329,0.991202,1.0,0.98827
0.994169,0.997041,0.98827,0.997033
0.994135,0.997033,0.997033,1.002976
0.9941,0.997024,1.002976,1.008902
1.011869,1.0,1.008902,1.002941
1.002933,1.01194,1.002941,0.98827
0.997076,0.99115,0.98827,1.008902
1.002933,1.0,1.008902,0.985294
0.991228,0.994048,0.985294,0.970149
0.988201,0.97006,0.970149,1.006154
0.979104,0.993827,1.006154,0.990826
1.003049,1.003106,0.990826,0.996914
0.987842,0.993808,0.996914,1.003096
1.0,1.0,1.003096,1.0
1.003077,1.003115,1.0,0.987654
0.993865,0.990683,0.987654,0.996875
0.987654,0.99373,0.996875,1.009404
1.009375,1.003155,1.009404,1.031056
1.037152,1.015723,1.031056,0.996988
0.991045,1.018576,0.996988,0.987915
0.996988,0.990881,0.987915,1.003058
0.996979,0.996933,1.003058,0.993902
0.99697,1.003077,0.993902,1.0
1.0,1.0,1.0,0.981595
0.993921,0.978528,0.981595,1.0
0.981651,0.996865,1.0,1.003125
1.0,1.0,1.003125,0.984424
1.0,0.987421,0.984424,1.0
0.987539,0.996815,1.0,0.990506
0.993691,0.99361,0.990506,1.0
1.003175,1.003215,1.0,0.99361
0.990506,0.99359,0.99361,1.012862
1.009585,0.996774,1.012862,1.003175
1.0,1.012945,1.003175,0.990506
1.003165,1.0,0.990506,1.015974
1.006309,1.0,1.015974,1.012579
1.018809,1.00639,1.012579,0.987578
0.987692,1.006349,0.987578,1.003145
1.0,0.996845,1.003145,0.987461
0.993769,0.990506,0.987461,1.003175
0.99373,1.0,1.003175,1.006329
1.003155,1.00639,1.006329,1.018868
1.022013,1.006349,1.018868,0.996914
0.993846,1.009464,0.996914,1.0
1.0,1.0,1.0,1.0
1.012384,1.00625,1.0,1.009288
0.996942,0.996894,1.009288,1.0
1.021472,1.009346,1.0,0.97546
0.984985,0.975309,0.97546,1.006289
0.987805,1.003165,1.006289,0.996875
0.996914,1.003155,0.996875,1.015674
1.003096,1.0,1.015674,1.009259
1.015432,1.015723,1.009259,1.006116
1.0,1.003096,1.006116,0.990881
1.0,1.003086,0.990881,0.993865
0.990881,0.990769,0.993865,1.0
0.993865,1.0,1.0,0.978395
0.993827,0.984472,0.978395,1.003155
0.987578,0.993691,1.003155,1.0
1.003145,1.003175,1.0,0.984277
0.996865,0.990506,0.984277,1.00639
0.990566,1.0,1.00639,0.987302
1.0,0.990415,0.987302,0.996785
0.990476,0.990323,0.996785,1.003226
1.0,1.006515,1.003226,1.006431
1.00641,1.006472,1.006431,1.009585
1.006369,1.0,1.009585,0.987342
1.0,1.0,0.987342,1.00641
0.996835,1.0,1.00641,0.996815
0.996825,1.003215,0.996815,0.98722
0.993631,0.987179,0.98722,0.990291
0.987179,0.987013,0.990291,1.0
1.006494,1.0,1.0,1.009804
1.003226,1.003289,1.009804,0.993528
0.996785,1.003279,0.993528,1.009772
1.003226,0.996732,1.009772,1.029032
1.03537,1.009836,1.029032,0.996865
0.990683,1.022727,0.996865,1.015723
1.012539,1.003175,1.015723,1.006192
1.009288,1.018987,1.006192,0.984615
0.993865,0.990683,0.984615,1.00625
0.996914,1.003135,1.00625,0.993789
1.006192,1.0,0.993789,1.028125
1.021538,0.99375,1.028125,1.015198
1.021084,1.040881,1.015198,0.994012
0.99115,1.0,0.994012,1.0
0.994048,0.996979,1.0,1.0
0.997006,0.99697,1.0,1.0
1.009009,1.006079,1.0,1.0
0.994048,0.996979,1.0,1.018072
1.01497,1.0,1.018072,1.0
1.00295,1.018182,1.0,0.994083
1.0,0.997024,0.994083,1.008929
0.997059,0.997015,1.008929,1.00885
1.00885,1.011976,1.00885,1.002924
1.011696,1.002959,1.002924,1.002915
0.99711,1.00885,1.002915,1.0
1.002899,0.997076,1.0,0.991279
0.99422,0.997067,0.991279,1.002933
1.0,1.0,1.002933,0.976608
0.997093,0.979412,0.976608,1.023952
0.997085,0.996997,1.023952,1.008772
1.01462,1.024096,1.008772,0.991304
0.994236,0.994118,0.991304,0.991228
0.988406,1.0,0.991228,1.00885
1.005865,1.002959,1.00885,1.026316
1.023324,1.00885,1.026316,0.997151
1.011396,1.017544,0.997151,0.994286
0.988732,0.985632,0.994286,0.988506
1.0,0.997085,0.988506,0.991279
0.980057,0.997076,0.991279,1.017595
1.011628,1.0,1.017595,1.008646
1.014368,1.014663,1.008646,1.048571
1.053824,1.008671,1.048571,0.986376
0.986559,1.031519,0.986376,1.008287
0.997275,0.997222,1.008287,1.016438
1.021858,1.019499,1.016438,1.002695
0.994652,1.0,1.002695,1.0
1.005376,1.008197,1.0,0.989247
0.994652,0.99187,0.989247,1.005435
1.0,1.002732,1.005435,0.994595
1.0,1.0,0.994595,0.983696
0.989247,0.980926,0.983696,1.002762
0.986413,0.997222,1.002762,0.972452
0.99449,0.97493,0.972452,0.994334
0.980609,0.997143,0.994334,1.002849
1.0,1.002865,1.002849,0.985795
0.997175,0.988571,0.985795,1.0
0.991501,0.99422,1.0,1.017291
1.011429,1.008721,1.017291,1.005666
1.008475,1.014409,1.005666,0.969014
0.994398,0.971591,0.969014,1.011628
0.980282,1.002924,1.011628,1.014368
1.022989,1.008746,1.014368,0.994334
1.002809,1.008671,0.994334,1.0
0.988796,1.005731,1.0,0.997151
0.997167,0.994302,0.997151,0.982857
1.0,0.979943,0.982857,0.988372
0.977273,0.988304,0.988372,0.997059
0.991279,1.0,0.997059,1.0
1.005865,0.994083,1.0,0.9941
0.988338,0.997024,0.9941,1.002967
0.99705,0.985075,1.002967,1.017751
1.02071,1.021212,1.017751,0.997093
1.002899,1.014837,0.997093,0.997085
0.99422,0.994152,0.997085,0.994152
0.997093,0.997059,0.994152,0.994118
0.991254,0.988201,0.994118,1.005917
1.002941,1.00597,1.005917,0.979412
0.994135,0.982196,0.979412,1.012012
0.9941,1.006042,1.012012,1.0
1.008902,1.006006,1.0,1.011869
1.002941,1.00597,1.011869,0.997067
1.005865,1.0,0.997067,0.994118
0.988338,0.985163,0.994118,1.011834
1.014749,1.01506,1.011834,1.002924
1.0,1.008902,1.002924,1.0
1.002907,1.002941,1.0,0.985423
0.994203,0.991202,0.985423,1.005917
1.0,0.991124,1.005917,1.002941
0.994169,1.00597,1.002941,0.997067
1.0,1.0,0.997067,1.002941
1.0,1.0,1.002941,1.01173
1.014663,1.005935,1.01173,0.994203
0.99711,1.0059,0.994203,0.985423
0.997101,0.985337,0.985423,1.005917
0.991279,1.002976,1.005917,0.991176
0.997067,0.997033,0.991176,0.988131
0.994118,0.985119,0.988131,0.993994
0.985207,0.996979,0.993994,1.012085
1.009009,1.006061,1.012085,1.002985
1.002976,1.006024,1.002985,0.997024
1.0,1.0,0.997024,1.00597
1.002967,1.0,1.00597,0.994065
0.997041,0.997006,0.994065,1.00597
1.0,1.0,1.00597,0.994065
1.002967,1.0,0.994065,0.98806
0.994083,0.990991,0.98806,1.003021
0.988095,1.00303,1.003021,1.006024
1.006024,0.996979,1.006024,1.005988
1.008982,1.006061,1.005988,1.005952
1.005935,1.009036,1.005952,1.005917
1.00885,1.00597,1.005917,0.994118
0.994152,0.997033,0.994118,0.994083
0.994118,0.997024,0.994083,1.0
0.997041,1.0,1.0,1.002976
1.002967,1.0,1.002976,1.005935
1.002959,0.997015,1.005935,1.0
1.0,1.008982,1.0,0.9941
1.0,0.997033,0.9941,1.0
1.0,1.0,1.0,1.0
0.99705,1.0,1.0,0.988131
0.997041,0.988095,0.988131,1.003003
0.991098,1.0,1.003003,0.988024
0.997006,0.993976,0.988024,0.987879
0.990991,0.984848,0.987879,0.969325
0.972727,0.969231,0.969325,1.0
0.993769,0.996825,1.0,0.993671
0.99373,0.996815,0.993671,1.003185
0.996845,1.0,1.003185,0.990476
0.996835,0.984026,0.990476,0.983974
0.990476,0.993506,0.983974,0.993485
0.983974,0.990196,0.993485,0.957377
0.996743,0.960396,0.957377,0.986301
0.954248,0.945017,0.986301,1.003472
0.993151,1.029091,1.003472,1.00346
1.013793,1.017668,1.00346,1.013793
1.003401,0.996528,1.013793,0.945578
0.949153,0.958188,0.945578,0.992806
0.996429,0.996364,0.992806,0.978261
0.992832,0.978102,0.978261,1.011111
0.99278,0.992537,1.011111,1.0
1.0,1.018797,1.0,0.974359
0.985455,0.97786,0.974359,1.0
0.98524,0.996226,1.0,1.018797
1.018727,1.003788,1.018797,1.04059
1.047794,1.022642,1.04059,0.98227
0.989474,1.01845,0.98227,1.00361
0.996454,1.007246,1.00361,1.007194
0.996441,0.992806,1.007194,0.989286
1.003571,1.003623,0.989286,0.98917
0.989324,0.98917,0.98917,0.992701
0.996403,0.989051,0.992701,0.992647
0.981949,0.98893,0.992647,1.025926
1.018382,1.003731,1.025926,0.98917
0.99639,1.011152,0.98917,0.992701
1.0,0.996324,0.992701,1.0
0.98913,0.99631,1.0,0.988971
0.996337,0.992593,0.988971,1.003717
1.0,0.996269,1.003717,1.0
1.003676,1.007491,1.0,1.014815
1.003663,1.003717,1.014815,0.99635
1.007299,1.011111,0.99635,1.007326
1.0,0.992674,1.007326,1.007273
1.01087,1.01107,1.007273,0.99639
0.996416,1.00365,0.99639,1.003623
1.0,1.0,1.003623,1.0
1.003597,1.0,1.0,1.018051
1.014337,1.003636,1.018051,1.014184
1.014134,1.014493,1.014184,1.0
1.017422,1.017857,1.0,0.996503
0.989726,1.0,0.996503,1.007018
1.013841,0.992982,1.007018,0.996516
0.979522,1.0,0.996516,0.986014
0.996516,0.989399,0.986014,0.996454
0.986014,0.996429,0.996454,0.996441
1.0,0.996416,0.996441,0.996429
1.0,1.0,0.996429,1.021505
1.010638,1.003597,1.021505,1.031579
1.031579,1.017921,1.031579,0.989796
0.996599,1.017606,0.989796,1.020619
1.037543,1.0,1.020619,1.020202
1.009868,1.017301,1.020202,0.980198
1.0,1.003401,0.980198,1.006734
0.980456,1.00339,1.006734,1.0
1.003322,1.006757,1.0,0.989967
0.996689,0.989933,0.989967,1.003378
0.986711,0.989831,1.003378,1.020202
1.026936,1.013699,1.020202,1.016502
1.016393,1.02027,1.016502,1.0
1.009677,1.013245,1.0,1.025974
1.031949,1.0,1.025974,0.993671
0.990712,1.01634,0.993671,0.993631
0.9875,1.0,0.993631,0.983974
1.003165,0.987138,0.983974,1.003257
0.977918,0.996743,1.003257,1.012987
1.006452,1.003268,1.012987,0.990385
1.0,1.0,0.990385,0.990291
0.996795,0.990228,0.990291,0.973856
0.983923,0.976974,0.973856,1.003356
0.98366,1.0,1.003356,1.006689
1.006645,1.006734,1.006689,1.019934
1.023102,1.006689,1.019934,1.003257
0.996774,1.003322,1.003257,0.983766
1.0,1.0,0.983766,1.013201
0.993528,1.003311,1.013201,1.003257
1.009772,1.009901,1.003257,0.996753
0.996774,0.996732,0.996753,0.980456
0.993528,0.983607,0.980456,1.0
0.990228,1.0,1.0,0.996678
0.993421,0.996667,0.996678,1.02
1.013245,1.0,1.02,0.996732
1.006536,1.013378,0.996732,0.993443
1.0,1.0,0.993443,0.990099
0.99026,0.990099,0.990099,0.99
0.993443,0.983333,0.99,0.996633
0.983498,0.99661,0.996633,0.983108
1.006711,0.97619,0.983108,1.006873
0.98,1.010453,1.006873,0.996587
1.0,1.0,0.996587,1.0
0.996599,1.0,1.0,1.0
1.0,1.003448,1.0,1.0
0.996587,0.989691,1.0,0.989726
1.003425,1.003472,0.989726,0.99654
0.989761,0.99654,0.99654,1.003472
1.0,0.989583,1.003472,1.0
1.003448,1.007018,1.0,1.00692
1.003436,1.003484,1.00692,0.986254
0.996575,0.989583,0.986254,1.006969
0.993127,1.0,1.006969,1.017301
1.017301,1.010526,1.017301,1.010204
1.010204,1.017361,1.010204,0.996633
1.003367,1.003413,0.996633,1.003378
0.996644,1.0,1.003378,0.996633
1.003367,1.0,0.996633,1.0
0.996644,1.003401,1.0,0.993243
0.996633,0.989831,0.993243,1.003401
1.0,1.0,1.003401,1.00339
1.0,1.003425,1.00339,1.010135
1.013514,1.006826,1.010135,1.003344
1.003333,1.00678,1.003344,0.993333
1.019934,1.0,0.993333,1.006711
0.980456,1.0,1.006711,1.013333
1.013289,1.010101,1.013333,1.003289
1.003279,1.006667,1.003289,0.993443
1.0,1.0,0.993443,1.006601
0.996732,1.0,1.006601,0.996721
1.0,1.003311,0.996721,0.993421
0.993443,0.990099,0.993421,0.993377
0.9967,1.0,0.993377,1.003333
0.996689,0.996667,1.003333,0.983389
1.0,0.983278,0.983389,0.989865
0.983389,0.996599,0.989865,1.0
0.996622,0.996587,1.0,1.006826
1.00339,0.996575,1.006826,0.976271
0.996622,0.979381,0.976271,0.993056
0.979661,1.0,0.993056,1.0
1.0,0.996491,1.0,1.003497
0.99308,1.0,1.003497,0.986063
1.003484,0.996479,0.986063,1.007067
0.996528,1.003534,1.007067,1.017544
1.031359,1.014085,1.017544,1.006897
0.986486,1.0,1.006897,0.993151
1.0,1.003472,0.993151,0.989655
0.996575,0.989619,0.989655,0.982578
0.982818,0.986014,0.982578,1.003546
0.993007,0.996454,1.003546,0.996466
1.003521,1.0,0.996466,0.992908
0.992982,0.992883,0.992908,0.989286
0.992933,0.989247,0.989286,1.00361
0.996441,1.003623,1.00361,1.003597
1.0,0.99639,1.003597,1.0
1.007143,1.007246,1.0,1.003584
0.996454,1.0,1.003584,0.985714
0.992883,0.992806,0.985714,0.992754
0.992832,0.985507,0.992754,1.00365
1.0,1.003676,1.00365,1.021818
1.01444,1.007326,1.021818,0.996441
1.0,1.010909,0.996441,1.007143
1.007117,1.0,1.007143,0.992908
0.996466,0.996403,0.992908,1.0
0.996454,1.00722,1.0,1.010714
1.007117,1.003584,1.010714,0.996466
1.0,1.0,0.996466,1.0
1.003534,0.996429,1.0,1.014184
1.010563,1.010753,1.014184,1.0
1.003484,1.007092,1.0,1.003497
1.0,1.003521,1.003497,0.989547
0.996528,0.996491,0.989547,1.010563
1.0,1.0,1.010563,1.010453
1.010453,1.010563,1.010453,0.993103
1.0,0.996516,0.993103,1.006944
1.0,1.0,1.006944,1.003448
1.017241,1.01049,1.003448,0.993127
0.99661,0.989619,0.993127,0.986159
0.979592,0.98951,0.986159,0.982456
0.993056,0.982332,0.982456,1.003571
0.986014,0.992806,1.003571,0.989324
1.0,1.003623,0.989324,1.007194
0.992908,0.99639,1.007194,1.007143
1.007143,1.01087,1.007143,0.996454
0.996454,0.989247,0.996454,0.992883
0.996441,1.007246,0.992883,1.0
1.0,0.992806,1.0,0.992832
1.0,1.003623,0.992832,0.978339
0.989286,0.978339,0.978339,1.00369
0.98556,0.99631,1.00369,1.0
1.0,0.992593,1.0,1.003676
1.007326,1.011194,1.003676,0.996337
0.992727,0.99631,0.996337,1.003676
1.003663,1.003704,1.003676,1.010989
1.007299,1.0,1.010989,0.996377
1.0,1.00738,0.996377,0.989091
1.0,0.996337,0.989091,1.022059
1.01087,0.992647,1.022059,1.017986
1.017921,1.025926,1.017986,0.996466
1.0,1.01083,0.996466,0.992908
0.996479,1.0,0.992908,1.0
0.996466,0.996429,1.0,1.010714
1.007092,1.0,1.010714,0.996466
1.0,1.003584,0.996466,0.978723
0.978873,0.982143,0.978723,1.007246
1.0,1.003636,1.007246,0.992806
1.0,0.996377,0.992806,1.007246
1.0,0.996364,1.007246,1.010791
1.014388,1.007299,1.010791,1.003559
1.0,1.01087,1.003559,1.010638
1.01773,1.003584,1.010638,1.010526
1.017422,1.017857,1.010526,0.989583
0.982877,0.992982,0.989583,0.989474
0.993031,0.992933,0.989474,1.003546
0.996491,0.992883,1.003546,0.996466
0.996479,1.007168,0.996466,1.0
1.0,0.992883,1.0,0.985816
0.996466,0.992832,0.985816,1.014388
1.0,0.99639,1.014388,0.992908
0.996454,1.003623,0.992908,0.996429
0.996441,1.0,0.996429,0.996416
0.996429,0.99639,0.996416,0.97482
0.992832,0.978261,0.97482,1.00738
0.98556,0.996296,1.00738,1.007326
1.010989,1.007435,1.007326,1.0
1.0,1.00738,1.0,0.996364
1.0,1.0,0.996364,1.0
1.0,1.0,1.0,1.0
1.003623,1.0,1.0,1.0
0.99278,0.996337,1.0,1.018248
1.018182,1.007353,1.018248,1.003584
1.0,1.014599,1.003584,0.996429
1.0,0.996403,0.996429,0.985663
0.996429,0.99278,0.985663,1.010909
0.996416,0.996364,1.010909,0.992806
1.0,1.00365,0.992806,1.007246
1.003597,1.003636,1.007246,1.0
1.0,1.0,1.0,0.996403
1.003584,1.003623,0.996403,1.00722
1.0,1.0,1.00722,1.0
1.0,1.00361,1.0,1.0
1.0,1.0,1.0,1.007168
1.007143,1.0,1.007168,0.992883
1.0,1.003597,0.992883,0.992832
0.992908,0.985663,0.992832,0.99278
0.992857,1.0,0.99278,0.996364
0.992806,0.989091,0.996364,1.007299
1.003623,1.0,1.007299,1.0
1.0,1.007353,1.0,0.98913
0.99639,0.99635,0.98913,1.003663
1.0,0.996337,1.003663,1.0
0.996377,1.003676,1.0,1.0
1.003636,1.003663,1.0,1.007299
1.003623,0.99635,1.007299,1.003623
1.00361,1.007326,1.003623,0.99639
0.996403,1.0,0.99639,0.98913
0.99278,0.989091,0.98913,0.992674
1.0,0.992647,0.992674,1.0
0.989091,1.0,1.0,0.99631
1.0,0.996296,0.99631,1.003704
1.0,1.003717,1.003704,1.00369
1.0,1.0,1.00369,1.0
1.007353,1.003704,1.0,1.011029
1.007299,1.00369,1.011029,1.0
1.0,1.007353,1.0,1.007273
1.007246,1.00365,1.007273,1.00361
1.0,1.0,1.00361,1.003597
1.007194,1.007273,1.003597,0.992832
0.996429,1.0,0.992832,1.0
1.0,0.99639,1.0,1.00722
1.003584,1.003623,1.00722,0.989247
0.996429,0.99639,0.989247,1.003623
0.996416,1.0,1.003623,0.978339
0.982014,0.974638,0.978339,1.01476
1.007326,1.007435,1.01476,0.996364
1.0,1.00738,0.996364,1.00365
1.007273,1.003663,1.00365,1.0
0.99639,0.99635,1.0,1.003636
1.003623,1.0,1.003636,0.996377
0.99639,1.003663,0.996377,1.003636
1.007246,1.0,1.003636,1.01087
1.017986,1.00365,1.01087,1.010753
0.996466,1.010909,1.010753,1.007092
1.007092,1.007194,1.007092,1.017606
1.028169,1.017857,1.017606,1.0
0.996575,1.010526,1.0,1.00346
1.0,1.0,1.00346,1.003448
1.003436,1.0,1.003448,0.989691
1.003425,1.0,0.989691,1.013889
1.0,1.0,1.013889,1.006849
1.006826,1.010417,1.006849,1.0
1.0,0.996564,1.0,1.0
1.020339,1.010345,1.0,1.0
0.986711,0.996587,1.0,1.010204
1.003367,1.006849,1.010204,1.0
1.0,1.0,1.0,1.0
1.003356,1.003401,1.0,0.996633
1.006689,0.99661,0.996633,1.003378
0.990033,1.0,1.003378,1.006734
1.003356,1.006803,1.006734,1.003344
1.003344,1.003378,1.003344,1.013333
1.016667,1.003367,1.013333,0.986842
0.993443,0.996644,0.986842,0.996667
0.990099,1.003367,0.996667,0.989967
1.0,0.989933,0.989967,0.986486
0.99,0.983051,0.986486,1.003425
0.989899,1.0,1.003425,0.989761
1.0,0.996552,0.989761,1.006897
0.993197,1.0,1.006897,1.006849
1.010274,1.00692,1.006849,1.013605
1.010169,1.010309,1.013605,1.006711
1.010067,1.013605,1.006711,1.016667
1.013289,1.006711,1.016667,1.029508
1.039344,1.013333,1.029508,0.996815
0.996845,1.023026,0.996815,0.996805
0.993671,0.996785,0.996805,1.012821
1.035032,1.003226,1.012821,1.018987
0.993846,1.006431,1.018987,1.006211
1.012384,1.019169,1.006211,0.996914
1.021407,1.012539,0.996914,0.996904
0.973054,0.981424,0.996904,1.031056
1.030769,1.012618,1.031056,0.996988
0.99403,1.018692,0.996988,0.966767
0.990991,0.975535,0.966767,1.003125
0.981818,0.996865,1.003125,1.018692
1.012346,1.003145,1.018692,0.987768
1.006098,1.00627,0.987768,1.009288
0.987879,0.996885,1.009288,1.01227
1.01227,1.01875,1.01227,1.030303
1.039394,1.009202,1.030303,1.002941
0.997085,1.018237,1.002941,0.997067
1.002924,1.002985,0.997067,0.988235
0.994169,0.994048,0.988235,1.002976
0.98827,0.994012,1.002976,1.0
1.011869,1.009036,1.0,1.014837
1.005865,1.002985,1.014837,0.991228
1.011662,1.002976,0.991228,0.985251
0.982709,0.979228,0.985251,1.026946
1.017595,1.009091,1.026946,0.982507
0.985591,1.009009,0.982507,0.988131
0.991228,0.991071,0.988131,0.975976
0.988201,0.96997,0.975976,1.006154
0.98209,1.003096,1.006154,0.993884
0.99696,0.996914,0.993884,1.021538
1.012195,1.006192,1.021538,1.021084
1.03012,1.018462,1.021084,1.082596
1.090643,1.018127,1.082596,0.989101
0.978552,1.059347,0.989101,1.035813
1.043836,1.014006,1.035813,1.007979
1.007874,1.024862,1.007979,0.973615
0.986979,0.994609,0.973615,0.99458
0.98153,0.97832,0.99458,1.024523
1.026882,1.01662,1.024523,1.045213
1.034031,1.021798,1.045213,1.012723
1.081013,1.029333,1.012723,1.015075
0.955504,1.012953,1.015075,0.987624
0.992647,1.01023,0.987624,0.987469
0.980247,0.987342,0.987469,0.984772
1.007557,0.992308,0.984772,0.981959
0.97,0.976744,0.981959,1.005249
0.989691,1.002646,1.005249,1.0
1.005208,0.992084,1.0,1.020888
1.015544,1.013298,1.020888,1.023018
1.033163,1.026247,1.023018,0.9975
0.992593,1.01023,0.9975,1.010025
1.007463,1.005063,1.010025,1.019851
1.02716,1.005038,1.019851,1.017032
1.021635,1.025063,1.017032,1.1
1.082353,1.075795,1.1,1.01087
1.021739,1.018182,1.01087,0.997849
1.055319,1.013393,0.997849,1.043103
0.991935,1.008811,1.043103,0.958678
1.0,0.978166,0.958678,1.06681
1.01626,1.040179,1.06681,0.961616
1.056,1.012876,0.961616,1.044118
0.943182,0.987288,1.044118,1.034205
1.070281,1.060086,1.034205,1.025292
1.028143,1.052632,1.025292,0.990512
0.963504,0.973077,0.990512,0.998084
0.994318,1.007905,0.998084,0.990403
0.99619,0.998039,0.990403,0.982558
0.986616,0.992141,0.982558,1.031558
1.017442,0.990099,1.031558,1.024857
1.038095,1.028,1.024857,0.949627
0.981651,0.988327,0.949627,0.960707
0.962617,0.929134,0.960707,1.022495
0.970874,1.019068,1.022495,1.026
1.028,1.033264,1.026,1.003899
1.01751,1.026157,1.003899,0.965049
0.982792,0.972549,0.965049,1.016097
0.984436,0.997984,1.016097,1.013861
1.019763,1.010101,1.013861,1.03125
1.062016,1.008,1.03125,1.018939
0.994526,1.021825,1.018939,0.949814
0.998165,0.984466,0.949814,0.982387
0.948529,0.984221,0.982387,0.962151
0.965116,0.95992,0.962151,1.004141
0.981928,1.002088,1.004141,0.993814
1.002045,1.0,0.993814,1.03112
1.014286,1.010417,1.03112,1.002012
1.022133,1.016495,1.002012,0.919679
0.962598,0.910751,0.919679,1.032751
0.977505,1.026726,1.032751,1.033827
1.025105,1.019523,1.033827,1.002045
1.008163,1.031915,1.002045,0.989796
1.004049,0.993814,0.989796,1.012371
0.989919,0.997925,1.012371,1.008147
1.014257,1.002079,1.008147,0.99596
1.0,1.006224,0.99596,1.01217
1.014056,1.004124,1.01217,0.975952
0.99604,1.0,0.975952,0.975359
0.960239,0.967146,0.975359,1.010526
0.993789,1.002123,1.010526,0.983333
1.004167,0.995763,0.983333,0.978814
0.997925,0.974468,0.978814,0.961039
0.956341,0.965066,0.961039,0.984234
0.971739,0.979638,0.984234,1.018307
0.995526,1.009238,1.018307,1.008989
1.020225,1.018307,1.008989,1.004454
0.995595,1.0,1.004454,1.022173
1.026549,1.017978,1.022173,1.015184
1.010776,1.011038,1.015184,1.002137
1.006397,1.019651,1.002137,0.993603
1.0,0.993576,0.993603,1.019313
1.006356,1.0,1.019313,0.997895
1.004211,1.017241,0.997895,1.006329
1.006289,1.002119,1.006329,0.985325
0.995833,0.989429,0.985325,1.010638
0.993724,1.002137,1.010638,0.983158
1.0,0.989339,0.983158,0.991435
0.991579,0.99569,0.991435,1.019438
1.010616,0.987013,1.019438,0.997881
1.0,1.026316,0.997881,0.995754
0.995798,0.997863,0.995754,1.010661
1.00211,1.002141,1.010661,1.012658
1.012632,1.019231,1.012658,1.0375
1.035343,1.012579,1.0375,1.02008
1.024096,1.018634,1.02008,1.033465
1.058824,1.03252,1.033465,1.005714
0.985185,1.019685,1.005714,1.011364
1.026316,1.023166,1.011364,1.005618
0.992674,0.992453,1.005618,1.040968
1.03321,1.003802,1.040968,0.980322
1.019643,1.032197,0.980322,0.985401
0.957968,0.979817,0.985401,0.998148
0.992687,1.005618,0.998148,1.025974
1.018416,1.005587,1.025974,0.990958
1.012658,1.012963,0.990958,1.016423
0.996429,1.001828,1.016423,1.008977
1.014337,1.007299,1.008977,1.014235
1.007067,1.007246,1.014235,1.061404
1.068421,1.034173,1.061404,0.98843
1.004926,1.01913,0.98843,0.993311
0.996732,0.994881,0.993311,1.011785
0.990164,1.012007,1.011785,1.09817
1.094371,1.027119,1.09817,1.021212
1.057489,1.069307,1.021212,1.02819
1.030043,1.033951,1.02819,0.981241
0.9625,0.971642,0.981241,1.002941
1.012987,1.032258,1.002941,0.958944
0.968661,0.971726,0.958944,1.024465
0.985294,0.993874,1.024465,1.034328
1.041791,1.038521,1.034328,1.037518
1.070201,1.041543,1.037518,0.972184
0.961178,0.977208,0.972184,1.012876
1.004178,1.01312,1.012876,0.981638
0.983356,0.979856,0.981638,1.014388
0.99859,1.008811,1.014388,0.980142
1.011299,1.0,0.980142,1.001447
0.973464,0.994178,1.001447,1.00289
1.068867,1.011713,1.00289,0.972622
0.959732,0.940666,0.972622,0.92
0.93986,0.953846,0.92,1.038647
0.965774,1.006452,1.038647,1.043411
1.03698,1.033654,1.043411,1.022288
1.032689,1.043411,1.022288,1.010174
1.021583,1.011887,1.010174,0.985612
0.990141,0.991189,0.985612,0.964964
0.970128,0.977778,0.964964,0.981846
0.975073,0.981818,0.981846,1.03698
1.01203,0.99537,1.03698,0.994056
1.013373,1.034109,0.994056,1.010463
0.991202,0.992504,1.010463,1.038462
1.039941,1.033233,1.038462,1.099715
1.098151,1.042398,1.099715,1.037565
1.079016,1.092567,1.037565,0.991261
0.965186,0.996149,0.991261,0.963476
1.038557,0.972938,0.963476,1.030065
0.958084,0.978808,1.030065,1.1
1.08375,1.08931,1.1,1.05767
1.095732,1.099379,1.05767,0.981461
0.958947,0.988701,0.981461,1.027778
1.023052,0.948571,1.027778,0.981622
1.019313,1.061446,0.981622,1.0
0.969474,0.998865,1.0,1.064978
1.080347,1.025,1.064978,0.963806
0.949749,1.021064,0.963806,0.980687
0.986243,0.977199,0.980687,1.002188
1.006438,1.006667,1.002188,1.021834
1.023454,1.005519,1.021834,0.967949
0.994792,0.981339,0.967949,0.981236
0.947644,0.939597,0.981236,0.961755
0.990055,1.013095,0.961755,0.900585
0.9375,0.904818,0.900585,0.981818
0.927381,0.9,0.981818,1.041005
1.011553,1.1,1.041005,0.954257
1.002538,0.967363,0.954257,0.900133
0.934177,0.912281,0.900133,0.931953
0.95122,0.900888,0.931953,1.079365
0.975783,0.978654,1.079365,0.972059
1.035036,1.1,0.972059,0.975794
0.971791,0.945122,0.975794,0.910078
0.943396,0.937097,0.910078,1.013629
0.993846,0.958692,1.013629,0.90084
0.914861,0.962298,0.90084,0.9
0.9,0.9,0.9,1.099585
1.070707,0.912863,1.099585,1.1
1.1,1.1,1.1,1.099485
1.099485,1.072993,1.099485,0.964119
1.045242,1.030612,0.964119,0.9
0.910448,0.917492,0.9,1.02518
0.959016,0.94964,1.02518,1.061404
1.047863,1.077652,1.061404,1.003306
1.008157,1.036907,1.003306,1.1
1.080906,0.99661,1.1,0.980539
1.052395,1.085034,0.980539,1.00916
0.948791,0.992163,1.00916,0.959153
0.991004,0.985782,0.959153,0.900631
0.953101,0.915064,0.900631,0.968476
0.922222,0.903678,0.968476,1.077758
1.030981,1.081395,1.077758,0.973154
1.023372,1.032258,0.973154,0.981034
0.947798,0.972222,0.981034,0.968366
0.977625,0.9625,0.968366,1.063521
1.033451,1.022263,1.063521,1.022184
1.045997,1.047187,1.022184,0.978297
0.965798,1.006932,0.978297,1.022184
1.01855,1.015491,1.022184,1.058431
1.057947,1.025424,1.058431,1.036278
1.061033,1.059504,1.036278,0.978691
0.99115,0.99532,0.978691,1.040435
1.002976,1.007837,1.040435,0.998505
1.01632,1.023328,0.998505,1.026946
1.00292,0.984802,1.026946,0.9
0.994178,0.95216,0.9,1.025932
0.934114,0.918963,1.025932,0.974724
1.031348,1.082892,0.974724,0.922204
0.928571,0.920195,0.922204,0.9
0.900164,0.906195,0.9,0.900391
0.9,0.900391,0.900391,1.002169
1.00409,0.965293,1.002169,1.047619
0.98778,1.022472,1.047619,1.07438
1.078351,1.07033,1.07438,0.959615
0.982792,1.010267,0.959615,1.008016
1.011673,1.006098,1.008016,0.960239
0.986538,0.957576,0.960239,1.022774
0.990253,1.033755,1.022774,1.038462
1.01378,0.997959,1.038462,1.023392
1.027184,1.04908,1.023392,0.998095
1.024575,0.994152,0.998095,0.998092
0.97417,1.003922,0.998092,0.921606
0.998106,0.923828,0.921606,0.962656
0.925996,0.972516,0.962656,1.086207
1.045082,1.017391,1.086207,0.970238
1.005882,1.042735,0.970238,1.00409
0.968811,0.985656,1.00409,1.028513
1.022133,1.006237,1.028513,1.00198
1.007874,1.030992,1.00198,0.972332
0.976562,0.977956,0.972332,1.004065
1.0,1.006148,1.004065,0.973684
0.988,0.965377,0.973684,1.008316
0.98583,1.00211,1.008316,0.97732
0.985626,0.993684,0.97732,1.008439
1.00625,1.004237,1.008439,1.033473
1.031056,1.031646,1.033473,1.008097
1.002008,1.002045,1.008097,1.040161
1.058116,1.018367,1.040161,1.044402
1.030303,1.026052,1.044402,0.96488
0.988971,1.017578,0.96488,1.021073
0.992565,0.992322,1.021073,1.007505
1.020599,1.023211,1.007505,0.986965
0.992661,0.988658,0.986965,1.007547
0.987061,1.003824,1.007547,0.953184
1.005618,0.958095,0.953184,1.033399
0.990689,1.011928,1.033399,1.070342
1.069549,1.035363,1.070342,0.994671
0.996485,1.049336,0.994671,0.994643
0.985891,0.972875,0.994643,0.974865
1.005367,1.005576,0.974865,1.005525
0.982206,0.996303,1.005525,0.992674
0.996377,0.983302,0.992674,0.972325
0.987273,0.990566,0.972325,0.990512
0.981584,0.990476,0.990512,1.049808
1.031895,1.007692,1.049808,1.025547
1.054545,1.062977,1.025547,1.099644
1.065517,1.014363,1.099644,0.993528
1.048544,1.077876,0.993528,1.001629
0.998457,0.988506,1.001629,0.995122
0.958269,0.998339,0.995122,1.022876
1.080645,1.014975,1.022876,0.968051
0.925373,0.97541,0.968051,1.008251
0.98871,1.001681,1.008251,1.0
1.039152,1.020134,1.0,0.97545
0.968603,0.976974,0.97545,1.018456
0.985413,1.001684,1.018456,0.998353
1.004934,1.001681,0.998353,0.993399
0.996727,1.008389,0.993399,0.991694
0.985222,0.971714,0.991694,1.001675
0.996667,1.010274,1.001675,0.996656
1.005017,1.005085,0.996656,0.926174
0.988353,0.922428,0.926174,0.996377
0.939394,0.968921,0.996377,1.012727
1.001792,1.030189,1.012727,1.014363
1.012522,1.007326,1.014363,1.00708
1.007067,1.023636,1.00708,0.980668
0.996491,0.989343,0.980668,1.012545
1.0,1.0,1.012545,0.969912
0.991197,0.978456,0.969912,0.990876
0.976909,0.990826,0.990876,0.994475
0.998182,0.996296,0.994475,0.994444
0.98725,0.990706,0.994444,1.026071
1.01845,0.996248,1.026071,0.99274
0.998188,1.024482,0.99274,1.003656
1.00363,1.005515,1.003656,1.021858
1.014467,1.010969,1.021858,0.996435
1.00713,1.007233,0.996435,1.030411
1.046018,0.996409,1.030411,0.998264
0.979695,1.021622,0.998264,1.006957
1.017271,1.005291,1.006957,0.97582
0.979626,0.980702,0.97582,1.026549
1.010399,1.008945,1.026549,0.977586
1.015437,1.005319,0.977586,1.008818
0.967905,0.987654,1.008818,1.006993
1.015707,1.017857,1.006993,0.986111
1.0,0.992982,0.986111,0.90669
0.977663,0.908127,0.90669,1.017476
0.929701,0.980545,1.017476,1.028626
1.018904,1.035714,1.028626,0.923933
0.983302,0.942529,0.923933,1.028112
0.981132,1.006098,1.028112,0.974609
1.009615,1.006061,0.974609,1.008016
0.971429,0.995984,1.008016,0.976143
0.998039,0.987903,0.976143,1.03055
0.998035,0.979592,1.03055,0.964427
0.994094,1.010417,0.964427,1.004098
0.980198,0.985567,1.004098,1.028571
1.022222,1.01046,1.028571,0.988095
1.007905,1.024845,0.988095,0.971888
0.980392,0.973737,0.971888,1.010331
0.984,0.997925,1.010331,1.014315
1.014228,1.018711,1.014315,0.927419
0.98998,0.932653,0.927419,0.98913
0.947368,0.958425,0.98913,0.982418
0.995726,1.015982,0.982418,1.024609
0.98927,0.993258,1.024609,0.980349
0.995662,0.993213,0.980349,1.020045
1.0,1.020501,1.020045,0.995633
0.993464,1.002232,0.995633,1.008772
1.015351,1.017817,1.008772,0.991304
0.99784,0.993435,0.991304,0.986842
0.978355,0.96696,0.986842,1.031111
1.028761,1.022779,1.031111,1.00431
1.004301,1.026726,1.00431,1.004292
1.019272,1.013015,1.004292,0.995726
0.987395,0.991435,0.995726,1.021459
1.014894,1.010799,1.021459,0.987395
1.0,0.99359,0.987395,1.012766
0.997904,1.004301,1.012766,0.926471
0.997899,0.933619,0.926471,1.011338
0.943158,1.006881,1.011338,0.959641
0.995536,0.95672,0.959641,1.016355
0.979821,1.016667,1.016355,1.050575
1.052632,1.014052,1.050575,0.989059
0.997826,1.04157,0.989059,0.993363
0.989107,0.982262,0.993363,1.01559
1.011013,1.018059,1.01559,0.995614
0.991285,0.982262,0.995614,0.980176
0.991209,1.0,0.980176,0.988764
0.993348,0.993228,0.988764,1.002273
0.988839,0.990909,1.002273,1.027211
1.029345,1.018349,1.027211,0.997792
0.993421,1.006757,0.997792,0.99115
1.0,1.002237,0.99115,1.015625
1.00883,1.002232,1.015625,1.021978
1.019694,1.013363,1.021978,1.015054
1.017167,1.024176,1.015054,0.987288
0.995781,0.995708,0.987288,1.006438
0.995763,1.0,1.006438,0.985075
0.997872,0.993534,0.985075,1.012987
0.997868,0.995662,1.012987,1.00641
1.012821,1.019608,1.00641,0.970276
0.987342,0.970085,0.970276,1.02407
1.0,1.011013,1.02407,1.021368
1.034188,1.021786,1.021368,1.0
0.993802,1.002132,1.0,1.014644
1.012474,1.012766,1.014644,1.012371
1.014374,1.012605,1.012371,0.99389
1.006073,1.006224,0.99389,0.985656
0.983903,0.983505,0.985656,1.010395
1.002045,1.014675,1.010395,0.993827
0.997959,0.987603,0.993827,1.012422
1.00818,1.012552,1.012422,1.0
1.0,1.002066,1.0,0.99182
0.993915,0.993814,0.99182,0.991753
0.987755,0.989627,0.991753,1.006237
1.004132,1.010482,1.006237,0.969008
1.002058,0.954357,0.969008,0.991471
0.969199,1.008696,0.991471,1.0
0.987288,0.987069,1.0,0.993548
1.0,0.997817,0.993548,1.006494
0.997854,1.008753,1.006494,1.002151
1.008602,1.002169,1.002151,0.98927
0.995736,0.989177,0.98927,0.989154
0.985011,0.991247,0.989154,1.017544
1.01087,1.002208,1.017544,1.0
1.002151,1.015419,1.0,1.0
1.0,1.0,1.0,0.971983
0.997854,0.976139,0.971983,0.968958
0.972043,0.962222,0.968958,0.997712
0.973451,1.004619,0.997712,1.006881
1.006818,0.997701,1.006881,1.013667
1.004515,0.995392,1.013667,0.995506
1.008989,1.018519,0.995506,1.0
0.988864,0.984091,1.0,0.997743
1.004505,1.009238,0.997743,0.995475
1.006726,1.0,0.995475,1.0
0.991091,1.0,1.0,1.009091
1.0,1.0,1.009091,1.009009
1.008989,1.01373,1.009009,1.002232
1.0,1.002257,1.002232,0.955457
0.971047,0.963964,0.955457,0.997669
0.988532,0.985981,0.997669,0.995327
0.99536,1.004739,0.995327,0.997653
0.997669,0.995283,0.997653,1.037647
1.03271,1.004739,1.037647,0.993197
1.0,1.03066,0.993197,1.002283
0.995475,0.997712,1.002283,1.002278
1.002273,1.004587,1.002278,1.009091
1.029478,1.002283,1.009091,0.990991
0.977974,0.997722,0.990991,1.0
0.993243,0.995434,1.0,0.979545
0.995465,0.986239,0.979545,1.0
0.98861,0.997674,1.0,1.013921
1.011521,0.995338,1.013921,0.990847
1.0,1.01171,0.990847,1.004619
1.002278,1.00463,1.004619,0.997701
0.993182,0.995392,0.997701,0.993088
1.002288,0.99537,0.993088,1.009281
0.993151,0.997674,1.009281,0.993103
1.0,1.002331,0.993103,0.988426
0.997701,0.986047,0.988426,1.014052
1.0,1.002358,1.014052,1.002309
1.002304,1.009412,1.002309,1.002304
1.002299,1.009324,1.002304,1.0
1.002294,1.0,1.0,1.009195
1.009153,1.004619,1.009195,1.01139
1.011338,1.002299,1.01139,1.006757
1.004484,1.013761,1.006757,0.997763
0.995536,1.0,0.997763,0.997758
1.004484,1.0,0.997758,1.002247
1.0,1.004525,1.002247,1.002242
1.008929,1.004505,1.002242,1.013423
1.004425,0.997758,1.013423,1.01766
1.022026,1.020225,1.01766,0.995662
0.99569,1.008811,0.995662,1.013072
1.021645,1.010917,1.013072,1.002151
0.991525,1.0,1.002151,0.993562
0.995726,0.991361,0.993562,0.993521
0.995708,1.002179,0.993521,1.004348
1.0,1.0,1.004348,0.987013
0.997845,0.98913,0.987013,1.002193
0.993521,0.997802,1.002193,1.010941
1.006522,1.002203,1.010941,0.989177
1.015119,0.995604,0.989177,1.030635
1.006383,1.006623,1.030635,0.997877
1.012685,1.024123,0.997877,0.985106
0.985386,0.982869,0.985106,1.0
0.983051,0.997821,1.0,1.006479
1.00431,1.004367,1.006479,1.012876
1.015021,1.008696,1.012876,1.002119
1.008457,1.012931,1.002119,1.006342
1.0,1.006383,1.006342,1.0
1.0,0.997886,1.0,0.987395
1.0,0.995763,0.987395,0.997872
0.991614,0.997872,0.997872,1.017058
1.008457,1.0,1.017058,1.027254
1.035639,1.014925,1.027254,1.0
0.995951,1.023109,1.0,0.993878
0.995935,0.99384,0.993878,1.00616
1.002041,1.006198,1.00616,0.991837
0.997963,0.991786,0.991837,0.997942
0.997959,1.0,0.997942,1.004124
1.0,1.00207,1.004124,1.0
1.0,1.002066,1.0,0.98768
0.99182,0.981443,0.98768,1.002079
0.997938,1.008403,1.002079,1.008299
1.004132,0.997917,1.008299,1.002058
1.006173,1.008351,1.002058,1.002053
1.002045,1.00207,1.002053,0.993852
1.002041,1.002066,0.993852,1.0
0.99389,0.995876,1.0,1.004124
1.0,1.004141,1.004124,1.002053
1.002049,0.995876,1.002053,0.997951
1.002045,1.006211,0.997951,0.997947
0.993878,0.995885,0.997947,0.987654
0.997947,0.991736,0.987654,0.985417
0.981481,0.975,0.985417,0.995772
0.995807,1.002137,0.995772,0.995754
0.993684,0.997868,0.995754,1.006397
1.002119,1.002137,1.006397,0.997881
0.997886,1.0,0.997881,1.0
1.004237,1.002132,1.0,1.010616
1.012658,1.006383,1.010616,1.0
0.997917,1.004228,1.0,0.983193
0.993737,0.985263,0.983193,1.00641
0.989496,0.997863,1.00641,0.997877
1.002123,1.004283,0.997877,1.002128
1.002119,1.0,1.002128,1.006369
1.006342,1.0,1.006369,1.008439
1.008403,1.010661,1.008439,1.0
1.0,1.004219,1.0,0.997908
0.995833,0.997899,0.997908,1.002096
1.004184,1.002105,1.002096,1.006276
1.004167,1.004202,1.006276,0.997921
1.006224,1.0,0.997921,1.008333
0.997938,0.997908,1.008333,0.997934
1.006198,1.010482,0.997934,1.004141
0.997947,1.002075,1.004141,0.993814
1.0,0.993789,0.993814,1.012448
1.00823,1.004167,1.012448,1.004098
1.0,1.010373,1.004098,0.995918
1.0,0.997947,0.995918,1.0
0.997959,1.0,1.0,0.993852
1.0,0.997942,0.993852,1.0
0.993865,0.989691,1.0,1.0
1.0,1.00625,1.0,0.991753
1.0,0.995859,0.991753,1.008316
1.0,0.997921,1.008316,0.997938
1.0,1.00625,0.997938,1.002066
1.0,0.99793,1.002066,1.002062
1.004115,1.004149,1.002062,0.99177
0.997951,0.989669,0.99177,1.014523
1.00616,1.008351,1.014523,1.00818
1.008163,1.010352,1.00818,1.014199
1.022267,1.008197,1.014199,0.996
0.994059,1.010163,0.996,1.006024
1.001992,1.0,1.006024,1.0
0.998012,1.002012,1.0,0.99002
1.0,0.993976,0.99002,1.018145
1.00996,0.99798,1.018145,1.00198
1.0,1.018219,1.00198,0.994071
1.001972,0.996024,0.994071,1.0
0.996063,1.0,1.0,1.001988
0.998024,0.994012,1.001988,1.027778
1.035644,1.012048,1.027778,0.998069
0.996176,1.019841,0.998069,0.98646
0.994242,0.990272,0.98646,1.005882
0.990347,1.0,1.005882,0.992203
1.009747,0.998035,0.992203,0.994106
0.984556,0.990157,0.994106,1.0
1.0,1.003976,1.0,1.011858
1.005882,1.0,1.011858,0.996094
1.0,1.007921,0.996094,1.015686
1.011696,0.998035,1.015686,0.969112
1.00578,0.98622,0.969112,1.001992
0.969349,0.996008,1.001992,1.013917
1.013834,1.006012,1.013917,0.988235
0.996101,0.998008,0.988235,1.003968
0.994129,1.001996,1.003968,0.994071
1.001969,0.998008,0.994071,0.992048
0.988212,0.99002,0.992048,1.006012
1.0,1.004032,1.006012,1.011952
1.00994,1.006024,1.011952,0.98622
1.0,0.998004,0.98622,1.005988
0.994094,0.996,1.005988,1.0
1.00198,1.01004,1.0,0.998016
1.0,0.998012,0.998016,1.0
0.996047,0.996016,1.0,1.0
1.0,1.002,1.0,1.011928
1.009921,1.003992,1.011928,1.003929
1.003929,1.007952,1.003929,1.0
1.003914,1.003945,1.0,0.996086
0.998051,0.996071,0.996086,1.009823
1.003906,1.0,1.009823,1.001946
1.007782,1.00789,1.001946,0.990291
0.994208,0.998043,0.990291,0.996078
0.996117,0.992157,0.996078,0.992126
0.990253,0.990119,0.992126,0.986111
0.992126,0.974052,0.986111,1.012072
1.001984,1.014344,1.012072,1.003976
1.00396,1.012121,1.003976,1.00198
1.00789,1.005988,1.00198,1.005929
0.998043,1.003968,1.005929,1.011788
1.011765,1.007905,1.011788,1.007767
1.013566,1.005882,1.007767,0.998073
0.996176,1.005848,0.998073,0.998069
0.998081,0.996124,0.998069,0.998066
0.998077,1.001946,0.998066,1.00969
1.00578,1.0,1.00969,0.996161
1.0,1.003883,0.996161,1.00578
1.0,0.998066,1.00578,1.003831
1.009579,1.00969,1.003831,1.015267
1.013283,1.005758,1.015267,1.009398
1.014981,1.015267,1.009398,0.996276
0.99262,1.00188,0.996276,0.990654
1.0,0.994371,0.990654,1.007547
0.996283,0.998113,1.007547,0.986891
1.0,0.994329,0.986891,1.02277
1.007463,1.0,1.02277,1.014842
1.027778,1.036122,1.014842,1.010969
0.996396,1.0,1.010969,0.998192
1.003617,1.005505,0.998192,1.003623
1.0,1.001825,1.003623,0.98556
0.998198,0.992714,0.98556,1.005495
0.994585,1.001835,1.005495,1.007286
1.005445,1.001832,1.007286,0.994575
1.00361,1.003656,0.994575,0.996364
0.989209,0.990893,0.996364,1.007299
1.003636,1.005515,1.007299,0.971014
0.996377,0.978062,0.971014,1.0
0.976364,0.994393,1.0,0.985075
0.998138,0.988722,0.985075,1.003788
0.990672,1.001901,1.003788,1.007547
1.00565,0.996205,1.007547,1.0
1.003745,1.011429,1.0,0.996255
0.996269,0.998117,0.996255,1.009398
1.007491,1.003774,1.009398,0.985102
1.0,0.992481,0.985102,1.011342
1.003717,1.007576,1.011342,1.007477
1.003704,1.00188,1.007477,0.996289
0.994465,1.001876,0.996289,0.992551
0.998145,0.992509,0.992551,1.007505
1.0,1.003774,1.007505,1.011173
1.009294,1.007519,1.011173,0.992634
0.998158,1.003731,0.992634,1.025974
1.046125,0.998141,1.025974,0.980108
0.975309,1.003724,0.980108,1.00369
0.985533,0.996289,1.00369,1.012868
1.012844,1.011173,1.012868,1.001815
1.005435,1.009208,1.001815,1.003623
1.007207,1.007299,1.003623,1.001805
0.992844,0.996377,1.001805,1.009009
1.012613,0.998182,1.009009,1.001786
1.012456,1.018215,1.001786,1.0
0.991213,0.996422,1.0,0.980392
0.992908,0.983842,0.980392,0.994545
0.983929,0.990876,0.994545,0.990859
0.99637,0.998158,0.990859,0.98893
0.989071,0.979705,0.98893,1.001866
0.990792,1.001883,1.001866,0.994413
1.0,1.0,0.994413,0.97191
0.996283,0.975564,0.97191,1.011561
0.985075,1.0,1.011561,1.013333
1.015152,1.011561,1.013333,1.0
0.994403,0.99619,1.0,1.005639
1.005629,1.013384,1.005639,1.001869
1.003731,1.00566,1.001869,0.994403
0.996283,0.994371,0.994403,0.994371
0.996269,0.998113,0.994371,0.986792
0.992509,0.986767,0.986792,0.986616
0.986792,0.98659,0.986616,1.005814
0.992352,0.994175,1.005814,0.982659
1.001927,0.992188,0.982659,0.990196
0.980769,0.970472,0.990196,1.005941
1.0,1.014199,1.005941,1.005906
1.011765,1.016,1.005906,1.013699
1.003876,1.0,1.013699,1.001931
1.011583,1.019685,1.001931,0.996146
0.994275,0.992278,0.996146,1.003868
0.998081,1.005837,1.003868,0.986513
1.0,0.98646,0.986513,0.996094
0.986538,0.996078,0.996094,1.005882
1.001949,0.994094,1.005882,0.988304
0.990272,0.980198,0.988304,0.996055
1.001965,1.020202,0.996055,1.00198
1.003922,0.99802,1.00198,0.996047
0.988281,0.996032,0.996047,1.007937
1.005929,0.992032,1.007937,1.0
1.001965,1.018072,1.0,1.001969
1.0,1.0,1.001969,1.009823
1.007843,1.0,1.009823,0.998054
1.001946,1.00789,0.998054,1.0
0.998058,1.0,1.0,1.001949
1.015564,0.996086,1.001949,1.003891
0.988506,1.0,1.003891,0.996124
1.001938,1.003929,0.996124,1.001946
0.998066,1.003914,1.001946,0.992233
0.998062,0.994152,0.992233,1.007828
1.0,1.001961,1.007828,1.001942
1.005825,1.003914,1.001942,1.0
0.998069,1.0,1.0,0.998062
1.007737,1.001949,0.998062,0.994175
0.988484,0.986381,0.994175,1.009766
1.005825,1.00789,1.009766,1.001934
1.001931,1.009785,1.001934,1.0
1.009634,1.001938,1.0,1.001931
0.996183,1.0,1.001931,1.003854
1.0,1.0,1.003854,1.009597
1.007663,1.005803,1.009597,0.992395
1.0,1.0,0.992395,1.01341
1.007605,1.001923,1.01341,1.005671
1.007547,1.007678,1.005671,1.00188
0.998127,1.005714,1.00188,1.003752
1.007505,1.003788,1.003752,0.986916
0.994413,0.992453,0.986916,0.998106
0.994382,0.996198,0.998106,1.011385
1.00565,1.001908,1.011385,1.0
1.003745,1.011429,1.0,0.983114
0.996269,0.975518,0.983114,1.005725
0.988764,1.009653,1.005725,1.041746
1.041667,1.003824,1.041746,0.998179
1.001818,1.03619,0.998179,1.021898
1.023593,1.007353,1.021898,1.073214
1.090426,1.021898,1.073214,0.966722
0.96748,1.021429,0.966722,0.996558
0.983193,0.994755,0.996558,0.996546
1.018803,1.010545,0.996546,0.987868
0.964765,0.984348,0.987868,1.019298
1.017391,1.001767,1.019298,0.993115
1.005128,1.008818,0.993115,0.987868
0.986395,0.994755,0.987868,0.985965
0.986207,0.982425,0.985965,1.007117
0.998252,1.003578,1.007117,1.0053
0.998249,1.003565,1.0053,1.015817
1.02807,1.010657,1.015817,0.968858
0.972696,0.97188,0.968858,0.978571
0.980702,0.98915,0.978571,0.979927
0.985689,0.97989,0.979927,1.011173
0.987296,0.998134,1.011173,0.998158
1.003676,1.009346,0.998158,0.99631
0.992674,0.988889,0.99631,1.011111
1.01107,1.007491,1.011111,1.005495
1.009124,1.005576,1.005495,0.998179
0.992767,1.007394,0.998179,0.994526
0.998179,0.99633,0.994526,0.992661
0.99635,0.994475,0.992661,0.988909
0.992674,0.990741,0.988909,1.018692
1.01107,0.998131,1.018692,1.011009
1.009124,1.018727,1.011009,1.0
1.007233,1.009191,1.0,1.00726
1.0,1.001821,1.00726,0.996396
1.0,0.996364,0.996396,1.003617
0.998205,1.001825,1.003617,0.996396
1.001799,1.005464,0.996396,0.998192
0.996409,0.996377,0.998192,0.994565
0.992793,0.992727,0.994565,0.998179
1.001815,1.001832,0.998179,1.001825
0.996377,1.0,1.001825,1.003643
1.003636,1.0,1.003643,0.994555
1.0,0.998172,0.994555,0.998175
0.994565,0.994505,0.998175,1.001828
1.003643,1.003683,1.001828,0.989051
0.99637,0.990826,0.989051,1.0
0.990893,0.998148,1.0,0.99631
1.001838,1.0,0.99631,1.001852
0.994495,0.994434,1.001852,0.992606
0.998155,1.0,0.992606,0.994413
0.992606,0.992537,0.994413,0.988764
0.994413,0.990602,0.988764,1.003788
0.992509,1.0,1.003788,1.00566
1.007547,1.003795,1.00566,0.992495
1.0,1.0,0.992495,1.005671
0.998127,1.0,1.005671,1.011278
1.016886,1.007561,1.011278,1.003717
0.998155,1.003752,1.003717,0.998148
1.0,1.003738,0.998148,0.994434
0.998152,0.992551,0.994434,1.0
0.994444,1.001876,1.0,0.992537
1.0,0.994382,0.992537,0.996241
0.992551,0.99435,0.996241,0.998113
0.998124,1.0,0.998113,0.992439
0.994361,0.994318,0.992439,1.007619
1.00189,1.001905,1.007619,1.003781
1.001887,1.003802,1.003781,0.996234
0.998117,0.996212,0.996234,1.00189
1.0,0.998099,1.00189,1.007547
1.007547,1.005714,1.007547,0.994382
1.0,1.003788,0.994382,0.990584
0.996255,0.988679,0.990584,1.001901
0.990602,1.001908,1.001901,1.0
1.005693,1.001905,1.0,0.996205
0.996226,0.994297,0.996205,1.005714
1.00947,1.0,1.005714,1.0
0.992495,1.003824,1.0,1.003788
1.003781,1.001905,1.003788,1.009434
1.009416,1.005703,1.009434,1.0
0.998134,1.005671,1.0,0.996262
1.0,0.99812,0.996262,0.996248
0.998131,0.998117,0.996248,0.992467
0.994382,0.992453,0.992467,0.99241
0.996234,0.992395,0.99241,1.001912
0.994329,0.998084,1.001912,0.986641
0.994297,0.988484,0.986641,0.996132
0.986616,0.992233,0.996132,1.007767
1.007752,1.007828,1.007767,1.009634
1.011538,1.005825,1.009634,0.990458
0.998099,0.994208,0.990458,0.998073
0.988571,0.998058,0.998073,0.994208
1.0,1.0,0.994208,1.007767
1.0,1.0,1.007767,1.0
1.001927,1.001946,1.0,0.998073
1.001923,1.003883,0.998073,1.0
0.998081,0.998066,1.0,0.998069
1.0,1.0,0.998069,0.994197
0.996154,0.992248,0.994197,0.998054
0.992278,0.996094,0.998054,1.001949
1.003891,1.0,1.001949,1.005837
1.001938,1.003922,1.005837,1.001934
1.001934,1.003906,1.001934,0.992278
1.0,0.998054,0.992278,1.001946
0.994208,0.998051,1.001946,0.998058
1.0,1.0,0.998058,0.994163
0.998058,0.994141,0.994163,0.998043
0.996109,0.998035,0.998043,1.001961
1.0,1.001969,1.001961,0.994129
0.998047,0.994106,0.994129,0.996063
0.994129,0.994071,0.996063,0.998024
0.998031,1.0,0.998024,0.99604
1.0,0.998012,0.99604,1.00994
1.001972,1.0,1.00994,0.994094
1.0,1.003984,0.994094,1.011881
1.007874,1.007937,1.011881,1.001957
1.0,1.0,1.001957,1.009766
1.011719,1.007874,1.009766,1.003868
1.005792,1.007812,1.003868,1.0
0.998081,1.001938,1.0,1.001927
1.005769,1.0,1.001927,1.003846
1.001912,0.998066,1.003846,0.998084
1.0,1.005814,0.998084,0.996161
0.994275,0.99422,0.996161,1.001927
0.998081,1.001938,1.001927,0.998077
1.0,1.0,0.998077,0.990366
0.998077,0.992263,0.990366,1.005837
0.996146,1.0,1.005837,1.017408
1.021277,1.005848,1.017408,1.0
0.998106,1.015504,1.0,1.011407
1.01518,1.001908,1.011407,1.003759
1.0,1.005714,1.003759,1.003745
1.003738,1.00947,1.003745,1.007463
1.022346,1.001876,1.007463,0.998148
0.98725,1.003745,0.998148,1.0
0.998155,1.001866,1.0,0.990724
1.0,0.990689,0.990724,0.994382
0.988909,0.99812,0.994382,0.992467
0.994393,0.990584,0.992467,0.981025
0.994361,0.975285,0.981025,1.007737
0.986767,0.994152,1.007737,1.011516
1.009579,1.005882,1.011516,0.975332
0.996205,1.0,0.975332,0.998054
0.99619,0.996101,0.998054,0.996101
0.986616,0.992172,0.996101,0.960861
0.978682,0.962525,0.960861,1.00611
0.984158,1.002049,1.00611,1.0
1.004024,1.010225,1.0,0.995951
0.993988,0.989879,0.995951,1.014228
1.008065,1.010225,1.014228,1.004008
1.004,1.006073,1.004008,1.005988
1.005976,1.006036,1.005988,0.992063
1.0,0.998,0.992063,0.996
0.990099,0.993988,0.996,1.002008
1.0,1.0,1.002008,0.995992
0.996,0.997984,0.995992,0.997988
1.0,1.0,0.997988,1.012097
1.008032,1.00202,1.012097,0.998008
1.003984,1.006048,0.998008,1.007984
1.003968,1.002004,1.007984,1.0
1.0,1.004,1.0,1.00198
1.001976,1.003984,1.00198,0.992095
0.998028,0.994048,0.992095,0.994024
0.994071,0.996008,0.994024,1.0
0.994036,0.995992,1.0,0.997996
1.002,1.002012,0.997996,0.997992
0.996008,0.993976,0.997992,1.002012
0.997996,1.0,1.002012,1.01004
1.024096,1.00404,1.01004,1.001988
0.988235,1.006036,1.001988,0.960317
0.988095,0.962,0.960317,1.010331
0.981928,0.989605,1.010331,1.0
1.002045,1.021008,1.0,0.985685
0.991837,0.987654,0.985685,1.002075
0.997942,1.0,1.002075,0.995859
1.0,1.0,0.995859,0.995842
0.995876,0.997917,0.995842,0.989562
0.985507,0.985386,0.989562,0.995781
1.0,0.997881,0.995781,1.0
0.995798,0.997877,1.0,1.010593
1.008439,1.002128,1.010593,1.0
1.004184,1.008493,1.0,0.993711
0.995833,0.993684,0.993711,0.99789
0.995816,1.0,0.99789,0.987315
0.995798,0.987288,0.987315,0.993576
0.991561,0.991416,0.993576,1.0
0.995745,0.997835,1.0,1.00431
0.997863,1.004338,1.00431,0.980687
0.995717,0.984881,0.980687,1.006565
0.995699,1.0,1.006565,1.01087
1.006479,1.008772,1.01087,0.995699
0.997854,1.004348,0.995699,0.989201
0.995699,0.991342,0.989201,0.997817
0.991361,0.991266,0.997817,1.002188
1.0,1.002203,1.002188,1.002183
1.002179,0.997802,1.002183,0.995643
0.997826,1.004405,0.995643,1.010941
1.008715,1.002193,1.010941,1.004329
1.00216,1.006565,1.004329,0.997845
1.0,1.002174,0.997845,1.00216
1.0,1.002169,1.00216,0.997845
1.002155,1.0,0.997845,0.99568
0.997849,0.997835,0.99568,1.004338
0.997845,0.995662,1.004338,0.99568
0.99784,1.0,0.99568,0.995662
0.997835,1.0,0.995662,1.006536
1.002169,1.0,1.006536,1.008658
1.012987,1.008715,1.008658,1.0
0.997863,1.00216,1.0,0.993562
0.997859,0.99569,0.993562,0.993521
0.995708,0.993506,0.993521,0.993478
0.991379,0.993464,0.993478,1.0
0.995652,0.995614,1.0,0.993435
1.0,0.997797,0.993435,0.975771
0.9869,0.975717,0.975771,1.004515
0.988938,1.004525,1.004515,1.0
1.0,0.997748,1.0,1.0
1.0,1.002257,1.0,1.004494
1.002237,1.002252,1.004494,0.997763
0.997768,1.0,0.997763,1.0
1.004474,1.0,1.0,0.984305
0.995546,0.98427,0.984305,0.995444
0.98434,0.995434,0.995444,1.002288
0.995455,0.993119,1.002288,0.990868
1.0,1.0,0.990868,1.0
0.995434,0.997691,1.0,0.995392
1.0,0.99537,0.995392,0.94213
0.986239,0.932558,0.94213,1.004914
0.955814,1.004988,1.004914,0.98533
1.002433,0.995037,0.98533,1.007444
0.992718,0.997506,1.007444,0.995074
1.002445,1.0075,0.995074,1.007426
0.995122,1.0,1.007426,0.995086
1.0,1.002481,0.995086,0.992593
0.995098,0.987624,0.992593,1.017413
1.009852,1.007519,1.017413,0.982885
1.0,0.995025,0.982885,1.00995
0.990244,0.9975,1.00995,0.995074
1.002463,1.010025,0.995074,0.990099
0.997543,0.992556,0.990099,1.0025
0.995074,0.99,1.0025,1.012469
1.009901,1.012626,1.012469,1.002463
1.002451,1.009975,1.002463,0.990172
0.99022,0.985185,0.990172,1.014888
1.014815,1.010025,1.014888,1.007335
1.007299,1.014888,1.007335,1.002427
1.0,1.002445,1.002427,0.997579
0.997585,0.997561,0.997579,0.997573
1.002421,1.00489,0.997573,0.995134
0.995169,0.990268,0.995134,1.022005
1.01699,1.0,1.022005,1.011962
1.009547,1.019656,1.011962,1.021277
1.021277,1.014458,1.021277,0.99537
1.002315,1.016627,0.99537,1.009302
1.009238,1.011682,1.009302,0.997696
0.995423,1.0,0.997696,1.0
1.0,0.995381,1.0,1.004619
1.0,1.00232,1.004619,0.993103
1.002299,0.997685,0.993103,0.983796
0.993119,0.967517,0.983796,0.96
0.949192,0.973621,0.96,0.987745
0.997567,0.992611,0.987745,1.019851
1.004878,1.002481,1.019851,0.995134
1.0,1.007426,0.995134,1.012225
1.007282,1.0,1.012225,1.002415
1.0,1.009828,1.002415,1.0
1.004819,1.0,1.0,1.004819
1.0,1.004866,1.004819,0.983213
0.997602,0.990315,0.983213,0.995122
0.985577,0.992665,0.995122,0.987745
1.002439,0.987685,0.987745,1.004963
0.987835,1.0,1.004963,1.009877
1.009852,1.007481,1.009877,0.997555
0.997561,1.00495,0.997555,1.0
1.002445,1.0,1.0,1.002451
1.0,1.0,1.002451,1.007335
1.007317,1.004926,1.007335,0.997573
1.004843,1.004902,0.997573,0.992701
0.990361,0.992683,0.992701,0.997549
0.997567,0.995086,0.997549,0.995086
0.995122,0.997531,0.995086,1.0
0.995098,0.99505,1.0,1.014815
1.014778,1.014925,1.014815,0.995134
0.997573,1.0,0.995134,0.99022
0.995134,0.990196,0.99022,1.004938
1.0,1.002475,1.004938,0.995086
0.997555,0.997531,0.995086,0.995062
0.995098,0.99505,0.995062,0.997519
0.995074,0.997512,0.997519,1.002488
1.00495,1.002494,1.002488,1.002481
1.0,1.002488,1.002481,0.99505
0.997537,0.995037,0.99505,1.014925
1.009877,1.0,1.014925,1.002451
1.007335,1.012469,1.002451,1.002445
0.997573,1.004926,1.002445,1.014634
1.012165,1.0,1.014634,0.992788
0.997596,1.009804,0.992788,1.0
1.00241,1.0,1.0,0.992736
0.995192,0.995146,0.992736,1.007317
0.997585,1.0,1.007317,0.98063
0.992736,0.985366,0.98063,1.0
0.992683,1.0,1.0,1.007407
1.004914,1.002475,1.007407,0.946078
0.98533,0.950617,0.946078,0.997409
0.957816,0.976623,0.997409,0.987013
1.002591,1.007979,0.987013,0.984211
0.98708,0.984169,0.984211,1.008021
0.994764,1.0,1.008021,0.981432
0.992105,0.991957,0.981432,1.016216
0.997347,0.989189,1.016216,1.034574
1.045213,1.030055,1.034574,0.987147
0.992366,1.013263,0.987147,1.007812
0.997436,0.997382,1.007812,0.997416
0.994859,0.997375,0.997416,1.005181
1.010336,1.015789,1.005181,0.997423
0.994885,0.994819,0.997423,1.002584
1.002571,0.994792,1.002584,1.002577
1.007692,1.013089,1.002577,1.002571
1.0,1.005168,1.002571,1.015385
1.007634,1.007712,1.015385,1.005051
1.005051,1.002551,1.005051,0.997487
1.002513,1.002545,0.997487,0.997481
1.002506,1.002538,0.997481,1.0
0.9975,1.002532,1.0,0.989899
0.994987,0.984848,0.989899,1.048469
1.040302,1.010256,1.048469,1.004866
1.002421,1.020305,1.004866,1.0
1.004831,1.0199,1.0,1.002421
1.0,1.002439,1.002421,1.014493
1.024038,1.002433,1.014493,1.011905
1.002347,1.014563,1.011905,0.983529
1.0,0.997608,0.983529,1.002392
0.985948,0.990408,1.002392,1.0
1.0,1.012107,1.0,0.973747
0.995249,0.971292,0.973747,0.992647
0.980907,0.992611,0.992647,1.002469
0.995134,1.002481,1.002469,1.007389
1.0,0.997525,1.007389,0.987775
1.00489,1.0,0.987775,1.00495
0.990268,0.997519,1.00495,1.022167
1.022113,1.022388,1.022167,0.99759
1.0,1.0,0.99759,0.987923
0.987981,0.990268,0.987923,0.987775
0.997567,0.987715,0.987775,1.002475
0.987805,1.002488,1.002475,0.985185
1.0,0.985112,0.985185,1.002506
0.990123,1.005038,1.002506,1.0025
1.002494,1.002506,1.0025,1.004988
1.007463,0.995,1.004988,0.985112
0.992593,0.994975,0.985112,0.997481
0.992537,0.994949,0.997481,1.0
0.997494,0.997462,1.0,0.992424
1.0,1.0,0.992424,0.994911
0.992462,0.989822,0.994911,0.994885
0.992405,0.994859,0.994885,1.007712
1.002551,1.002584,1.007712,0.989796
0.994911,0.989691,0.989796,1.005155
1.0,1.007812,1.005155,0.992308
1.007673,1.0,0.992308,1.007752
0.989848,0.994832,1.007752,0.992308
1.0,1.0,0.992308,1.002584
1.005128,1.002597,1.002584,1.020619
1.010204,1.0,1.020619,1.007576
1.010101,1.020725,1.007576,1.002506
1.01,1.005076,1.002506,1.0025
1.0,1.005051,1.0025,1.0
1.0,1.005025,1.0,1.0
0.99505,0.9925,1.0,1.002494
1.002488,1.005038,1.002494,1.004975
1.004963,1.002506,1.004975,0.997525
1.0,1.005,0.997525,1.004963
1.002469,0.997512,1.004963,1.0
1.0,1.002494,1.0,0.997531
1.0,1.0,0.997531,0.990099
0.995074,0.992537,0.990099,0.9975
0.992574,0.997494,0.9975,1.0
1.004988,1.0,1.0,1.002506
0.997519,1.002513,1.002506,0.995
1.0,0.994987,0.995,0.98995
0.99005,0.97733,0.98995,0.994924
0.992462,1.007732,0.994924,0.994898
1.0,0.994885,0.994898,1.017949
1.005063,1.005141,1.017949,1.010076
1.012594,1.012788,1.010076,1.007481
1.007463,1.007576,1.007481,1.007426
1.007407,1.007519,1.007426,1.0
1.002451,1.007463,1.0,0.990172
0.997555,0.992593,0.990172,1.01737
1.007353,1.004975,1.01737,1.002439
1.007299,1.009901,1.002439,1.0
0.995169,1.0,1.0,0.997567
1.004854,1.0,0.997567,1.009756
1.002415,1.0,1.009756,1.050725
1.050602,1.019608,1.050725,1.0
1.022936,1.028846,1.0,1.002299
0.995516,1.011682,1.002299,0.995413
0.990991,0.997691,0.995413,1.011521
0.997727,1.002315,1.011521,1.009112
1.027335,1.016166,1.009112,1.004515
0.986696,0.997727,1.004515,1.024719
1.026966,1.015945,1.024719,1.017544
1.026258,1.015695,1.017544,0.952586
0.989339,0.975717,0.952586,1.024887
0.976293,0.997738,1.024887,1.015453
1.04415,1.029478,1.015453,0.993478
0.993658,1.002203,0.993478,0.973742
0.974468,0.967033,0.973742,1.017978
0.991266,1.011364,1.017978,1.013245
1.013216,1.013483,1.013245,1.006536
1.015217,1.019956,1.006536,1.0
0.991435,0.991304,1.0,1.004329
1.006479,1.010965,1.004329,1.008621
1.004292,0.995662,1.008621,0.989316
1.004274,1.004357,0.989316,0.963283
0.987234,0.963124,0.963283,1.004484
0.969828,0.995495,1.004484,0.993304
1.002222,1.002262,0.993304,1.017978
1.006652,0.997743,1.017978,1.024283
1.024229,1.024887,1.024283,0.993534
1.002151,1.015453,0.993534,1.010846
1.0,0.997826,1.010846,1.006438
1.021459,1.017429,1.006438,1.0
1.0,0.991435,1.0,1.008529
0.995798,1.006479,1.008529,1.008457
1.012658,1.002146,1.008457,0.983229
0.995833,1.004283,0.983229,1.002132
0.983264,0.987207,1.002132,1.004255
1.034043,1.019438,1.004255,1.014831
0.985597,0.987288,1.014831,1.004175
1.006263,1.025751,1.004175,0.993763
1.0,0.997908,0.993763,1.002092
0.997925,0.991614,1.002092,0.993737
1.010395,1.006342,0.993737,0.993697
0.983539,0.989496,0.993697,1.006342
0.995816,0.993631,1.006342,0.968487
0.997899,0.980769,0.968487,0.995662
0.972632,0.995643,0.995662,1.006536
1.017316,1.008753,1.006536,1.04329
1.031915,1.0,1.04329,0.943983
0.979381,0.9718,0.943983,1.01978
0.976842,1.006696,1.01978,0.984914
1.0,1.004435,0.984914,0.978118
0.982759,0.98234,0.978118,1.020134
1.002193,1.002247,1.020134,0.989035
0.995624,1.008969,0.989035,0.995565
0.995604,0.991111,0.995565,1.017817
1.015453,1.011211,1.017817,1.030635
1.034783,1.006652,1.030635,0.961783
0.997899,0.995595,0.961783,0.980132
0.957895,0.971239,0.980132,1.011261
0.993407,1.006834,1.011261,0.988864
0.997788,0.995475,0.988864,1.002252
0.995565,1.002273,1.002252,0.991011
0.991091,0.997732,0.991011,1.013605
1.011236,1.0,1.013605,1.0
1.004444,1.013636,1.0,1.008949
1.002212,1.002242,1.008949,0.995565
0.993377,0.997763,0.995565,0.997773
1.002222,1.002242,0.997773,1.002232
1.0,0.995526,1.002232,0.988864
0.993348,0.995506,0.988864,1.004505
1.004464,1.002257,1.004505,0.984305
0.991111,0.988739,0.984305,1.006834
0.995516,1.0,1.006834,1.020362
1.018018,1.006834,1.020362,0.995565
0.997788,1.011312,0.995565,0.977728
0.977827,0.975391,0.977728,0.990888
1.0,0.995413,0.990888,1.002299
0.99093,0.997696,1.002299,1.004587
1.004577,1.002309,1.004587,1.009132
1.013667,1.016129,1.009132,1.011312
1.008989,1.0,1.011312,1.011186
1.013363,1.013605,1.011186,0.997788
0.991209,1.0,0.997788,0.988914
1.002217,0.991051,0.988914,0.997758
0.988938,1.0,0.997758,1.004494
1.006711,1.004515,1.004494,0.993289
1.002222,0.995506,0.993289,1.015766
1.002217,1.009029,1.015766,1.0
1.0,1.004474,1.0,0.991131
0.997788,0.991091,0.991131,1.008949
1.004435,1.004494,1.008949,1.011086
1.015453,1.002237,1.011086,0.97807
0.991304,0.988839,0.97807,0.997758
0.97807,0.993228,0.997758,0.988764
0.997758,0.995455,0.988764,1.002273
0.997753,1.002283,1.002273,0.997732
0.995495,0.993166,0.997732,1.004545
1.004525,1.0,1.004545,1.0
0.995495,1.006881,1.0,0.995475
1.0,1.0,0.995475,0.993182
0.995475,0.993166,0.993182,1.004577
1.002273,1.0,1.004577,0.986333
0.995465,0.990826,0.986333,1.0
0.990888,1.0,1.0,1.004619
1.006897,1.00463,1.004619,1.006897
1.002283,1.0,1.006897,0.997717
1.0,1.002304,0.997717,1.0
0.997722,1.0,1.0,1.004577
1.004566,1.002299,1.004577,0.995444
0.995455,1.0,0.995444,0.993135
0.995434,0.993119,0.993135,0.986175
0.986239,0.983834,0.986175,0.990654
0.997674,0.992958,0.990654,0.974057
0.981352,0.959811,0.974057,1.0
0.985748,1.009852,1.0,1.0
1.0,1.004878,1.0,0.995157
1.0,0.995146,0.995157,1.009732
1.0,1.0,1.009732,0.992771
0.99759,1.002439,0.992771,1.007282
1.004831,1.004866,1.007282,0.995181
0.992788,0.98063,0.995181,1.0
1.004843,1.014815,1.0,1.016949
1.012048,1.007299,1.016949,0.997619
1.004762,1.009662,0.997619,1.004773
1.0,1.0,1.004773,1.007126
1.007109,1.002392,1.007126,0.995283
1.0,1.002387,0.995283,1.0
0.995294,0.985714,1.0,1.011848
1.018913,1.012077,1.011848,0.98829
0.988399,1.002387,0.98829,0.995261
0.992958,0.995238,0.995261,0.988095
1.0,0.988038,0.988095,1.009639
0.992908,0.997579,1.009639,0.997613
0.997619,1.007282,0.997613,1.009569
1.00716,1.00241,1.009569,1.004739
1.014218,1.014423,1.004739,1.0
1.0,0.99763,1.0,1.007075
1.004673,1.004751,1.007075,1.0
0.995349,1.0,1.0,0.995316
1.0,1.004728,0.995316,1.002353
0.997664,0.997647,1.002353,1.0
1.002342,1.002358,1.0,0.974178
0.995327,0.969412,0.974178,1.0
0.976526,1.004854,1.0,1.004819
1.002404,1.0,1.004819,1.0
1.004796,1.004831,1.0,0.98801
0.99284,0.987981,0.98801,1.004854
0.997596,1.002433,1.004854,0.992754
0.995181,0.995146,0.992754,1.0
1.002421,1.0,1.0,1.004866
1.0,1.002439,1.004866,0.995157
1.0,1.0,0.995157,1.0
0.997585,0.995134,1.0,1.007299
1.002421,1.0,1.007299,1.0
1.004831,1.00978,1.0,1.004831
1.002404,1.0,1.004831,1.012019
1.01199,1.009685,1.012019,0.995249
0.99763,1.0,0.995249,0.997613
1.0,0.997602,0.997613,0.995215
0.995249,0.997596,0.995215,0.987981
0.997613,0.985542,0.987981,1.0
0.985646,0.997555,1.0,1.002433
1.002427,1.002451,1.002433,0.992718
0.997579,1.0,0.992718,1.002445
1.0,1.0,1.002445,1.004878
1.002427,1.0,1.004878,1.007282
1.004843,1.00489,1.007282,0.990361
1.0,1.0,0.990361,0.992701
0.990361,0.990268,0.992701,0.995098
0.995134,0.995086,0.995098,1.007389
1.0,1.0,1.007389,1.0
1.002445,1.007407,1.0,1.00489
1.004878,1.0,1.00489,0.997567
1.0,1.002451,0.997567,1.0
1.0,1.0,1.0,0.997561
1.0,0.997555,0.997561,0.982885
0.990291,0.985294,0.982885,1.004975
0.992647,1.0,1.004975,0.997525
0.997531,1.0,0.997525,1.0
1.0,1.0,1.0,0.990074
0.997525,0.992537,0.990074,1.005013
0.997519,1.0,1.005013,1.007481
1.007463,1.002506,1.007481,0.997525
1.0,1.005,0.997525,0.997519
0.995062,0.997512,0.997519,1.0
1.004963,0.992519,1.0,1.012438
1.004938,1.005025,1.012438,0.995086
1.0,1.01,0.995086,0.995062
0.995086,0.99505,0.995062,0.997519
0.997531,1.0,0.997519,1.002488
0.997525,0.997512,1.002488,0.997519
1.002481,1.0,0.997519,1.002488
0.997525,0.997506,1.002488,1.0
1.0,1.0025,1.0,1.002481
1.004963,1.002494,1.002481,1.0
0.997531,1.0,1.0,1.00495
1.007426,1.0,1.00495,0.997537
0.997543,1.004975,0.997537,0.997531
1.0,0.997525,0.997531,1.0
1.002463,1.0,1.0,1.009901
1.004914,1.002481,1.009901,1.004902
1.00489,1.007426,1.004902,1.009756
1.009732,1.004914,1.009756,0.992754
0.99759,1.002445,0.992754,1.004866
0.997585,1.002439,1.004866,0.995157
1.002421,0.997567,0.995157,0.990268
0.995169,0.992683,0.990268,1.004914
0.992718,1.0,1.004914,0.99511
1.0,0.997543,0.99511,1.002457
0.997555,1.0,1.002457,0.997549
1.007353,1.002463,0.997549,1.012285
1.002433,0.997543,1.012285,1.002427
