0.99115,0.987915,0.995218,1.032432
1.034524,1.015291,1.032432,0.956952
0.98389,0.98494,0.956952,0.989058
0.956725,0.978593,0.989058,0.995083
1.013447,1.001875,0.995083,1.02903
1.010253,1.001871,1.02903,1.0012
1.00597,0.996887,1.0012,1.014988
1.018398,1.044347,1.014988,1.099823
1.085082,1.011364,1.099823,1.009667
1.047261,1.094027,1.009667,1.018617
0.988718,0.99027,1.018617,0.933681
1.0,0.959607,0.933681,0.98434
0.94139,0.99033,0.98434,0.961364
0.957576,0.967835,0.961364,0.993499
1.001151,0.981009,0.993499,0.930993
0.986782,0.943739,0.930993,0.994888
0.931275,0.980769,0.994888,1.004496
0.991245,1.008497,1.004496,1.003197
1.007571,0.998056,1.003197,0.974506
0.981841,0.99026,0.974506,0.995422
1.006378,0.997377,0.995422,1.026281
0.992395,0.986193,1.026281,1.012164
1.037037,1.026667,1.012164,1.006958
1.003695,1.0,1.006958,1.007538
0.992638,1.025974,1.007538,0.98192
0.995056,0.986076,0.98192,1.007619
0.990683,1.001926,1.007619,1.010712
1.008777,1.007047,1.010712,1.0
1.002486,1.01145,1.0,0.996259
1.00124,0.996855,0.996259,0.994994
0.989474,0.976656,0.994994,1.025157
1.020651,1.010982,1.025157,1.1
1.099326,1.046006,1.1,0.963748
1.000558,1.050092,0.963748,1.006366
0.977146,0.999418,1.006366,1.029902
1.03765,1.012806,1.029902,0.988275
0.984607,1.002299,0.988275,0.952542
0.991625,0.963876,0.952542,0.999407
0.966779,0.995241,0.999407,1.008902
1.001165,1.004782,1.008902,1.025882
1.028505,0.987507,1.025882,1.010894
1.0181,1.043373,1.010894,0.978446
0.982222,0.978637,0.978446,0.975072
0.976244,0.99115,0.975072,1.001189
0.98146,0.994048,1.001189,1.014846
1.008855,1.0,1.014846,1.019895
1.023406,1.017365,1.019895,1.030407
1.050314,1.027075,1.030407,1.001114
0.986935,1.008596,1.001114,0.983315
1.002758,1.0,0.983315,0.951357
0.944994,0.949432,0.951357,0.99346
0.98312,0.98863,0.99346,1.006583
0.997632,1.002421,1.006583,0.997622
1.00178,1.001208,0.997622,1.010131
1.005332,1.012063,1.010131,0.99174
0.996464,0.991061,0.99174,0.982153
0.997043,0.992183,0.982153,1.023622
1.004745,1.0,1.023622,0.997041
1.007674,1.015152,0.997041,0.993472
0.995313,0.995821,0.993472,1.056153
1.060624,1.01259,1.056153,1.0
0.99667,1.030787,1.0,1.003959
0.992762,1.006893,1.003959,1.009577
1.032529,1.009698,1.009577,1.020647
0.997284,0.99322,1.020647,0.995079
1.007081,1.025028,0.995079,0.964286
0.989183,0.970033,0.964286,0.982906
0.959541,0.970824,0.982906,0.986667
1.015954,0.999411,0.986667,1.007051
0.970275,0.976415,1.007051,1.026254
1.023699,1.024758,1.026254,1.0
1.0,1.0,1.0,1.040932
1.084133,1.026517,1.040932,1.016384
0.972917,1.032147,1.016384,0.986566
1.009101,0.996107,0.986566,0.970044
0.970822,0.980458,0.970044,1.016844
1.026776,1.014237,1.016844,0.900055
0.957424,0.915216,0.900055,0.974233
0.9005,0.960736,0.974233,1.034635
1.015432,0.989783,1.034635,0.975046
1.02614,1.032258,0.975046,0.971286
0.938389,0.953125,0.971286,0.969152
0.997475,0.970492,0.969152,0.997347
0.981013,0.989865,0.997347,0.946144
0.970323,0.962457,0.946144,1.021785
0.972739,0.991489,1.021785,1.002751
1.006835,1.02289,1.002751,0.9
0.983028,0.917483,0.9,0.974848
0.90953,0.901677,0.974848,1.003909
0.999241,1.032967,1.003909,0.975857
0.987082,1.021277,0.975857,1.010375
0.984604,0.949519,1.010375,1.060821
1.055512,1.068354,1.060821,0.987342
1.006667,1.036335,0.987342,0.997738
0.990434,1.002287,0.997738,1.016629
1.000743,0.996198,1.016629,1.01487
1.035635,1.035115,1.01487,0.92967
0.971326,0.929204,0.92967,0.972419
0.937269,0.948413,0.972419,1.002431
0.975591,1.000837,1.002431,0.98464
1.021792,1.01505,0.98464,0.977833
0.965245,0.959638,0.977833,0.97733
0.963993,0.985408,0.97733,1.099656
1.086587,1.008711,1.099656,1.1
1.1,1.1,1.1,0.989347
1.006392,1.030303,0.989347,1.024408
1.048694,1.003676,1.024408,0.966363
0.966353,1.009524,0.966363,0.944162
0.966574,0.926705,0.944162,1.036866
0.981268,0.993735,1.036866,0.994815
1.00514,1.048069,0.994815,1.041698
1.070124,1.003759,1.041698,0.991422
0.969283,1.029963,0.991422,1.046864
1.046479,1.005818,1.046864,0.974518
0.974428,1.002169,0.974518,0.900353
0.986188,0.919192,0.900353,0.973312
0.9,0.949765,0.973312,1.031452
1.057937,1.019008,1.031452,1.007819
0.981995,0.989457,1.007819,1.1
1.08327,1.017213,1.1,1.067701
1.1,1.1,1.067701,0.992734
0.983974,1.051355,0.992734,1.010645
0.994788,1.002714,1.010645,1.007242
1.012443,0.994587,1.007242,0.988889
0.993532,1.006803,0.988889,1.001983
1.014323,0.991892,1.001983,1.046834
1.045571,1.012943,1.046834,0.94518
0.982198,1.000672,0.94518,1.016667
0.95625,0.987903,1.016667,1.020328
1.018301,1.014286,1.020328,1.018638
1.030809,1.040241,1.018638,0.989905
0.992528,1.0,0.989905,1.032505
1.018821,1.003868,1.032505,0.983951
0.998768,1.001927,0.983951,1.020703
1.008015,1.017949,1.020703,0.979103
0.995107,0.998111,0.979103,1.011299
1.004917,0.989905,1.011299,0.999379
1.00367,1.020395,0.999379,1.002484
0.995125,0.99188,1.002484,1.009294
1.004287,1.007557,1.009294,1.017802
1.065244,1.01,1.017802,1.027141
0.985117,1.012376,1.027141,1.015267
1.018013,1.029951,1.015267,1.001157
0.989726,1.0,1.001157,0.982091
0.997693,1.00178,0.982091,0.965882
1.011561,0.970379,0.965882,0.996955
0.958286,0.977411,0.996955,0.980452
0.975552,1.0,0.980452,1.036137
1.020782,1.000625,1.036137,1.009621
1.012575,1.024969,1.009621,1.011316
1.017741,1.017661,1.011316,0.996466
0.998257,1.0,0.996466,0.981087
0.988359,0.987433,0.981087,0.969277
0.985866,0.969697,0.969277,1.078931
1.057348,1.01375,1.078931,0.983295
0.980791,1.038841,0.983295,0.973638
0.990207,0.985163,0.973638,1.016245
0.98662,0.993976,1.016245,1.011841
1.008255,1.010303,1.011841,1.021065
1.028655,1.025195,1.021065,1.020057
1.028994,1.012873,1.020057,0.96573
0.983425,0.987868,0.96573,1.007563
0.982584,0.995906,1.007563,0.994804
0.996569,0.995302,0.994804,1.033082
1.030407,1.00177,1.033082,0.981461
0.997216,1.017668,0.981461,0.997138
0.974874,0.989583,0.997138,0.979334
1.009164,0.994152,0.979334,1.020516
0.990919,1.0,1.020516,1.048248
1.068156,1.019412,1.048248,0.978082
0.970509,1.022504,0.978082,0.994398
0.99779,0.993228,0.994398,0.981408
0.988372,0.975568,0.981408,1.017222
0.993277,0.995923,1.017222,1.003386
1.023689,1.029825,1.003386,1.015186
1.012672,0.999432,1.015186,1.001108
0.992383,0.998864,1.001108,0.977864
0.994518,1.002275,0.977864,0.947934
0.978501,0.947787,0.947934,0.989254
0.945915,0.979641,0.989254,1.016295
1.011316,1.01467,1.016295,0.982185
1.001178,0.987952,0.982185,1.003023
0.988824,1.0,1.003023,0.987945
0.992861,0.979268,0.987945,0.966443
0.989814,0.978829,0.966443,1.008838
0.983051,1.001272,1.008838,0.969337
0.982143,0.954892,0.969337,1.046482
1.017555,1.018629,1.046482,0.985811
1.001232,1.033312,0.985811,0.991239
0.984615,0.988622,0.991239,1.019571
1.01125,1.011509,1.019571,1.021053
1.03152,1.015171,1.021053,0.984839
0.988017,1.003113,0.984839,0.996921
0.999394,1.004345,0.996921,1.006177
0.994539,0.99691,1.006177,0.978514
1.00122,0.982021,0.978514,1.061481
1.04997,1.010101,1.061481,1.033097
1.025537,1.045,1.033097,0.987414
0.995473,1.021531,0.987414,1.028389
1.014781,1.020492,1.028389,1.029859
1.030812,1.00459,1.029859,0.995624
1.002717,1.022273,0.995624,0.965934
0.988618,0.977654,0.965934,1.002844
0.975877,0.994857,1.002844,1.0
1.016854,1.002298,1.0,0.914351
0.979006,0.920344,0.914351,1.0
0.930587,0.978207,1.0,0.957816
0.978169,0.959898,0.957816,0.995466
0.988841,1.013263,0.995466,1.007807
0.976176,0.993455,1.007807,1.021304
1.017983,1.016469,1.021304,1.017699
1.017666,1.009721,1.017699,0.973913
0.9969,0.981386,0.973913,1.05676
1.033582,1.009156,1.05676,0.991551
1.039711,1.058976,0.991551,0.981132
0.960069,0.973072,0.981132,1.002481
0.989753,1.008176,1.002481,0.952351
0.990256,0.943231,0.952351,0.9987
0.956335,1.009259,0.9987,1.0
1.00836,1.001966,1.0,0.985686
0.983418,0.976455,0.985686,0.981518
0.996757,0.987944,0.981518,1.009415
0.982433,0.987797,1.009415,0.996003
1.009272,1.014413,0.996003,0.982609
0.979659,0.992558,0.982609,1.013615
1.0,1.000682,1.013615,1.028207
1.028131,1.015668,1.028207,0.998694
1.002606,1.012743,0.998694,0.99673
0.9987,1.005298,0.99673,1.002625
0.998699,1.001976,1.002625,0.992801
0.997394,0.992768,0.992801,0.974951
0.999347,0.960265,0.974951,1.012847
0.983007,1.010345,1.012847,0.991989
1.001995,1.009556,0.991989,0.983849
0.987392,0.985801,0.983849,1.026676
1.012097,0.997257,1.026676,0.973351
1.008632,1.004127,0.973351,0.947981
0.9605,0.946575,0.947981,1.013718
0.962988,0.998553,1.013718,0.996439
1.007117,1.003623,0.996439,1.011437
1.001413,1.007942,1.011437,1.017668
1.018349,1.014327,1.017668,1.002083
1.016632,1.006356,1.002083,0.998614
0.99591,1.004912,0.998614,0.988203
0.99384,0.984637,0.988203,1.01264
1.009642,1.014184,1.01264,0.98613
0.983629,0.976224,0.98613,0.997187
0.995146,1.004298,0.997187,1.005642
0.996516,1.005706,1.005642,0.976858
0.994406,0.979433,0.976858,0.954774
0.979606,0.96307,0.954774,1.003008
0.963388,0.998496,1.003008,1.032234
1.028316,1.001506,1.032234,0.966594
1.0,0.999248,0.966594,1.006762
0.981884,1.0,1.006762,0.977612
1.002952,0.978179,0.977612,0.996183
0.969095,0.997692,0.996183,1.011494
1.006074,0.987664,1.011494,1.013636
1.018113,1.015613,1.013636,1.008221
1.001483,1.023828,1.008221,1.037806
1.042931,1.006006,1.037806,0.995
1.006388,1.029851,0.995,0.977746
0.980254,0.986232,0.977746,1.032305
1.014388,1.0,1.032305,0.998578
1.001418,1.028655,0.998578,1.014957
1.009915,0.993571,1.014957,0.992281
1.006311,1.015816,0.992281,1.012023
0.998606,0.991507,1.012023,1.0
1.002094,1.010707,1.0,0.990217
0.996518,0.995763,0.990217,1.066337
1.068484,0.997872,1.066337,0.955659
0.980379,1.025586,0.955659,1.004155
0.972648,0.990298,1.004155,1.015862
1.050069,1.016795,1.015862,1.010862
0.980405,1.008947,1.010862,1.0
0.994004,0.999318,1.0,1.00403
1.010724,1.008874,1.00403,1.008696
1.005968,0.981055,1.008696,0.980106
0.996704,1.006897,0.980106,1.019621
1.009921,1.003425,1.019621,0.997346
0.995416,1.023891,0.997346,0.991351
0.999342,0.99,0.991351,1.003356
0.997367,0.999327,1.003356,1.005351
1.023102,0.994609,1.005351,0.982701
0.975484,1.0,0.982701,1.027759
1.009921,0.99729,1.027759,1.030303
1.028815,1.007473,1.030303,0.991688
0.996817,1.031693,0.991688,0.976144
0.984036,0.984314,0.976144,1.017834
1.014925,1.005976,1.017834,1.025957
1.026215,0.993399,1.025957,1.099937
1.083489,1.099668,1.099937,1.1
1.1,1.087613,1.1,1.019864
1.033455,1.055556,1.019864,1.007688
1.00607,1.008947,1.007688,0.989318
1.015083,0.991132,0.989318,0.908997
0.946013,0.923684,0.908997,0.987557
0.93822,0.992023,0.987557,1.005727
0.990513,0.994831,1.005727,1.014806
1.006761,0.999423,1.014806,0.98541
1.011752,1.005199,0.98541,1.021071
0.995022,1.000575,1.021071,1.007808
1.008338,1.012636,1.007808,1.047593
1.068357,1.005105,1.047593,0.957211
0.968524,1.005079,0.957211,0.988962
0.964838,0.979225,0.988962,1.009487
1.020431,1.016628,1.009487,0.982863
0.983225,0.987592,0.982863,0.982002
0.986241,0.994289,0.982002,0.916953
0.93192,0.906376,0.916953,1.011868
0.983234,1.001901,1.011868,1.003086
1.004872,1.01518,1.003086,0.995692
1.004848,1.004361,0.995692,1.000618
0.98854,0.991935,1.000618,0.988264
1.00061,0.982489,0.988264,0.978125
0.985366,0.987269,0.978125,0.934185
0.981436,0.928433,0.934185,1.01368
0.936948,1.013889,1.01368,1.037112
1.037685,1.010274,1.037112,0.991542
0.998054,0.983051,0.991542,0.976378
0.984405,1.006897,0.976378,1.016129
1.007921,0.993836,1.016129,1.006614
1.012443,1.03377,1.006614,1.032852
1.025226,1.001333,1.032852,0.986005
1.006309,1.02996,0.986005,0.985161
0.967398,0.978022,0.985161,1.00262
0.992871,0.994052,1.00262,0.979099
1.003264,0.995346,0.979099,0.989326
0.97853,0.975284,0.989326,1.011463
1.000665,1.007534,1.011463,1.1
1.096346,1.014956,1.1,0.986667
1.006061,1.0643,0.986667,1.015356
1.003012,1.001259,1.015356,1.022384
1.037237,1.007542,1.022384,0.95503
0.971048,0.998129,0.95503,1.0
1.0,1.0,1.0,0.923172
0.968992,0.908125,0.923172,0.989933
0.928615,0.964212,0.989933,1.026441
1.00729,1.047823,1.026441,1.081242
1.095395,1.020436,1.081242,0.980452
0.973574,1.041389,0.980452,1.025545
1.037631,1.019231,1.025545,1.009113
1.002378,1.025786,1.009113,0.984347
0.983393,0.981606,0.984347,0.960856
0.989144,0.980637,0.960856,1.031827
0.989634,0.996815,1.031827,0.987662
0.994455,1.003195,0.987662,1.03248
1.074969,1.036943,1.03248,1.034483
1.00634,1.001229,1.034483,0.983041
0.996564,1.022699,0.983041,0.966686
0.983908,0.967606,0.966686,0.961846
0.95736,0.962182,0.961846,1.023033
0.978646,0.992912,1.023033,1.0
1.008728,1.028553,1.0,1.011882
1.008653,0.985489,1.011882,1.023486
1.026961,1.024328,1.023486,1.024758
1.01969,1.03625,1.024758,0.973483
0.988882,0.995175,0.973483,1.040557
1.021302,1.001212,1.040557,0.998837
1.008111,1.024818,0.998837,0.986022
0.992529,0.987005,0.986022,1.023627
1.011581,1.006583,1.023627,1.0
1.001145,1.016647,1.0,0.999423
1.0,0.990058,0.999423,1.000577
1.009148,1.004135,1.000577,0.983266
0.979037,0.997059,0.983266,1.0
1.0,1.0,1.0,1.003521
1.011574,1.00295,1.003521,1.030409
1.010297,1.0,1.030409,1.003405
1.019253,1.03,1.003405,0.996041
0.990556,0.996573,0.996041,1.049404
1.037577,1.008596,1.049404,0.998918
1.069189,1.030114,0.998918,1.035211
0.970677,1.003309,1.035211,0.995814
1.019792,1.027488,0.995814,0.973726
0.977528,0.982343,0.973726,0.93578
0.964472,0.937908,0.93578,1.039792
0.980498,1.001742,1.039792,1.001109
1.013812,1.031304,1.001109,0.984488
0.977112,0.977515,0.984488,0.994373
1.006693,0.994825,0.994373,0.990379
0.979501,1.00289,0.990379,0.969143
0.989819,0.95562,0.969143,1.005896
0.98,0.995175,1.005896,0.992966
1.002332,1.024848,0.992966,0.976978
0.970332,0.947368,0.976978,1.010272
1.010791,1.01186,1.010272,1.022129
1.017794,0.952498,1.022129,1.012873
1.018065,1.097798,1.012873,1.010976
1.010876,0.99174,1.010976,0.993714
1.006229,1.029744,0.993714,1.004025
0.989871,0.989024,1.004025,0.983391
0.994315,0.998832,0.983391,0.969715
0.971984,0.953216,0.969715,0.959159
0.974706,0.977914,0.959159,0.974327
0.956548,0.964868,0.974327,1.021851
1.0347,1.016255,1.021851,1.020755
0.996951,1.017274,1.020755,0.979667
1.003058,0.998113,0.979667,1.016981
0.995732,0.989288,1.016981,1.003092
1.001225,1.021019,1.003092,0.985203
0.990214,0.988771,0.985203,0.993742
1.003706,0.998738,0.993742,0.987406
0.990154,0.986102,0.987406,1.00574
1.011809,1.001281,1.00574,0.984781
0.97543,0.990403,0.984781,0.930457
0.97796,0.930233,0.930457,0.999308
0.938184,0.99375,0.999308,1.026316
1.02814,1.013976,1.026316,0.983131
1.007343,1.003446,0.983131,1.005491
0.980782,0.976648,1.005491,1.0157
1.013514,1.009142,1.0157,1.020161
1.032667,1.009756,1.020161,0.984848
1.001291,1.029676,0.984848,0.994649
0.981947,0.985255,0.994649,0.963013
0.978332,0.972789,0.963013,1.011173
0.983893,0.991608,1.011173,1.024171
1.030014,1.011989,1.024171,0.981794
0.992053,1.01115,0.981794,0.984203
0.965287,0.97519,0.984203,0.994417
0.998617,0.989399,0.994417,1.007018
1.002078,1.007143,1.007018,0.985366
0.998618,0.996454,0.985366,0.976662
0.97301,0.965836,0.976662,0.976104
1.002845,0.989683,0.976104,0.986647
0.966667,0.979151,0.986647,0.976692
0.998533,0.977186,0.976692,1.030793
1.000735,0.982101,1.030793,1.008215
1.002203,1.045959,1.008215,0.988148
0.989011,0.995455,0.988148,0.99925
1.002222,0.995434,0.99925,0.954989
0.978566,0.970948,0.954989,0.967007
0.969789,0.962205,0.967007,0.962632
0.958723,0.932897,0.962632,0.978903
0.974817,1.014035,0.978903,1.014655
0.983333,0.977509,1.014655,1.054376
1.091525,1.076106,1.054376,1.0
0.984472,0.987664,1.0,0.987913
0.990536,1.01249,0.987913,1.04323
1.033439,1.009868,1.04323,1.007037
1.007704,1.02443,1.007037,0.98913
0.98318,1.00318,0.98913,1.013344
1.005443,0.978605,1.013344,1.007746
1.022428,1.036437,1.007746,1.02844
1.012859,1.008594,1.02844,1.0
1.009709,1.024787,1.0,0.989537
0.997781,0.993953,0.989537,0.999245
0.985174,0.981749,0.999245,0.980348
0.987961,0.999225,0.980348,1.02313
1.012947,0.975194,1.02313,1.027882
1.029323,1.050079,1.027882,0.996334
0.99927,1.012869,0.996334,0.954378
0.996345,0.962631,0.954378,0.987664
0.95818,0.993789,0.987664,0.977361
0.98392,0.966406,0.977361,0.983227
0.980545,0.98464,0.983227,1.012998
0.992063,0.995074,1.012998,0.99599
1.0056,1.019802,0.99599,0.99839
0.993636,0.980583,0.99839,1.001613
1.004003,1.014851,1.001613,1.007246
1.002392,1.001626,1.007246,1.039968
1.049324,1.015422,1.039968,0.946964
0.985595,0.968825,0.946964,1.034903
1.0,1.037954,1.034903,0.972549
0.980769,0.953895,0.972549,0.955645
0.974902,0.984167,0.955645,1.003376
0.962188,0.982218,1.003376,0.979815
0.996656,1.0,0.979815,0.999142
0.996644,0.983621,0.999142,0.99055
0.984848,1.005259,0.99055,0.999133
0.991453,0.992153,0.999133,0.949653
0.993103,0.949912,0.949653,0.983547
0.957465,0.980574,0.983547,0.953532
0.969175,0.965094,0.953532,1.028265
0.993452,0.990225,1.028265,0.996209
0.993409,1.001974,0.996209,1.012369
1.048341,1.021675,1.012369,0.968985
0.980108,0.9865,0.968985,0.988361
0.956642,0.967742,0.988361,1.005888
1.009643,1.013131,1.005888,0.996098
0.992359,1.0,0.996098,0.976494
0.985563,0.985045,0.976494,0.965898
0.96582,0.951417,0.965898,0.984424
0.975733,1.005319,0.984424,1.020042
1.005181,1.006349,1.020042,0.961737
1.012371,0.976866,0.961737,0.968817
0.94501,0.965554,0.968817,1.0
0.974138,0.9699,1.0,1.042175
1.04646,1.026437,1.042175,1.058573
1.062368,1.039194,1.058573,0.990946
0.99403,1.047414,0.990946,1.005076
1.001001,1.003086,1.005076,0.947475
0.998,0.958974,0.947475,0.943497
0.930862,0.946524,0.943497,1.064407
1.033369,0.986441,1.064407,0.95966
1.0,1.0252,0.95966,1.022124
0.971875,0.994413,1.022124,1.010823
1.009646,1.034831,1.010823,0.992505
1.002123,1.001086,0.992505,0.995685
0.986229,0.992408,0.995685,0.988082
1.006445,0.987978,0.988082,1.02193
0.995731,1.001106,1.02193,1.027897
1.037513,1.01989,1.027897,1.012526
1.012397,1.03792,1.012526,0.978351
0.990816,0.983299,0.978351,1.065332
1.046344,0.997877,1.065332,1.003956
1.005906,1.055319,1.003956,1.063054
1.064579,1.013105,1.063054,1.009268
1.01011,1.046766,1.009268,0.986226
1.00546,1.012357,0.986226,1.037244
1.01991,0.998122,1.037244,0.974865
0.983141,1.015992,0.974865,0.993554
0.991877,0.980556,0.993554,0.99722
0.99818,1.010387,0.99722,1.016729
0.998177,0.985981,1.016729,1.010055
1.017352,1.024645,1.010055,0.99638
1.004488,1.007401,0.99638,1.016349
1.007149,1.002755,1.016349,0.991063
1.014197,1.013736,0.991063,0.983769
0.974628,0.977416,0.983769,0.999083
0.985637,0.968577,0.999083,1.005505
1.017304,1.025763,1.005505,1.041971
1.038496,1.023256,1.041971,1.0
1.00431,1.031818,1.0,0.978109
0.980258,0.971806,0.978109,0.991047
0.984238,0.988214,0.991047,1.018067
1.020463,1.017431,1.018067,1.031056
1.018309,1.007214,1.031056,0.993976
1.002568,1.023277,0.993976,1.020779
1.011956,0.999125,1.020779,0.995759
1.036287,0.983363,0.995759,0.971039
0.95114,0.997329,0.971039,1.021053
0.999144,1.0,1.021053,1.046392
1.045416,1.027679,1.046392,0.974548
0.995082,1.01477,0.974548,0.987363
0.987644,0.986301,0.987363,0.992321
0.988324,1.002604,0.992321,0.985383
0.999156,0.987013,0.985383,0.974695
0.975507,0.967544,0.974695,0.971352
0.976623,0.980961,0.971352,0.949309
0.955674,0.94732,0.949309,0.968932
0.971243,0.961951,0.968932,1.002004
0.972302,1.002028,1.002004,1.025
1.009823,1.011134,1.025,0.999024
1.006809,1.017017,0.999024,0.967773
0.98744,0.974409,0.967773,0.992936
0.966732,0.957576,0.992936,1.003049
1.007085,1.010549,1.003049,1.033435
1.032161,1.02714,1.033435,1.034314
1.037001,1.026423,1.034314,1.036019
1.031925,1.023762,1.036019,0.94785
0.99818,0.998066,0.94785,1.016409
0.97083,0.999031,1.016409,0.991453
0.992488,1.00388,0.991453,1.011494
1.00473,1.004831,1.011494,0.958333
1.000942,0.971154,0.958333,1.025692
0.984948,0.992079,1.025692,1.018304
1.017192,1.018962,1.018304,0.996216
1.005634,1.020568,0.996216,1.026591
1.021475,1.0,1.026591,1.028677
1.041133,1.045106,1.028677,1.022482
1.00439,1.001837,1.022482,0.995602
1.031469,1.016499,0.995602,1.006184
0.984746,1.009919,1.006184,0.99122
0.981067,0.992857,0.99122,0.984942
0.982456,0.989209,0.984942,1.009892
1.016071,1.007273,1.009892,0.989314
0.990334,0.99639,0.989314,0.992799
1.003549,0.993659,0.992799,1.0
1.0,1.0,1.0,0.964642
0.971706,0.969918,0.964642,1.028195
1.00546,0.990602,1.028195,1.016453
1.065158,1.029412,1.016453,0.991007
0.963466,0.930876,0.991007,1.024501
1.004409,1.073267,1.024501,1.1
1.09043,1.027675,1.1,0.966184
1.011272,1.064632,0.966184,0.99
0.958599,0.984823,0.99,1.034512
1.038206,0.982021,1.034512,1.002441
1.008,1.036617,1.002441,0.975649
0.988095,1.003364,0.975649,0.990017
0.974297,0.989941,0.990017,0.990756
1.027205,0.995766,0.990756,0.946565
0.926966,0.946429,0.946565,1.001792
0.987013,0.992812,1.001792,0.969589
0.996491,0.975566,0.969589,1.02583
0.985915,1.001855,1.02583,0.992806
0.999107,1.006481,0.992806,1.028986
1.025022,1.00276,1.028986,0.992958
0.994769,1.027523,0.992958,1.028369
1.042945,1.004464,1.028369,0.986207
0.989076,1.016,0.986207,1.013986
1.002549,0.984252,1.013986,1.006034
0.99322,1.026667,1.006034,0.992288
1.001706,0.987013,0.992288,1.001727
1.000852,1.011404,1.001727,0.97931
0.989787,0.979185,0.97931,0.987676
0.979364,0.978742,0.987676,0.991087
0.990342,0.99095,0.991087,0.999101
0.998227,1.009132,0.999101,0.987399
0.998224,0.986425,0.987399,1.023701
1.018683,1.000917,1.023701,1.024043
1.012227,1.030247,1.024043,0.997391
1.013805,1.013345,0.997391,0.984307
0.987234,0.989464,0.984307,0.984057
0.975,0.976043,0.984057,0.9982
0.98939,0.981818,0.9982,0.988278
1.003575,1.008333,0.988278,0.993613
0.985752,0.981635,0.993613,0.999082
0.988257,1.006548,0.999082,1.012868
1.011883,1.0,1.012868,0.989111
1.00271,1.005576,0.989111,0.969725
1.010811,0.955638,0.969725,1.017029
0.975045,1.005803,1.017029,1.04
1.021938,1.028846,1.04,1.010733
1.035778,1.039252,1.010733,0.999115
0.987047,1.001799,0.999115,1.0062
0.995626,0.985637,1.0062,1.014965
1.02109,1.020036,1.014965,0.978317
1.006885,1.004464,0.978317,0.97961
0.97265,0.955556,0.97961,0.99276
0.979789,1.002791,0.99276,0.979034
0.995516,0.987013,0.979034,1.004655
0.984685,0.99812,1.004655,1.006487
1.00183,1.010358,1.006487,0.992634
0.995434,0.999068,0.992634,1.012059
1.002752,1.002799,1.012059,1.017415
1.018298,1.00186,1.017415,0.996396
1.002695,1.016713,0.996396,1.012658
1.007168,1.0,1.012658,0.999107
1.005338,1.004566,0.999107,0.996425
0.997345,1.010909,0.996425,0.978475
0.988465,0.971223,0.978475,0.995417
0.980251,0.991667,0.995417,0.98895
0.99359,1.0,0.98895,0.977654
0.997235,0.978525,0.977654,0.997143
0.981516,0.990458,0.997143,0.999045
0.993409,0.998073,0.999045,0.988528
0.981991,0.965251,0.988528,0.980658
0.992278,1.005,0.980658,0.99211
0.991245,0.98806,0.99211,0.988072
0.986261,0.991944,0.988072,0.947686
0.9801,0.954315,0.947686,0.983015
0.954315,0.961702,0.983015,0.99568
0.988298,1.011062,0.99568,0.991323
0.996771,0.99453,0.991323,1.006565
0.99784,0.9967,1.006565,1.01087
1.011905,1.013245,1.01087,0.973118
0.995722,0.98366,0.973118,0.98895
0.965628,0.972315,0.98895,1.015642
1.012236,1.019362,1.015642,1.040704
1.045055,1.018994,1.040704,1.001057
1.009464,1.028509,1.001057,0.984161
0.985417,0.981876,0.984161,1.012876
0.998943,1.008686,1.012876,0.989407
1.024339,1.004306,0.989407,1.017131
0.993802,0.989282,1.017131,0.951579
0.989605,0.975081,0.951579,0.992257
0.95063,0.987778,0.992257,1.010033
1.003315,1.008999,1.010033,0.928256
0.997797,0.908584,0.928256,0.97503
0.924945,1.001227,0.97503,1.00122
0.9821,0.98652,1.00122,0.990256
1.0,0.997516,0.990256,0.98893
0.993925,0.992528,0.98893,1.023632
1.018337,0.997491,1.023632,1.00729
1.002401,1.026415,1.00729,1.004825
1.002395,1.007353,1.004825,1.030012
1.044205,1.013382,1.030012,1.005828
0.995423,1.02401,1.005828,0.987254
0.994253,0.991794,0.987254,0.983568
0.993064,0.981087,0.983568,1.009547
0.987194,0.987952,1.009547,1.007092
1.011792,1.021951,1.007092,1.005869
1.02331,1.0179,1.005869,1.004667
0.989749,0.988277,1.004667,0.996516
0.995397,1.014235,0.996516,1.002331
1.0,0.987135,1.002331,0.989535
0.991908,1.00237,0.989535,0.9953
0.997669,0.997636,0.9953,0.969303
0.996495,0.958531,0.969303,1.069428
1.052755,1.019778,1.069428,0.95672
0.975501,1.015758,0.95672,1.022619
0.982877,0.98926,1.022619,1.032596
1.051103,1.027744,1.032596,1.007892
0.99779,1.025822,1.007892,0.989933
0.986711,1.003432,0.989933,0.986441
0.988777,0.982896,0.986441,0.989691
0.996595,0.986079,0.989691,0.991898
0.984055,0.997647,0.991898,0.98133
0.984954,0.977594,0.98133,0.973841
0.990599,0.985525,0.973841,1.015873
0.994069,1.002448,1.015873,0.971154
0.99284,0.976801,0.971154,1.008663
0.983173,1.005,1.008663,0.991411
1.01467,1.001244,0.991411,1.008663
0.983133,0.990062,1.008663,0.992638
1.007353,1.0,0.992638,1.001236
0.991484,1.010038,1.001236,1.007407
1.003681,0.991304,1.007407,0.988971
0.99511,1.008772,0.988971,1.004957
1.001229,0.919255,1.004957,0.972873
0.988957,1.064865,0.972873,0.941698
0.980149,0.942893,0.941698,0.967699
0.943038,0.963661,0.967699,0.979138
0.986577,0.97905,0.979138,1.018466
0.983673,0.998573,1.018466,0.979079
0.994467,1.001429,0.979079,1.022792
1.001391,0.997147,1.022792,1.029248
1.041667,1.021459,1.029248,1.0
0.990667,1.02381,1.0,1.020298
1.020188,1.00684,1.020298,1.015915
1.01715,1.024457,1.015915,0.993473
1.003891,1.002653,0.993473,0.992116
0.98708,0.978836,0.992116,1.002649
1.006545,1.013514,1.002649,1.035667
1.023407,1.004,1.035667,1.003827
1.007624,1.035857,1.003827,0.994917
1.005044,0.994872,0.994917,1.003831
0.991217,1.003866,1.003831,0.998728
0.994937,0.991014,0.998728,1.003822
1.010178,1.010363,1.003822,1.013959
1.016373,1.002564,1.013959,1.028786
1.019827,1.011509,1.028786,1.001217
1.00486,1.03287,1.001217,0.989064
1.004837,0.99388,0.989064,1.018428
1.001203,0.993842,1.018428,1.006031
1.021635,1.01487,1.006031,0.984412
0.988235,0.995116,0.984412,1.008526
0.988095,1.0,1.008526,1.013285
1.014458,1.003681,1.013285,1.004768
1.010689,1.018337,1.004768,1.0
1.001175,0.996399,1.0,0.973903
0.991784,0.987952,0.973903,1.031669
1.005917,0.992683,1.031669,1.020071
1.023529,1.036855,1.020071,0.986111
0.996552,0.99763,0.986111,1.002347
1.0,1.003563,1.002347,1.008197
0.994233,1.00355,1.008197,1.030197
1.033643,1.009434,1.030197,0.972943
0.991021,0.998832,0.972943,0.995365
0.98188,0.982456,0.995365,0.963912
1.0,0.984524,0.963912,1.003623
0.961938,0.992745,1.003623,1.019254
1.015588,1.010962,1.019254,1.072019
1.097993,1.016867,1.072019,0.986784
0.977419,1.046209,0.986784,0.992188
0.994499,0.998867,0.992188,1.001125
0.992257,1.0,1.001125,0.979775
0.998885,0.981859,0.979775,1.005734
0.978795,0.997691,1.005734,1.006842
1.012543,1.009259,1.006842,0.997735
0.996622,1.0,0.997735,1.022701
1.021469,1.006881,1.022701,0.99889
1.009956,1.019362,0.99889,0.974444
0.990142,0.977654,0.974444,1.017104
0.987832,0.997714,1.017104,0.960762
0.996641,0.978236,0.960762,1.010502
0.978652,1.0,1.010502,1.026559
1.029851,1.012881,1.026559,0.982002
0.994426,1.00578,0.982002,0.988545
0.991031,0.986207,0.988545,1.022016
1.0,1.004662,1.022016,1.014739
1.013575,1.018561,1.014739,0.979888
1.006696,0.990888,0.979888,1.030787
1.006652,1.006897,1.030787,1.011062
1.006608,1.027397,1.011062,0.986871
1.012035,0.997778,0.986871,0.993348
0.983784,0.994432,0.993348,0.996652
0.994505,0.99776,0.996652,0.970885
0.996685,0.961841,0.970885,0.991926
0.967849,0.984831,0.991926,1.001163
0.991982,1.014218,1.001163,1.042973
1.061201,0.990654,1.042973,1.0
0.993471,1.041274,1.0,1.033408
1.017525,0.988675,1.033408,1.003233
1.006459,1.045819,1.003233,0.991407
0.99893,1.001095,0.991407,0.984832
0.994647,0.992341,0.984832,1.1
1.076426,1.046307,1.1,1.1
1.1,1.1,1.1,1.1
1.1,1.09717,1.1,1.066116
1.099174,0.983663,1.066116,1.030233
1.06015,1.062937,1.030233,0.957863
0.959574,1.037829,0.957863,0.984289
0.949741,0.964342,0.984289,0.972865
0.972763,0.989318,0.972865,0.989336
0.9704,0.960133,0.989336,1.017413
1.02061,1.023356,1.017413,0.991035
1.000808,0.994083,0.991035,0.972862
1.012914,1.004252,0.972862,0.97126
0.940239,0.96105,0.97126,1.019147
0.994915,1.007048,1.019147,0.984629
0.993186,0.970254,0.984629,1.020815
1.011149,1.035167,1.020815,0.988955
1.001696,0.996516,0.988955,1.024055
1.012701,0.996503,1.024055,0.96057
0.979933,0.990351,0.96057,0.985153
0.995734,0.984942,0.985153,0.978723
0.962296,0.964029,0.978723,0.962862
0.978629,0.989739,0.962862,0.955786
0.979072,0.951932,0.955786,1.01378
0.960037,1.00495,1.01378,1.000971
1.012585,1.011823,1.000971,1.019399
1.018164,0.987342,1.019399,1.011418
1.007512,1.010848,1.011418,0.988711
1.001864,1.022439,0.988711,1.022835
1.011163,0.991412,1.022835,0.997209
0.99356,1.000962,0.997209,0.997201
1.008333,1.019231,0.997201,0.984097
1.036731,0.983019,0.984097,1.046578
0.990257,0.958733,1.046578,0.990009
0.996422,1.067067,0.990009,1.002752
0.991921,1.003752,1.002752,1.021043
1.01991,1.014953,1.021043,1.022401
1.018634,1.032228,1.022401,0.984224
1.001742,0.99554,0.984224,0.975957
0.989565,0.976703,0.975957,1.024635
0.987698,0.995413,1.024635,1.003562
1.019573,1.035023,1.003562,1.004437
0.997382,1.0,1.004437,0.996466
0.99825,0.992876,0.996466,1.041667
1.044698,1.004484,1.041667,1.1
1.084732,1.044643,1.1,1.050271
1.081206,1.061538,1.050271,0.910898
0.95422,0.988728,0.910898,0.971706
0.936282,0.962541,0.971706,0.957571
0.958367,0.970389,0.957571,0.935708
0.967419,0.932868,0.935708,0.949861
0.917098,0.925234,0.949861,1.020528
0.998117,1.030303,1.020528,0.977011
0.983962,0.982353,0.977011,0.996078
0.986577,1.0,0.996078,1.0
0.98931,0.983034,1.0,0.974409
1.008841,1.001015,0.974409,0.968687
0.954236,0.958418,0.968687,0.904067
0.984694,0.913228,0.904067,0.998847
0.916062,0.903824,0.998847,1.017321
1.002262,1.083333,1.017321,1.012486
1.068849,1.043787,1.012486,0.992152
0.974657,0.975057,0.992152,1.00565
0.969664,1.006977,1.00565,1.016854
1.01676,1.012702,1.016854,0.979006
0.987912,0.993158,0.979006,1.031603
1.053393,0.996556,1.031603,0.995624
0.977825,1.043779,0.995624,0.932967
0.961123,0.932671,0.932967,1.004711
0.977528,0.986982,1.004711,1.028136
1.009195,1.010791,1.028136,1.038769
1.045558,1.03796,1.038769,0.97146
0.995643,1.004571,0.97146,1.022599
0.995624,1.001138,1.022599,1.049724
1.074725,1.026136,1.049724,0.973684
0.96728,1.018826,0.973684,0.987027
0.979915,0.98587,0.987027,0.957284
1.002157,0.961411,0.957284,1.012586
0.953714,0.96789,1.012586,1.029379
1.029345,1.042654,1.029379,1.015368
1.01864,1.007955,1.015368,0.994595
1.016146,1.023675,0.994595,0.998913
0.979873,0.977974,0.998913,0.97062
0.992432,1.001126,0.97062,0.992152
0.980392,0.976378,0.992152,1.00565
1.007778,1.019585,1.00565,1.026966
1.011025,1.0,1.026966,1.028446
1.043621,1.025989,1.028446,0.998936
0.982236,1.014317,0.998936,1.011715
1.015957,1.006515,1.011715,1.007368
1.043979,1.024811,1.007368,0.981191
0.958877,0.984211,0.981191,1.00639
0.99477,0.988235,1.00639,1.016931
1.01367,1.022727,1.016931,1.009365
1.022822,1.013757,1.009365,0.984536
0.986815,0.995825,0.984536,1.015707
1.003083,0.995807,1.015707,0.973196
1.02459,0.988421,0.973196,1.010593
0.959,0.981896,1.010593,0.987421
1.001043,1.017354,0.987421,1.008493
0.991667,0.993603,1.008493,1.010526
1.014706,1.016094,1.010526,0.969792
1.00207,0.969377,0.969792,1.019334
0.984504,1.007625,1.019334,1.1
1.095488,1.048649,1.1,0.992337
1.038314,1.056701,0.992337,0.982625
0.957565,0.977561,0.982625,1.069745
1.072254,1.013972,1.069745,0.986226
0.975741,1.018701,0.986226,0.989758
0.995396,1.006763,0.989758,0.978363
0.963922,0.959693,0.978363,0.974038
0.983685,1.011,0.974038,1.001974
0.994146,0.98912,1.001974,1.005911
1.003925,1.008,1.005911,0.994123
1.000978,0.999008,0.994123,1.039409
1.032227,1.008937,1.039409,0.982938
1.007569,1.015748,0.982938,0.990357
0.975587,0.978682,0.990357,1.001947
0.998075,1.00495,1.001947,0.948494
0.997107,0.955665,0.948494,1.008197
0.952611,0.993814,1.008197,1.017276
1.026396,1.013485,1.017276,1.022977
1.088032,1.044012,1.022977,0.977539
0.934545,0.980392,0.977539,0.982018
0.987354,0.978,0.982018,0.997965
0.978325,1.0,0.997965,1.022426
1.012085,0.998978,1.022426,1.010967
1.024876,1.027636,1.010967,1.003945
0.98932,0.998008,1.003945,0.982318
1.011776,0.996008,0.982318,1.022
0.99515,1.004008,1.022,1.006849
1.011696,1.007984,1.006849,1.001944
1.0,1.009901,1.001944,0.970902
0.992293,0.972549,0.970902,1.008991
0.98835,1.002016,1.008991,1.021782
1.02947,1.009054,1.021782,1.013566
1.0,1.018943,1.013566,1.005736
1.017176,1.007828,1.005736,0.979087
0.994371,0.990291,0.979087,0.98932
0.971698,0.985294,0.98932,0.996075
0.98932,0.985075,0.996075,0.981281
0.998037,0.989899,0.981281,0.936747
0.985251,0.931633,0.936747,1.010718
0.942116,1.010953,1.010718,1.019088
1.057203,1.00325,1.019088,0.978148
0.961924,1.007559,0.978148,1.003191
0.994792,1.006431,1.003191,1.022269
1.015707,0.986155,1.022269,0.990664
0.995876,1.025918,0.990664,1.003141
1.02381,0.987368,1.003141,0.97286
0.960566,0.986141,0.97286,1.009657
1.001053,0.992432,1.009657,1.003188
1.018927,1.014161,1.003188,0.981992
0.980392,0.991407,0.981992,1.005394
0.987368,0.994583,1.005394,1.012876
1.01919,1.009804,1.012876,1.022246
1.014644,1.021575,1.022246,1.004145
1.003093,1.011616,1.004145,1.002064
1.004111,0.992693,1.002064,0.993821
0.992835,1.005258,0.993821,0.993782
0.995876,0.997908,0.993782,0.996872
1.0,0.996855,0.996872,0.995816
0.993789,0.98633,0.995816,1.02416
1.019792,1.009595,1.02416,1.008205
1.013279,1.021119,1.008205,1.001017
0.995968,1.004137,1.001017,0.940041
0.978745,0.945417,0.940041,1.019459
0.979317,1.0,1.019459,1.039236
1.055966,1.023965,1.039236,0.996939
0.995,1.034043,0.996939,1.019447
1.00804,1.001029,1.019447,0.99498
0.998006,1.011305,0.99498,0.989909
0.995005,0.995935,0.989909,1.027523
1.012048,0.993878,1.027523,0.984127
1.002976,1.011294,0.984127,0.996976
0.981207,0.989848,0.996976,0.9636
0.995968,0.966154,0.9636,0.995803
0.969636,1.002123,0.995803,1.004215
0.998956,1.001059,1.004215,0.977964
1.0,0.986243,0.977964,0.996781
0.978056,0.980687,0.996781,1.011841
1.038462,1.00547,1.011841,1.001064
0.978395,1.015234,1.001064,1.001063
0.996845,1.001072,1.001063,0.976645
0.998945,0.982869,0.976645,1.028261
1.003168,0.998911,1.028261,0.986258
0.997895,1.014177,0.986258,1.003215
1.012658,1.003226,1.003215,0.994658
0.977083,0.993569,0.994658,0.987111
0.99467,0.98274,0.987111,0.964091
0.983923,0.969265,0.964091,1.0
0.970588,0.99094,1.0,0.968397
1.003367,0.978286,0.968397,0.974359
0.972036,0.976636,0.974359,0.979665
0.963176,0.972488,0.979665,1.001221
0.991637,1.00369,1.001221,1.019512
1.009639,1.006127,1.019512,1.001196
1.005967,1.010962,1.001196,1.0
1.001186,0.99759,1.0,0.983274
0.995261,0.985507,0.983274,0.99271
0.983333,0.997549,0.99271,1.01224
1.006053,1.002457,1.01224,1.025393
1.020457,1.011029,1.025393,1.001179
1.010613,1.015758,1.001179,1.005889
1.003501,1.00716,1.005889,0.994145
0.996512,1.004739,0.994145,1.007067
1.001167,0.997642,1.007067,1.003509
1.002331,1.004728,1.003509,1.008159
1.00814,1.005882,1.008159,0.991908
0.989619,0.975439,0.991908,1.022145
1.02331,1.026379,1.022145,1.004561
1.003417,1.016355,1.004561,1.007946
1.009081,1.005747,1.007946,0.980856
1.0,0.995429,0.980856,1.027555
1.007874,1.002296,1.027555,1.013408
1.015625,1.019473,1.013408,1.0
1.006593,1.01236,1.0,1.00441
1.003275,1.00444,1.00441,0.978046
0.994559,0.977901,0.978046,0.993266
0.985777,0.988701,0.993266,0.99661
0.983352,0.992,0.99661,0.969388
1.002257,0.965438,0.969388,0.991813
0.960586,0.99642,0.991813,0.992925
1.008206,1.007186,0.992925,1.014252
0.994186,0.990488,1.014252,1.039813
1.046784,1.022809,1.039813,1.007883
1.022346,1.025822,1.007883,1.003352
0.99235,1.010297,1.003352,0.987751
0.991189,0.996602,0.987751,1.002255
1.005556,1.006818,1.002255,0.955006
0.981215,0.94921,0.955006,1.009423
0.971847,1.0,1.009423,1.030338
1.02781,1.011891,1.030338,1.02265
1.02593,1.029377,1.02265,1.023256
1.032967,1.017123,1.023256,1.001082
1.009574,1.03367,1.001082,1.068108
1.043203,0.995657,1.068108,0.998988
1.018182,1.04253,0.998988,0.949341
0.981151,0.960251,0.949341,1.012807
0.995956,1.019608,1.012807,1.007376
1.019289,1.018162,1.007376,0.953975
0.931275,0.948583,0.953975,0.990132
0.97861,0.985619,0.990132,0.986711
0.989071,0.998878,0.986711,0.982043
0.99116,0.982022,0.982043,0.994286
0.982163,0.991991,0.994286,1.025287
1.013621,1.00346,1.025287,0.995516
1.00224,1.011494,0.995516,0.998874
1.004469,1.001136,0.998874,1.009019
0.998888,0.996595,1.009019,1.003352
1.006682,1.01139,1.003352,1.0
0.997788,1.006757,1.0,1.005568
1.007761,1.002237,1.005568,0.981174
0.9956,0.982143,0.981174,1.005643
0.98895,1.004545,1.005643,0.991021
0.998883,0.998869,0.991021,1.005663
0.994407,0.998867,1.005663,1.004505
1.007874,1.003401,1.004505,1.002242
1.001116,1.0,1.002242,0.987696
1.004459,0.99322,0.987696,0.992072
0.985572,0.987486,0.992072,0.995434
0.989865,0.997696,0.995434,0.993119
0.994312,1.0,0.993119,0.972286
0.997712,0.969977,0.972286,0.980998
0.97133,0.982143,0.980998,1.012107
0.991736,0.997576,1.012107,1.011962
1.011905,1.008505,1.011962,1.023641
1.021176,1.013253,1.023641,1.001155
1.004608,1.023781,1.001155,0.985006
0.995413,0.989547,0.985006,0.997658
1.0,0.985915,0.997658,1.001174
0.990783,1.014286,1.001174,1.032825
1.030233,1.003521,1.032825,0.992054
0.996614,1.017544,0.992054,1.006865
0.998867,1.003448,1.006865,0.978409
0.997732,0.979381,0.978409,1.001161
0.984091,0.99883,1.001161,0.99652
0.995381,0.994145,0.99652,1.0
1.00464,1.008245,1.0,1.009313
1.003464,0.996495,1.009313,0.99308
1.005754,1.008206,0.99308,1.01626
1.002288,0.995349,1.01626,1.021714
1.03653,1.016355,1.021714,0.98434
0.982379,1.009195,0.98434,1.007955
0.996637,0.997722,1.007955,0.986471
1.010124,0.998858,0.986471,0.996571
0.979955,0.989714,0.996571,1.001147
0.997727,1.001155,1.001147,0.988545
0.994305,0.99308,0.988545,1.010429
1.0,1.0,1.010429,1.002294
1.001145,1.003484,1.002294,0.997712
1.002288,1.002315,0.997712,1.011468
1.006849,1.004619,1.011468,1.004535
1.005669,1.006897,1.004535,1.003386
1.010147,1.001142,1.003386,1.001125
1.002232,1.011403,1.001125,1.002247
0.997773,1.002255,1.002247,0.984305
0.996652,0.987627,0.984305,0.998861
0.989922,0.996583,0.998861,0.966933
0.995475,0.96,0.966933,1.008255
0.973864,1.009524,1.008255,1.010526
1.009335,1.008255,1.010526,1.03125
1.035838,1.005848,1.03125,0.991021
1.008929,1.023256,0.991021,1.003398
0.985619,0.982955,1.003398,1.002257
1.006734,1.013873,1.002257,1.036036
1.049052,1.012543,1.036036,1.021739
1.012752,1.028153,1.021739,0.992553
0.987408,1.002191,0.992553,0.995713
1.026567,0.994536,0.995713,0.975242
0.961698,0.994505,0.975242,1.01766
0.994618,0.998895,1.01766,0.998915
1.011905,1.011062,0.998915,0.993485
0.992513,1.0,0.993485,1.009836
0.996767,0.996718,1.009836,1.003247
1.007568,1.009879,1.003247,1.007551
1.006438,1.002174,1.007551,1.001071
1.007463,1.004338,1.001071,1.002139
1.0,1.00216,1.002139,0.989328
0.989418,0.991379,0.989328,1.0
0.99893,1.004348,1.0,0.990291
0.994647,0.988095,0.990291,1.013072
1.006459,1.003286,1.013072,0.989247
1.0,0.997817,0.989247,1.002174
0.992513,1.0,1.002174,1.010846
1.008621,1.004376,1.010846,1.009657
1.011752,1.01634,1.009657,1.009564
1.009504,1.007503,1.009564,0.995789
1.003138,0.998936,0.995789,1.010571
1.002086,1.00213,1.010571,0.985356
0.997919,1.0,0.985356,1.015924
0.998957,1.0,1.015924,1.00418
1.007307,1.010627,1.00418,1.001041
1.004145,1.004206,1.001041,0.993763
1.003096,1.001047,0.993763,1.011506
0.996914,0.996862,1.011506,1.010341
1.014448,1.01574,1.010341,1.023541
1.020346,1.004132,1.023541,0.998
1.004985,1.010288,0.998,0.997996
0.994048,1.008147,0.997996,1.006024
1.0,1.00202,1.006024,1.007984
1.00998,1.008065,1.007984,0.99802
1.002964,0.996,0.99802,1.017857
1.023645,1.00502,1.017857,0.993177
0.989413,1.001998,0.993177,1.003925
1.0,1.003988,1.003925,0.998045
1.000973,1.003972,0.998045,0.98335
0.998056,0.979228,0.98335,1.003984
0.984421,1.00202,1.003984,1.012897
1.015826,1.010081,1.012897,1.006856
1.001947,1.016966,1.006856,1.031128
1.034014,1.007851,1.031128,1.018868
1.025376,1.027264,1.018868,1.1
1.088909,1.021801,1.1,1.066498
1.085859,1.085343,1.066498,0.973165
0.984496,1.042735,0.973165,1.072182
1.053543,0.99918,1.072182,1.012859
1.008969,1.04758,1.012859,0.964899
0.991111,1.008614,0.964899,1.001548
0.969357,0.974379,1.001548,0.972952
0.990748,0.986454,0.972952,0.945195
0.994553,0.945073,0.945195,1.011765
0.946009,1.0,1.011765,0.982558
1.004136,1.002564,0.982558,1.011834
0.990939,1.001705,1.011834,0.984127
0.995012,0.998298,0.984127,1.033956
1.019215,1.001705,1.033956,1.012315
1.015574,1.02383,1.012315,1.003244
1.007264,1.014131,1.003244,1.006467
1.003205,1.002459,1.006467,1.033735
1.035144,1.023712,1.033735,0.994561
1.024691,1.022364,0.994561,1.001562
0.978163,0.978125,1.001562,0.981279
0.986143,0.983227,0.981279,0.965024
0.980484,0.983753,0.965024,1.009061
0.978503,0.97853,1.009061,1.0
1.003255,1.025316,1.0,1.001633
0.997567,0.994239,1.001633,1.030155
1.046341,1.000828,1.030155,0.964399
0.978244,0.990902,0.964399,1.016407
0.987292,1.008347,1.016407,0.99435
1.004023,1.009934,0.99435,0.991071
0.997596,0.993443,0.991071,0.968059
0.97992,0.966172,0.968059,1.011844
0.981967,1.005978,1.011844,1.002508
1.001669,1.001698,1.002508,1.039199
1.055833,1.011864,1.039199,0.998395
0.995264,1.021776,0.998395,1.005627
1.015067,1.019672,1.005627,1.01199
1.003906,1.004019,1.01199,1.007109
1.005447,1.01281,1.007109,0.992941
1.003096,0.996838,0.992941,0.99842
0.981481,0.985726,0.99842,1.099684
1.092767,1.004023,1.099684,1.027338
1.046043,1.091346,1.027338,1.004902
0.988996,1.010279,1.004902,0.939373
0.986787,0.944767,0.939373,1.015579
0.976744,1.013846,1.015579,0.959094
0.983405,0.993171,0.959094,1.003046
0.971387,0.974026,1.003046,0.996203
1.003021,1.007843,0.996203,0.987043
0.995482,1.0,0.987043,1.006178
1.008321,1.005447,1.006178,1.029163
1.008252,1.006966,1.029163,0.994034
1.000744,1.014604,0.994034,1.005251
1.005204,1.007576,1.005251,0.992537
1.0,0.969925,0.992537,0.987218
0.982249,0.994574,0.987218,1.01904
1.009789,1.017927,1.01904,1.0142
1.025354,1.003828,1.0142,0.968312
0.981091,0.999237,0.968312,1.002283
0.986657,0.999237,1.002283,0.999241
0.989482,0.994652,0.999241,1.014438
1.015186,1.006144,1.014438,0.950562
0.999252,0.954962,0.950562,0.985028
0.945359,0.993605,0.985028,0.9208
0.993666,0.923572,0.9208,1.025195
0.941833,0.987805,1.025195,1.019492
1.021151,1.028219,1.019492,1.0
1.008285,1.020583,1.0,1.024106
1.015612,1.004202,1.024106,1.002435
1.013754,1.020921,1.002435,0.969231
0.993615,0.967213,0.969231,0.999165
0.969478,1.0,0.999165,0.989967
0.990058,0.978814,0.989967,0.952703
0.987448,0.970563,0.952703,0.976064
0.962712,0.976806,0.976064,1.02634
0.99912,1.007306,1.02634,1.007965
1.010573,1.020852,1.007965,0.988586
1.002616,0.977798,0.988586,0.98579
0.97913,0.998183,0.98579,1.005405
1.001776,0.990901,1.005405,1.003584
1.006206,1.013774,1.003584,1.015179
1.003524,1.009964,1.015179,1.029024
1.035119,1.004484,1.029024,1.005983
1.001696,1.017857,1.005983,1.0
1.022015,0.99386,1.0,0.993203
0.998343,1.015887,0.993203,0.957228
0.964315,0.96351,0.957228,1.016086
0.980207,1.002705,1.016086,0.985928
1.001756,1.006295,0.985928,1.022302
1.014899,0.993744,1.022302,1.0
0.994819,1.015288,1.0,0.961606
0.999132,0.967228,0.961606,1.03539
0.99305,1.016484,1.03539,1.033304
1.034121,1.028829,1.033304,0.995759
1.000846,1.019264,0.995759,0.998296
1.01268,1.002577,0.998296,1.02901
1.007513,0.998286,1.02901,1.027363
1.048882,1.038627,1.027363,0.985472
0.972354,0.996694,0.985472,0.995086
0.997563,0.991708,0.995086,0.978601
0.9943,0.993311,0.978601,1.005046
0.985258,0.984007,1.005046,1.0159
1.016625,1.019675,1.0159,0.980231
0.999182,0.998322,0.980231,0.995798
0.986907,0.994118,0.995798,0.965401
0.982587,0.963652,0.965401,1.003497
0.976371,0.998246,1.003497,1.002613
0.996543,1.002636,1.002613,1.019114
1.019081,1.007888,1.019114,1.004263
1.005957,1.009565,1.004263,1.031409
1.030457,1.014643,1.031409,1.011523
1.018883,1.027165,1.011523,0.998373
0.999194,1.007438,0.998373,1.004075
1.0,0.994258,1.004075,1.029221
1.025,1.014026,1.029221,0.999211
1.005507,1.022783,0.999211,0.995264
1.001565,1.000796,0.995264,1.003965
1.003906,0.997615,1.003965,1.033175
1.023346,1.003984,1.033175,1.016055
1.025095,1.02619,1.016055,0.980436
1.0,1.003867,0.980436,1.057559
1.034866,0.992296,1.057559,1.001451
0.994982,1.052019,1.001451,0.982609
1.00072,0.99262,0.982609,1.013274
1.017279,1.003717,1.013274,1.007278
0.994338,1.014074,1.007278,1.046965
1.033452,1.014609,1.046965,1.025535
1.03168,1.023758,1.025535,1.035666
1.029372,1.033052,1.035666,1.1
1.097925,1.028591,1.1,0.989959
1.057885,1.1,0.989959,1.1
1.029592,1.0012,1.1,1.001627
1.028742,1.062313,1.001627,0.980509
0.968898,1.003948,0.980509,0.954721
0.98531,0.968539,0.954721,1.011567
0.990061,0.984919,1.011567,1.052601
1.03179,1.026502,1.052601,0.982618
1.005405,1.017212,0.982618,1.038695
1.013441,1.0,1.038695,1.038318
1.044032,1.042301,1.038318,1.090723
1.082317,1.047078,1.090723,1.041353
1.070423,1.064083,1.041353,0.997744
1.038596,1.013599,0.997744,0.967888
0.929476,0.987063,0.967888,1.002804
0.981372,0.98932,1.002804,0.993476
1.018519,1.012267,0.993476,1.008443
0.984091,1.017935,1.008443,1.053953
1.062356,1.014286,1.053953,0.968667
0.973913,0.970892,0.968667,0.986333
0.991071,1.025629,0.986333,0.951039
0.977477,0.966997,0.951039,1.023312
0.978802,0.989761,1.023312,1.035596
1.02919,1.034483,1.035596,1.02154
1.043001,1.023333,1.02154,0.988336
0.982456,1.009307,0.988336,1.018611
1.016964,1.005071,1.018611,0.942959
0.988147,0.954587,0.942959,1.020794
0.96757,1.011533,1.020794,1.013426
1.006428,1.001425,1.013426,1.032892
1.04562,1.044118,1.032892,0.979655
0.981675,0.981826,0.979655,1.013544
1.014222,1.001851,1.013544,1.013808
1.028922,1.006928,1.013808,1.097979
1.065162,1.02156,1.097979,1.096439
1.097161,1.1,1.096439,1.00219
1.020408,1.077551,1.00219,0.961398
0.975,0.965909,0.961398,0.990152
0.971062,0.996078,0.990152,0.991201
0.995096,1.004724,0.991201,1.004245
0.993556,0.999216,1.004245,1.036895
1.045784,1.015686,1.036895,0.953669
0.999635,0.992278,0.953669,0.989118
0.953285,0.970817,0.989118,1.084479
1.064319,1.010421,1.084479,0.988043
1.008273,1.061087,0.988043,1.019435
0.993578,1.009346,1.019435,1.049281
1.059246,1.023333,1.049281,0.9
0.992203,0.950054,0.9,0.947048
0.907414,0.90019,0.947048,1.004023
0.941642,1.015658,1.004023,1.044071
1.046381,1.04125,1.044071,1.034152
1.050822,1.042817,1.034152,0.938776
0.974545,0.927475,0.938776,1.0083
0.982463,1.02441,1.0083,1.017248
0.985948,1.017771,1.017248,0.990751
1.015023,1.009127,0.990751,1.002723
0.989753,0.987416,1.002723,1.048099
1.03681,1.017523,1.048099,1.005922
1.025148,1.043053,1.005922,1.013981
1.042929,1.02364,1.013981,0.916546
0.947077,0.918622,0.916546,0.991686
0.925493,0.934158,0.991686,0.99002
1.031965,1.046561,0.99002,0.9
0.936902,0.91102,0.9,0.978495
0.929796,0.902778,0.978495,1.01511
0.98727,1.062035,1.01511,0.998647
1.049355,1.009346,0.998647,0.900181
0.919492,0.922685,0.900181,0.900151
0.952535,0.900151,0.900151,1.027313
0.9,0.900223,1.027313,0.900163
0.995159,1.027245,0.900163,0.9
0.9,0.9,0.9,0.90221
0.915009,0.900201,0.90221,0.9
0.974967,0.901786,0.9,0.925743
0.9,0.900165,0.925743,0.919786
0.9,0.925756,0.919786,1.099806
1.041284,1.017822,1.099806,1.1
1.1,1.1,1.1,1.1
1.1,1.1,1.1,1.099709
1.099709,1.046579,1.099709,0.925877
1.025811,0.94993,0.925877,1.1
0.992903,1.01757,1.1,1.1
1.1,1.1,1.1,1.075605
1.099823,1.1,1.075605,1.0
1.0,1.0,1.0,1.0
1.0,1.0,1.0,1.0
1.0,1.0,1.0,1.0
1.0,1.0,1.0,1.0
1.0,1.0,1.0,1.0
1.0,1.0,1.0,1.0
1.0,1.0,1.0,1.0
1.0,1.0,1.0,0.900055
0.966165,0.95848,0.900055,0.9
0.9,0.9,0.9,1.085424
1.015823,0.973559,1.085424,1.099938
1.097196,1.08078,1.099938,0.967632
1.042022,1.068299,0.967632,1.02054
0.958583,1.026538,1.02054,1.035078
1.048891,1.010576,1.035078,1.032778
1.056911,1.034884,1.032778,1.056482
1.035897,1.017416,1.056482,0.987271
0.970792,1.0254,0.987271,0.962352
0.99643,1.000539,0.962352,1.036442
1.009724,0.978471,1.036442,0.900207
0.978206,0.957646,0.900207,1.010913
0.932124,0.900057,1.010913,1.006818
1.043913,1.074027,1.006818,0.920429
0.93983,0.961973,0.920429,0.900061
0.9,0.906733,0.900061,0.9
0.915709,0.9,0.9,1.043149
1.012552,0.975019,1.043149,1.039913
1.019284,1.048137,1.039913,1.08723
1.056081,1.081481,1.08723,0.950578
0.994882,1.0,0.950578,0.910196
0.970418,0.919178,0.910196,0.95178
0.933731,0.9307,0.95178,1.068589
0.998581,1.056845,1.068589,1.099927
1.071784,1.003788,1.099927,1.046419
1.060345,1.1,1.046419,0.955006
0.986867,0.995367,0.955006,1.033842
0.999366,1.007314,1.033842,0.9
1.014585,0.925413,0.9,0.963623
0.91875,0.927247,0.963623,1.099926
1.010884,1.042308,1.099926,0.97712
1.061911,1.070111,0.97712,1.068871
0.99493,0.935172,1.068871,1.055412
1.050955,1.088496,1.055412,0.968254
0.993333,1.057588,0.968254,0.959016
0.957291,0.965407,0.959016,1.011177
0.999363,1.005309,1.011177,0.93173
0.991709,0.930693,0.93173,1.018144
0.943408,0.982979,1.018144,0.986977
0.986367,1.0,0.986977,1.000694
1.00622,1.024531,1.000694,1.031922
1.046016,1.038732,1.031922,1.04573
1.030204,1.00339,1.04573,1.040514
1.042065,1.05473,1.040514,1.017305
1.025076,1.018578,1.017305,0.969623
0.98389,1.002516,0.969623,1.042607
1.013948,0.991217,1.042607,1.00601
1.011364,1.027215,1.00601,0.983274
0.996452,0.979667,0.983274,1.015188
1.001187,1.010063,1.015188,0.909037
1.023118,0.94396,0.909037,1.03555
0.922943,0.98285,1.03555,1.054037
1.048336,1.054362,1.054037,1.015078
1.034731,1.039465,1.015078,0.982175
0.969329,0.965707,0.982175,1.028433
1.054925,1.034242,1.028433,1.051765
1.028297,1.030043,1.051765,1.027964
1.047331,1.047619,1.027964,0.935256
0.963216,0.965909,0.935256,1.063409
1.031642,1.041765,1.063409,1.03337
1.004759,0.989272,1.03337,0.973531
0.998947,1.037671,0.973531,1.019576
1.006322,1.006601,1.019576,1.031467
1.046597,0.989617,1.031467,0.993795
0.994497,1.043622,0.993795,1.041623
1.018612,1.010582,1.041623,0.968032
0.997037,1.003665,0.968032,0.982972
0.976721,0.988524,0.982972,1.027822
0.998986,0.970976,1.027822,1.009704
1.076142,1.067935,1.009704,1.01568
0.984434,1.006107,1.01568,1.033865
0.998563,1.016692,1.033865,1.053468
1.064299,1.032836,1.053468,0.971651
0.998647,1.013006,0.971651,1.003294
0.975621,0.979553,1.003294,1.075047
1.080056,1.020874,1.075047,1.057155
1.047558,1.071327,1.057155,0.900124
1.002045,0.968043,0.900124,0.962403
0.906122,0.900046,0.962403,0.963316
0.95045,1.013245,0.963316,0.996044
0.971564,0.917547,0.996044,1.026316
1.019024,1.073973,1.026316,0.976778
1.010531,1.028571,0.976778,1.038138
1.006632,0.992063,1.038138,1.027195
1.029647,1.031,1.027195,0.984208
0.999543,1.00097,0.984208,0.963662
0.967993,0.980136,0.963662,0.974535
0.967407,0.969352,0.974535,1.021608
0.999512,0.990821,1.021608,1.080177
1.089888,1.049408,1.080177,1.051457
1.05558,1.065228,1.051457,1.002599
1.010616,1.042818,1.002599,0.998704
0.978992,0.991611,0.998704,1.026817
1.04721,1.010686,1.026817,0.981045
0.981148,1.010132,0.981045,1.017175
1.006683,0.989969,1.017175,1.037146
1.020747,1.018062,1.037146,1.03663
1.058943,1.047166,1.03663,0.971339
1.001152,1.014463,0.971339,0.979386
0.96434,0.961303,0.979386,1.004953
0.992843,1.025,1.004953,1.032033
1.040849,0.976023,1.032033,1.0
1.0,1.0,1.0,1.0
1.0,1.0,1.0,1.0
1.0,1.0,1.0,1.0
1.0,1.0,1.0,1.0
1.0,1.0,1.0,1.0
1.0,1.0,1.0,1.0
1.0,1.0,1.0,1.0
1.0,1.0,1.0,1.0
1.0,1.0,1.0,1.0
1.0,1.0,1.0,1.0
1.0,1.0,1.0,1.0
1.0,1.0,1.0,1.0
1.0,1.0,1.0,1.0
1.0,1.0,1.0,1.0
1.0,1.0,1.0,1.0
1.0,1.0,1.0,1.0
1.0,1.0,1.0,1.0
1.0,1.0,1.0,1.0
1.0,1.0,1.0,1.0
1.0,1.0,1.0,1.0
1.0,1.0,1.0,1.0
1.0,1.0,1.0,1.0
1.0,1.0,1.0,1.0
1.0,1.0,1.0,1.0
1.0,1.0,1.0,1.0
1.0,1.0,1.0,1.0
1.0,1.0,1.0,1.0
1.0,1.0,1.0,1.0
1.0,1.0,1.0,1.0
1.0,1.0,1.0,1.0
1.0,1.0,1.0,1.0
1.0,1.0,1.0,1.0
1.0,1.0,1.0,1.0
1.0,1.0,1.0,1.0
1.0,1.0,1.0,1.0
1.0,1.0,1.0,1.0
1.0,1.0,1.0,1.0
1.0,1.0,1.0,1.0
1.0,1.0,1.0,1.0
1.0,1.0,1.0,1.0
1.0,1.0,1.0,1.0
1.0,1.0,1.0,1.0
1.0,1.0,1.0,1.0
1.0,1.0,1.0,1.0
1.0,1.0,1.0,1.0
1.0,1.0,1.0,1.0
1.0,1.0,1.0,1.0
1.0,1.0,1.0,1.0
1.0,1.0,1.0,1.0
1.0,1.0,1.0,1.0
1.0,1.0,1.0,1.0
1.0,1.0,1.0,1.0
1.0,1.0,1.0,1.0
1.0,1.0,1.0,1.0
1.0,1.0,1.0,1.0
1.0,1.0,1.0,1.0
1.0,1.0,1.0,1.0
1.0,1.0,1.0,1.0
1.0,1.0,1.0,1.0
1.0,1.0,1.0,1.0
1.0,1.0,1.0,1.0
1.0,1.0,1.0,1.0
1.0,1.0,1.0,1.0
1.0,1.0,1.0,1.099881
1.063486,1.1,1.099881,1.099855
1.099855,1.099855,1.099855,1.1
1.1,1.1,1.1,1.09988
1.09988,1.052632,1.09988,1.1
1.1,1.1,1.1,0.938458
1.017795,0.937121,0.938458,0.990255
0.939534,0.986257,0.990255,0.985638
1.020936,0.945355,0.985638,0.981382
0.961772,1.018497,0.981382,0.995326
0.955515,0.98269,0.995326,0.981492
0.991736,0.991626,0.981492,0.9
0.9,0.9,0.9,1.063241
1.050434,0.990681,1.063241,0.937865
0.963345,1.029982,0.937865,0.989807
0.960343,0.989155,0.989807,1.014302
1.006138,0.982112,1.014302,0.99436
0.996672,1.025852,0.99436,1.0
0.984975,0.987973,1.0,0.926262
1.005085,0.942609,0.926262,0.979792
0.944351,0.973555,0.979792,0.976875
0.967857,0.950726,0.976875,0.995521
0.97786,1.027907,0.995521,0.970437
0.955975,0.948287,0.970437,0.986093
1.004605,1.003408,0.986093,1.070517
1.047151,1.006114,1.070517,0.983061
1.015635,1.054018,0.983061,0.956605
0.949507,0.955157,0.956605,1.00934
1.007782,1.006036,1.00934,1.040978
1.023166,0.992,1.040978,1.1
1.089937,1.045699,1.1,1.021927
1.054241,1.09383,1.021927,0.975155
0.98358,0.999412,0.975155,1.007528
0.993879,0.970018,1.007528,0.966092
0.963046,1.010909,0.966092,0.969661
0.967442,0.96223,0.969661,1.065644
1.073918,1.045483,1.065644,1.023604
1.0,1.01907,1.023604,1.001125
1.012871,1.023977,1.001125,0.994944
0.99337,0.99486,0.994944,1.04009
1.052836,1.004592,1.04009,0.969055
0.971474,1.011429,0.969055,0.982633
0.972811,0.976836,0.982633,0.950969
0.970375,0.958936,0.950969,1.004197
0.989055,0.99035,1.004197,1.023881
1.008736,0.995128,1.023881,1.043149
1.044457,1.041616,1.043149,0.998323
1.018242,1.016451,0.998323,0.981523
0.968512,0.994798,0.981523,0.993725
1.0,1.00523,0.993725,0.983352
0.975897,0.965896,0.983352,0.984822
0.983343,0.997606,0.984822,0.992887
0.99007,0.930414,0.992887,1.056716
1.066667,1.057382,1.056716,1.00904
1.004425,1.07378,1.00904,1.055431
1.066079,1.004543,1.055431,1.032361
1.043388,1.046354,1.032361,0.970195
0.962376,1.010265,0.970195,0.998941
0.985597,0.988235,0.998941,0.996288
0.994259,1.002706,0.996288,1.0
0.997375,0.990286,1.0,1.1
1.087895,1.010899,1.1,1.006289
1.051282,1.083019,1.006289,0.963942
0.979291,0.996018,0.963942,1.048878
1.011748,0.976012,1.048878,1.040418
1.049698,1.065028,1.040418,1.048446
1.055752,1.034135,1.048446,0.985179
0.972339,1.02278,0.985179,1.000442
1.018103,1.01,1.000442,1.013268
0.973751,0.981098,1.013268,0.99127
1.013913,1.038991,0.99127,1.002642
0.991852,0.984547,1.002642,1.0
1.0,1.0,1.0,1.0
1.0,1.0,1.0,1.0
1.0,1.0,1.0,1.0
1.0,1.0,1.0,1.0
1.0,1.0,1.0,0.963549
1.082577,0.972197,0.963549,0.900182
0.9,0.910978,0.900182,1.012152
0.968794,0.961519,1.012152,0.966983
0.975598,1.004739,0.966983,1.016555
0.994997,1.006289,1.016555,0.997964
0.997486,1.010417,0.997964,0.990311
0.988407,0.979381,0.990311,1.029351
1.030597,1.010526,1.029351,0.98099
0.989609,1.01875,0.98099,0.99847
0.999,0.998978,0.99847,1.02145
1.017017,1.002047,1.02145,1.0175
1.003937,1.01379,1.0175,1.025061
1.052451,1.017128,1.025061,1.012943
1.00885,1.021298,1.012943,0.980123
0.98615,0.99903,0.980123,0.994206
0.980805,0.982039,0.994206,1.0034
0.995227,1.010875,1.0034,1.010165
1.020624,1.006846,1.010165,1.050311
1.075188,1.005342,1.050311,1.032847
1.011801,1.032367,1.032847,1.047703
1.035853,1.048198,1.047703,0.986931
1.01251,1.026786,0.986931,0.989748
0.97117,0.978696,0.989748,0.969789
0.977947,0.986673,0.969789,1.00089
0.993062,0.991445,1.00089,0.997332
1.007424,1.017257,0.997332,0.985288
0.981361,0.982143,0.985288,0.99819
0.982774,0.981818,0.99819,1.043971
1.037753,1.021296,1.043971,0.98871
1.016457,1.019946,0.98871,0.986386
0.977844,0.997333,0.986386,0.974622
0.969499,0.959002,0.974622,1.009593
1.006292,1.018123,1.009593,1.015385
1.085753,1.003195,1.015385,1.055258
1.003702,1.048681,1.055258,1.1
1.067623,1.000868,1.1,1.098273
1.1,1.1,1.098273,1.099965
1.098046,1.048606,1.099965,1.004131
1.084843,1.1,1.004131,0.964241
0.926772,0.963473,0.964241,0.953397
0.96713,0.927502,0.953397,1.00654
0.984641,1.021155,1.00654,0.971272
0.987056,0.988413,0.971272,1.000352
0.96503,0.995027,1.000352,1.099965
1.08885,1.022849,1.099965,1.09888
1.1,1.099127,1.09888,0.938264
0.986038,1.012385,0.938264,1.002173
0.9941,0.997491,1.002173,0.985135
0.945994,0.975157,0.985135,1.041182
1.083438,1.0287,1.041182,1.014795
0.998842,1.016301,1.014795,1.075275
1.065797,1.025601,1.075275,0.956281
1.000544,1.022556,0.956281,1.029803
0.988312,0.984706,1.029803,0.985108
0.988449,1.025687,0.985108,0.958072
0.975515,0.976121,0.958072,0.99345
0.983742,0.97852,0.99345,1.007492
0.976515,0.990854,1.007492,0.985425
0.996437,1.008923,0.985425,1.04256
1.034267,1.007624,1.04256,1.004343
1.002593,1.023305,1.004343,1.013837
1.043103,1.000296,1.013837,1.067387
1.054545,1.018037,1.067387,1.013053
1.041275,1.063317,1.013053,1.0
1.0,1.0,1.0,1.0
1.0,1.0,1.0,1.0
1.0,1.0,1.0,1.0
1.0,1.0,1.0,1.0
1.0,1.0,1.0,1.0
1.0,1.0,1.0,1.0
1.0,1.0,1.0,1.0
1.0,1.0,1.0,1.0
1.0,1.0,1.0,1.0
1.0,1.0,1.0,1.0
1.0,1.0,1.0,1.0
1.0,1.0,1.0,1.0
1.0,1.0,1.0,1.0
1.0,1.0,1.0,1.0
1.0,1.0,1.0,1.0
1.0,1.0,1.0,1.0
1.0,1.0,1.0,1.0
1.0,1.0,1.0,1.0
1.0,1.0,1.0,1.0
1.0,1.0,1.0,0.900079
0.9,0.93499,0.900079,0.900088
0.900088,0.900088,0.900088,1.04187
1.096397,0.951315,1.04187,0.965732
0.968324,1.044012,0.965732,0.943226
0.933965,0.947712,0.943226,0.901163
0.96563,0.907586,0.901163,1.011006
0.925424,0.960486,1.011006,0.9497
0.970696,0.984573,0.9497,1.017391
0.986792,1.006428,1.017391,1.016706
1.013002,1.011178,1.016706,0.972105
0.99396,0.998816,0.972105,1.017296
0.987467,0.996047,1.017296,0.997682
1.004615,1.011905,0.997682,0.971727
0.987749,0.98,0.971727,0.952172
0.963566,0.952381,0.952172,1.022604
0.989541,0.984034,1.022604,1.064675
1.068293,1.038002,1.064675,0.978854
0.999239,1.041135,0.978854,0.990181
0.982483,0.988147,0.990181,1.011107
1.006977,1.005998,1.011107,1.019616
1.01963,1.021065,1.019616,1.003463
0.995847,0.996497,1.003463,1.037193
1.070887,1.008594,1.037193,0.981516
0.955752,1.020139,0.981516,1.006403
1.003704,0.997722,1.006403,0.988024
0.98524,0.995053,0.988024,0.994318
0.996255,1.000382,0.994318,0.950476
0.995865,0.949924,0.950476,0.963928
0.947527,0.959759,0.963928,0.967983
0.956972,0.918239,0.967983,1.015464
0.988759,1.041096,1.015464,0.982657
0.995789,1.016667,0.982657,0.996987
0.997886,0.994823,0.996987,1.014249
1.0,1.00477,1.014249,1.021711
1.027542,1.005611,1.021711,1.039583
1.036701,1.015021,1.039583,1.046493
1.069212,1.035941,1.046493,0.990042
0.993304,1.041224,0.990042,0.990329
0.979401,0.994904,0.990329,0.995703
0.984321,0.993302,0.995703,1.005885
1.008547,1.005553,1.005885,0.9961
0.99037,0.994083,0.9961,1.037588
1.032283,1.004762,1.037588,1.011321
1.055011,1.051738,1.011321,0.994403
0.967857,0.976718,0.994403,0.980488
0.979336,1.001922,0.980488,0.977803
0.996609,0.978895,0.977803,0.996086
0.975047,0.992944,0.996086,0.964244
0.984878,0.967233,0.964244,0.971883
0.950787,0.942857,0.971883,1.026415
1.016977,1.021645,1.026415,1.02165
1.036645,1.038136,1.02165,0.996401
0.993716,1.00449,0.996401,1.059791
1.079051,1.018285,1.059791,1.007573
1.023077,1.007981,1.007573,1.099962
1.047977,1.029295,1.099962,0.966519
1.092586,1.057692,0.966519,0.94521
0.9,0.96,0.94521,0.940912
0.962654,0.951136,0.940912,1.009936
0.970621,0.995619,1.009936,0.9878
0.989523,0.9984,0.9878,1.002789
0.994118,0.982372,1.002789,0.975765
0.985404,0.999592,0.975765,0.998371
0.992394,0.998368,0.998371,1.000816
0.995159,0.986514,1.000816,1.025265
1.020673,1.007042,1.025265,0.981717
0.998411,1.013163,0.981717,1.008907
1.001989,1.004466,1.008907,0.99679
0.997221,1.002425,0.99679,0.981884
0.986067,0.977016,0.981884,0.99754
0.991118,0.999175,0.99754,0.988081
0.98778,0.983065,0.988081,0.99792
1.000412,1.0,0.99792,0.998749
0.994229,1.00084,0.998749,1.021703
1.022803,1.003359,1.021703,0.986928
0.99392,1.008787,0.986928,0.985927
0.989804,0.987557,0.985927,0.963896
0.984755,0.957161,0.963896,1.001307
0.972385,0.997367,1.001307,1.017834
1.009036,1.006599,1.017834,0.994872
1.005544,1.014423,0.994872,1.032646
1.047074,1.001723,1.032646,0.988769
0.987444,1.010753,0.988769,0.992007
0.979081,0.991915,0.992007,0.983885
0.983243,0.995281,0.983885,0.994397
0.99787,0.991379,0.994397,0.978327
0.990606,0.978261,0.978327,0.992025
0.980603,0.986667,0.992025,0.993301
0.993407,0.993243,0.993301,0.972122
0.984071,0.969615,0.972122,1.007401
1.002698,1.005613,1.007401,0.992654
0.980717,1.005116,0.992654,0.93802
0.988569,0.930588,0.93802,1.005917
0.964385,1.009448,1.005917,0.996078
0.990887,0.997537,0.996078,1.010827
0.997096,0.955062,1.010827,0.989289
0.996602,1.022234,0.989289,0.994587
0.999513,1.013151,0.994587,0.992578
0.989279,0.999001,0.992578,0.98654
0.985222,0.988506,0.98654,0.972713
0.9885,0.970172,0.972713,0.990649
0.981285,0.991662,0.990649,1.056109
1.081443,1.014188,1.056109,0.974181
0.965682,1.016062,0.974181,0.975025
0.967917,0.949006,0.975025,1.027705
1.00357,1.02633,1.027705,1.001017
1.020325,1.026178,1.001017,1.071646
1.060259,0.987245,1.071646,0.981982
1.009394,1.069767,0.981982,0.99662
0.974407,0.982126,0.99662,0.982558
0.992837,0.994589,0.982558,0.979783
0.983646,0.981701,0.979783,1.004529
1.031785,0.992947,1.004529,1.007515
0.961611,0.963978,1.007515,0.988563
0.995071,1.032632,0.988563,0.991952
0.995047,1.002548,0.991952,1.007606
1.005475,1.006609,1.007606,0.961248
0.985149,0.959596,0.961248,0.999476
0.969347,0.978947,0.999476,1.005762
1.006221,1.018817,1.005762,1.002083
0.993302,1.005805,1.002083,1.017672
1.018154,1.002623,1.017672,0.992339
0.997453,1.015175,0.992339,0.999485
1.005107,0.987113,0.999485,0.983007
0.983232,0.996345,0.983007,1.005238
0.994832,0.995807,1.005238,1.003648
1.00987,1.002105,1.003648,1.037383
1.028807,1.014181,1.037383,0.988989
1.0035,1.016572,0.988989,1.018725
1.014948,1.006623,1.018725,0.997516
0.996073,1.008097,0.997516,1.000498
0.998029,1.002008,1.000498,0.989547
1.002469,0.995491,0.989547,0.988431
0.980296,0.974333,0.988431,1.005089
0.992965,0.996901,1.005089,0.996456
1.009615,1.015544,0.996456,0.981199
0.990476,0.984694,0.981199,1.001554
0.986842,1.0,1.001554,1.012927
1.031795,0.995337,1.012927,0.997448
0.975149,1.007288,0.997448,1.004094
1.003058,1.002584,1.004094,1.007645
1.011179,1.010825,1.007645,0.99393
1.003015,0.99949,0.99393,0.992875
0.987475,0.991327,0.992875,0.993337
0.995941,0.996397,0.993337,0.989164
0.994396,0.98657,0.989164,0.995827
0.987705,0.984293,0.995827,0.999476
0.994813,1.012766,0.999476,1.013627
1.018248,0.993697,1.013627,0.946225
0.989759,0.951374,0.946225,1.000546
0.967408,1.007778,1.000546,0.996177
0.990374,0.997795,0.996177,1.007675
1.007019,1.012155,1.007675,0.990751
0.990349,0.992904,0.990751,0.998902
0.98863,0.992853,0.998902,0.995602
0.997809,0.996678,0.995602,1.007178
1.002195,1.004444,1.007178,1.013706
1.018072,1.001106,1.013706,0.98702
0.994621,1.008287,0.98702,0.996712
0.99351,0.992877,0.996712,1.001649
0.995101,1.001656,1.001649,0.991767
1.000547,0.99449,0.991767,1.002214
0.992892,0.997784,1.002214,0.997791
0.998899,1.00111,0.997791,1.002767
1.004961,1.002219,1.002767,0.995033
0.996709,0.996126,0.995033,0.992235
0.995597,0.989444,0.992235,1.013974
1.033167,0.988209,1.013974,0.978501
0.970572,1.00625,0.978501,1.007887
0.992834,0.994353,1.007887,1.011738
1.013881,1.011357,1.011738,1.00221
0.995619,1.007861,1.00221,1.015436
1.020902,1.005571,1.015436,1.017372
1.015625,1.016066,1.017372,0.994664
0.998939,1.009815,0.994664,0.981223
0.988848,0.981641,0.981223,1.008748
1.002148,0.9989,1.008748,1.030352
1.045016,1.010463,1.030352,1.003682
0.984103,1.021253,1.003682,0.997379
1.000521,1.004269,0.997379,1.006831
1.005208,1.002125,1.006831,0.986952
0.992228,1.001591,0.986952,0.988366
0.996867,0.979354,0.988366,1.011771
0.993714,1.004865,1.011771,0.986779
0.994201,1.001076,0.986779,1.010182
1.006363,1.0,1.010182,0.990451
0.990516,0.999463,0.990451,0.998393
1.0,1.0,0.998393,0.997318
0.995745,0.997849,0.997318,0.99731
0.995726,0.996767,0.99731,0.981122
0.996781,0.981622,0.981122,1.0
0.985468,0.997797,1.0,1.018142
1.020208,1.006071,1.018142,0.992981
0.998929,1.004937,0.992981,1.026645
1.028403,0.996725,1.026645,1.1
1.082335,1.023001,1.1,1.063553
1.073664,1.1,1.063553,0.997737
1.011659,1.018563,0.997737,0.939655
0.962323,0.958879,0.939655,0.976823
0.959926,0.97076,0.976823,0.997528
0.983685,1.003012,0.997528,1.052032
1.056585,1.001502,1.052032,1.022138
1.018929,1.043478,1.022138,1.017972
1.008156,1.033525,1.017972,0.997737
1.012584,1.003244,0.997737,1.009982
1.011984,1.011547,1.009982,1.018868
1.030702,1.024658,1.018868,0.998236
0.982553,0.984848,0.998236,0.995583
0.980944,1.00905,0.995583,0.963177
0.997792,0.96861,0.963177,1.030861
1.00708,1.000463,1.030861,0.978999
0.977592,1.006478,0.978999,0.997718
1.000899,0.997701,0.997718,1.02699
1.012124,1.00553,1.02699,0.992428
0.996894,1.005958,0.992428,0.966786
0.984869,0.967198,0.966786,0.998607
0.985088,0.996232,0.998607,1.005114
0.997706,1.006147,1.005114,0.989362
0.997701,0.99765,0.989362,0.966807
0.990783,0.944889,0.966807,1.038685
1.0,1.025922,1.038685,1.006518
1.02093,1.033042,1.006518,1.00555
0.993622,1.005644,1.00555,0.974241
1.001834,0.982226,0.974241,1.018886
0.99222,1.0,1.018886,0.995366
1.000923,1.009524,0.995366,0.985568
0.989401,0.995283,0.985568,0.983467
0.992082,0.972512,0.983467,1.002882
0.984977,0.994152,1.002882,0.949713
1.000953,0.970588,0.949713,0.952597
0.939048,0.949495,0.952597,0.992059
0.969067,0.981915,0.992059,0.988794
0.987441,1.002709,0.988794,0.963303
0.988341,0.961642,0.963303,1.014566
0.97319,0.966854,1.014566,0.992822
1.003306,1.040093,0.992822,0.987208
0.989017,0.986592,0.987208,0.96507
0.982232,0.968856,0.96507,0.981903
0.966083,0.980713,0.981903,1.008323
0.998245,1.003576,1.008323,1.066038
1.069754,1.010095,1.066038,0.990597
0.996164,1.046443,0.990597,1.000558
1.00165,1.001124,1.000558,1.0
0.989017,0.997194,1.0,0.974888
0.995003,0.979178,0.974888,0.981683
0.982143,0.978161,0.981683,1.006997
0.98125,0.999412,1.006997,0.991893
1.002895,1.005879,0.991893,1.00934
1.002887,0.996493,1.00934,1.005784
1.007484,1.014076,1.005784,0.988499
0.998857,0.99306,0.988499,1.0
0.98627,0.991264,1.0,0.992437
0.99768,1.000588,0.992437,0.998242
0.996512,0.998238,0.998242,0.99589
0.999417,0.992941,0.99589,1.004717
0.997665,0.998223,1.004717,0.994131
0.99883,1.003561,0.994131,0.993506
0.994142,0.988764,0.993506,0.998217
0.998821,1.00299,0.998217,0.997024
0.99705,0.986881,0.997024,1.011343
1.012426,1.003625,1.011343,0.988194
0.992987,1.007225,0.988194,0.992832
0.987051,0.98685,0.992832,1.007822
1.002385,1.005451,1.007822,1.01194
1.010708,1.009036,1.01194,1.017109
1.024132,1.006567,1.017109,1.018561
1.028161,1.013642,1.018561,0.982916
0.9782,1.006437,0.982916,1.005794
1.008,1.005814,1.005794,0.990207
0.988095,0.991329,0.990207,0.990692
0.991394,0.991254,0.990692,0.996477
0.991898,0.988824,0.996477,0.994697
0.994166,1.001785,0.994697,0.996445
1.004108,0.998219,0.996445,0.994055
0.983051,0.988697,0.994055,0.993421
0.998811,0.98556,0.993421,1.004816
1.004762,1.014042,1.004816,0.999401
0.998223,1.003612,0.999401,1.001799
0.993472,0.987403,1.001799,1.012567
1.016129,1.014581,1.012567,0.998818
0.994709,1.004192,0.998818,0.991716
1.010047,0.998211,0.991716,0.995227
0.980105,0.992234,0.995227,0.989209
0.994627,0.990367,0.989209,1.005455
0.996399,1.0,1.005455,0.974684
0.999398,0.978723,0.974684,0.974644
0.984931,0.913043,0.974644,0.978426
0.966952,1.039456,0.978426,0.972114
0.968354,0.969895,0.972114,0.980654
1.026144,0.981781,0.980654,1.001361
0.955414,0.984192,1.001361,0.999321
0.985333,1.017458,0.999321,0.960571
0.981055,0.967056,0.960571,1.027601
1.02069,1.007807,1.027601,1.004132
1.007432,1.022535,1.004132,1.002058
0.988598,1.0,1.002058,1.013689
1.014247,1.010331,1.013689,0.999325
0.995318,1.005453,0.999325,1.041216
1.071909,1.011525,1.041216,1.011681
0.994357,1.039544,1.011681,0.996151
0.993695,0.9755,0.996151,1.010947
0.999365,1.014541,1.010947,0.998089
0.999365,1.011726,0.998089,1.00702
1.013342,1.009659,1.00702,1.057668
1.073354,1.007653,1.057668,1.038346
1.025117,1.060127,1.038346,1.06232
1.069516,1.038806,1.06232,0.996741
0.995205,1.035057,0.996741,0.991826
0.988758,1.000555,0.991826,0.974725
0.983757,0.976693,0.974725,1.000564
0.991745,0.991477,1.000564,0.988732
1.000555,0.993123,0.988732,1.0
0.992235,1.011541,1.0,1.013105
1.002795,0.984027,1.013105,1.017998
1.023969,1.014493,1.017998,0.963536
0.990201,0.994286,0.963536,0.978784
0.971963,0.973563,0.978784,0.92853
0.942308,0.920897,0.92853,0.991798
0.956783,0.962179,0.991798,1.024173
1.020075,1.063957,1.024173,0.986957
1.001845,0.984346,0.986957,1.016362
0.996931,1.00827,1.016362,1.01548
1.012931,1.010095,1.01548,0.993293
1.0,1.009369,0.993293,0.976673
0.975076,0.973391,0.976673,0.9956
1.000623,1.003179,0.9956,1.006944
0.996885,0.992395,1.006944,1.00627
1.010625,1.015326,1.00627,1.001869
1.004947,1.006289,1.001869,0.978856
0.990154,0.975625,0.978856,0.999365
0.990677,1.005766,0.999365,0.9911
0.993099,0.988535,0.9911,0.972418
0.990524,0.974227,0.972418,1.007916
0.978954,0.998677,1.007916,1.015707
1.052117,1.003311,1.015707,0.972294
0.952322,0.992739,0.972294,0.988072
0.990897,0.987367,0.988072,1.015426
0.996719,1.0,1.015426,0.990092
0.996708,0.991919,0.990092,0.99066
0.990753,1.004752,0.99066,1.010774
1.004,0.996622,1.010774,1.014657
1.012616,1.014915,1.014657,1.005909
1.007213,1.00334,1.005909,0.988903
0.999349,1.008655,0.988903,1.007261
0.997394,0.99736,1.007261,1.02228
1.032005,1.006618,1.02228,0.991026
0.993671,1.007232,0.991026,0.996119
0.993631,1.0,0.996119,0.988312
0.987821,0.986292,0.988312,0.986859
0.995457,0.989411,0.986859,1.015313
0.996741,1.0,1.015313,1.000656
1.00327,1.010702,1.000656,1.0
1.011082,1.006618,1.0,0.997379
0.982592,0.989481,0.997379,1.010512
1.01378,1.006645,1.010512,1.004551
1.008414,1.011221,1.004551,0.98835
0.996791,0.995431,0.98835,1.000655
0.990341,0.99541,1.000655,0.990838
0.9987,0.992754,0.990838,0.990092
0.990885,0.991374,0.990092,1.000667
0.994744,0.997323,1.000667,1.036
1.060766,1.010738,1.036,1.05148
1.030511,1.015936,1.05148,0.987148
1.018127,1.045752,0.987148,0.968382
0.956677,0.959375,0.968382,1.001921
0.972705,1.0,1.001921,1.072204
1.071429,1.034528,1.072204,0.98093
1.026786,1.034635,0.98093,1.012151
0.966377,0.980523,1.012151,0.984994
0.9994,1.00807,0.984994,0.995125
0.989196,0.982143,0.995125,0.962645
0.98665,0.984953,0.962645,0.992366
0.974785,0.985996,0.992366,0.96859
0.989905,0.968367,0.96859,0.900066
0.927342,0.906667,0.900066,1.000735
0.947766,0.957353,1.000735,0.961058
0.993474,1.002304,0.961058,0.995413
0.972263,0.97318,0.995413,1.002304
1.002252,1.023622,1.002304,1.00613
0.986517,0.980769,1.00613,0.988576
1.006074,1.016471,0.988576,0.989214
0.992453,0.987654,0.989214,1.028037
1.011407,0.992187,1.028037,0.980303
0.997744,1.008661,0.980303,0.992272
0.975132,0.98829,0.992272,0.985202
0.993818,0.993681,0.985202,0.940711
0.988336,0.944356,0.940711,0.998319
0.952793,0.969697,0.998319,1.021044
1.002477,1.025174,1.021044,1.000824
1.00659,1.014395,1.000824,0.995058
1.008183,0.967446,0.995058,1.018212
1.0,1.03365,1.018212,1.007317
1.008117,1.01419,1.007317,1.008071
1.013688,1.013169,1.008071,0.989592
0.992057,0.997563,0.989592,0.995146
1.000801,1.001629,0.995146,1.1
1.0824,0.996748,1.1,0.98374
1.03252,1.050571,0.98374,1.001503
0.963493,1.009317,1.001503,1.011253
1.02526,1.013077,1.011253,0.993323
0.991304,1.003797,0.993323,1.004481
0.990497,0.999244,1.004481,0.979926
0.99262,0.98486,0.979926,1.0
0.992565,1.003843,1.0,1.009105
1.036704,1.006126,1.009105,0.992481
0.973266,0.997717,0.992481,0.966667
0.980698,0.948894,0.966667,0.996082
0.976533,1.014469,0.996082,0.967742
0.999225,0.970681,0.967742,1.037398
0.99069,0.99102,1.037398,0.989028
1.001566,1.029654,0.989028,1.020602
1.0086,0.9936,1.020602,1.009317
1.013953,1.022544,1.009317,1.001538
0.996942,1.0,1.001538,0.991551
1.018405,1.015748,0.991551,0.980635
0.982681,0.97907,0.980635,0.979463
0.972414,0.973872,0.979463,0.993548
0.998424,1.0,0.993548,0.982955
0.977901,0.963415,0.982955,1.008258
0.991929,1.012658,1.008258,0.990172
1.002441,1.004167,0.990172,1.009098
1.0,0.995851,1.009098,1.034426
1.036526,1.0175,1.034426,1.004754
0.998434,1.013923,1.004754,0.98817
1.000784,1.010501,0.98817,0.98324
0.982759,0.983213,0.98324,0.979708
0.988836,0.974797,0.979708,0.993372
0.975806,0.994162,0.993372,0.979983
0.990083,0.96896,0.979983,1.011915
0.996661,1.012987,1.011915,0.978974
0.999162,0.993162,0.978974,0.996564
1.008382,0.994836,0.996564,0.999138
0.978387,0.99654,0.999138,0.967213
0.988105,0.970486,0.967213,0.991079
0.964746,0.977639,0.991079,1.011701
1.00713,1.012809,1.011701,1.039146
1.042478,1.01355,1.039146,0.994863
0.997453,1.029412,0.994863,0.987952
0.991489,0.988745,0.987952,1.010453
0.997425,0.991243,1.010453,1.012931
1.028399,1.015901,1.012931,0.981277
0.983264,0.996522,0.981277,1.032958
1.021277,1.006981,1.032958,1.02351
1.031667,1.02513,1.02351,1.09598
1.080775,1.027895,1.09598,0.967066
0.98281,1.050987,0.967066,1.01935
1.013688,1.001565,1.01935,0.98937
0.977494,0.983594,0.98937,0.993093
1.014582,1.019857,0.993093,1.0
0.980333,0.977414,1.0,0.964451
0.97608,0.940239,0.964451,1.020032
1.013439,1.033051,1.020032,0.955224
1.0,0.989336,0.955224,0.902138
0.953198,0.907131,0.902138,0.960802
0.913257,0.932358,0.960802,0.939279
0.939068,0.961765,0.939279,1.020202
0.968511,0.977574,1.020202,1.036634
1.060099,1.063608,1.036634,1.013372
1.018587,1.016667,1.013372,1.00377
0.999088,1.012536,1.00377,1.023474
0.995434,0.953333,1.023474,1.012844
1.033945,1.084915,1.012844,0.971014
0.981366,0.981584,0.971014,0.988806
0.970163,0.971857,0.988806,1.014151
1.005592,1.014479,1.014151,1.021395
1.02873,1.019981,1.021395,1.03643
1.027928,1.027052,1.03643,0.994728
1.007011,1.003633,0.994728,0.989399
0.984334,1.00543,0.989399,0.998214
0.997347,1.0,0.998214,0.990161
1.00266,0.992799,0.990161,0.977416
0.976127,0.978241,0.977416,1.012015
1.002717,1.001854,1.012015,0.99726
0.99187,0.978723,0.99726,0.986264
0.997268,1.016068,0.986264,1.021356
1.010959,0.994419,1.021356,1.025455
1.030714,1.028999,1.025455,0.992908
0.995618,1.007273,0.992908,0.974107
0.982394,0.981047,0.974107,1.0055
0.986559,0.969641,1.0055,0.990884
1.007266,1.031309,0.990884,0.965961
0.989179,0.962282,0.965961,0.985714
0.972653,0.98566,0.985714,1.001932
0.978444,1.0,1.001932,1.001929
0.996169,0.981571,1.001929,0.966314
1.005769,0.991107,0.966314,1.007968
0.969407,0.993021,1.007968,1.023715
1.027613,1.029116,1.023715,1.023166
1.024952,1.004878,1.023166,0.988679
0.981273,1.000971,0.988679,0.977099
1.005725,0.991271,0.977099,1.004883
0.98482,1.001957,1.004883,0.990282
0.99711,0.989258,0.990282,1.010795
0.999034,1.00691,1.010795,1.0
1.000967,1.004902,1.0,1.015534
1.019324,1.002927,1.015534,0.972275
0.996209,0.985409,0.972275,1.010816
0.980019,0.999013,1.010816,0.997082
1.008738,1.002964,0.997082,0.995122
1.0,1.004926,0.995122,1.003922
0.991338,0.991176,1.003922,0.995117
0.998058,0.997033,0.995117,1.0
0.996109,1.000992,1.0,0.991168
0.991211,0.987116,0.991168,0.990099
1.00197,1.003012,0.990099,1.004
1.000983,1.004004,1.004,0.996016
0.992141,0.994018,0.996016,0.996
1.00297,0.996991,0.996,0.98494
0.989141,0.982897,0.98494,1.019368
0.998004,0.988741,1.019368,1.007
1.01,1.033126,1.007,1.007944
1.00495,1.00501,1.007944,1.006897
1.012808,1.004985,1.006897,0.994129
1.013619,1.002976,0.994129,1.018701
0.996161,1.004946,1.018701,1.028986
1.046243,1.015748,1.028986,1.001878
0.983425,1.015504,1.001878,1.005623
1.0103,1.006679,1.005623,1.011184
1.025023,1.01327,1.011184,1.00553
0.991863,1.007484,1.00553,1.054079
1.06381,1.013928,1.054079,1.005217
0.997429,1.039377,1.005217,1.012976
1.00945,1.005286,1.012976,1.020495
1.020426,1.015776,1.020495,0.974895
1.028357,1.005177,0.974895,1.064378
1.018654,1.012017,1.064378,0.967742
0.985669,0.998304,0.967742,1.008333
0.987884,1.008496,1.008333,0.985124
0.988553,0.978096,0.985124,1.00755
1.006617,1.023256,1.00755,1.033306
1.035333,1.009259,1.033306,1.024174
1.00873,1.028357,1.024174,0.992919
1.0,1.002433,0.992919,1.005547
1.018883,1.008091,1.005547,0.977147
0.97529,0.985554,0.977147,1.017742
1.009501,1.013029,1.017742,1.022979
1.031373,1.014469,1.022979,1.023238
1.029658,1.024564,1.023238,0.973505
0.974889,0.978345,0.973505,1.007776
0.987879,1.003953,1.007776,1.034722
1.03681,1.023622,1.034722,0.992543
1.005917,1.016154,0.992543,0.975207
0.985294,0.974262,0.975207,0.998459
0.977612,0.985237,0.998459,0.997685
1.006107,1.002366,0.997685,1.04099
1.050835,1.014162,1.04099,1.014116
1.0,1.02405,1.014116,0.988278
0.993502,1.009091,0.988278,0.983692
0.984012,0.978228,0.983692,0.932931
0.976366,0.937068,0.932931,1.1
1.030257,1.064701,1.1,1.04185
1.092511,1.070769,1.04185,0.928823
0.977823,0.926724,0.928823,0.957511
0.9,0.968992,0.957511,1.013471
0.98928,1.0088,1.013471,1.020328
1.012384,1.010309,1.020328,1.030651
1.045107,1.036107,1.030651,0.980669
0.981712,0.993939,0.980669,0.999242
0.988823,0.996951,0.999242,0.990137
0.992464,0.987003,0.990137,0.986207
0.984055,0.983734,0.986207,0.967366
0.996914,0.968504,0.967366,1.053012
1.014706,1.011382,1.053012,1.007628
1.023646,1.039389,1.007628,1.014383
0.99851,1.008507,1.014383,1.029851
1.048507,1.032975,1.029851,1.005797
0.992883,1.009651,1.005797,1.021614
1.022939,1.011765,1.021614,0.994358
1.023125,1.022529,0.994358,1.000709
0.989726,0.992893,1.000709,0.997165
0.992388,0.997853,0.997165,0.988628
0.984658,0.987088,0.988628,0.990654
1.016997,0.99564,0.990654,0.997823
0.973538,0.978102,0.997823,0.984
1.008584,1.007463,0.984,1.018477
0.98156,0.991852,1.018477,0.999274
1.00289,1.020911,0.999274,1.013072
1.044669,1.016825,1.013072,1.039427
1.015862,1.01223,1.039427,1.005517
1.004073,1.0199,1.005517,0.959534
0.983097,0.972822,0.959534,1.008578
0.985557,0.994986,1.008578,0.973069
0.987439,0.914327,0.973069,0.96504
0.967491,1.017323,0.96504,1.017358
0.997809,1.002322,1.017358,0.987389
0.99634,1.016216,0.987389,0.935387
0.947832,0.911094,0.935387,0.958233
0.965116,0.982485,0.958233,1.012573
0.980723,0.978778,1.012573,0.990066
0.997543,1.025152,0.990066,1.026756
1.013957,0.998308,1.026756,1.009772
1.012955,1.011017,1.009772,0.993548
0.992806,1.01425,0.993548,1.037338
1.037037,1.021488,1.037338,0.994523
1.005435,1.023463,0.994523,0.962234
0.992278,0.965217,0.962234,1.001635
0.967315,0.986896,1.001635,1.010612
1.009654,1.006639,1.010612,0.999192
0.99761,1.001649,0.999192,0.98464
0.988818,0.995885,0.98464,0.995074
0.994346,1.0,0.995074,1.028878
1.017872,0.995041,1.028878,1.010425
1.009577,1.027409,1.010425,1.028571
1.043478,1.014551,1.028571,1.003858
1.006818,1.018327,1.003858,1.030746
1.010534,1.007042,1.030746,0.98434
1.079672,1.013209,0.98434,0.941667
0.9,0.940951,0.941667,0.966211
0.971184,0.969845,0.966211,0.991674
0.966319,0.993277,0.991674,1.02267
1.019087,0.990694,1.02267,1.021346
1.026059,1.040137,1.021346,0.994373
0.996825,1.0,0.994373,0.992724
0.98328,1.000821,0.992724,0.986156
0.99919,0.991797,0.986156,1.007432
0.992707,0.998346,1.007432,0.996721
0.996735,1.004143,0.996721,1.009046
1.022113,1.006601,1.009046,1.02282
1.011218,1.0,1.02282,1.000797
1.009509,1.013115,1.000797,0.998408
0.990581,1.003236,0.998408,0.986443
0.996038,0.98629,0.986443,0.996766
0.993636,0.994276,0.996766,1.020276
1.013611,1.01727,1.020276,0.980127
1.00316,0.985449,0.980127,1.038118
1.011811,1.018868,1.038118,0.996094
0.999222,1.012882,0.996094,0.986667
1.001558,0.985692,0.986667,0.984897
0.991446,0.98629,0.984897,1.007264
0.990588,1.009812,1.007264,0.971955
0.984956,0.973279,0.971955,0.996702
0.974277,0.988353,0.996702,0.985939
1.00165,0.995791,0.985939,0.991611
0.990939,0.997464,0.991611,1.005076
0.988362,0.995763,1.005076,0.994949
1.002523,0.979574,0.994949,1.00846
1.001678,1.018245,1.00846,1.002517
1.009213,1.006826,1.002517,0.971548
0.989212,0.983051,0.971548,1.02584
1.003356,1.0,1.02584,0.992443
1.010033,1.012931,0.992443,1.0
0.984272,0.989787,1.0,1.010998
1.012616,1.010318,1.010998,1.023431
1.024917,1.012766,1.023431,1.031889
1.025122,1.018487,1.031889,1.008716
1.021344,1.019802,1.008716,1.024352
1.020898,1.023463,1.024352,1.021472
1.023503,1.022134,1.021472,0.957207
0.977778,0.978345,0.957207,0.996078
0.973485,0.973123,0.996078,0.948031
0.98677,0.973193,0.948031,0.984219
0.946372,0.959933,0.984219,1.005063
1.010833,1.025217,1.005063,0.987406
0.995878,0.994063,0.987406,0.982993
0.980132,0.982935,0.982993,0.990484
0.97973,0.966146,0.990484,0.985153
0.982759,1.004492,0.985153,0.99734
1.008772,1.002683,0.99734,0.994667
0.982609,0.971454,0.994667,0.994638
0.995575,1.020202,0.994638,1.046721
1.037333,1.0018,1.046721,0.992275
1.017138,1.028751,0.992275,0.984429
0.980623,0.99214,0.984429,1.0
0.99055,0.99912,1.0,1.024605
1.01301,1.002643,1.024605,0.979417
0.986301,0.988576,0.979417,1.005254
1.009549,1.011556,1.005254,1.020035
1.015477,0.998243,1.020035,0.970111
0.982218,0.987676,0.970111,0.976232
0.987931,0.981283,0.976232,1.004509
0.97644,0.996367,1.004509,0.996409
0.995532,1.007293,0.996409,1.006306
1.006284,1.0,1.006306,1.025962
1.039251,1.01448,1.025962,0.998255
0.991416,1.012489,0.998255,1.023601
1.024242,1.011454,1.023601,1.046968
1.043956,1.012195,1.046968,1.0
1.007287,1.045611,1.0,0.996737
0.999196,0.993416,0.996737,1.00491
1.01609,1.009114,1.00491,0.988599
0.978622,0.990969,0.988599,1.014003
1.005663,1.0058,1.014003,0.988627
1.002414,0.985997,0.988627,1.026294
1.004815,1.005013,1.026294,0.95036
0.978435,0.968412,0.95036,0.977254
0.967347,0.992275,0.977254,0.980172
0.97384,0.970588,0.980172,0.993843
0.992201,1.0,0.993843,1.00885
1.004367,1.001783,1.00885,1.009649
1.01913,1.014235,1.009649,1.011295
1.004266,1.009649,1.011295,1.022337
1.016143,0.998262,1.022337,0.989076
1.0,1.020888,0.989076,1.005947
1.0,0.998295,1.005947,1.014358
1.017559,1.023057,1.014358,1.021649
1.018899,0.994157,1.021649,1.013855
1.029032,1.026868,1.013855,1.0
0.995298,1.003271,1.0,0.987942
0.988976,0.994295,0.987942,1.061839
1.055732,0.992623,1.061839,1.015326
1.001508,1.066887,1.015326,0.97283
1.003765,0.994582,0.97283,1.006982
0.973743,0.980545,1.006982,1.013867
1.021572,1.01746,1.013867,0.99848
0.998492,1.00312,0.99848,0.982496
0.991692,0.988336,0.982496,0.975988
0.990861,0.987411,0.975988,0.995238
0.98309,0.992829,0.995238,1.012759
0.993745,1.001605,1.012759,1.004724
1.004721,1.008013,1.004724,1.017241
1.024276,1.005564,1.017241,1.016179
1.01682,1.018972,1.016179,0.999242
0.996241,1.013189,0.999242,0.974203
1.009057,0.981623,0.974203,0.964174
0.967838,0.964119,0.964174,1.015347
0.979907,1.004045,1.015347,1.0
0.999211,1.0,1.0,0.986476
1.000789,0.989525,0.986476,0.970968
0.979495,0.980456,0.970968,1.033223
1.013688,0.987542,1.033223,1.019293
1.014297,1.042893,1.019293,0.967666
0.98982,0.98629,0.967666,0.981255
0.975475,0.968111,0.981255,0.983389
0.98459,0.994088,0.983389,1.041385
1.018946,1.006797,1.041385,1.006488
1.008084,1.021097,1.006488,1.008864
1.012029,1.018182,1.008864,1.0
0.994453,0.986201,1.0,0.991214
1.001594,1.004938,0.991214,0.994359
0.993636,0.992629,0.994359,1.011345
1.007206,1.00495,1.011345,1.001603
0.999205,1.018062,1.001603,0.996
1.005569,1.000806,0.996,0.991165
0.987342,0.98469,0.991165,0.990276
0.995994,0.995908,0.990276,0.987725
0.983105,0.986031,0.987725,0.996686
0.99509,0.995833,0.996686,0.997506
0.996711,0.995816,0.997506,1.01
1.010726,1.011765,1.01,1.026403
1.016327,1.008306,1.026403,1.008039
1.012048,1.016474,1.008039,1.002392
1.021429,1.016207,1.002392,0.999204
0.986014,0.99681,0.999204,0.981688
0.99606,0.9832,0.981688,1.002433
0.983386,0.997559,1.002433,0.995955
0.994368,0.991028,0.995955,0.995126
0.997573,1.0,0.995126,1.017143
1.010543,1.004115,1.017143,1.00321
1.019262,1.018852,1.00321,1.0128
1.048819,0.989541,1.0128,0.99921
