1.007921,0.977912,1.013039,0.984158
0.996071,1.01848,0.984158,0.979879
0.985207,0.97379,0.979879,1.01232
0.988989,0.994824,1.01232,1.020284
1.077935,1.040583,1.020284,1.015905
0.962441,0.992,1.015905,0.977495
0.995122,0.997984,0.977495,1.019019
1.002941,1.005051,1.019019,1.027505
1.028348,1.01809,1.027505,0.997132
0.994297,1.014808,0.997132,1.008629
1.020076,1.011673,1.008629,0.952471
0.990628,0.961538,0.952471,1.00998
0.969726,0.995,1.00998,0.968379
0.983415,0.960804,0.968379,0.976531
0.980159,1.0,0.976531,0.970742
0.980769,0.962343,0.970742,0.991389
0.96904,0.993478,0.991389,1.009772
0.990415,1.0,1.009772,1.004301
1.01828,1.007659,1.004301,0.961456
0.976769,0.965255,0.961456,0.993318
0.991351,0.996625,0.993318,1.022422
0.996728,0.990971,1.022422,1.019737
1.0186,1.027335,1.019737,1.039785
1.090226,1.008869,1.039785,0.985522
0.950739,1.027473,0.985522,1.004197
0.998964,1.010695,1.004197,1.00209
1.001037,1.001058,1.00209,0.98123
0.995855,0.993658,0.98123,1.005313
0.989594,1.0,1.005313,1.010571
1.014721,0.997872,1.010571,1.033473
1.033161,1.010661,1.033473,1.004049
0.996991,1.027426,1.004049,1.010081
1.019115,1.01232,1.010081,1.010978
1.016782,1.005071,1.010978,1.001974
0.996117,1.015136,1.001974,0.990148
0.991228,0.985089,0.990148,1.016915
1.011799,0.993946,1.016915,0.976517
1.011662,1.005076,0.976517,1.002004
0.974063,1.00202,1.002004,0.999
0.998028,0.998992,0.999,1.017017
1.004941,1.003027,1.017017,0.985236
1.0059,0.996982,0.985236,0.989011
0.982405,0.986882,0.989011,0.978788
0.99005,0.982618,0.978788,0.993808
0.979899,0.995838,0.993808,1.008307
0.997949,0.996865,1.008307,1.018538
1.017472,1.014675,1.018538,1.002022
1.013131,1.019628,1.002022,1.008073
1.001994,1.001013,1.008073,1.006006
1.01194,1.013158,1.006006,0.98607
0.992134,0.986014,0.98607,1.006054
0.994054,1.00304,1.006054,0.973922
0.996012,0.979798,0.973922,1.013388
0.986987,0.992784,1.013388,1.02439
1.032454,1.030114,1.02439,1.000992
0.996071,1.008065,1.000992,0.997027
1.001972,1.0,0.997027,1.019881
1.023622,1.006,1.019881,0.993177
0.988462,1.005964,0.993177,1.001963
0.997082,1.0,1.001963,0.991185
0.997073,0.993083,0.991185,1.0
1.001957,1.000995,1.0,1.020751
1.011719,1.001988,1.020751,1.011617
1.011583,1.017857,1.011617,0.989474
1.006679,0.977583,0.989474,1.033849
1.023697,1.014955,1.033849,1.017774
1.008333,1.034381,1.017774,0.975184
1.018365,1.006648,0.975184,0.918002
0.926961,0.911321,0.918002,0.99692
0.960117,0.973085,0.99692,1.021627
1.008105,1.023404,1.021627,0.979839
0.994975,1.004158,0.979839,0.996914
0.994949,0.994824,0.996914,0.987616
0.990863,0.990635,0.987616,0.948798
0.963115,0.932773,0.948798,1.0
0.97766,1.002252,1.0,0.979075
0.997824,0.996629,0.979075,0.973003
0.977099,0.954904,0.973003,0.988439
0.969866,0.992916,0.988439,1.024561
1.011507,1.004756,1.024561,0.958904
0.995449,0.992899,0.958904,0.966667
0.953143,0.957092,0.966667,1.007389
0.989209,0.985056,1.007389,0.981663
1.014545,1.013906,0.981663,0.993773
0.965352,0.967581,0.993773,1.022556
1.011139,1.016753,1.022556,0.993873
0.998776,1.013942,0.993873,0.937115
0.979167,0.94,0.937115,1.007895
0.967459,0.974734,1.007895,0.98564
1.0,1.012278,0.98564,0.970861
0.987063,0.985175,0.970861,1.004093
0.969856,0.957592,1.004093,1.038043
1.044595,1.051429,1.038043,0.981675
0.989651,1.017663,0.981675,1.010667
1.001307,0.99733,1.010667,1.015831
1.007833,0.993307,1.015831,1.0
1.015544,1.030997,1.0,0.962338
0.983418,0.96732,0.962338,0.97031
0.958495,0.947297,0.97031,1.011127
0.985115,1.001427,1.011127,0.98762
1.009615,1.019943,0.98762,1.022284
1.006803,0.99162,1.022284,0.983651
0.986486,0.995775,0.983651,1.01385
1.008219,1.009901,1.01385,1.02459
1.021739,1.018207,1.02459,1.0
1.003989,1.023384,1.0,0.988
1.001325,0.994624,0.988,1.006748
1.002646,1.006757,1.006748,1.0
1.0,1.0,1.0,1.017426
1.002639,0.957047,1.017426,0.998682
1.009211,1.051893,0.998682,0.986807
0.992177,0.990667,0.986807,0.997326
0.992116,1.001346,0.997326,0.975871
0.988079,0.973118,0.975871,0.987637
0.981233,0.98895,0.987637,0.936022
0.989071,0.935754,0.936022,0.942051
0.921271,0.926866,0.942051,1.001577
0.967016,1.017713,1.001577,1.001575
0.995349,0.971519,1.001575,0.987421
0.989097,1.001629,0.987421,1.028662
1.018898,1.006504,1.028662,1.00774
1.010819,1.030695,1.00774,0.996928
1.004587,1.004702,0.996928,1.044684
1.03653,1.00468,1.044684,1.004425
1.008811,1.041925,1.004425,0.976505
0.983988,0.976155,0.976505,1.01203
1.008876,1.018321,1.01203,0.965825
0.995601,0.974513,0.965825,1.013846
0.980854,0.981538,1.013846,1.019727
1.012012,0.996865,1.019727,1.022321
1.022255,1.048742,1.022321,1.014556
1.024673,1.011994,1.014556,1.0
0.991501,1.01037,1.0,0.997131
1.007143,1.0,0.997131,1.001439
0.994326,1.001466,1.001439,1.0
1.002853,1.005857,1.0,1.020115
1.014225,1.004367,1.020115,1.015493
1.01683,1.021739,1.015493,0.98613
0.993103,1.0,0.98613,1.025316
1.013889,1.004255,1.025316,0.97668
1.00137,1.002825,0.97668,1.002809
0.978112,0.974648,1.002809,1.0
1.011189,1.021676,1.0,1.032213
1.023513,1.004243,1.032213,1.009498
1.039189,1.040845,1.009498,0.958333
0.971391,0.962111,0.958333,1.02244
0.977242,0.995781,1.02244,1.001372
1.009589,1.008475,1.001372,1.017808
1.016282,1.004202,1.017808,1.025572
1.025367,1.04742,1.025572,1.010499
1.009115,0.997337,1.010499,0.979221
0.992258,1.001335,0.979221,1.0
0.986996,0.993333,1.0,0.96817
0.992095,0.979866,0.96817,1.00137
0.977424,0.989041,1.00137,1.016416
1.017663,0.998615,1.016416,0.971736
0.987984,1.001387,0.971736,1.009695
0.987838,0.993075,1.009695,1.001372
1.005472,1.005579,1.001372,1.030137
1.040816,1.01387,1.030137,0.988032
0.979085,1.005472,0.988032,0.981157
0.99733,0.976871,0.981157,1.019204
0.994645,1.013928,1.019204,1.006729
1.008075,1.012363,1.006729,1.012032
1.021362,1.010855,1.012032,1.007926
0.998693,0.997315,1.007926,0.993447
0.996073,1.012113,0.993447,0.972296
1.003942,0.973404,0.972296,1.016282
0.985602,0.983607,1.016282,1.010681
1.01328,1.033333,1.010681,1.002642
0.997379,1.005376,1.002642,1.006588
1.031537,1.006684,1.006588,0.963351
0.970701,0.958831,0.963351,0.983696
0.975066,0.99446,0.983696,0.991713
0.979812,0.988858,0.991713,1.004178
0.995879,1.005634,1.004178,1.015257
1.015172,1.007003,1.015257,0.980874
0.997283,0.994437,0.980874,0.983287
0.983651,0.986014,0.983287,1.011331
0.99169,0.985816,1.011331,1.09944
1.096369,1.031655,1.09944,1.010191
1.048408,1.09205,1.010191,0.994956
0.968408,0.987229,0.994956,1.021546
1.028858,1.001294,1.021546,0.980149
1.026829,1.014212,0.980149,1.036709
0.996437,1.007643,1.036709,1.004884
1.001192,0.998736,1.004884,1.009721
0.994048,1.020253,1.009721,1.030084
1.032335,0.998759,1.030084,0.976636
0.99536,1.02236,0.976636,0.980861
0.972028,0.991495,0.980861,1.014634
1.009592,1.002451,1.014634,0.984375
0.983373,0.981663,0.984375,0.989011
0.990338,1.0,0.989011,1.006173
0.99878,1.003736,1.006173,0.996319
0.998779,0.998759,0.996319,1.067734
1.075795,1.014907,1.067734,1.004614
1.011364,1.046512,1.004614,0.988519
0.996629,1.003509,0.988519,1.009292
0.988726,0.995338,1.009292,1.002301
1.006842,1.016393,1.002301,1.016073
1.016988,1.002304,1.016073,0.983051
0.979955,0.994253,0.983051,1.005747
0.995455,0.99422,1.005747,0.978286
1.011416,0.990698,0.978286,0.915888
0.970655,0.916667,0.915888,1.02551
0.937209,0.993598,1.02551,0.971393
1.012407,0.992268,0.971393,0.987196
0.970588,0.996104,0.987196,1.02594
1.007576,1.007823,1.02594,1.00885
1.001253,1.002587,1.00885,1.017544
1.018773,1.012903,1.017544,0.96798
0.988943,0.988535,0.96798,1.021628
0.998758,1.005155,1.021628,1.014944
1.017413,1.028205,1.014944,0.997546
1.001222,1.002494,0.997546,1.01107
1.006105,1.003731,1.01107,0.956204
0.998786,0.960347,0.956204,1.005089
0.965978,1.009032,1.005089,1.006329
1.016352,1.012788,1.006329,1.011321
0.996287,0.996212,1.011321,0.986318
0.998758,0.988593,0.986318,0.991173
0.993781,0.992308,0.991173,1.006361
1.007509,1.01938,1.006361,1.05689
1.080745,1.038023,1.05689,1.003589
0.977011,0.986569,1.003589,1.003576
1.010588,1.024752,1.003576,1.002375
0.994179,1.009662,1.002375,0.972749
0.991803,0.980861,0.972749,1.007308
0.978749,0.996341,1.007308,1.002418
1.006031,0.99388,1.002418,0.973462
0.998801,0.977833,0.973462,1.008674
0.980792,1.011335,1.008674,0.993857
1.002448,1.0,0.993857,0.990111
0.990232,0.993773,0.990111,0.991261
0.991369,0.984962,0.991261,0.972292
0.998756,0.979644,0.972292,0.965026
0.965131,0.951948,0.965026,1.021477
0.983226,1.013643,1.021477,1.002628
1.015748,1.013459,1.002628,1.009174
0.996124,1.001328,1.009174,1.006494
1.018158,1.014589,1.006494,1.006452
1.008917,1.005229,1.006452,0.976923
0.991162,0.986996,0.976923,1.007874
0.989809,1.003953,1.007874,0.979167
1.001287,0.985564,0.979167,1.073138
1.062982,1.002663,1.073138,1.009913
1.001209,1.055777,1.009913,1.001227
1.006039,1.012579,1.001227,1.001225
0.996399,1.007453,1.001225,1.011016
1.018072,1.002466,1.011016,0.946731
0.968047,0.947109,0.946731,1.014066
0.973105,1.006494,1.014066,0.945776
0.991206,0.963871,0.945776,1.010667
0.967047,0.997323,1.010667,0.970976
0.998689,0.979866,0.970976,1.012228
0.985564,1.00411,1.012228,1.013423
1.006658,1.006821,1.013423,1.005298
1.006614,1.00813,1.005298,1.003953
1.00657,1.010753,1.003953,1.007874
1.002611,1.003989,1.007874,0.996094
1.003906,1.003974,0.996094,1.011765
1.014267,1.002639,1.011765,1.01292
1.005115,1.010526,1.01292,1.0
1.001272,1.009115,1.0,1.02551
1.036849,1.005161,1.02551,1.0
0.997549,1.02439,1.0,1.003731
0.997543,1.002506,1.003731,0.98513
0.995074,0.985,0.98513,1.002516
0.992574,0.997462,1.002516,1.011292
1.008728,1.0,1.011292,0.977667
1.012361,1.001272,0.977667,1.002538
0.973138,0.989835,1.002538,1.031646
1.031368,1.006418,1.031646,0.997546
1.008516,1.034439,0.997546,1.00984
1.001206,0.998767,1.00984,1.014616
1.006024,1.006173,1.014616,1.016807
1.021557,1.006135,1.016807,0.969303
0.994138,0.995122,0.969303,1.007308
0.979953,1.001225,1.007308,1.012092
1.021661,1.013464,1.012092,0.994026
0.984688,0.995169,0.994026,1.009615
1.008373,0.996359,1.009615,1.008333
1.017794,1.013398,1.008333,1.002361
1.011655,1.012019,1.002361,1.040047
1.024194,1.009501,1.040047,1.05889
1.091114,1.025882,1.05889,1.0
0.994845,1.050459,1.0,0.968984
0.974093,0.982533,0.968984,0.99117
0.987234,0.996667,0.99117,1.008909
0.984914,0.991081,1.008909,0.972406
0.991247,0.971879,0.972406,1.007946
0.983444,1.008102,1.007946,1.016892
1.016835,1.009185,1.016892,0.99557
1.006623,1.018203,0.99557,0.979978
0.997807,0.977654,0.979978,1.007946
0.978022,0.995429,1.007946,0.996622
0.996629,0.993111,0.996622,0.967232
0.997745,0.987283,0.967232,1.014019
0.985311,0.995316,1.014019,1.006912
1.008028,1.003529,1.006912,1.012586
1.007964,1.01993,1.012586,0.99774
1.0,1.006897,0.99774,0.971687
1.001129,0.976027,0.971687,1.002331
0.981962,0.996491,1.002331,1.011628
1.001148,0.995305,1.011628,1.018391
1.030963,1.020047,1.018391,0.992099
0.992214,1.003468,0.992099,1.0
0.987668,0.990783,1.0,0.98521
0.994325,0.996512,0.98521,0.989607
0.998858,0.992999,0.989607,1.003501
0.989714,1.0,1.003501,1.0
1.0,1.003525,1.0,0.955814
0.993072,0.960187,0.955814,0.984185
0.963953,0.984146,0.984185,1.009889
1.0,1.001239,1.009889,0.965728
0.991556,0.975248,0.965728,1.017744
0.981752,0.998731,1.017744,1.012453
1.009913,1.011436,1.012453,0.97171
0.997546,0.987437,0.97171,1.007595
0.99139,1.005089,1.007595,0.993719
0.988834,0.979747,0.993719,1.011378
1.010038,1.021964,1.011378,1.0125
1.007453,1.002528,1.0125,1.003704
1.008631,1.015132,1.003704,0.98647
0.996333,0.995031,0.98647,1.028678
1.023313,0.993758,1.028678,0.991515
0.994005,1.021357,0.991515,1.006112
0.993969,0.99754,1.006112,1.006075
1.008495,1.006165,1.006075,0.985507
0.998797,0.995098,0.985507,1.009804
1.0,0.997537,1.009804,0.972087
0.990361,0.975309,0.972087,1.024969
1.001217,0.983544,1.024969,0.995128
1.0,1.032175,0.995128,1.0
1.0,1.0,1.0,0.913097
0.991495,0.922693,0.913097,0.950402
0.91299,0.954054,0.950402,1.015515
0.969128,1.001416,1.015515,1.004167
1.006925,1.015559,1.004167,0.983402
0.98762,0.969359,0.983402,1.012658
1.012535,1.017241,1.012658,1.001389
0.994498,1.011299,1.001389,1.002774
1.002766,0.986034,1.002774,0.976487
0.998621,1.0,0.976487,1.008499
0.98895,0.994334,1.008499,0.984551
0.988827,0.981481,0.984551,1.015692
1.009887,1.013062,1.015692,0.995787
1.001399,1.014327,0.995787,0.971791
0.981844,0.971751,0.971791,1.005806
0.98862,0.989826,1.005806,1.0
1.004317,1.007342,1.0,1.031746
1.067335,1.002915,1.031746,1.005594
0.966443,1.024709,1.005594,1.009736
1.020833,1.007092,1.009736,1.011019
1.016327,1.011268,1.011019,1.002725
0.993307,1.011142,1.002725,0.993207
0.990566,0.998623,0.993207,0.97948
0.998639,0.986207,0.97948,1.00838
0.991826,1.004196,1.00838,1.001385
1.006868,1.005571,1.001385,1.040111
1.043656,1.004155,1.040111,0.99734
0.984314,1.023448,0.99734,0.997333
0.997344,0.994609,0.997333,1.005348
1.019973,1.004065,1.005348,0.990691
0.988251,1.0,0.990691,1.002685
0.990753,0.99865,1.002685,0.981258
0.986667,0.989189,0.981258,1.010914
1.005405,0.998634,1.010914,1.013495
1.013441,1.009576,1.013495,1.005326
1.009284,1.009485,1.005326,1.001325
1.007884,1.010738,1.001325,0.993386
0.986962,0.984064,0.993386,1.007989
1.003963,1.004049,1.007989,1.006605
1.009211,1.009409,1.006605,1.009186
1.007823,1.005326,1.009186,0.960988
1.003881,0.965563,0.960988,0.990528
0.957474,0.989026,0.990528,1.028689
1.017497,1.001387,1.028689,1.018592
1.015873,1.027701,1.018592,0.985658
1.0,1.013477,0.985658,0.996032
1.001302,0.988032,0.996032,1.0
1.0,1.0,1.0,0.966799
0.959688,0.963661,0.966799,0.998626
1.001355,1.013966,0.998626,0.982118
0.968877,0.947658,0.982118,0.939776
0.998603,0.962209,0.939776,0.985097
0.938462,0.942598,0.985097,1.001513
1.007452,1.05609,1.001513,1.012085
0.995562,0.968134,1.012085,1.013433
1.016345,1.050157,1.013433,1.010309
1.004386,1.007463,1.010309,1.016035
1.02329,1.008889,1.016035,1.015782
1.02276,1.010279,1.015782,1.036723
1.029207,1.007267,1.036723,0.976839
0.990541,1.010101,0.976839,0.959554
0.968622,0.981429,0.959554,1.017442
0.995775,1.004367,1.017442,1.008571
1.005658,1.008696,1.008571,1.025496
1.019691,1.008621,1.025496,1.002762
1.005517,1.019943,1.002762,0.988981
0.994513,0.986034,0.988981,0.990251
1.013793,1.004249,0.990251,0.995781
0.976871,0.988717,0.995781,0.998588
0.997214,0.998573,0.998588,0.997171
0.99162,0.984286,0.997171,1.004255
1.061972,1.007257,1.004255,0.961864
0.932361,0.976945,0.961864,1.01909
0.991465,1.011799,1.01909,0.987032
1.002869,0.998542,0.987032,0.992701
0.992847,0.985401,0.992701,0.985294
0.978386,0.985185,0.985294,1.01194
1.0,1.001504,1.01194,1.0
1.013255,1.012012,1.0,0.998525
0.998547,0.995549,0.998525,0.976366
0.991266,0.983607,0.976366,1.0
0.988253,0.995455,1.0,1.033283
1.014859,1.00761,1.033283,0.972182
0.995608,1.001511,0.972182,0.990964
0.975,0.978884,0.990964,0.986322
1.003017,0.993837,0.986322,1.007704
0.993985,1.00155,1.007704,0.989297
1.003026,0.995356,0.989297,0.969088
0.974359,0.972006,0.969088,1.001595
0.99226,0.9984,1.001595,0.987261
0.99532,0.991987,0.987261,1.006452
0.998433,1.001616,1.006452,1.041667
1.028257,0.995161,1.041667,1.006154
1.006107,1.045381,1.006154,0.992355
0.99393,1.00155,0.992355,1.001541
1.007634,1.003096,1.001541,0.967692
0.984848,0.969136,0.967692,0.993641
0.976923,0.985669,0.993641,0.9776
0.987402,0.982229,0.9776,1.0
0.980861,0.998355,1.0,1.011457
1.006504,0.995058,1.011457,1.021036
1.025848,1.019868,1.021036,1.019017
1.020472,1.016234,1.019017,0.99689
1.0,1.01278,0.99689,1.01248
1.009259,1.012618,1.01248,0.993837
0.993884,0.996885,0.993837,1.006202
1.0,0.995312,1.006202,1.006163
1.006154,0.99843,1.006163,1.001531
1.015291,1.02044,1.001531,1.009174
0.996988,1.007704,1.009174,0.989394
1.001511,0.998471,0.989394,0.986217
0.99095,0.984686,0.986217,1.013975
0.993912,0.993779,1.013975,0.97856
0.987749,0.99687,0.97856,1.001565
0.99845,1.0,1.001565,1.01875
1.015528,1.007849,1.01875,1.013804
1.015291,1.010903,1.013804,0.97882
1.0,0.992296,0.97882,1.001546
0.981928,1.0,1.001546,0.964506
0.990798,0.967391,0.964506,1.008
0.978328,0.993579,1.008,0.992063
0.995253,1.001616,0.992063,0.9984
1.0,1.001613,0.9984,0.990385
0.990461,0.985507,0.990385,1.001618
1.00321,1.003268,1.001618,1.003231
1.0032,1.006515,1.003231,1.019324
1.011164,1.004854,1.019324,0.958926
1.001577,0.969404,0.958926,1.07743
1.051969,1.0299,1.07743,1.025994
1.007485,1.035484,1.025994,0.988077
0.992571,0.996885,0.988077,0.980392
1.023952,0.995312,0.980392,0.973846
0.953216,0.967033,0.973846,0.962085
0.961656,0.978896,0.962085,0.963875
0.960128,0.968491,0.963875,1.017036
0.993355,0.996575,1.017036,0.958124
0.993311,0.9811,0.958124,0.972028
0.96633,0.964974,0.972028,0.951439
0.966899,0.943739,0.951439,1.022684
0.98018,1.007692,1.022684,0.97597
0.983456,0.98855,0.97597,1.007576
1.005607,1.007722,1.007576,0.996241
1.007435,1.003831,0.996241,0.977358
0.994465,0.950382,0.977358,1.003861
0.981447,1.018072,1.003861,0.984615
0.986767,1.003945,0.984615,0.970703
0.980843,0.972495,0.970703,0.983903
0.970703,0.959596,0.983903,0.977505
0.985915,1.004211,0.977505,1.01046
0.995918,1.006289,1.01046,0.983437
1.002049,0.9875,0.983437,0.945263
0.961145,0.940928,0.945263,1.002227
0.976596,0.984305,1.002227,1.037778
1.019608,1.018223,1.037778,1.051392
1.064103,1.035794,1.051392,0.99389
0.98996,1.036717,0.99389,0.997951
1.004057,1.004167,0.997951,0.954825
0.983838,0.96473,0.954825,0.969892
0.946612,0.969892,0.969892,1.053215
1.043384,0.997783,1.053215,0.995789
1.006237,1.033333,0.995789,1.002114
0.989669,0.991398,1.002114,1.008439
1.012526,1.023861,1.008439,0.987448
0.995876,0.995763,0.987448,1.029661
1.024845,0.993617,1.029661,0.979424
0.983838,1.019272,0.979424,1.016807
0.995893,0.997899,1.016807,1.020661
1.018557,1.010526,1.020661,1.0
1.006073,1.020833,1.0,0.977733
0.995976,0.977551,0.977733,1.020704
0.99596,0.997912,1.020704,1.014199
1.016227,1.025105,1.014199,1.006
1.011976,1.014286,1.006,1.017893
1.027613,1.004024,1.017893,1.005859
0.996161,1.012024,1.005859,1.023301
1.05973,1.005941,1.023301,0.996205
0.96,1.017717,0.996205,1.0
1.0,1.0,1.0,0.990476
1.039773,1.005803,0.990476,1.005769
0.954463,0.982692,1.005769,1.022945
1.022901,1.015656,1.022945,0.996262
1.005597,1.015414,0.996262,1.018762
1.016698,1.003795,1.018762,1.005525
1.020073,1.022684,1.005525,0.985348
0.974955,0.983364,0.985348,0.986989
0.987156,0.988722,0.986989,0.998117
0.996283,1.0,0.998117,1.018868
1.011194,1.007605,1.018868,1.037037
1.038745,1.016981,1.037037,1.005357
1.019538,1.022263,1.005357,1.017762
1.0,1.001815,1.017762,1.00349
1.005226,1.021739,1.00349,0.991304
1.0,0.991135,0.991304,0.998246
1.006932,1.005367,0.998246,1.008787
0.989673,1.0,1.008787,0.93554
1.003478,0.94484,0.93554,0.972067
0.941075,0.977401,0.972067,1.030651
0.994475,1.00578,1.030651,1.031599
1.035185,1.024904,1.031599,0.978378
1.001789,1.013084,0.978378,1.027624
1.008929,0.99262,1.027624,1.0
0.99469,1.013011,1.0,0.97491
0.992883,0.990826,0.97491,0.979779
0.978495,0.981481,0.979779,0.998124
0.985348,0.988679,0.998124,0.953008
0.983271,0.94084,0.953008,0.980276
0.952741,1.002028,0.980276,0.991952
0.994048,0.987854,0.991952,1.028398
1.021956,1.012295,1.028398,1.009862
1.003906,1.022267,1.009862,0.992188
1.001946,1.0,0.992188,1.015748
1.003883,0.976238,1.015748,1.023256
1.025145,1.026369,1.023256,1.1
1.096226,1.049407,1.1,0.977625
1.0,1.054614,0.977625,1.049296
1.067126,0.994643,1.049296,0.959732
0.966129,1.025135,0.959732,1.019231
0.986644,0.987741,1.019231,0.989708
0.998308,1.019504,0.989708,1.02773
1.027119,0.994783,1.02773,1.010118
1.037954,1.019231,1.010118,1.008347
0.972973,0.962264,1.008347,1.011589
1.026144,1.062389,1.011589,0.986907
0.979299,0.991611,0.986907,0.953566
0.97561,0.967851,0.953566,1.01913
0.993333,0.987762,1.01913,0.988055
0.986577,1.00708,0.988055,1.010363
0.998299,1.003515,1.010363,0.989744
0.993186,0.998249,0.989744,1.003454
1.0,1.003509,1.003454,0.956971
0.987993,0.972028,0.956971,1.003597
0.980903,1.0,1.003597,1.017921
1.028319,1.003597,1.017921,1.008803
1.0,1.016129,1.008803,0.986038
0.982788,0.9806,0.986038,1.00354
1.001751,1.008993,1.00354,1.031746
1.024476,1.001783,1.031746,0.981197
1.011945,1.014235,0.981197,1.008711
0.986509,0.996491,1.008711,0.991364
1.003419,0.987676,0.991364,0.989547
0.977853,0.996435,0.989547,0.977113
0.991289,0.991055,0.977113,0.972973
0.97891,0.960289,0.972973,1.018519
0.987433,0.981203,1.018519,1.009091
1.02,1.038314,1.009091,0.998198
1.003565,1.016605,0.998198,1.00722
1.003552,0.990926,1.00722,1.026882
1.017699,1.005495,1.026882,0.947644
0.984348,0.98725,0.947644,0.983425
0.969965,0.97417,0.983425,0.994382
0.98725,1.001894,0.994382,0.973635
1.009225,0.94896,0.973635,0.992263
0.965265,1.015936,0.992263,1.019493
0.994318,1.001961,1.019493,0.986616
0.994286,1.003914,0.986616,1.021318
1.011494,1.003899,1.021318,0.988615
1.005682,1.009709,0.988615,1.003839
0.99435,0.992308,1.003839,1.00956
1.007576,1.013566,1.00956,1.0
1.0,1.0,1.0,0.977273
0.994361,0.98088,0.977273,0.978682
0.979206,0.980507,0.978682,0.968317
0.978764,0.968191,0.968317,1.00818
0.976331,0.98768,1.00818,0.993915
1.00404,1.012474,0.993915,0.971429
0.995976,0.965092,0.971429,1.016807
0.977778,1.012766,1.016807,1.006198
1.018595,1.016807,1.006198,0.997947
1.0,0.997934,0.997947,0.985597
0.993915,0.983437,0.985597,0.966597
0.977551,0.972632,0.966597,1.017279
0.989562,0.995671,1.017279,0.974522
0.995781,0.986957,0.974522,1.006536
0.985169,0.991189,1.006536,1.012987
1.008602,1.011111,1.012987,1.00641
1.008529,1.010989,1.00641,0.991507
1.006342,1.008696,0.991507,0.940043
0.981092,0.9375,0.940043,1.013667
0.959315,1.002299,1.013667,1.017978
1.013393,1.009174,1.017978,1.022075
1.04185,1.022727,1.022075,0.989201
0.983087,1.006667,0.989201,0.980349
0.976344,0.984547,0.980349,1.017817
1.013216,1.002242,1.017817,0.997812
1.006522,1.011186,0.997812,0.993421
0.99784,0.995575,0.993421,1.0
0.995671,1.004444,1.0,0.975717
0.993478,0.957965,0.975717,0.979638
0.962801,0.995381,0.979638,1.018476
1.009091,1.00464,1.018476,1.0
0.997748,1.002309,1.0,1.015873
1.013544,1.006912,1.015873,1.017857
1.020045,1.016018,1.017857,1.010965
1.010917,1.02027,1.010965,0.995662
1.00216,1.004415,0.995662,1.010893
1.008621,1.002198,1.010893,0.997845
0.99359,1.0,0.997845,0.980562
0.997849,0.993421,0.980562,1.004405
0.987069,0.980132,1.004405,1.026316
1.024017,1.018018,1.026316,0.976496
1.0,1.004425,0.976496,1.002188
0.98081,0.988987,1.002188,1.017467
1.015217,1.006682,1.017467,1.002146
1.008565,1.022124,1.002146,0.987152
0.995754,0.995671,0.987152,1.004338
0.993603,0.991304,1.004338,0.965443
0.993562,0.980263,0.965443,0.988814
0.971922,0.982103,0.988814,1.011312
1.0,1.004556,1.011312,0.997763
1.002222,1.00907,0.997763,0.986547
0.995565,0.975281,0.986547,1.015909
1.002227,1.006912,1.015909,1.008949
1.013333,1.011442,1.008949,0.986696
1.002193,1.002262,0.986696,1.004494
0.986871,0.997743,1.004494,1.01566
1.008869,1.013575,1.01566,1.035242
1.043956,1.015625,1.035242,1.004255
0.997895,1.024176,1.004255,0.991525
0.991561,0.993562,0.991525,1.008547
1.014894,1.010799,1.008547,1.008475
1.002096,0.995726,1.008475,0.991597
0.997908,1.004292,0.991597,1.002119
1.002096,0.974359,1.002119,0.993658
0.987448,1.017544,0.993658,1.031915
1.038136,1.00431,1.031915,0.971134
0.987755,0.978541,0.971134,0.987261
1.010331,1.010965,0.987261,0.982796
0.94683,0.976139,0.982796,0.97593
0.987041,0.988889,0.97593,0.997758
0.984683,0.988764,0.997758,1.020225
1.022222,1.002273,1.020225,1.008811
0.997826,1.015873,1.008811,1.004367
1.017429,1.017857,1.004367,1.023913
1.010707,1.008772,1.023913,1.004246
1.004237,1.013043,1.004246,0.993658
1.00211,0.997854,0.993658,0.991489
1.010526,0.997849,0.991489,1.01073
0.985417,1.0,1.01073,1.036093
1.095137,1.010776,1.036093,0.987705
0.942085,1.008529,0.987705,1.008299
1.004098,1.010571,1.008299,0.995885
0.993878,1.006276,0.995885,1.02686
1.020534,1.002079,1.02686,0.973843
1.0,1.004149,0.973843,1.028926
1.01006,0.989669,1.028926,0.98996
1.011952,1.025052,0.98996,0.977688
0.968504,0.967413,0.977688,1.002075
0.985772,0.989474,1.002075,0.993789
1.006186,1.012766,0.993789,0.9875
0.989754,0.991597,0.9875,1.021097
1.004141,1.006356,1.021097,1.010331
1.014433,1.014737,1.010331,0.997955
1.0,1.006224,0.997955,0.993852
0.995935,0.985567,0.993852,1.002062
1.002041,1.008368,1.002062,0.962963
0.985743,0.96888,0.962963,0.987179
0.969008,0.985011,0.987179,1.010823
0.997868,0.995652,1.010823,0.982869
1.00641,0.9869,0.982869,0.997821
0.976645,1.002212,0.997821,0.995633
1.002174,0.997792,0.995633,0.997807
0.991323,0.993363,0.997807,0.993407
1.0,0.991091,0.993407,0.993363
0.995624,1.006742,0.993363,1.01559
1.004396,0.995536,1.01559,0.982456
1.004376,1.002242,0.982456,1.004464
0.989107,1.002237,1.004464,0.984444
0.991189,0.984375,0.984444,0.952596
0.982222,0.954649,0.952596,0.971564
0.954751,0.969121,0.971564,0.992683
0.983412,0.992647,0.992683,1.014742
0.99759,1.004938,1.014742,0.983051
1.0,0.995086,0.983051,1.009852
0.997585,0.992593,1.009852,1.031707
1.033898,1.014925,1.031707,1.004728
1.004684,1.031863,1.004728,1.016471
1.009324,1.002375,1.016471,1.006944
1.006928,1.007109,1.006944,0.988506
1.016055,1.011765,0.988506,0.993023
0.981941,0.988372,0.993023,0.990632
0.988506,0.992941,0.990632,1.040189
1.027907,0.99763,1.040189,1.002273
1.011312,1.038005,1.002273,1.002268
0.997763,1.0,1.002268,0.995475
0.997758,1.004577,0.995475,0.997727
0.991011,0.98861,0.997727,1.01139
1.011338,1.009217,1.01139,0.997748
1.0,1.004566,0.997748,1.015801
1.015695,1.0,1.015801,1.008889
1.004415,1.022727,1.008889,0.991189
1.021978,0.997778,0.991189,1.015556
0.984946,0.997773,1.015556,1.008753
1.0131,1.017857,1.008753,1.023861
1.034483,1.010965,1.023861,0.997881
0.9875,1.008677,0.997881,0.991507
0.995781,0.997849,0.991507,0.993576
0.993644,0.989224,0.993576,1.006466
0.997868,1.006536,1.006466,0.974304
1.0,0.980519,0.974304,1.083516
1.070513,1.0,1.083516,1.006085
1.007984,1.048565,1.006085,0.989919
0.984158,1.014737,0.989919,1.0
1.008048,1.006224,1.0,1.002037
1.001996,1.006186,1.002037,1.002033
0.992032,1.002049,1.002033,1.006085
1.002008,0.99591,1.006085,1.018145
1.034068,1.01848,1.018145,0.976238
0.992248,0.985887,0.976238,1.03854
1.027344,1.0,1.03854,1.013672
0.990494,1.03681,1.013672,1.003854
1.009597,1.009862,1.003854,1.001919
1.055133,1.015625,1.001919,1.051724
1.007207,1.005769,1.051724,1.038251
1.028623,1.024857,1.038251,0.991228
1.026087,1.046642,0.991228,1.014159
0.977966,0.989305,1.014159,0.998255
1.010399,1.018018,0.998255,0.979021
0.981132,0.982301,0.979021,1.05
1.031469,1.005405,1.05,0.986395
1.00678,1.03405,0.986395,1.02069
1.001684,0.961872,1.02069,0.998311
1.005042,1.041441,0.998311,0.950931
0.983278,0.970588,0.950931,1.014235
0.998299,0.991087,1.014235,1.017544
0.993186,1.007194,1.017544,0.97931
0.998285,1.0125,0.97931,0.985915
0.987973,0.982363,0.985915,1.0
0.986087,0.974865,1.0,1.001786
0.994709,1.003683,1.001786,0.946524
0.978723,0.968807,0.946524,1.011299
0.980072,0.996212,1.011299,1.020484
1.025878,1.028517,1.020484,0.972628
0.983784,0.977819,0.972628,1.009381
1.005495,1.005671,1.009381,0.988848
0.994536,0.994361,0.988848,0.968045
0.978022,0.962193,0.968045,1.001942
0.977528,0.998035,1.001942,1.011628
1.007663,1.003937,1.011628,0.994253
1.007605,1.009804,0.994253,0.978805
0.979245,0.984466,0.978805,1.003937
0.996146,0.986193,1.003937,1.033333
1.032882,1.016,1.033333,1.0
0.996255,1.027559,1.0,1.030361
1.031955,0.998084,1.030361,1.007366
0.998179,1.03071,1.007366,0.974406
0.994526,0.985102,0.974406,0.996248
0.990826,0.994329,0.996248,0.988701
0.97963,0.971483,0.988701,0.986667
0.994329,1.011742,0.986667,1.03861
1.04943,1.001934,1.03861,1.013011
0.98913,1.023166,1.013011,1.1
1.098901,1.1,1.1,1.0
1.0,1.0,1.0,0.916667
0.95,0.913851,0.916667,0.961818
0.959649,0.966728,0.961818,0.986767
0.978062,0.994264,0.986767,1.001916
0.979439,0.986538,1.001916,0.977055
1.007634,0.994152,0.977055,1.003914
0.971591,0.972549,1.003914,0.992203
1.0,1.020161,0.992203,1.0
1.001949,0.996047,1.0,1.021611
1.01751,1.005952,1.021611,0.990385
0.996176,1.011834,0.990385,0.953398
0.994242,0.949318,0.953398,0.997963
0.96139,0.997947,0.997963,0.983673
0.987952,0.985597,0.983673,0.956432
0.98374,0.91858,0.956432,1.008677
0.97314,1.027273,1.008677,1.017204
1.012739,1.024336,1.017204,1.008457
1.002096,1.012959,1.008457,1.020964
1.020921,1.006397,1.020964,1.00616
1.02459,1.023305,1.00616,1.0
0.994,1.00207,1.0,1.006122
0.997988,0.995868,1.006122,0.997972
1.0,1.014523,0.997972,0.989837
1.004032,0.99182,0.989837,1.01848
1.006024,1.010309,1.01848,1.008065
1.001996,1.008163,1.008065,1.002
1.001992,1.006073,1.002,1.021956
1.017893,1.002012,1.021956,1.0
1.005859,1.018072,1.0,0.982422
0.998058,0.988166,0.982422,0.998012
0.984436,0.998004,0.998012,1.035857
1.031621,1.004,1.035857,1.001923
1.007663,1.025896,1.001923,1.036468
1.053232,1.009709,1.036468,0.992593
0.987365,1.017308,0.992593,1.003731
0.992687,1.0,1.003731,0.986989
0.994475,1.0,0.986989,0.998117
0.990741,0.994329,0.998117,0.977358
1.005607,0.980989,0.977358,0.988417
0.97026,0.98062,0.988417,1.099609
1.078544,1.0,1.099609,1.008881
1.05151,1.090909,1.008881,0.955986
0.95777,0.976449,0.955986,1.009208
0.978836,0.96846,1.009208,0.976277
0.985586,1.01341,0.976277,1.005607
0.989031,0.990548,1.005607,1.02974
1.053604,1.01145,1.02974,1.016245
1.012281,1.020755,1.016245,1.003552
0.980936,0.992606,1.003552,0.953982
1.037102,0.992551,0.953982,0.940631
0.9,0.909944,0.940631,0.986193
0.978846,1.0,0.986193,0.99
1.003929,1.016495,0.99,0.99798
0.97456,0.965517,0.99798,1.02834
1.032129,0.968487,1.02834,1.0
1.003891,1.086768,1.0,1.0
0.994186,0.986028,1.0,1.005906
1.013645,1.018219,1.005906,1.0
1.003846,1.00994,1.0,0.956947
0.97318,0.954724,0.956947,1.00409
0.974409,0.993814,1.00409,1.038697
1.036364,1.012448,1.038697,1.015686
1.02729,1.038934,1.015686,1.003861
0.99241,1.011834,1.003861,1.038462
1.049713,1.019493,1.038462,1.007407
0.996357,1.013384,1.007407,0.985294
1.012797,1.009434,0.985294,0.988806
0.972924,0.981308,0.988806,1.039623
1.081633,1.022857,1.039623,1.019964
0.977702,0.985102,1.019964,1.005338
1.001754,1.05293,1.005338,1.00354
1.008757,1.0,1.00354,0.962963
0.991319,0.976661,0.962963,1.0
0.970228,0.994485,1.0,0.979853
0.99639,0.983364,0.979853,0.998131
0.980072,0.986842,0.998131,1.014981
1.014787,1.015238,1.014981,1.01476
1.007286,1.015009,1.01476,1.02
1.030741,1.007394,1.02,1.012478
1.012281,1.023853,1.012478,1.001761
0.993068,1.005376,1.001761,1.008787
1.036649,1.019608,1.008787,1.033101
1.008418,0.98951,1.033101,0.994941
0.998331,1.021201,0.994941,1.044068
1.040134,1.015571,1.044068,0.98539
0.991961,1.022147,0.98539,1.00659
1.02269,1.01,1.00659,0.968903
0.977813,0.973597,0.968903,0.974662
0.974068,0.976271,0.974662,0.975737
0.9401,0.946181,0.975737,0.996448
1.017699,1.016514,0.996448,0.994652
0.977391,0.99278,0.994652,1.001792
1.007117,1.009091,1.001792,1.008945
1.008834,0.990991,1.008945,1.021277
1.010508,1.027273,1.021277,0.998264
1.003466,1.00354,0.998264,0.97913
0.989637,0.975309,0.97913,0.992895
0.989529,1.007233,0.992895,1.003578
1.008818,1.0,1.003578,1.012478
0.996503,1.001795,1.012478,1.047535
1.049123,1.012545,1.047535,0.983193
0.989967,1.028319,0.983193,0.977778
1.0,0.981067,0.977778,1.0
0.97973,0.989474,1.0,1.008741
1.005172,1.003546,1.008741,1.024263
1.015437,1.014134,1.024263,1.043993
1.091216,1.06446,1.043993,1.001621
0.975232,0.98527,1.001621,0.97411
0.97619,0.990033,0.97411,0.991694
0.978862,0.988255,0.991694,1.01005
1.006645,1.006791,1.01005,0.985075
0.99505,0.998314,0.985075,1.005051
0.99005,0.989865,1.005051,0.976549
1.0,0.986348,0.976549,1.008576
0.9933,1.0,1.008576,0.979592
0.993255,0.982699,0.979592,0.972222
0.981324,0.984155,0.972222,1.017857
0.987889,1.001789,1.017857,1.010526
1.010508,1.007143,1.010526,1.019097
1.02253,1.014184,1.019097,1.010221
1.044068,1.033217,1.010221,1.006745
0.977273,0.989848,1.006745,1.026801
1.023256,1.013675,1.026801,0.995106
1.0,1.010118,0.995106,1.004918
1.043831,1.011686,1.004918,0.980424
0.953344,0.986799,0.980424,1.016639
0.996737,1.003344,1.016639,1.006547
1.013093,1.006667,1.006547,0.97561
0.991922,0.988411,0.97561,0.968333
0.980456,0.964824,0.968333,0.991394
0.971761,0.996528,0.991394,0.996528
0.993162,0.979094,0.996528,1.015679
1.010327,1.010676,1.015679,0.986278
1.001704,0.989437,0.986278,1.01913
1.0,1.016014,1.01913,0.993174
1.001701,1.010508,0.993174,0.991409
0.991511,0.987868,0.991409,0.989601
0.993151,0.998246,0.989601,0.998249
0.987931,0.984183,0.998249,0.998246
1.00349,1.008929,0.998246,0.989455
0.991304,0.99292,0.989455,0.976909
0.989474,0.962567,0.976909,1.005455
0.984043,1.011111,1.005455,1.003617
1.005405,1.005495,1.003617,0.974775
0.994624,0.983607,0.974775,1.003697
0.98018,0.972222,1.003697,1.020258
1.023897,1.026667,1.020258,1.023466
1.028725,1.020408,1.023466,0.996473
0.993019,1.02,0.996473,1.00531
1.001757,0.996435,1.00531,0.996479
0.998246,1.003578,0.996479,0.991166
0.998243,0.99287,0.991166,0.996435
0.998239,0.996409,0.996435,0.998211
0.998236,0.985586,0.998211,1.053763
1.084806,1.062157,1.053763,1.0
0.97557,0.984509,1.0,0.993197
0.986644,1.01049,0.993197,1.011986
1.030457,0.989619,1.011986,1.015228
0.988506,1.01049,1.015228,1.005
1.013289,1.027682,1.005,0.998342
0.998361,1.005051,0.998342,0.981728
0.99179,0.984925,0.981728,1.0
0.985099,0.994898,1.0,1.005076
1.010084,1.008547,1.005076,0.976431
0.985025,0.976271,0.976431,0.994828
0.988176,0.996528,0.994828,0.996534
0.986325,0.989547,0.996534,0.987826
0.996534,0.994718,0.987826,0.998239
0.993043,0.99469,0.998239,1.005291
1.001751,1.005338,1.005291,0.980702
1.003497,0.987611,0.980702,0.9839
0.97561,0.976703,0.9839,1.0
0.9875,0.990826,1.0,0.996364
1.003617,1.009259,0.996364,1.007299
0.996396,0.998165,1.007299,0.978261
0.998192,0.983456,0.978261,1.011111
0.992754,1.005607,1.011111,0.998168
1.001825,1.007435,0.998168,1.014679
1.021858,1.00369,1.014679,1.007233
0.994652,1.011029,1.007233,0.987433
1.001792,0.998182,0.987433,0.950909
0.9839,0.947177,0.950909,1.001912
0.961818,0.996154,1.001912,0.979008
1.0,0.978764,0.979008,0.968811
0.971645,0.976331,0.968811,0.98994
0.970817,0.979798,0.98994,1.002033
0.997996,1.010309,1.002033,1.018256
1.01004,1.002041,1.018256,0.994024
0.998012,1.002037,0.994024,1.0
1.003984,1.004065,1.0,0.97996
0.988095,0.979757,0.97996,0.997955
0.997992,1.002066,0.997955,1.008197
0.993964,1.002062,1.008197,1.018293
1.01417,1.00823,1.018293,1.003992
1.005988,1.014286,1.003992,1.017893
1.021825,1.004024,1.017893,0.978516
0.990291,1.004008,0.978516,1.013972
1.0,0.998004,1.013972,1.001969
1.001961,1.008,1.001969,0.992141
0.998043,0.994048,0.992141,1.021782
1.013725,0.988024,1.021782,1.017442
1.021277,1.034343,1.017442,1.013333
1.030303,1.019531,1.013333,0.992481
0.976103,0.998084,0.992481,0.998106
1.022599,1.003839,0.998106,1.0
1.0,1.0,1.0,1.0
1.0,1.0,1.0,1.0
1.0,1.0,1.0,1.0
1.0,1.0,1.0,1.0
1.0,1.0,1.0,1.0
1.0,1.0,1.0,1.0
1.0,1.0,1.0,1.0
1.0,1.0,1.0,1.0
1.0,1.0,1.0,1.0
1.0,1.0,1.0,1.030361
1.040516,0.984704,1.030361,1.01105
0.99646,1.029126,1.01105,0.976321
0.980462,0.996226,0.976321,0.985075
0.985507,0.984848,0.985075,0.986742
0.965074,0.988462,0.986742,0.998081
0.998095,1.001946,0.998081,0.946154
0.990458,0.95534,0.946154,0.997967
0.953757,0.98374,0.997967,0.977597
0.99596,0.948347,0.977597,1.00625
0.989858,1.039216,1.00625,1.00207
1.0,0.989518,1.00207,1.018595
1.016393,1.025424,1.018595,0.997972
1.004032,1.006198,0.997972,1.006098
0.993976,1.002053,1.006098,0.979798
1.006061,0.987705,0.979798,1.02268
0.997992,0.991701,1.02268,1.006048
1.01006,1.033473,1.006048,0.997996
1.001992,1.004049,0.997996,0.98996
0.996024,0.989919,0.98996,0.991886
0.986028,0.98778,0.991886,0.981595
0.991903,0.989691,0.981595,0.991667
0.985714,0.989583,0.991667,1.033613
1.020704,1.0,1.033613,1.022358
1.022312,1.027368,1.022358,1.001988
1.019841,1.026639,1.001988,1.015873
1.001946,0.998004,1.015873,1.033203
1.038835,1.016,1.033203,1.0
0.992523,1.025591,1.0,1.0
1.007533,1.001919,1.0,0.984877
0.988785,0.992337,0.984877,1.003839
0.994329,0.994208,1.003839,0.988528
1.001901,0.996117,0.988528,1.015474
1.003795,1.001949,1.015474,1.034286
1.049149,1.019455,1.034286,0.992634
0.981982,1.015267,0.992634,0.957328
0.976147,0.962406,0.957328,0.986434
0.968045,0.976562,0.986434,0.986248
0.98835,0.998,0.986248,0.986056
0.996071,0.98998,0.986056,1.0
0.998028,0.995951,1.0,0.973737
0.978261,0.971545,0.973737,1.029046
1.008081,1.004184,1.029046,0.989919
0.993988,1.014583,0.989919,0.997963
0.989919,0.989733,0.997963,1.004082
1.00611,1.008299,1.004082,0.99187
0.995951,1.0,0.99187,1.004098
1.004065,1.0,1.004098,0.993878
0.995951,0.99177,0.993878,1.01848
1.012195,1.004149,1.01848,1.008065
1.008032,1.020661,1.008065,0.998
0.998008,1.006073,0.998,0.981964
1.0,0.983903,0.981964,1.018367
1.0,1.00409,1.018367,0.981964
0.99002,0.983707,0.981964,1.0
0.995968,1.006211,1.0,1.006122
1.0,0.995885,1.006122,1.006085
1.008097,1.010331,1.006085,1.0
0.995984,1.0,1.0,1.008065
1.014113,1.010225,1.008065,0.99
0.998012,1.0,0.99,1.00202
0.992032,0.997976,1.00202,0.989919
0.997992,0.993915,0.989919,1.002037
0.98994,0.987755,1.002037,0.989837
0.995935,0.997934,0.989837,0.997947
0.995918,1.0,0.997947,1.010288
1.008197,1.004141,1.010288,0.985743
0.997967,0.989691,0.985743,0.977273
0.979633,0.970833,0.977273,1.006342
0.991684,1.004292,1.006342,0.997899
1.002096,1.004274,0.997899,1.0
0.993724,1.0,1.0,1.008421
1.014737,1.008511,1.008421,1.004175
1.008299,1.010549,1.004175,1.02079
1.016461,0.995825,1.02079,0.983707
0.987854,1.008386,0.983707,1.0
1.004098,0.993763,1.0,1.004141
0.989796,1.0,1.004141,1.014433
1.016495,1.002092,1.014433,1.01626
1.016227,1.018789,1.01626,1.018
1.025948,1.018443,1.018,1.003929
0.996109,1.020121,1.003929,1.033268
1.064453,1.00789,1.033268,1.005682
0.992661,1.019569,1.005682,0.992467
0.983364,0.998081,0.992467,1.0
1.011278,1.001923,1.0,1.001898
0.98513,1.001919,1.001898,1.003788
1.003774,0.996169,1.003788,0.971698
0.99812,0.984615,0.971698,1.001942
0.973635,0.996094,1.001942,1.013566
1.034816,1.007843,1.013566,0.998088
0.994393,1.003891,0.998088,1.017241
1.005639,1.007752,1.017241,1.045198
1.057944,1.021154,1.045198,1.0
0.9947,1.022599,1.0,0.967568
0.989343,0.981584,0.967568,1.011173
0.976661,0.996248,1.011173,1.001842
1.005515,1.007533,1.001842,1.0
1.001828,1.007477,1.0,1.005515
1.010949,1.005566,1.005515,0.965265
0.998195,0.972325,0.965265,0.996212
0.965642,0.988615,0.996212,1.028517
1.014981,1.007678,1.028517,1.02403
1.03321,1.028571,1.02403,1.00361
1.026786,1.027778,1.00361,1.003597
0.977391,0.983784,1.003597,0.991039
0.991103,1.007326,0.991039,1.009042
1.019749,0.994545,1.009042,1.021505
1.012324,1.010969,1.021505,1.014035
1.008696,1.023508,1.014035,0.99827
1.008621,0.998233,0.99827,0.987868
1.0,1.00531,0.987868,1.017544
1.006838,0.998239,1.017544,1.024138
1.010187,1.014109,1.024138,0.993266
1.003361,1.01913,0.993266,1.042373
1.063652,0.996587,1.042373,0.978862
0.971654,1.027397,0.978862,1.003322
0.991896,1.0,1.003322,1.011589
1.001634,0.988333,1.011589,1.00982
1.014682,1.023609,1.00982,0.988655
0.995177,0.995058,0.988655,0.985246
0.987076,0.978477,0.985246,1.013311
1.006547,1.010152,1.013311,0.967159
0.990244,0.974874,0.967159,0.979626
0.967159,0.975945,0.979626,1.013865
0.996604,0.991197,1.013865,1.001709
1.010221,1.019538,1.001709,1.015358
1.005059,1.012195,1.015358,1.015126
1.026846,1.020654,1.015126,1.009934
1.00817,1.015177,1.009934,0.988525
1.0,0.996678,0.988525,1.016584
0.996759,0.998333,1.016584,1.004894
1.03252,1.016694,1.004894,1.01461
0.987402,0.995074,1.01461,1.0
1.001595,1.018152,1.0,1.0
1.015924,0.988655,1.0,1.0128
0.99373,1.013115,1.0128,1.048973
1.097792,1.019417,1.048973,0.974398
0.968391,1.020635,0.974398,1.041731
1.004451,0.986003,1.041731,1.007418
1.053176,1.053628,1.007418,1.019146
0.973352,1.002994,1.019146,0.971098
0.992795,1.0,0.971098,1.026786
1.002903,0.997015,1.026786,1.037681
1.05644,1.005988,1.037681,0.990223
0.984932,1.046131,0.990223,1.0
0.994437,0.992888,1.0,1.005642
1.002797,1.010029,1.005642,1.012623
1.025105,0.998582,1.012623,1.018006
1.001361,1.015625,1.018006,1.019048
1.027174,1.018182,1.019048,0.983979
1.0,1.005495,0.983979,0.985075
0.966931,0.967213,0.985075,0.984848
1.004104,0.998588,0.984848,0.998601
0.976839,0.98727,0.998601,0.980392
1.008368,1.001433,0.980392,1.002857
0.994467,0.974249,1.002857,0.998575
0.987483,1.024963,0.998575,0.981455
0.995775,0.981375,0.981455,0.963663
0.981612,0.956204,0.963663,0.962293
0.95245,0.967939,0.962293,1.010972
0.983359,0.990536,1.010972,1.006202
1.010769,1.014331,1.006202,1.023112
1.012177,1.012559,1.023112,1.0
1.010526,1.013953,1.0,1.004518
1.004464,1.004587,1.004518,1.004498
0.997037,1.006088,1.004498,1.00597
1.004458,1.007564,1.00597,1.014837
1.011834,1.001502,1.014837,1.002924
1.026316,1.014993,1.002924,0.98105
0.982906,0.977843,0.98105,1.023774
1.056522,1.012085,1.023774,1.01016
0.962963,1.014925,1.01016,0.95546
1.005698,0.955882,0.95546,1.019549
0.961756,1.006154,1.019549,1.020649
1.038292,1.029052,1.020649,0.991329
0.988652,1.002972,0.991329,0.992711
0.988522,0.994074,0.992711,1.001468
1.004354,1.008942,1.001468,1.001466
0.99711,1.004431,1.001466,1.014641
1.014493,1.001471,1.014641,1.021645
1.011429,1.005874,1.021645,1.018362
1.036723,1.027737,1.018362,1.006935
1.017711,1.015625,1.006935,0.993113
0.982597,0.991608,0.993113,1.030513
1.02861,1.00141,1.030513,0.978466
0.978808,0.998592,0.978466,0.986245
0.991881,1.005642,0.986245,1.037657
1.027285,0.997195,1.037657,0.989247
1.007968,1.014065,0.989247,1.054348
1.025033,1.009709,1.054348,0.958763
1.015424,1.006868,0.958763,1.060484
1.029114,1.030014,1.060484,0.949303
0.99631,0.978808,0.949303,1.001335
0.938272,0.964817,1.001335,0.981333
0.980263,1.02244,0.981333,1.005435
1.012081,1.010974,1.005435,1.032432
1.014589,0.990502,1.032432,1.019634
1.023529,1.039726,1.019634,0.98973
1.011494,0.99473,0.98973,0.975357
0.972222,0.988079,0.975357,1.003989
0.983117,0.975871,1.003989,0.952318
1.003963,0.980769,0.952318,0.994437
0.964474,0.994398,0.994437,1.001399
0.99045,0.992958,1.001399,1.015363
1.008264,1.014184,1.015363,1.049519
1.04918,1.011189,1.049519,0.97903
1.0,1.015214,0.97903,0.994645
0.979167,0.998638,0.994645,0.991925
0.989362,0.982265,0.991925,1.005427
0.997312,0.997222,1.005427,0.983806
0.990566,1.002786,0.983806,1.0
1.002721,1.004167,1.0,0.973937
0.993216,0.979253,0.973937,0.991549
0.976776,0.991525,0.991549,0.964489
0.979021,0.960114,0.964489,1.007364
0.977143,1.002967,1.007364,1.008772
1.013158,1.002959,1.008772,1.005797
1.010101,1.00885,1.005797,1.004323
1.002857,1.004386,1.004323,0.94835
1.004274,0.946143,0.94835,1.02118
0.970213,1.016923,1.02118,1.022222
1.01462,1.016641,1.022222,1.011594
1.011527,1.019345,1.011594,0.989971
0.995726,1.00438,0.989971,1.013025
1.004292,0.997093,1.013025,1.015714
1.021368,1.017493,1.015714,0.994374
0.998605,1.008596,0.994374,0.990099
0.99162,0.982955,0.990099,0.995714
1.002817,1.004335,0.995714,1.005739
0.985955,0.982734,1.005739,1.008559
1.014245,1.010249,1.008559,1.0
1.0,1.0,1.0,0.988685
1.004213,1.001449,0.988685,0.997139
0.988811,1.0,0.997139,1.068867
1.069307,0.995658,1.068867,1.002685
1.015873,1.063953,1.002685,1.004016
0.981771,0.994536,1.004016,1.036
1.045093,1.020604,1.036,1.024453
1.025381,1.040377,1.024453,1.0
0.997525,1.009056,1.0,1.005025
0.997519,1.010256,1.005025,0.985
1.002488,0.98731,0.985,1.003807
0.98263,1.002571,1.003807,1.0
1.0,1.0,1.0,1.041719
1.044192,1.0,1.041719,1.033981
1.058041,1.037179,1.033981,1.001174
0.993143,1.038319,1.001174,0.998828
0.989643,1.00119,0.998828,0.967136
1.030233,0.978597,0.967136,1.018204
0.954853,0.981774,1.018204,0.997616
1.00591,1.02599,0.997616,0.991637
0.990599,0.987937,0.991637,0.987952
0.99051,0.986569,0.987952,1.029268
1.014371,1.007426,1.029268,1.009479
1.021251,1.035627,1.009479,1.023474
1.016185,1.008304,1.023474,1.0
0.994312,1.008235,1.0,0.991972
0.996568,0.997666,0.991972,0.995376
1.006889,0.994152,0.995376,1.068525
1.068415,1.004706,1.068525,0.988043
0.98079,1.022248,0.988043,0.972497
0.986942,1.006873,0.972497,0.984163
0.981257,0.984073,0.984163,1.011494
1.005618,1.004624,1.011494,1.030682
1.031285,1.010357,1.030682,0.988975
0.994583,1.013667,0.988975,1.018952
0.996732,1.002247,1.018952,1.047046
1.09071,1.019058,1.047046,1.056426
1.016032,1.036304,1.056426,1.023739
1.037475,1.073248,1.023739,0.973913
0.993346,0.982196,0.973913,1.019841
0.993301,0.985901,1.019841,1.049611
1.057803,1.033708,1.049611,1.1
1.081056,1.066206,1.1,1.035383
1.1,1.1,1.035383,0.92677
0.941041,0.917618,0.92677,1.007024
0.951993,0.966222,1.007024,0.98082
0.995726,1.028519,0.98082,0.951111
0.962232,0.955277,0.951111,1.037383
0.994648,0.993446,1.037383,1.034234
1.038565,1.046183,1.034234,1.0
1.007772,1.020721,1.0,0.973868
0.968295,0.964695,0.973868,1.016995
1.034513,1.020128,1.016995,1.072999
1.065868,1.010762,1.072999,0.963115
0.967095,1.025732,0.963115,0.993191
0.99751,0.989619,0.993191,0.987147
0.968386,0.995629,0.987147,0.939236
0.994845,0.939421,0.939236,0.951941
0.960276,0.95514,0.951941,0.949515
0.926259,0.949119,0.949515,1.041922
0.98932,1.010309,1.041922,1.035329
1.045142,1.040816,1.035329,1.007583
1.001878,1.020588,1.007583,1.046096
1.058107,1.009606,1.046096,0.986511
0.983171,1.023787,0.986511,0.951686
0.99009,0.968401,0.951686,0.990421
0.952684,0.976967,0.990421,1.038685
1.036294,1.011788,1.038685,1.050279
1.047926,1.043689,1.050279,1.024823
1.01759,1.03814,1.024823,1.046713
1.08038,1.043907,1.046713,1.02314
1.0208,1.014592,1.02314,1.024233
0.994514,1.016074,1.024233,1.067823
1.085106,1.024147,1.067823,0.965288
1.053014,1.05935,0.965288,1.1
0.991724,0.920952,1.1,1.1
1.1,1.1,1.1,1.042351
1.090392,1.036789,1.042351,0.947847
0.944928,0.997419,0.947847,0.978247
0.952761,0.912031,0.978247,1.032701
1.028976,1.06383,1.032701,0.960735
0.986233,1.000667,0.960735,0.990112
0.961929,0.980013,0.990112,1.041944
1.087731,0.997281,1.041944,1.015335
0.969679,1.039536,1.015335,1.035242
1.043152,1.024918,1.035242,1.005471
1.043165,1.035189,1.005471,0.920798
0.936207,0.927689,0.920798,1.011819
0.965623,0.936043,1.011819,0.939001
0.990464,1.024911,0.939001,0.9
0.910141,0.904167,0.9,0.976959
0.956982,0.906298,0.976959,1.063679
1.008106,1.080508,1.063679,0.944568
1.000731,0.971765,0.944568,0.9
0.905771,0.928168,0.9,0.9
0.966935,0.9,0.9,1.070531
0.934112,0.900483,1.070531,0.9
1.000893,1.069742,0.9,0.9
0.909902,0.9,0.9,0.9
0.9,0.9,0.9,0.9
0.985556,0.9,0.9,0.9
0.9,0.9,0.9,0.900459
0.9,0.900459,0.900459,1.1
1.055465,0.920068,1.1,1.1
1.1,1.1,1.1,1.099719
1.099719,1.1,1.099719,1.045977
1.097063,1.061224,1.045977,0.9
0.919674,0.944872,0.9,1.005427
0.974684,0.918589,1.005427,1.071525
1.044156,1.076809,1.071525,1.018892
1.027363,1.065844,1.018892,1.009889
1.014528,1.001287,1.009889,1.022032
1.00358,1.029563,1.022032,1.061078
1.057075,1.042447,1.061078,0.969526
1.031496,1.011976,0.969526,0.9
0.930207,0.914793,0.9,0.919793
0.903869,0.900388,0.919793,1.080169
0.997406,1.007184,1.080169,0.970052
1.037711,1.055635,0.970052,0.98255
0.946115,0.948649,0.98255,0.93306
0.965563,0.945869,0.93306,1.09224
1.024691,1.036145,1.09224,0.982574
1.024096,1.046512,0.982574,0.998636
0.969935,0.983333,0.998636,1.051913
1.040431,1.04096,1.051913,1.072727
1.073834,1.050204,1.072727,1.010896
1.025332,1.050388,1.010896,1.0
1.005882,1.00369,1.0,1.057485
1.035088,1.006127,1.057485,0.996602
1.033898,1.062119,0.996602,1.068182
1.046995,0.983945,1.068182,0.9
0.981211,0.986014,0.9,0.998818
0.912766,0.9,0.998818,0.939645
0.984848,1.038108,0.939645,0.923174
0.933728,0.911392,0.923174,0.900409
0.90621,0.916667,0.900409,0.9
0.9,0.9,0.9,0.942761
1.0,0.915825,0.942761,1.082143
0.980676,1.029412,1.082143,1.084158
1.082102,1.085714,1.084158,0.939117
0.990895,1.006579,0.939117,0.918963
0.941807,0.921569,0.918963,0.954145
0.969106,0.953901,0.954145,1.07024
0.998322,1.02974,1.07024,1.1
1.070588,1.018051,1.1,1.036107
1.047096,1.1,1.036107,0.960606
0.976012,0.996825,0.960606,1.011041
0.993856,0.993631,1.011041,0.901716
1.012365,0.924679,0.901716,0.922145
0.9,0.92201,0.922145,1.095685
1.01209,0.99812,1.095685,0.998288
1.069966,1.073446,0.998288,1.018868
0.955343,1.017544,1.018868,1.042088
1.036728,0.994828,1.042088,1.004847
1.022544,1.051993,1.004847,0.969453
0.973228,0.981878,0.969453,1.028192
1.004854,1.006711,1.028192,0.956452
1.003221,0.98,0.956452,1.026981
0.979133,0.986395,1.026981,0.998358
1.009836,1.022414,0.998358,1.009868
1.003247,1.011804,1.009868,1.037459
1.050162,1.04,1.037459,1.012559
0.998459,1.011218,1.012559,1.044961
1.044753,1.015848,1.044961,1.008902
1.016248,1.031201,1.008902,0.970588
0.99564,0.995461,0.970588,1.056061
1.036496,0.995441,1.056061,1.04878
1.038028,1.053435,1.04878,0.969904
0.997286,1.013043,0.969904,1.052186
1.061224,1.0,1.052186,0.9
0.952564,0.959943,0.9,1.034277
0.948856,0.980626,1.034277,1.057637
1.06383,1.042553,1.057637,0.995913
0.988,1.042274,0.995913,1.00684
1.010796,0.956643,1.00684,0.970109
1.008011,1.035088,0.970109,1.042017
1.011921,0.99435,1.042017,1.00672
1.045812,1.058239,1.00672,0.934579
0.911139,0.904698,0.934579,1.002857
0.975275,1.02819,1.002857,1.05698
1.052113,1.017316,1.05698,1.008086
1.014726,1.036879,1.008086,1.034759
1.042216,1.015048,1.034759,1.005168
1.006329,1.014825,1.005168,1.001285
0.987421,1.01328,1.001285,1.023107
1.024204,1.011796,1.023107,0.986198
0.997512,0.998705,0.986198,0.987277
0.972569,0.970169,0.987277,1.016753
1.012821,1.009358,1.016753,1.022814
1.035443,1.047682,1.022814,1.023544
1.04401,1.007585,1.023544,1.001211
0.97541,1.007528,1.001211,1.056832
1.07563,1.021171,1.056832,1.052632
1.042411,1.04878,1.052632,0.991304
1.026767,1.046512,0.991304,1.006579
0.972888,0.992222,1.006579,0.964052
0.986066,0.979843,0.964052,0.936723
0.98913,0.932571,0.936723,1.010856
0.923077,0.96201,1.010856,1.004773
1.010714,1.03949,1.004773,0.97981
0.991755,0.982843,0.97981,1.049697
1.038005,1.028678,1.049697,0.976905
0.995423,1.013333,0.976905,1.00591
0.981609,0.997608,1.00591,0.956522
0.992974,0.973621,0.956522,1.002457
0.978774,0.995074,1.002457,1.004902
1.00241,1.003713,1.004902,1.008537
1.012019,1.008631,1.008537,1.001209
0.985748,0.97066,1.001209,1.0157
1.019277,1.042821,1.0157,1.02497
1.040189,1.0157,1.02497,1.039443
1.022727,1.020214,1.039443,0.977679
0.993333,1.011655,0.977679,1.011416
1.0,0.996544,1.011416,1.021445
1.030201,1.011561,1.021445,1.00663
1.008686,1.021714,1.00663,1.037322
1.022605,1.012304,1.037322,1.044444
1.083158,1.022099,1.044444,0.951368
0.976676,1.014054,0.951368,1.029819
0.963184,0.97548,1.029819,0.992761
1.011364,1.027322,0.992761,0.967708
0.983657,0.982979,0.967708,0.9
0.961578,0.904762,0.9,0.956938
0.9,0.909091,0.956938,1.0275
0.990396,1.05,1.0275,0.900243
0.978182,0.927318,0.900243,1.040541
0.972739,0.921622,1.040541,0.9
0.982166,1.016129,0.9,1.024531
0.932555,0.984127,1.024531,0.971831
1.011127,1.008798,0.971831,1.034783
0.98762,0.960756,1.034783,0.936975
0.994429,0.995461,0.936975,1.004484
0.959384,0.978723,1.004484,1.037202
1.029197,1.009317,1.037202,0.982783
1.0,1.035385,0.982783,0.935766
0.982979,0.943536,0.935766,1.021841
0.948052,0.998425,1.021841,1.018321
1.025875,1.0347,1.018321,0.9
0.986647,0.914634,0.9,1.013333
0.917293,0.933333,1.013333,0.922697
0.980328,0.992857,0.922697,1.042781
0.986622,0.989209,1.042781,0.981197
1.010169,1.018182,0.981197,1.036585
1.008389,1.023214,1.036585,1.003361
0.998336,1.012216,1.003361,1.023451
1.03,1.034483,1.023451,0.991817
1.0,1.008333,0.991817,0.986799
0.97411,0.945455,0.986799,1.041806
1.041528,1.045455,1.041806,1.016051
1.015949,1.023411,1.016051,1.00158
1.012559,1.03268,1.00158,1.028391
1.015504,1.0,1.028391,1.015337
1.016794,1.022152,1.015337,0.989426
0.998498,0.99226,0.989426,1.033588
1.021053,1.0078,1.033588,0.9
0.994109,0.942724,0.9,1.013136
0.924444,0.981938,1.013136,0.943274
0.998397,0.951505,0.943274,1.020619
0.956661,1.001757,1.020619,1.050505
1.050336,1.035088,1.050505,1.012821
1.017572,1.047458,1.012821,0.969937
1.012559,0.970874,0.969937,1.030995
0.984496,1.03,1.030995,0.995253
0.99685,0.962783,0.995253,0.966614
0.979463,1.008403,0.966614,0.990132
1.0,0.996667,0.990132,0.995017
0.974194,0.986622,0.995017,1.036728
1.046358,1.018644,1.036728,1.009662
1.001582,1.021631,1.009662,1.007974
1.058452,1.021173,1.007974,1.025316
0.967164,0.990431,1.025316,1.023148
1.029321,1.033816,1.023148,1.019608
1.017991,1.028037,1.019608,0.980769
0.992636,0.998485,0.980769,1.00905
1.001484,1.0,1.00905,0.971599
0.986667,0.981791,0.971599,1.015385
0.993994,0.996909,1.015385,1.021212
1.048338,1.021705,1.021212,0.974777
0.978386,0.986343,0.974777,1.1
1.064801,1.015385,1.1,1.038728
1.065007,1.083333,1.038728,1.007989
1.019481,1.025175,1.007989,1.018494
0.989809,0.995907,1.018494,0.97406
0.975547,1.015068,0.97406,1.050599
1.087071,1.020243,1.050599,0.987326
0.955097,0.998677,0.987326,1.002567
1.005083,1.025166,1.002567,1.058899
1.050569,0.988372,1.058899,0.995163
1.020457,1.053595,0.995163,0.987849
0.976415,0.983871,0.987849,1.00246
0.986715,0.98739,1.00246,1.006135
1.013464,1.015326,1.006135,0.980488
1.01087,1.006289,0.980488,0.929104
0.965352,0.91,0.929104,0.987952
0.938119,1.002747,0.987952,1.020325
0.996042,0.99589,1.020325,0.998672
0.997351,1.004127,0.998672,1.013298
1.022576,1.020548,1.013298,0.998688
1.006494,1.014765,0.998688,1.002628
0.992258,0.97619,1.002628,1.009174
1.006502,1.01897,1.009174,1.024675
1.020672,1.009309,1.024675,0.996198
1.007595,1.02635,0.996198,1.003817
0.998744,0.994865,1.003817,0.926489
0.996226,0.939355,0.926489,0.953488
0.90404,0.927198,0.953488,0.977044
0.97905,1.001481,0.977044,1.007342
1.011412,0.982249,1.007342,1.027697
1.011283,0.978916,1.027697,1.009929
1.001395,1.063077,1.009929,1.001404
0.997214,1.014472,1.001404,1.00561
1.015363,1.002853,1.00561,0.942817
0.977992,0.918919,0.942817,1.002959
0.963432,1.029412,1.002959,1.0
0.992701,0.995489,1.0,1.00885
1.017647,1.021148,1.00885,0.983918
1.004335,0.989645,0.983918,1.0
0.988489,1.00299,1.0,1.044577
1.026201,0.964232,1.044577,0.98862
1.005674,1.066461,0.98862,0.995683
0.988717,0.985507,0.995683,1.039017
1.025678,1.019118,1.039017,0.997218
1.009736,1.02886,0.997218,1.002789
0.99449,0.99439,1.002789,1.002782
1.00554,1.00141,1.002782,0.997226
1.0,1.004225,0.997226,1.009736
1.011019,1.001403,1.009736,0.979339
0.986376,0.990196,0.979339,0.933896
0.969613,0.933522,0.933896,1.013554
0.968661,1.00303,1.013554,1.022288
1.017647,1.001511,1.022288,1.001453
1.0,1.022624,1.001453,0.998549
1.007225,1.00295,0.998549,0.994186
0.984218,0.970588,0.994186,0.980994
1.005831,1.015152,0.980994,1.016393
0.991304,0.99403,1.016393,0.991202
0.998538,1.007508,0.991202,1.001479
0.998536,0.962742,1.001479,1.014771
1.010264,1.034056,1.014771,1.002911
1.002903,1.010479,1.002911,1.020319
1.02026,1.014815,1.020319,0.992888
1.002837,1.013139,0.992888,0.997135
0.998586,1.0,0.997135,1.010057
1.004249,0.987032,1.010057,1.02276
1.015515,1.023358,1.02276,1.009736
1.013889,1.009986,1.009736,0.995868
1.0,1.007062,0.995868,0.994467
1.009589,1.002805,0.994467,0.981919
0.982361,0.977622,0.981919,1.004249
0.979282,0.991416,1.004249,1.004231
1.007052,1.015873,1.004231,1.002809
1.002801,1.002841,1.002809,0.995798
1.00419,0.998584,0.995798,1.002813
1.001391,0.997163,1.002813,0.998597
0.993056,1.001422,0.998597,1.018258
1.027972,1.004261,1.018258,1.006897
1.009524,1.018388,1.006897,1.012329
1.010782,1.013889,1.012329,0.982409
0.990667,0.980822,0.982409,1.011019
0.987887,1.00838,1.011019,0.957766
1.006812,0.947368,0.957766,1.076814
1.039242,1.039474,1.076814,1.033025
1.041667,1.036568,1.033025,0.952685
0.97125,1.0,0.952685,1.060403
1.028314,0.981004,1.060403,1.039241
1.031289,1.069156,1.039241,0.984166
0.995146,1.028461,0.984166,0.965347
0.985366,0.976101,0.965347,1.015385
0.982673,0.994845,1.015385,1.0
1.0,1.006477,1.0,0.973485
1.002519,0.985843,0.973485,0.989624
0.972362,0.992167,0.989624,1.013106
1.0,0.997368,1.013106,1.010349
1.01938,1.006596,1.010349,1.014085
1.016477,1.015727,1.014085,1.008838
1.007481,1.006452,1.008838,0.984981
0.990099,1.005128,0.984981,0.978399
0.9825,0.978316,0.978399,0.988312
0.98855,0.988266,0.988312,1.038108
1.020592,0.963061,1.038108,0.975949
0.993695,1.053425,0.975949,0.983139
0.97335,0.975293,0.983139,0.997361
0.998696,1.006667,0.997361,1.001323
0.997389,0.993377,1.001323,0.989432
0.994764,0.996,0.989432,1.004005
0.993421,0.990629,1.004005,1.003989
1.005298,1.008108,1.003989,1.002649
0.998682,1.002681,1.002649,1.0
1.003958,1.005348,1.0,1.010568
1.00657,0.99734,1.010568,1.001307
1.007833,1.013333,1.001307,1.009138
1.002591,1.0,1.009138,1.010349
1.015504,1.014474,1.010349,0.965429
0.993639,0.963684,0.965429,1.0
0.96799,0.990579,1.0,0.993369
0.994709,1.005435,0.993369,1.026702
1.029255,1.004054,1.026702,1.0013
0.997416,1.025572,1.0013,1.0
1.007772,1.005249,1.0,1.002597
0.997429,1.0,1.002597,1.016839
1.023196,1.003916,1.016839,0.959236
0.988665,0.970091,0.959236,1.023904
0.984713,1.00134,1.023904,1.005188
1.015524,1.017403,1.005188,1.030968
1.026752,1.009211,1.030968,1.026283
1.023573,1.033898,1.026283,1.006098
1.01697,1.027743,1.006098,1.019394
1.007151,1.002454,1.019394,0.982164
0.995266,1.0,0.982164,0.987893
0.98692,0.997552,0.987893,0.998775
0.987952,0.991411,0.998775,0.988957
1.006098,0.996287,0.988957,1.003722
0.984242,0.992547,1.003722,0.998764
1.004926,1.008761,0.998764,1.007426
1.002451,0.990074,1.007426,0.992629
0.99511,0.997494,0.992629,1.0
0.996314,1.005025,1.0,1.003713
1.013564,1.0075,1.003713,0.991369
0.997567,0.990074,0.991369,0.997512
0.979268,0.993734,0.997512,0.983791
1.006227,0.992434,0.983791,0.996198
0.977723,0.992376,0.996198,1.019084
1.013924,1.006402,1.019084,1.006242
1.017478,1.012723,1.006242,0.997519
0.996319,1.005025,0.997519,1.011194
1.01601,1.00375,1.011194,0.99262
0.985455,0.997509,0.99262,1.022305
1.02337,1.002497,1.022305,0.981818
0.991587,0.983811,0.981818,1.025926
1.038788,1.029114,1.025926,1.019254
0.990665,1.0123,1.019254,0.991736
1.012956,1.014581,0.991736,0.992857
0.982558,0.984431,0.992857,0.998801
1.002367,1.009732,0.998801,1.020408
1.010626,0.990361,1.020408,0.991765
1.022196,1.015815,0.991765,0.996441
0.979429,0.997605,0.996441,0.99881
0.984831,1.0,0.99881,1.017878
1.013033,0.990396,1.017878,0.982436
1.002339,1.012121,0.982436,0.994041
0.983664,0.977246,0.994041,0.984412
0.992883,1.004902,0.984412,0.986602
0.985663,0.985366,0.986602,1.001235
0.990303,0.991337,1.001235,1.002466
0.998776,1.006242,1.002466,0.96679
0.998775,0.968983,0.96679,0.997455
0.96319,0.989757,0.997455,1.007653
1.012739,1.012937,1.007653,1.037975
1.03522,1.005109,1.037975,0.989024
0.998785,1.029225,0.989024,1.0
0.993917,0.996296,1.0,0.959309
0.995104,0.961586,0.959309,0.998715
0.96187,0.979381,0.998715,0.998713
1.007673,1.007895,0.998713,1.015464
1.001269,1.005222,1.015464,1.020305
1.020279,1.014286,1.020305,1.031095
1.048447,1.019206,1.031095,0.996381
0.984597,1.021357,0.996381,1.001211
1.016847,1.01107,1.001211,1.036276
1.040237,0.997567,1.036276,0.988331
0.976109,1.021951,0.988331,0.988194
0.984848,0.968974,0.988194,1.009558
1.011834,1.025862,1.009558,0.986982
0.991813,0.9988,0.986982,0.997602
0.991745,0.990385,0.997602,1.09976
1.08799,1.008495,1.09976,1.1
1.1,1.1,1.1,1.1
1.1,1.1,1.1,1.021661
1.07852,1.043478,1.021661,1.099823
1.041841,1.010185,1.099823,1.028916
1.08996,1.027498,1.028916,0.906323
0.92115,1.028546,0.906323,1.015504
0.988,0.966175,1.015504,0.974555
0.94332,1.001795,0.974555,0.937337
0.984549,0.945341,0.937337,0.95636
0.952921,0.937441,0.95636,1.051456
1.004575,1.022245,1.051456,0.987996
1.013661,1.030663,0.987996,1.01215
1.030548,1.003839,1.01215,1.073869
1.038361,1.006692,1.073869,0.984523
0.971453,1.055081,0.984523,0.969432
0.983578,0.983798,0.969432,0.954054
0.985062,0.957914,0.954054,0.987724
0.959857,0.989494,0.987724,1.013384
0.992565,1.003861,1.013384,1.038679
1.03839,0.990385,1.038679,1.034514
1.034265,1.043689,1.034514,1.000878
0.999128,1.029767,1.000878,0.989474
0.995637,1.00813,0.989474,1.015957
1.067485,1.010753,1.015957,0.989529
0.933498,0.958333,0.989529,1.005291
1.024626,1.037003,1.005291,0.99386
0.991416,0.988403,0.99386,1.063548
1.078788,1.01083,1.063548,1.014108
1.040128,1.045536,1.014108,0.987725
0.939043,0.996584,0.987725,0.996686
0.991783,1.003428,0.996686,0.991687
0.992543,1.003416,0.991687,1.033529
1.068447,1.001702,1.033529,0.958637
0.953125,0.986406,0.958637,0.973773
0.963115,0.983635,0.973773,0.994787
0.989787,0.985114,0.994787,1.027948
1.023216,1.006222,1.027948,0.961767
0.987395,0.998233,0.961767,0.984099
0.958298,0.980531,0.984099,1.007181
1.001776,1.004513,1.007181,0.975045
0.995567,0.980234,0.975045,1.018282
1.006233,0.985335,1.018282,0.990126
0.980531,1.011163,0.990126,1.006346
1.023466,1.013799,1.006346,1.000901
0.992063,0.980036,1.000901,0.989199
0.992889,1.012037,0.989199,0.979982
0.985676,0.984446,0.979982,1.026927
1.012716,1.000929,1.026927,0.984629
0.999103,1.007428,0.984629,1.011019
0.992819,0.998157,1.011019,1.004541
1.001808,1.004617,1.004541,0.981013
0.99639,0.996324,0.981013,0.978802
0.977355,0.95941,0.978802,1.001883
0.993513,0.991346,1.001883,1.059211
1.0625,1.018429,1.059211,0.979592
0.985953,1.04,0.979592,1.01721
1.023152,0.989011,1.01721,1.041852
1.073977,1.024074,1.041852,0.988889
0.961102,1.023508,0.988889,0.938634
0.963744,0.919611,0.938634,0.993554
0.958005,1.017291,0.993554,0.992586
0.992694,1.005666,0.992586,0.988796
1.0092,0.985915,0.988796,0.955619
0.96536,0.942857,0.955619,0.979249
0.967894,1.0,0.979249,0.994955
0.973659,0.986869,0.994955,0.96856
0.98998,0.970317,0.96856,1.015707
0.994939,0.981013,1.015707,0.998969
1.006104,1.033333,0.998969,0.971104
0.978766,0.976067,0.971104,0.98406
0.983471,0.977612,0.98406,1.0054
0.989496,1.007634,1.0054,0.922664
0.985138,0.926407,0.922664,0.981374
0.952586,0.975467,0.981374,0.998814
0.959276,0.99521,0.998814,1.027316
1.025943,0.965102,1.027316,0.995376
0.998851,1.062344,0.995376,1.004646
1.005754,0.987089,1.004646,1.017341
1.011442,1.008323,1.017341,0.986364
1.007919,1.020047,0.986364,0.960829
0.971942,0.96185,0.960829,0.96283
0.967667,0.96274,0.96283,1.019925
0.97852,0.980025,1.019925,0.96337
1.006098,0.993631,0.96337,0.99493
0.964848,0.935897,0.99493,0.991083
0.991206,1.042466,0.991083,1.0
0.99493,1.017083,1.0,1.034704
1.031847,0.975452,1.034704,1.01118
1.011111,1.054305,1.01118,0.977887
0.986569,0.984925,0.977887,0.983668
0.990099,0.992347,0.983668,0.957854
0.98,0.955013,0.957854,0.938667
0.960459,0.936743,0.938667,1.0
0.938911,0.971264,1.0,1.005682
1.008487,1.022189,1.005682,0.985876
1.001403,1.004342,0.985876,1.015759
1.001401,1.010086,1.015759,0.950635
0.994406,0.957204,0.950635,1.013353
0.973277,0.970194,1.013353,0.997072
0.99711,1.044547,0.997072,1.020558
1.010145,0.995588,1.020558,1.048921
1.074605,1.028065,1.048921,0.986283
0.967957,1.024425,0.986283,1.022253
1.038621,0.997195,1.022253,1.002721
0.994688,1.012658,1.002721,1.0
0.99466,1.004167,1.0,1.017639
1.041611,1.011065,1.017639,1.029333
0.996134,1.016416,1.029333,0.979275
1.0,1.013459,0.979275,1.005291
0.998706,0.998672,1.005291,1.0
1.0,0.996011,1.0,0.988158
0.992228,0.99466,0.988158,0.960053
0.988251,0.959732,0.960053,0.993065
0.966975,0.981818,0.993065,1.023743
1.002732,1.014245,1.023743,1.099591
1.098093,1.030899,1.099591,1.039702
1.088089,1.1,1.039702,0.968974
0.95325,0.966224,0.968974,0.969212
0.973684,0.972534,0.969212,1.012706
0.987715,0.997433,1.012706,0.993726
1.0,1.009009,0.993726,1.011364
0.997512,0.997449,1.011364,1.004994
1.006234,1.005115,1.004994,1.028571
1.065675,1.010178,1.028571,1.024155
0.988372,1.015113,1.024155,0.970519
1.003529,1.011166,0.970519,0.979344
0.966002,0.970552,0.979344,1.011166
0.996359,0.998736,1.011166,0.990184
0.995128,1.013924,0.990184,0.902107
0.984088,0.906367,0.902107,1.019231
0.940299,0.986226,1.019231,1.02965
1.026455,1.026536,1.02965,1.003927
1.020619,1.031293,1.003927,0.984355
0.978535,0.989446,0.984355,1.006623
0.985806,0.973333,1.006623,0.989474
1.0,1.027397,0.989474,1.086436
1.082461,1.004,1.086436,1.001224
0.990326,1.055777,1.001224,0.98533
0.997558,1.008805,0.98533,1.008685
1.008568,0.998753,1.008685,1.00984
1.0,1.003745,1.00984,0.986602
1.004854,0.992537,0.986602,1.003704
0.992754,1.002506,1.003704,0.98647
0.993917,1.00125,0.98647,1.006234
0.990208,0.986267,1.006234,0.992565
0.997528,1.002532,0.992565,1.0
0.998761,1.006313,1.0,0.997503
0.995037,0.97867,0.997503,0.962453
0.992519,0.982051,0.962453,1.024707
0.994975,0.994778,1.024707,1.020305
1.022727,1.032808,1.020305,1.018657
1.016049,1.02033,1.018657,0.996337
1.008505,1.007472,0.996337,1.045343
1.045783,0.995056,1.045343,1.002345
1.041475,1.054658,1.002345,1.049123
0.995575,0.977621,1.049123,1.0301
1.051111,1.048193,1.0301,0.991342
0.989429,1.022989,0.991342,0.983624
0.977564,1.0,0.983624,0.994451
0.989071,0.994382,0.994451,0.993304
1.0,1.00339,0.993304,0.98427
0.983425,0.97973,0.98427,0.992009
0.992135,0.990805,0.992009,1.003452
1.003398,1.0058,1.003452,1.051606
1.038375,0.982699,1.051606,0.97819
1.009783,1.046948,0.97819,0.981048
0.964478,0.983184,0.981048,0.986364
0.989955,0.987457,0.986364,1.002304
0.996618,0.998845,1.002304,1.004598
1.002262,0.984971,1.004598,0.979405
0.989842,1.001174,0.979405,1.004673
0.984036,1.0,1.004673,0.998837
1.008111,0.995311,0.998837,0.98603
0.995402,0.992933,0.98603,1.014168
1.0,0.998814,1.014168,1.006985
1.009238,1.011876,1.006985,1.006936
0.997712,1.010563,1.006936,0.972445
0.997706,0.980256,0.972445,0.975207
0.972414,0.977488,0.975207,0.98063
0.98227,0.981818,0.98063,1.012346
0.987966,0.991358,1.012346,0.992683
1.00609,1.011208,0.992683,0.979115
0.989104,0.980296,0.979115,1.013802
0.990208,0.996231,1.013802,0.991337
1.007417,1.007566,0.991337,1.009988
0.993865,0.997497,1.009988,0.991347
0.997531,1.002509,0.991347,0.983791
0.992574,0.981227,0.983791,1.025349
1.013716,1.002551,1.025349,0.966625
0.99262,0.992366,0.966625,0.987212
0.967782,0.983333,0.987212,0.984456
0.993598,0.990874,0.984456,0.967105
0.984536,0.964474,0.967105,1.012245
0.975131,0.994543,1.012245,1.004032
1.009396,1.019204,1.004032,0.990629
0.993351,0.985195,0.990629,1.001351
0.994645,1.004098,1.001351,1.022942
1.030956,1.014966,1.022942,0.984169
0.993473,0.991957,0.984169,0.961126
0.980289,0.966216,0.961126,1.008368
0.97185,0.994406,1.008368,0.995851
1.001379,1.005626,0.995851,0.977778
0.995868,0.98042,0.977778,1.005682
0.990318,0.988588,1.005682,0.99435
0.99581,1.004329,0.99435,1.008523
0.997195,1.002874,1.008523,1.007042
1.012658,1.008596,1.007042,1.0
0.998611,1.008523,1.0,0.991608
0.994437,0.992958,0.991608,0.970381
0.99021,0.968794,0.970381,0.988372
0.971751,0.985359,0.988372,0.994118
0.99564,0.988113,0.994118,0.988166
0.985401,0.996992,0.988166,1.008982
1.013333,1.001508,1.008982,0.946588
0.976608,0.915663,0.946588,0.992163
0.961078,1.011513,0.992163,0.984202
0.985981,1.004878,0.984202,0.979133
0.992101,0.978964,0.979133,0.986885
0.971338,0.981818,0.986885,0.998339
0.991803,0.996633,0.998339,1.013311
1.008264,1.006757,1.013311,0.998358
1.006557,1.005034,0.998358,0.996711
0.988599,1.0,0.996711,1.0033
1.00659,1.001669,1.0033,0.978618
0.99509,0.991667,0.978618,0.942857
0.970395,0.934454,0.942857,1.010695
0.966102,0.992806,1.010695,0.996473
0.992982,1.01087,0.996473,1.012389
1.014134,1.005376,1.012389,1.006993
1.006969,1.010695,1.006993,0.993056
1.0,1.003527,0.993056,1.005245
0.99654,0.996485,1.005245,0.991304
0.998264,0.991182,0.991304,1.1
1.090435,1.005338,1.1,1.023923
1.07815,1.079646,1.023923,0.990654
0.946746,1.013115,0.990654,0.97956
0.984375,1.001618,0.97956,0.988764
0.995238,0.980614,0.988764,0.974026
0.984051,0.985173,0.974026,0.973333
0.993517,0.9699,0.973333,1.099315
1.047308,0.989655,1.099315,0.982866
1.021807,1.090592,0.982866,1.044374
1.036585,0.990415,1.044374,1.021244
0.995588,1.033871,1.021244,0.994056
1.01034,1.026521,0.994056,0.99701
1.001462,0.986322,0.99701,0.982009
0.985401,1.0,0.982009,1.001527
0.980741,1.001541,1.001527,1.033537
1.036254,0.986154,1.033537,0.974926
0.988338,1.029641,0.974926,1.001513
0.986726,0.962121,1.001513,1.019637
1.025411,1.020472,1.019637,1.013333
1.002915,1.020062,1.013333,0.96345
0.988372,0.986384,0.96345,0.974203
0.991176,0.964724,0.974203,0.985981
0.952522,0.987281,0.985981,1.004739
0.995327,1.011272,1.004739,0.977987
0.998435,0.982484,0.977987,1.003215
0.982759,0.993517,1.003215,1.025641
1.030303,1.014682,1.025641,1.001562
0.996904,1.011254,1.001562,0.981279
0.995342,0.99841,0.981279,0.987281
0.98752,0.987261,0.987281,0.942029
0.963665,0.932258,0.942029,1.003419
0.968852,1.00346,1.003419,0.959114
0.993232,0.965517,0.959114,0.9254
0.964225,0.928571,0.9254,0.990403
0.931095,0.961538,0.990403,0.996124
0.988615,1.008,0.996124,0.972763
1.0,0.984127,0.972763,1.012
0.986564,0.989919,1.012,1.017787
1.013619,1.028513,1.017787,0.978641
0.976967,0.982178,0.978641,1.06746
1.088409,1.008065,1.06746,0.97026
0.981949,1.04,0.97026,1.001916
0.977941,0.990385,1.001916,1.00956
0.99812,1.013592,1.00956,1.013258
1.016949,1.001916,1.013258,1.007477
1.001852,1.015296,1.007477,1.0
1.0,1.003766,1.0,0.996289
0.998152,0.998124,0.996289,1.011173
1.012963,1.0,1.011173,1.003683
1.0,1.009398,1.003683,1.011009
1.009141,0.998138,1.011009,1.001815
1.005435,1.016791,1.001815,1.003623
1.001802,1.009174,1.003623,1.023466
1.048561,1.003636,1.023466,1.003527
0.979417,1.01087,1.003527,1.02109
1.045534,1.014337,1.02109,1.006885
0.9866,1.008834,1.006885,1.1
1.093379,1.1,1.1,1.034161
1.090062,0.940532,1.034161,0.987988
0.995726,1.043261,0.987988,0.995441
0.978541,1.020734,0.995441,0.977099
0.973684,0.979687,0.977099,0.9625
0.978979,0.979266,0.9625,0.982143
0.958589,0.97557,0.982143,0.900826
0.9488,0.90985,0.900826,1.020183
0.940978,0.966972,1.020183,1.023381
1.028674,1.062619,1.023381,0.975395
0.984321,0.9875,0.975395,1.009009
1.00531,1.003617,1.009009,1.014286
1.003521,1.009009,1.014286,0.998239
1.008772,1.003571,0.998239,0.971781
0.977391,0.967972,0.971781,1.00363
0.996441,1.011029,1.00363,0.990958
0.985714,0.976364,0.990958,0.992701
0.994565,0.998138,0.992701,1.003676
0.998179,1.007463,1.003676,0.979853
0.994526,0.988889,0.979853,1.005607
0.99633,1.0,1.005607,0.973978
0.987109,0.970037,0.973978,0.982824
0.985075,0.988417,0.982824,1.007767
0.988636,0.986328,1.007767,1.001927
0.998084,1.015842,1.001927,0.973077
0.998081,0.984405,0.973077,1.013834
0.986538,0.990099,1.013834,1.013645
1.017544,1.018,1.013645,1.0
0.996169,1.007859,1.0,1.040385
1.055769,1.011696,1.040385,0.998152
0.994536,1.023121,0.998152,0.975926
0.992674,0.977401,0.975926,0.99241
0.97048,0.984586,0.99241,1.001912
0.996198,1.009785,1.001912,1.01145
1.026718,1.00969,1.01145,1.026415
1.016729,1.009597,1.026415,0.990809
0.992687,1.019011,0.990809,1.011132
1.005525,1.0,1.011132,0.977982
0.996337,0.988806,0.977982,0.984991
0.981618,0.988679,0.984991,1.009524
0.992509,0.992366,1.009524,1.011321
1.018868,1.003846,1.011321,0.992537
0.992593,1.015326,0.992537,1.041353
1.052239,1.0,1.041353,0.998195
0.996454,1.030189,0.998195,0.983725
0.982206,0.987179,0.983725,1.0
1.0,1.003711,1.0,1.007353
0.994565,0.994455,1.007353,1.001825
1.010929,1.011152,1.001825,1.025501
1.07027,1.022059,1.025501,0.9254
0.925926,0.911871,0.9254,0.921305
0.918182,0.944773,0.921305,1.0125
0.970297,0.997912,1.0125,0.979424
0.989796,0.991632,0.979424,1.004202
1.0,1.004219,1.004202,1.006276
0.993814,0.993697,1.006276,1.006237
1.004149,1.006342,1.006237,0.989669
1.008264,1.002101,0.989669,0.979123
0.985656,0.962264,0.979123,0.974414
0.964657,0.978214,0.974414,1.008753
0.99569,1.004454,1.008753,0.982646
0.995671,1.002217,0.982646,0.977925
0.982609,0.975664,0.977925,0.957111
0.977876,0.954649,0.957111,0.910377
0.950226,0.907363,0.910377,1.023316
0.947619,0.994764,1.023316,0.977215
1.01005,1.007895,0.977215,1.023316
0.982587,0.984334,1.023316,1.0
1.012658,1.04244,1.0,1.01519
1.0025,0.984733,1.01519,0.987531
1.0,1.010336,0.987531,0.989899
0.995012,1.002558,0.989899,1.033163
1.017544,1.0,1.033163,0.985185
1.009852,1.015306,0.985185,1.015038
0.990244,0.994975,1.015038,0.985185
1.0,1.005051,0.985185,0.9599
0.990148,0.957286,0.9599,1.005222
0.965174,0.968504,1.005222,1.015584
1.012887,1.04065,1.015584,1.017903
1.012723,1.015625,1.017903,0.974874
0.992462,0.979487,0.974874,1.023196
1.007595,1.002618,1.023196,1.017632
1.017588,1.02611,1.017632,0.99505
1.0,1.005089,0.99505,1.004975
1.002469,1.005063,1.004975,1.034653
1.08867,1.012594,1.034653,0.978469
0.941176,1.00995,0.978469,1.002445
0.985577,0.982759,1.002445,1.0
1.0,1.005013,1.0,1.021951
1.021951,1.017456,1.021951,1.009547
1.01432,1.017157,1.009547,1.023641
1.025882,1.012048,1.023641,1.099307
1.091743,1.054762,1.099307,0.966387
1.081933,1.018059,0.966387,0.965217
0.9,0.946785,0.965217,0.995495
1.019694,1.014052,0.995495,0.968326
0.937768,0.963048,0.968326,1.0
1.022883,1.016787,1.0,0.974299
0.96868,0.96934,0.974299,1.028777
0.993072,1.004866,1.028777,0.990676
1.0,1.016949,0.990676,1.009412
1.016279,1.0,1.009412,0.995338
0.988558,1.009524,0.995338,0.978923
0.974537,0.959906,0.978923,1.011962
1.014252,1.022113,1.011962,1.037825
1.088993,1.016827,1.037825,0.965831
0.935484,0.981087,0.965831,0.96934
0.983908,0.987952,0.96934,0.992701
0.969626,0.973171,0.992701,1.014706
0.99759,1.015038,1.014706,0.980676
1.0,1.002469,0.980676,1.002463
0.990338,0.990148,1.002463,1.002457
1.0,1.002488,1.002457,1.012255
1.014634,1.004963,1.012255,1.01937
1.052885,1.017284,1.01937,0.983373
0.956621,1.0,0.983373,1.033816
1.076372,1.009709,1.033816,1.03972
0.993348,1.028846,1.03972,0.973034
0.977679,0.985981,0.973034,1.004619
0.993151,1.00237,1.004619,0.972414
1.004598,1.0,0.972414,0.976359
0.977117,0.976359,0.976359,1.016949
0.98829,1.002421,1.016949,0.980952
0.995261,0.992754,0.980952,1.009709
0.992857,0.997567,1.009709,1.002404
1.002398,1.004878,1.002404,1.014388
1.011962,1.002427,1.014388,0.990544
1.002364,1.009685,0.990544,0.973747
0.992925,0.959233,0.973747,1.009804
0.980998,1.005,1.009804,1.019417
1.024213,1.0199,1.019417,1.004762
0.997636,1.017073,1.004762,1.007109
1.011848,1.002398,1.007109,0.985882
0.98829,0.992823,0.985882,1.002387
1.00237,1.004819,1.002387,0.978571
0.992908,0.980815,0.978571,1.007299
0.985714,0.997555,1.007299,0.975845
0.990338,0.980392,0.975845,1.009901
0.995122,0.9975,1.009901,1.0
1.0,1.002506,1.0,0.9
0.977941,0.9175,0.9,0.961853
0.902256,0.920981,0.961853,0.98017
0.994444,1.017751,0.98017,0.971098
0.97486,0.973837,0.971098,1.011905
0.979943,0.970149,1.011905,0.961765
0.982456,0.984615,0.961765,1.027523
1.008929,1.0,1.027523,1.0625
1.067847,1.071875,1.0625,0.994398
1.024862,1.026239,0.994398,1.039437
1.032345,0.997159,1.039437,0.98374
0.958225,0.997151,0.98374,1.099174
1.087193,1.04,1.099174,0.947368
1.035088,1.032967,0.947368,1.034392
0.992736,0.981383,1.034392,0.984655
0.965854,1.04065,0.984655,0.984416
0.984848,0.984375,0.984416,1.023747
0.994872,1.007937,1.023747,1.018041
1.033505,1.010499,1.018041,0.997468
0.987531,1.005195,0.997468,0.992386
1.005051,1.010336,0.992386,1.030691
1.030151,1.002558,1.030691,0.975186
0.990244,1.0,0.975186,1.045802
1.029557,1.005102,1.045802,1.038929
1.059809,1.025381,1.038929,0.995316
0.990971,1.049505,0.995316,1.014118
0.990888,0.995283,1.014118,1.00232
1.013793,1.011848,1.00232,1.023148
1.022676,0.992974,1.023148,0.954751
0.986696,0.992925,0.954751,1.016588
0.986517,0.983373,1.016588,0.983683
0.979499,1.004831,0.983683,0.952607
0.995349,0.961538,0.952607,0.99005
0.957944,0.98,0.99005,1.005025
0.985366,1.007653,1.005025,1.0025
1.0,0.987342,1.0025,1.017456
1.054455,1.033333,1.017456,1.009804
0.981221,0.997519,1.009804,1.024272
1.019139,1.029851,1.024272,1.035545
1.044601,1.012077,1.035545,0.979405
0.973034,1.011933,0.979405,0.96729
0.993072,0.971698,0.96729,0.992754
0.976744,0.990291,0.992754,0.956204
0.978571,0.953431,0.956204,0.997455
0.961071,0.994859,0.997455,1.002551
0.997468,1.005168,1.002551,1.007634
1.01269,1.002571,1.007634,0.964646
0.997494,0.974359,0.964646,0.997382
0.969849,0.994737,0.997382,0.992126
0.989637,0.989418,0.992126,0.992063
1.0,1.002674,0.992063,1.005333
0.986911,0.986667,1.005333,0.986737
0.997347,1.002703,0.986737,1.008065
1.007979,1.002695,1.008065,0.994667
0.989446,0.965054,0.994667,0.994638
0.997333,1.027855,0.994638,0.981132
1.002674,0.98103,0.981132,0.994505
0.981333,0.994475,0.994505,1.008287
1.002717,1.0,1.008287,1.005479
1.00542,1.005556,1.005479,1.035422
1.024259,0.986188,1.035422,1.013158
1.021053,1.053221,1.013158,0.992208
0.994845,1.013298,0.992208,0.997382
1.005181,1.0,0.997382,1.005249
1.005155,0.992126,1.005249,1.005222
0.994872,1.007937,1.005222,0.997403
1.023196,1.002625,0.997403,1.023438
1.007557,0.994764,1.023438,0.989822
0.98,1.015789,0.989822,0.976864
0.992347,0.984456,0.976864,1.013158
0.994859,0.997368,1.013158,1.007792
1.007752,1.010554,1.007792,0.994845
1.007692,1.005222,0.994845,1.012953
0.997455,1.0,1.012953,1.005115
1.005102,1.007792,1.005115,0.982188
1.005076,0.984536,0.982188,0.981865
0.982323,0.989529,0.981865,1.036939
1.053985,1.005291,1.036939,0.923664
0.929268,0.95,0.923664,0.975207
0.96063,0.980609,0.975207,1.025424
0.997268,1.0,1.025424,1.027548
1.027397,1.028249,1.027548,1.037534
1.034667,1.024725,1.037534,1.010336
1.010309,1.032172,1.010336,1.002558
1.015306,1.01039,1.002558,0.989796
0.98995,0.994859,0.989796,1.028351
1.01269,1.002584,1.028351,1.0
1.012531,1.015464,1.0,1.010025
1.009901,1.007614,1.010025,1.007444
1.041667,1.007557,1.007444,1.054187
1.032941,1.0025,1.054187,1.051402
1.038724,1.044888,1.051402,0.975556
0.982456,1.026253,0.975556,0.981777
0.997768,0.993023,0.981777,1.00464
0.993289,1.004684,1.00464,1.004619
0.97973,0.990676,1.004619,1.022989
1.08046,1.018824,1.022989,1.013483
0.961702,1.009238,1.013483,1.028825
1.026549,1.025172,1.028825,1.099138
1.099138,1.035714,1.099138,1.1
1.1,1.099138,1.1,0.953654
0.959002,0.990196,0.953654,0.994393
1.035316,1.027723,0.994393,0.93985
0.940754,0.944123,0.93985,0.96
0.948473,0.940816,0.96,1.004167
0.983903,1.032538,1.004167,1.022822
1.00818,1.006303,1.022822,0.995943
1.01217,1.012526,0.995943,0.997963
0.98998,0.989691,0.997963,1.026531
1.022267,1.01875,1.026531,0.986083
0.992079,0.99182,0.986083,0.983871
0.988024,0.991753,0.983871,1.032787
1.020202,1.010395,1.032787,1.035714
1.079208,1.014403,1.035714,1.011494
0.983486,1.030426,1.011494,1.007576
1.007463,1.01378,1.007576,1.013158
1.003704,1.019417,1.013158,0.966605
0.994465,0.988571,0.966605,0.996161
0.966605,0.982659,0.996161,0.996146
1.009597,1.005882,0.996146,0.990329
1.003802,0.980507,0.990329,0.998047
0.973485,1.0,0.998047,1.009785
1.013619,1.001988,1.009785,1.001938
1.013436,1.013889,1.001938,0.984526
0.982955,0.988258,0.984526,1.003929
0.998073,1.007921,1.003929,0.998043
0.984556,0.962672,0.998043,0.992157
1.007843,1.030612,0.992157,1.0
0.992218,0.994059,1.0,1.019763
1.035294,1.001992,1.019763,0.974806
0.973485,0.996024,0.974806,0.974155
0.974708,0.968064,0.974155,1.010204
0.996008,1.006186,1.010204,0.947475
0.993988,0.954918,0.947475,1.012793
0.977823,1.015021,1.012793,0.947368
0.993814,0.947146,0.947368,1.075556
1.014523,0.993304,1.075556,0.904959
0.985685,0.979775,0.904959,1.027397
0.937759,1.004587,1.027397,1.031111
1.039823,1.004566,1.031111,0.984914
0.993617,1.029545,0.984914,1.028446
1.017131,1.004415,1.028446,1.004255
0.997895,1.015385,1.004255,1.0
1.018987,1.006494,1.0,1.016949
1.0,1.015054,1.016949,1.039583
1.033126,1.014831,1.039583,0.945892
1.01002,0.977035,0.945892,0.974576
0.934524,0.957265,0.974576,1.008696
1.0,1.015625,1.008696,0.989224
0.993631,0.986813,0.989224,0.969499
0.982906,0.986637,0.969499,1.022472
1.021739,0.997743,1.022472,1.017582
0.985106,1.015837,1.017582,0.99784
1.015119,1.020045,0.99784,1.004329
0.991489,0.99345,1.004329,0.984914
0.995708,0.989011,0.984914,0.995624
0.997845,1.011111,0.995624,1.006593
0.993521,0.991209,1.006593,0.969432
0.991304,0.973392,0.969432,0.997748
0.984649,1.009112,0.997748,0.96614
0.993318,0.957111,0.96614,1.011682
0.973094,1.002358,1.011682,1.046189
1.052995,1.011765,1.046189,1.002208
1.004376,1.046512,1.002208,1.022026
1.015251,1.008889,1.022026,0.978448
1.004292,1.0,0.978448,0.995595
0.987179,0.991189,0.995595,1.004425
0.995671,1.002222,1.004425,1.013216
1.013043,1.015521,1.013216,1.017391
1.019313,0.997817,1.017391,1.00641
1.008421,1.021882,1.00641,1.006369
0.993737,1.0,1.006369,0.987342
0.997899,0.982869,0.987342,0.989316
0.993684,1.006536,0.989316,1.00216
0.997881,0.997835,1.00216,0.980603
0.993631,0.980477,0.980603,1.021978
0.995726,1.015487,1.021978,1.010753
1.01073,1.004357,1.010753,0.980851
0.997877,0.989154,0.980851,0.993492
0.989362,0.995614,0.993492,0.997817
0.987097,0.997797,0.997817,0.947484
0.995643,0.94702,0.947484,1.004619
0.954048,1.0,1.004619,1.0
1.006881,1.004662,1.0,0.997701
1.004556,1.00464,0.997701,1.004608
0.995465,1.0,1.004608,1.020642
1.015945,0.997691,1.020642,1.01573
1.015695,1.023148,1.01573,0.99115
1.004415,1.00905,0.99115,0.984375
0.986813,0.984305,0.984375,1.018141
1.011136,1.006834,1.018141,0.96882
0.993392,0.9819,0.96882,1.022989
0.986696,0.995392,1.022989,1.006742
1.013483,1.030093,1.006742,0.995536
0.997783,0.997753,0.995536,0.995516
1.002222,0.990991,0.995516,1.006757
0.995565,1.004545,1.006757,1.01566
1.011136,1.002262,1.01566,1.006608
1.011013,1.002257,1.006608,0.97593
0.986928,1.0,0.97593,0.975336
0.971302,0.970721,0.975336,0.983908
0.993182,0.993039,0.983908,0.955607
0.967963,0.922897,0.955607,1.00489
0.978723,1.022785,1.00489,0.987835
0.997585,1.0,0.987835,0.975369
0.990315,0.977723,0.975369,1.012626
0.982885,1.002532,1.012626,0.995012
0.995025,0.994949,0.995012,1.032581
1.035,1.015228,1.032581,1.021845
1.019324,1.0,1.021845,0.988124
1.0,1.0375,0.988124,1.021635
1.009479,0.995181,1.021635,1.002353
1.00939,1.01937,1.002353,1.0
0.995349,1.002375,1.0,1.004695
1.0,1.00237,1.004695,0.988318
0.995327,0.98818,0.988318,0.964539
0.974178,0.971292,0.964539,1.019608
1.007229,1.004926,1.019608,1.007212
1.014354,1.019608,1.007212,0.99284
0.990566,0.992788,0.99284,0.980769
1.0,0.978208,0.980769,1.014706
0.985714,1.002475,1.014706,0.997585
1.004831,1.014815,0.997585,1.014528
1.007212,1.0,1.014528,1.004773
1.019093,1.019465,1.004773,0.995249
0.992974,0.990453,0.995249,1.023866
1.014151,1.009639,1.023866,1.0
1.002326,1.011933,1.0,0.997669
1.020882,1.007075,0.997669,1.016355
0.990909,1.0,1.016355,1.0
1.006881,1.014052,1.0,0.970115
0.993166,0.965358,0.970115,1.0
0.979358,1.004785,1.0,1.016588
1.004684,1.0,1.016588,1.009324
1.011655,1.019048,1.009324,0.979215
0.995392,0.983645,0.979215,0.992925
0.993056,0.995249,0.992925,0.978622
0.986014,0.976134,0.978622,0.980583
0.976359,0.97555,0.980583,1.00495
0.987893,0.987469,1.00495,1.002463
1.014706,1.027919,1.002463,0.992629
0.995169,0.995062,0.992629,1.009901
0.990291,0.990074,1.009901,1.012255
1.012255,1.015038,1.012255,1.014528
1.016949,1.012346,1.014528,1.00716
1.011905,1.012195,1.00716,0.990521
0.992941,1.0,0.990521,0.990431
1.00237,0.995181,0.990431,0.987923
0.983452,0.983051,0.987923,0.99022
0.987981,0.990148,0.99022,1.009877
0.995134,0.995025,1.009877,1.007335
1.007335,1.0125,1.007335,1.0
1.012136,1.004938,1.0,0.990291
0.992806,0.995086,0.990291,1.012255
1.0,1.002469,1.012255,1.009685
1.007246,1.014778,1.009685,0.980815
1.0,0.990291,0.980815,0.982885
0.976019,0.97549,0.982885,0.975124
0.987715,0.982412,0.975124,1.005102
0.982587,0.987212,1.005102,1.0
1.005063,1.015544,1.0,1.002538
0.997481,0.997449,1.002538,0.992405
1.0,0.994885,0.992405,0.994898
0.992424,0.997429,0.994898,1.002564
1.0,1.0,1.002564,0.961637
0.992366,0.963918,0.961637,1.013298
0.979487,1.0,1.013298,1.099738
1.096859,1.1,1.099738,1.045346
1.097852,1.00716,1.045346,0.920091
0.915217,0.947867,0.920091,1.039702
1.035629,1.03,1.039702,1.004773
0.972477,0.995146,1.004773,0.973872
0.997642,0.997561,0.973872,1.0
0.978723,0.982885,1.0,0.987805
1.0,1.002488,0.987805,1.014815
1.0,1.004963,1.014815,1.0
0.995169,1.002469,1.0,0.990268
1.0,0.997537,0.990268,1.002457
0.990291,0.992593,1.002457,0.995098
0.997549,1.0,0.995098,0.987685
1.0,0.99005,0.987685,1.004988
0.992629,0.994975,1.004988,1.024814
1.027228,1.010101,1.024814,1.009685
1.007229,1.025,1.009685,0.997602
1.0,1.007317,0.997602,1.016827
1.050239,1.012107,1.016827,0.997636
0.970387,0.992823,0.997636,0.992891
0.992958,1.00241,0.992891,1.011933
1.009456,1.002404,1.011933,1.007075
1.002342,1.004796,1.007075,0.995316
1.002336,1.00716,0.995316,1.011765
1.009324,1.00237,1.011765,0.995349
0.997691,1.009456,0.995349,1.053738
1.050926,1.002342,1.053738,0.97561
1.004405,1.025701,0.97561,1.004545
1.0,1.0,1.004545,1.056561
1.026316,1.006834,1.056561,0.980728
1.034188,1.024887,0.980728,1.008734
0.97314,1.004415,1.008734,0.982684
0.989384,0.989011,0.982684,1.006608
0.984979,0.984444,1.006608,1.0
