1.037037,1.0157,1.031133,0.985105
0.997817,1.005977,0.985105,0.976911
1.000199,0.977259,0.976911,0.983267
0.953678,0.955975,0.983267,0.991066
1.008547,1.00636,0.991066,1.007083
0.973956,0.978645,1.007083,0.933291
0.976019,0.957248,0.933291,1.026947
0.984997,0.998372,1.026947,0.988437
0.996026,1.011883,0.988437,0.987627
0.977172,0.994244,0.987627,1.013212
1.027444,1.018527,1.013212,1.0
1.0,1.0,1.0,0.928058
0.948565,0.925648,0.928058,0.950097
0.943914,0.943257,0.950097,0.99847
0.98003,1.002604,0.99847,0.954801
0.99522,0.954545,0.954801,0.992779
0.980283,0.985034,0.992779,1.011584
0.978597,1.01105,1.011584,0.981891
1.007905,1.002732,0.981891,0.953892
0.951634,0.953678,0.953892,1.020472
1.021703,1.010571,1.020472,1.089997
1.056198,1.013571,1.089997,0.980828
0.995163,1.054672,0.980828,0.950222
0.946022,0.949484,0.950222,1.027153
1.023526,1.010585,1.027153,1.00267
1.010568,1.024807,1.00267,1.01731
1.018562,1.01802,1.01731,0.992408
0.990503,1.0,0.992408,1.026378
1.013216,1.006077,1.026378,0.989977
1.012788,1.011029,0.989977,0.972222
0.972727,0.961039,0.972222,1.011215
0.983904,0.994595,1.011215,1.019276
1.028496,1.035326,1.019276,0.976166
0.988969,0.984252,0.976166,1.015658
0.998184,1.0032,1.015658,0.964202
0.992723,0.975013,0.964202,1.007859
0.984031,0.987186,1.007859,0.976338
0.998404,1.000276,0.976338,0.998898
0.972555,0.995306,0.998898,1.011304
1.01589,1.009709,1.011304,1.017993
1.027508,0.989011,1.017993,0.985003
0.981627,1.019444,0.985003,0.991572
0.992513,0.988011,0.991572,0.984097
0.988685,0.987314,0.984097,0.975202
0.977929,0.97486,0.975202,0.998286
0.980775,0.989971,0.998286,1.028048
1.026989,1.02055,1.028048,1.0
1.0,1.0,1.0,1.019766
1.017981,1.009075,1.019766,1.025389
1.025815,1.030916,1.025389,1.000266
1.009536,1.017448,1.000266,0.996007
0.999738,0.999464,0.996007,0.998397
0.991339,0.982842,0.998397,1.016595
1.01059,1.010093,1.016595,1.058452
1.058947,1.036457,1.058452,1.016667
1.021524,1.039604,1.016667,0.98483
0.988133,1.0,0.98483,1.009193
1.013971,1.010526,1.009193,1.03422
1.018129,1.020585,1.03422,1.010474
1.043685,1.019441,1.010474,1.001413
0.9702,0.994279,1.001413,0.944013
0.992263,0.959003,0.944013,1.019437
0.972826,1.00025,1.019437,0.988267
1.007773,0.994751,0.988267,1.023992
1.006749,1.005528,1.023992,1.003865
1.01197,1.034733,1.003865,1.020934
1.01727,1.002173,1.020934,0.965119
0.976744,0.980964,0.965119,0.920147
0.960238,0.908622,0.920147,1.0069
0.949169,1.004325,1.0069,1.087507
1.078892,1.027456,1.087507,1.056229
1.077482,1.073618,1.056229,1.068839
1.077303,1.066618,1.068839,0.989051
0.996662,1.045527,0.989051,1.02735
0.991628,0.991904,1.02735,0.984154
1.006332,1.01478,0.984154,0.946329
0.991611,0.952174,0.946329,1.026543
0.962563,0.968037,1.026543,1.018785
1.021753,1.037736,1.018785,0.98026
0.988172,0.985682,0.98026,0.923877
0.974755,0.959419,0.923877,0.957365
0.919625,0.939918,0.957365,1.04028
1.012382,1.022245,1.04028,0.98076
1.029496,1.015008,0.98076,1.012016
0.989285,0.98965,1.012016,1.0
1.0,1.0,1.0,1.013327
1.007299,1.038347,1.013327,0.934003
0.968911,0.935492,0.934003,1.06426
1.011339,0.999744,1.06426,1.004811
1.015506,1.037949,1.004811,0.990424
1.002584,1.010375,0.990424,1.004834
0.980553,0.96088,1.004834,1.055569
1.063321,1.06514,1.055569,0.960574
0.980899,1.001672,0.960574,1.002372
0.991523,0.992607,1.002372,1.04568
1.024723,0.997357,1.04568,1.000679
1.013529,1.041436,1.000679,0.955666
0.976418,0.975943,0.955666,0.989586
0.962406,0.964684,0.989586,1.056446
1.048295,1.038329,1.056446,0.978266
1.001581,1.02177,0.978266,1.013191
0.998647,0.968041,1.013191,0.969621
0.986453,1.009569,0.969621,0.9
0.9,0.9,0.9,1.008982
0.982759,0.97503,1.008982,0.962018
0.976023,1.008745,0.962018,1.00987
0.991612,1.006192,1.00987,0.97923
1.002417,0.984615,0.97923,0.971928
0.978903,0.966875,0.971928,1.032092
0.998153,0.975436,1.032092,0.989428
0.995682,1.050364,0.989428,0.962916
0.978934,0.952681,0.962916,0.987598
0.974051,0.996026,0.987598,0.9577
0.980507,0.950798,0.9577,0.970324
0.964215,0.979021,0.970324,0.98293
0.993127,0.984286,0.98293,0.942113
0.952249,0.939768,0.942113,0.983103
0.957122,0.972973,0.983103,0.992969
0.983295,0.954762,0.992969,0.979544
0.983784,0.995012,0.979544,1.040161
1.022763,1.027569,1.040161,0.99305
0.999233,1.025203,0.99305,0.984448
1.005376,1.001586,0.984448,1.085308
1.061879,0.978622,1.085308,1.016012
1.023741,1.091424,1.016012,0.981375
0.973296,1.000741,0.981375,1.0
1.018051,1.008148,1.0,0.961314
0.986525,0.963262,0.961314,1.037206
0.985622,1.003814,1.037206,1.060029
1.081692,1.009119,1.060029,1.040055
1.024949,1.078313,1.040055,0.994688
1.006579,1.037011,0.994688,1.004673
0.989542,0.983165,1.004673,1.001329
1.010568,1.021233,1.001329,1.001327
1.000654,0.993293,1.001327,0.981445
0.988243,0.992573,0.981445,1.025658
1.010575,0.994558,1.025658,0.993417
0.998038,1.019152,0.993417,0.976143
0.984273,0.983893,0.976143,1.02444
1.018642,1.003411,1.02444,1.059642
1.08366,1.038749,1.059642,1.037523
1.002413,1.020942,1.037523,0.984328
1.00722,1.030769,0.984328,1.006124
0.987455,0.982587,1.006124,1.02678
1.024803,1.03038,1.02678,0.953764
1.006494,0.985872,0.953764,1.002486
0.961877,0.984424,1.002486,0.978301
0.987805,0.991772,0.978301,1.015843
0.991358,0.983408,1.015843,1.024329
1.032379,1.025308,1.024329,1.014616
1.018094,1.040506,1.014616,0.992797
0.996445,0.991484,0.992797,1.019347
1.016647,1.015951,1.019347,0.960854
0.983041,0.966184,0.960854,0.993827
0.969066,1.0,0.993827,1.003106
1.011664,0.9875,1.003106,0.963467
0.976335,0.983544,0.963467,1.02635
1.022374,1.02381,1.02635,1.001252
0.977508,0.980515,1.001252,1.015635
1.017413,1.032051,1.015635,1.002463
0.998778,0.993789,1.002463,1.007985
1.025092,1.0075,1.007985,1.002438
1.002388,1.013027,1.002438,0.984195
0.985706,0.980404,0.984195,1.031501
1.013897,1.011868,1.031501,1.0
1.013707,1.022222,1.0,1.005389
0.989418,0.985507,1.005389,0.968434
1.002971,0.989583,0.968434,0.994465
0.969787,0.98452,0.994465,1.004329
1.002443,1.010063,1.004329,0.993842
1.005484,0.999377,0.993842,0.975217
0.980606,0.974455,0.975217,0.977128
0.978368,0.975064,0.977128,0.993498
0.979154,1.0,0.993498,0.977094
0.998065,0.974426,0.977094,1.007368
0.977376,1.001346,1.007368,1.023936
1.021164,1.010753,1.023936,0.969481
0.996762,0.984043,0.969481,1.042197
1.017544,1.005405,1.042197,1.013496
1.012133,1.032258,1.013496,1.1
1.094637,1.048177,1.1,1.1
1.1,1.1,1.1,1.1
1.1,1.022448,1.1,1.04619
1.095238,1.001568,1.04619,1.1
1.05087,1.1,1.1,1.096814
1.1,1.081818,1.096814,0.965673
1.063558,1.063025,0.965673,1.1
0.995757,0.988142,1.1,1.075994
1.097301,1.0764,1.075994,0.971947
0.981877,1.077295,0.971947,0.980645
1.011206,0.989652,0.980645,1.062327
1.020535,0.973161,1.062327,0.969361
0.990099,1.052292,0.969361,1.011432
1.006452,0.970048,1.011432,1.011968
1.003205,1.03193,1.011968,0.985874
0.990415,1.00646,0.985874,1.099967
1.064839,0.993243,1.099967,0.957286
1.049682,1.071429,0.957286,0.931329
0.907071,0.933016,0.931329,1.042134
0.9895,1.007145,1.042134,0.998696
1.033762,1.023649,0.998696,1.012733
0.989114,0.976238,1.012733,1.028369
1.006289,1.015889,1.028369,0.998433
1.000625,1.031614,0.998433,1.02292
1.092755,1.02129,1.02292,0.966237
0.961703,0.965888,0.966237,0.956163
0.94948,0.957489,0.956163,0.9
0.928951,0.925205,0.9,0.957549
0.909704,0.932078,0.957549,1.030455
1.012593,1.02297,1.030455,0.99364
0.986467,0.977545,0.99364,0.98494
0.998517,1.013069,0.98494,1.028287
1.007055,0.946052,1.028287,1.011524
1.005162,1.090909,1.011524,0.998897
1.00807,1.004167,0.998897,1.010302
1.036026,1.014334,1.010302,0.961034
0.955392,0.974712,0.961034,0.986358
0.988603,0.943533,0.986358,1.005763
0.987728,1.023453,1.005763,0.999236
1.022214,1.031213,0.999236,0.982416
0.961326,0.975096,0.982416,1.011673
1.001149,0.998035,1.011673,1.036154
1.04669,0.988583,1.036154,0.983296
0.998172,1.053365,0.983296,0.97735
0.975824,0.97845,0.97735,1.028969
1.013514,0.98068,1.028969,1.099474
1.085185,1.049645,1.099474,1.005804
1.023208,1.088964,1.005804,1.009165
1.028686,0.998276,1.009165,0.998655
0.988975,1.004834,0.998655,0.979454
0.972787,0.996907,0.979454,0.982462
1.006741,0.95312,0.982462,1.056703
1.024439,1.034358,1.056703,0.973832
0.994771,1.013986,0.973832,0.990476
0.980289,1.0,0.990476,0.975618
0.97185,0.968966,0.975618,1.011264
1.051379,0.992171,1.011264,0.972155
0.94162,0.992468,0.972155,0.973147
0.982236,0.956632,0.973147,1.004415
0.985106,1.008689,1.004415,1.050549
1.042477,1.022846,1.050549,1.013947
1.052831,1.060051,1.013947,1.030949
0.983929,0.984456,1.030949,0.978986
0.998667,1.023158,0.978986,0.982283
0.99032,0.980796,0.982283,0.976067
0.983822,0.981119,0.976067,0.995025
0.968482,0.974697,0.995025,1.003571
1.014503,1.002194,1.003571,1.004626
0.993375,1.013134,1.004626,0.947219
0.986311,0.957868,0.947219,0.968212
0.956584,0.954887,0.968212,1.0
1.0,1.0,1.0,1.042874
1.005952,1.011811,1.042874,0.942593
0.994822,0.989105,0.942593,1.001572
0.973978,0.982691,1.001572,0.943115
0.979771,0.960769,0.943115,0.962562
0.942735,0.957917,0.962562,1.010372
0.982231,1.009569,1.010372,1.036356
1.051746,0.986213,1.036356,1.00454
0.98,1.044124,1.00454,1.011915
1.013878,1.016318,1.011915,1.031669
1.038647,1.020996,1.031669,0.949626
0.972868,0.964113,0.949626,1.051803
1.012749,0.979925,1.051803,0.987392
0.998033,1.058472,0.987392,1.043496
1.048482,1.010484,1.043496,0.997323
0.999624,1.03751,0.997323,1.02339
1.011282,0.986538,1.02339,0.998127
0.999256,1.017154,0.998127,0.972222
0.988091,0.992334,0.972222,1.020463
1.00339,0.985323,1.020463,0.980325
1.026652,1.0098,0.980325,0.993439
0.952468,0.989907,0.993439,1.008159
1.015739,1.012157,1.008159,0.996917
0.99093,0.987989,0.996917,1.020874
1.012586,1.007059,1.020874,0.993563
1.007533,1.014408,0.993563,0.985518
0.985794,0.983109,0.985518,0.976798
0.990899,0.985943,0.976798,1.037213
1.010333,0.994059,1.037213,1.1
1.091667,1.046215,1.1,0.994101
1.014573,1.073877,0.994101,0.993368
0.981532,0.991489,0.993368,0.95643
0.985714,0.971388,0.95643,0.988244
0.980559,0.988218,0.988244,1.007807
0.981975,0.979881,1.007807,0.963113
0.990822,0.969582,0.963113,1.018767
0.995554,1.019608,1.018767,0.984962
1.011537,0.997308,0.984962,1.00916
0.991906,1.015812,1.00916,1.002648
1.005193,1.0,1.002648,1.005658
0.992251,0.983295,1.005658,1.020255
1.018966,1.02973,1.020255,0.984926
0.998905,1.00375,0.984926,1.013438
1.001096,0.993276,1.013438,1.008103
1.035036,1.022189,1.008103,0.984655
0.980606,0.989698,0.984655,0.984787
0.976268,0.981413,0.984787,0.981537
0.98895,0.984848,0.981537,1.033781
1.009311,0.995769,1.033781,1.008169
1.014391,1.025106,1.008169,0.998895
0.997454,1.014695,0.998895,1.008112
1.002918,1.004456,1.008112,1.0
1.025091,1.008503,1.0,0.981712
0.969493,0.97544,0.981712,1.010432
0.993048,0.98835,1.010432,0.978982
1.001842,1.006084,0.978982,0.999623
0.987495,0.993197,0.999623,0.995855
0.995903,1.0,0.995855,0.965569
0.982423,0.97032,0.965569,0.998433
0.988199,0.990588,0.998433,1.020016
1.012712,1.018606,1.020016,0.984994
0.988589,0.990284,0.984994,0.95
0.980762,0.953689,0.95,1.011513
0.972146,1.002058,1.011513,0.994309
1.00686,0.995072,0.994309,0.988144
0.994389,0.996698,0.988144,1.03434
1.008464,1.00207,1.03434,0.9888
0.998801,1.010744,0.9888,0.95267
0.983994,0.950531,0.95267,0.981741
0.957706,0.981935,0.981741,0.977076
0.971125,0.965834,0.977076,1.002656
1.005684,1.022676,1.002656,1.012362
1.003478,1.008869,1.012362,0.976014
1.008232,0.980659,0.976014,0.958445
0.953159,0.960556,0.958445,1.029837
0.996393,0.990201,1.029837,0.978723
0.999548,1.017908,0.978723,1.099907
1.076505,0.987963,1.099907,1.028595
1.076955,1.087629,1.028595,0.974652
0.960562,1.024989,0.974652,1.0
1.0,1.0,1.0,0.969379
0.987805,0.964691,0.969379,1.027261
0.987654,1.002179,1.027261,1.013058
1.020833,1.004348,1.013058,0.992931
1.014286,1.025974,0.992931,1.018425
1.01328,0.995781,1.018425,0.939556
0.984512,0.948305,0.939556,1.056018
0.9762,1.004915,1.056018,1.000829
1.016116,1.048466,1.000829,1.01118
1.00854,0.999152,1.01118,1.001638
1.003226,1.022496,1.001638,1.002453
0.993167,0.992943,1.002453,0.987357
0.991097,0.996237,0.987357,0.97976
1.014292,0.993705,0.97976,0.993676
0.961755,0.966216,0.993676,0.995757
0.990373,1.002622,0.995757,1.026417
1.031276,1.018309,1.026417,0.980905
0.994262,1.010702,0.980905,0.974185
0.971558,0.974163,0.974185,0.983927
0.999151,0.981739,0.983927,1.006181
0.980892,0.995571,1.006181,1.033787
1.02987,1.012011,1.033787,0.981749
0.98781,1.012308,0.981749,1.021617
1.014468,0.999566,1.021617,1.019467
1.027685,1.009991,1.019467,1.002076
0.995918,1.025376,1.002076,1.003314
1.002459,1.002517,1.003314,0.979769
0.999182,0.99205,0.979769,1.017278
0.997954,0.999578,1.017278,1.014085
1.02009,1.018143,1.014085,1.039624
1.063505,1.010361,1.039624,0.992534
0.962963,1.026251,0.992534,0.989707
0.990581,0.989209,0.989707,0.996
1.010301,1.004848,0.996,1.003213
0.985882,0.996381,1.003213,0.997198
0.998807,0.98749,0.997198,0.96387
0.985663,0.976706,0.96387,1.012911
0.990303,1.006276,1.012911,1.018914
1.039984,1.021206,1.018914,1.008071
0.989015,0.995928,1.008071,0.998399
1.00357,1.011856,0.998399,1.014836
1.021739,0.999596,1.014836,0.990122
0.992263,1.006467,0.990122,0.980048
0.982066,0.983936,0.980048,0.998779
0.988487,0.997959,0.998779,0.962495
0.982329,0.955419,0.962495,0.998306
0.970564,0.998716,0.998306,1.01188
1.010952,0.999571,1.01188,1.066247
1.072917,1.015866,1.066247,0.981911
0.999612,1.051921,0.981911,1.02523
1.025253,1.00321,1.02523,1.042578
1.015536,1.004,1.042578,0.988385
1.020149,1.043825,0.988385,1.000758
0.97842,0.996183,1.000758,0.985227
0.996262,0.971264,0.985227,0.966936
0.974859,0.957002,0.966936,1.011133
0.994611,0.995878,1.011133,1.012584
1.035217,1.058361,1.012584,1.019806
0.983178,0.992961,1.019806,0.990861
1.014068,1.023237,0.990861,1.001153
0.984627,0.982679,1.001153,1.032246
1.038462,1.014493,1.032246,0.988843
0.993766,1.022394,0.988843,0.981572
0.98893,0.984139,0.981572,0.975479
0.965299,0.962394,0.975479,1.003535
1.016622,1.008772,1.003535,1.006654
0.981369,0.996047,1.006654,0.993779
1.013948,1.013095,0.993779,1.06025
1.03783,0.996866,1.06025,0.983395
0.996686,1.040864,0.983395,1.003752
0.992981,0.992827,1.003752,0.984299
1.013765,0.998099,0.984299,1.012533
0.981284,0.994286,1.012533,0.976369
1.004114,0.992337,0.976369,0.98617
0.975047,0.984556,0.98617,0.963771
0.971352,0.968627,0.963771,1.00485
0.980731,0.992308,1.00485,1.030169
1.028067,1.017952,1.030169,0.986724
1.00897,1.012024,0.986724,0.993273
0.995361,0.990495,0.993273,0.986853
0.966214,0.978808,0.986853,1.002422
1.008039,0.988562,1.002422,0.993153
0.999203,1.017769,0.993153,0.997972
0.998005,0.99797,0.997972,0.964649
0.973211,0.964605,0.964649,1.005055
0.986031,0.995782,1.005055,1.040654
1.05375,1.002541,1.040654,0.960934
0.976671,1.005492,0.960934,1.00964
0.976923,0.978992,1.00964,0.975924
1.007045,1.000858,0.975924,1.012335
0.992181,1.01458,1.012335,1.005042
1.017835,1.00634,1.005042,1.006271
0.991443,0.99118,1.006271,1.00457
1.000822,1.008475,1.00457,0.992969
1.003285,1.007983,0.992969,0.907539
1.017601,0.900792,0.907539,1.014227
0.9,0.926423,1.014227,0.995928
0.994186,1.079421,0.995928,0.993639
1.006298,1.0,0.993639,1.001829
0.996871,1.006016,1.001829,0.9644
0.977578,0.965961,0.9644,0.977757
0.983028,0.97381,0.977757,0.929332
0.95707,0.917848,0.929332,0.983854
0.941004,1.001066,0.983854,1.015881
1.007772,0.979776,1.015881,1.045857
1.045244,1.032591,1.045857,1.005979
1.012789,1.042083,1.005979,0.995542
0.993201,1.012115,0.995542,1.047761
1.046455,1.026434,1.047761,1.00095
0.999533,1.01069,1.00095,0.996205
1.001403,0.995673,0.996205,0.997143
0.978992,0.965234,0.997143,1.006208
1.020029,1.04052,1.006208,1.0
1.002338,1.005769,1.0,0.998576
1.001866,0.994264,0.998576,1.00903
1.003724,1.013942,1.00903,1.006123
0.996753,0.993836,1.006123,0.980805
0.993951,0.998569,0.980805,0.992363
0.999532,0.986144,0.992363,1.032708
1.007026,1.015019,1.032708,1.005123
1.009767,1.020525,1.005123,0.968489
0.998158,0.96913,0.968489,0.999522
0.976465,1.003861,0.999522,0.960268
0.973062,0.961538,0.960268,0.991027
0.980087,0.976,0.991027,0.976358
0.982161,0.981045,0.976358,0.978362
0.985873,0.986945,0.978362,0.997894
0.9826,0.975132,0.997894,0.990501
0.996875,1.01248,0.990501,1.001598
0.992163,0.999464,1.001598,1.024468
1.017904,1.016086,1.024468,0.954829
0.996379,0.957784,0.954829,1.019576
0.998442,1.028099,1.019576,0.980267
0.967239,0.974277,0.980267,0.967356
0.993548,0.974147,0.967356,1.004499
0.97619,0.996047,1.004499,0.9972
0.996674,1.002268,0.9972,0.989893
1.003893,0.978507,0.989893,1.009643
0.996122,1.00578,1.009643,0.973034
0.992214,0.993103,0.973034,0.964203
0.966368,0.957755,0.964203,0.981437
0.984339,0.987915,0.981437,0.928615
0.951679,0.923547,0.928615,1.028252
0.979567,0.993377,1.028252,0.984026
0.979772,0.986,0.984026,1.009091
1.007742,1.030426,1.009091,0.952381
1.019846,0.970472,0.952381,1.039189
0.979284,0.973631,1.039189,1.005202
1.016667,1.058333,1.005202,0.984476
0.98739,0.997375,0.984476,0.990145
0.98659,0.988158,0.990145,1.005972
0.98835,0.976032,1.005972,1.001319
1.009168,1.026603,1.001319,1.0
1.0,1.0,1.0,0.976943
1.011032,0.984718,0.976943,0.979771
0.966624,0.978408,0.979771,1.032347
0.999336,0.989655,1.032347,1.1
1.096346,1.031359,1.1,1.1
1.1,1.1,1.1,1.020386
1.066667,1.093037,1.020386,0.988661
0.964876,0.993959,0.988661,1.015292
1.014454,0.997238,1.015292,0.94029
0.996306,0.961219,0.94029,1.1
1.018538,1.004611,1.1,0.982319
1.014041,1.064831,0.982319,1.001059
0.983077,1.003772,1.001059,0.986251
0.995827,0.987118,0.986251,0.984987
0.98219,0.992931,0.984987,1.016331
1.008,0.989595,1.016331,0.964649
0.987302,0.987825,0.964649,1.035536
1.022508,1.004482,1.035536,0.999464
0.981656,1.015616,0.999464,1.006974
1.035238,1.020319,1.006974,0.984017
0.964415,0.974166,0.984017,1.067136
1.073797,1.008287,1.067136,0.987316
0.983566,1.060274,0.987316,0.996403
0.996456,0.994315,0.996403,0.996906
0.999492,0.982328,0.996906,1.0
0.996441,1.006349,1.0,1.012933
1.019388,1.008938,1.012933,0.982635
0.984985,0.996352,0.982635,0.995842
0.994411,0.996862,0.995842,1.000522
1.004088,1.005247,1.000522,1.019301
0.994911,0.990605,1.019301,1.007165
1.01023,1.014752,1.007165,1.02439
1.027848,1.015057,1.02439,1.012401
1.03202,1.026087,1.012401,0.9951
0.990453,1.011964,0.9951,0.98966
0.983133,0.983251,0.98966,0.98806
0.998039,0.993988,0.98806,1.002518
0.991159,0.992944,1.002518,1.022099
1.020813,1.019289,1.022099,0.997543
1.007282,1.008964,0.997543,0.978325
0.975422,0.976802,0.978325,0.978348
0.981225,0.980293,0.978348,1.013381
1.001511,1.005155,1.013381,1.035551
1.035194,1.017949,1.035551,0.992643
0.995629,1.012594,0.992643,1.011858
1.007805,0.998507,1.011858,0.952637
1.006292,0.966617,0.952637,0.978985
0.94709,0.973196,0.978985,1.010995
0.984256,1.002119,1.010995,1.022268
1.02064,1.014799,1.022268,0.981256
1.030334,1.007813,0.981256,1.033041
1.009814,0.994832,1.033041,0.986507
0.98105,1.013506,0.986507,0.98075
0.985141,0.983086,0.98075,1.002066
0.983409,1.001564,1.002066,0.992268
1.006646,1.001041,0.992268,0.948571
0.973083,0.948518,0.948571,0.956188
0.94572,0.951754,0.956188,0.986827
0.980132,0.981567,0.986827,1.034243
1.013514,1.009977,1.034243,1.011785
1.013889,1.032539,1.011785,0.976705
0.985753,0.990433,0.976705,1.024986
1.004447,0.982386,1.024986,0.993906
1.005534,1.0214,0.993906,1.041249
1.048431,1.02718,1.041249,1.003747
0.995801,1.025358,1.003747,0.999467
0.998946,0.991935,0.999467,0.979723
0.994723,0.994038,0.979723,1.037037
1.017507,1.007634,1.037037,0.990546
0.998436,1.017316,0.990546,1.020148
1.006789,1.001064,1.020148,0.995842
1.010373,1.009564,0.995842,1.030271
1.015914,0.987368,1.030271,1.010638
1.024255,1.042644,1.010638,0.995489
1.00592,1.013292,0.995489,0.997482
0.985777,0.99445,0.997482,1.039879
1.053731,1.011669,1.039879,1.008252
0.991501,1.029589,1.008252,1.009148
1.002381,0.999513,1.009148,0.988073
0.990974,0.994152,0.988073,0.994689
0.996165,0.995098,0.994689,0.965534
0.979307,0.978325,0.965534,1.002011
0.991155,0.996979,1.002011,1.001004
1.009916,1.00404,1.001004,0.985965
0.998036,0.988431,0.985965,0.988307
0.958682,0.972519,0.988307,0.976337
0.995895,0.992151,0.976337,1.015279
0.996909,0.997363,1.015279,1.0
1.0,1.0,1.0,0.998443
1.011886,0.989952,0.998443,1.015073
1.0,1.025641,1.015073,0.980543
0.997957,0.989583,0.980543,0.992689
0.992323,0.996316,0.992689,0.983693
0.995358,0.985737,0.983693,1.026203
0.997409,0.978028,1.026203,1.023971
1.02961,1.047123,1.023971,0.99084
0.991423,1.012559,0.99084,0.982537
0.988804,0.979328,0.982537,0.993727
0.993309,0.997361,0.993727,0.947922
0.967876,0.950794,0.947922,0.99667
0.972163,0.993879,0.99667,0.967706
0.999449,0.966405,0.967706,0.989643
0.975207,0.991309,0.989643,0.993023
0.986441,0.992987,0.993023,1.032787
1.016609,1.007063,1.032787,0.975057
0.983099,1.001753,0.975057,1.008721
0.996562,0.980163,1.008721,0.978674
0.99655,1.004762,0.978674,1.005889
0.989036,0.98519,1.005889,1.007026
1.015753,1.024654,1.007026,0.983721
0.987364,0.985915,0.983721,1.014184
1.009308,1.005952,1.014184,0.951632
0.978674,0.961538,0.951632,0.922841
0.953475,0.923077,0.922841,1.010617
0.943175,0.994667,1.010617,0.99606
1.020301,1.012735,0.99606,0.990112
0.988447,0.99272,0.990112,1.018642
0.998052,0.986667,1.018642,1.005882
1.03123,1.033784,1.005882,1.003249
0.984858,0.99085,1.003249,0.998057
1.001281,1.009235,0.998057,0.983128
0.978887,0.977124,0.983128,1.021782
1.022876,1.0,1.021782,0.944444
0.980831,0.976589,0.944444,0.99658
0.958958,0.989726,0.99658,1.014413
1.014266,1.002076,1.014413,1.066306
1.078366,1.007597,1.066306,0.985406
0.992547,1.058259,0.985406,0.978751
0.978098,0.983161,0.978751,1.019737
1.003839,0.996047,1.019737,1.025161
1.014659,1.018519,1.025161,0.987413
1.008166,1.014935,0.987413,0.988528
0.984424,0.985285,0.988528,0.970342
0.977848,0.968831,0.970342,1.007309
0.996117,0.992627,1.007309,0.994723
0.996751,1.012829,0.994723,1.004642
1.01043,1.006,1.004642,1.021782
1.009677,1.006627,1.021782,0.994832
1.010863,0.999342,0.994832,0.975974
0.977244,0.97365,0.975974,1.029275
1.007762,1.00203,1.029275,0.979961
0.998074,1.018906,0.979961,1.028364
1.003215,1.007952,1.028364,1.018602
1.024359,1.015779,1.018602,0.996222
0.993742,1.011003,0.996222,1.0
1.0233,1.007682,1.0,0.998104
0.976,0.985388,0.998104,0.985434
0.999369,1.002579,0.985434,0.976221
0.978549,0.976206,0.976221,1.010533
0.989684,0.99473,1.010533,0.97785
1.0,0.992053,0.97785,0.999334
0.988925,0.997997,0.999334,1.008
0.997365,1.0,1.008,1.001323
1.003303,0.99398,1.001323,1.003963
1.0079,1.010767,1.003963,0.9875
0.998694,0.998668,0.9875,1.01932
1.00654,0.998,1.01932,0.964052
0.992853,0.980628,0.964052,0.969492
0.965314,0.972752,0.969492,1.013287
0.99661,1.0,1.013287,0.978606
0.993197,0.991597,0.978606,0.990127
0.978767,0.975989,0.990127,0.988604
0.988104,1.002171,0.988604,1.007205
0.996459,0.997112,1.007205,0.98927
1.005686,0.997828,0.98927,0.969631
0.983039,0.959361,0.969631,1.00522
0.976276,1.002269,1.00522,1.08457
1.091311,1.027925,1.08457,1.01368
1.006748,1.057269,1.01368,0.981781
0.985255,1.001389,0.981781,1.02268
1.039456,1.018031,1.02268,0.980511
0.977749,0.991826,0.980511,1.023989
1.021419,1.016484,1.023989,0.96988
0.984273,0.976351,0.96988,0.966184
0.958056,0.957785,0.966184,1.012857
0.986796,0.999277,1.012857,0.961918
0.992958,0.983369,0.961918,1.005132
1.006383,0.994118,1.005132,1.020423
1.007752,0.982249,1.020423,0.989278
0.981818,1.034639,0.989278,1.0
1.000712,1.001456,1.0,1.052023
1.074021,1.000727,1.052023,1.013049
0.979457,1.040668,1.013049,0.979661
1.004736,1.000698,0.979661,1.024913
1.006734,1.011855,1.024913,1.003376
1.004682,1.013784,1.003376,0.979812
0.985353,0.985724,0.979812,1.008242
0.998649,0.992414,1.008242,0.981608
0.990528,0.993051,0.981608,0.999306
0.997268,1.002799,0.999306,0.997917
0.99726,0.989532,0.997917,1.019485
1.014423,1.015515,1.019485,1.0
1.000677,1.009722,1.0,1.014334
1.006089,0.992435,1.014334,0.975774
0.998655,1.004851,0.975774,0.988966
0.977778,0.982759,0.988966,0.972803
1.003444,0.975439,0.972803,0.980645
0.959506,0.979856,0.980645,1.008772
1.000715,1.002203,1.008772,1.004348
1.006433,1.010989,1.004348,1.013709
0.99858,0.996377,1.013709,1.017082
1.019203,1.015273,1.017082,1.0
1.003489,1.017192,1.0,1.012596
1.022949,1.007042,1.012596,0.981341
0.989123,0.98042,0.981341,0.993662
0.986254,1.0,0.993662,0.962438
0.971429,0.965763,0.962438,1.002209
0.981349,0.997046,1.002209,1.01396
1.009503,1.003704,1.01396,0.972464
0.998552,0.989668,0.972464,1.010432
0.984046,0.996271,1.010432,0.980826
0.999263,0.994012,0.980826,0.973684
0.981563,0.957078,0.973684,1.012355
0.985725,1.011802,1.012355,0.980931
1.008384,0.996112,0.980931,1.024106
0.997732,1.0,1.024106,0.986333
0.990152,1.006245,0.986333,1.002309
1.009181,1.006982,1.002309,0.985407
0.987111,0.986903,0.985407,0.971161
0.985407,0.971897,0.971161,0.991172
0.974279,0.986345,0.991172,0.990283
1.0016,0.995114,0.990283,1.002453
0.992812,0.996727,1.002453,0.915171
0.99115,0.913793,0.915171,1.01426
0.926948,0.98832,1.01426,1.050088
1.059545,1.023636,1.050088,0.984937
0.991736,1.034636,0.984937,1.039082
1.0475,1.006867,1.039082,1.015536
1.005569,1.035806,1.015536,1.008857
1.028481,1.003292,1.008857,0.994413
0.967692,1.010664,0.994413,0.978331
0.993641,0.987013,0.978331,1.060705
1.0456,1.002467,1.060705,1.068059
1.087988,1.061526,1.068059,0.995655
0.989451,1.044822,0.995655,0.998545
1.0,1.008136,0.998545,1.029862
1.006397,0.990462,1.029862,1.000707
1.055085,1.045185,1.000707,0.99364
0.963855,0.990787,0.99364,1.023471
1.013194,0.979256,1.023471,0.99583
0.992461,1.037984,0.99583,0.978367
1.022099,0.985222,0.978367,1.009986
0.966216,0.994286,1.009986,1.02613
1.017483,1.013649,1.02613,0.984171
1.020619,1.002126,0.984171,1.003497
0.979125,1.00495,1.003497,0.983972
0.988996,0.984518,0.983972,1.035411
1.021558,0.988563,1.035411,1.0
1.0,1.0,1.0,1.0
1.0,1.0,1.0,0.964432
0.970048,0.966016,0.964432,1.002128
1.007018,1.038922,1.002128,1.007077
1.01324,1.008646,1.007077,0.990162
1.004814,1.001429,0.990162,1.014194
0.991102,1.006419,1.014194,1.069279
1.084945,1.012048,1.069279,0.98822
0.980267,1.039916,0.98822,0.995364
0.994805,0.987205,0.995364,0.984032
1.008486,0.996589,0.984032,0.994591
0.968932,1.004791,0.994591,1.029912
1.014028,0.995232,1.029912,1.017162
1.037549,1.045859,1.017162,0.990915
0.99619,0.992801,0.990915,1.02685
1.045252,1.001978,1.02685,1.017219
0.976829,1.015789,1.017219,1.038871
1.048065,1.036269,1.038871,1.019916
1.030375,1.025,1.019916,0.985799
0.977457,1.006098,0.985799,0.978992
0.993495,0.973333,0.978992,1.003679
0.991667,1.008717,1.003679,0.981674
0.990996,0.988889,0.981674,0.932794
0.975167,0.930087,0.932794,1.018679
0.954037,1.006711,1.018679,0.945645
0.978516,0.944667,0.945645,1.00277
0.971391,1.002117,1.00277,1.013812
1.021918,1.024648,1.013812,0.974796
0.981233,0.981443,0.974796,1.024458
1.002732,1.008403,1.024458,1.030696
1.029973,1.010417,1.030696,0.982793
1.008598,1.002749,0.982793,0.923906
0.947541,0.937629,0.923906,1.009475
0.963322,0.991228,1.009475,1.00361
1.013649,1.014012,1.00361,1.021583
1.02764,0.984727,1.021583,0.98169
0.985517,1.020679,0.98169,0.982066
0.969909,0.984805,0.982066,0.989043
1.005772,0.98457,0.989043,1.016248
0.998565,1.015672,1.016248,1.024709
1.015805,1.0,1.024709,0.992199
1.021216,1.01543,0.992199,0.997856
0.981994,0.998553,0.997856,1.024355
1.020451,1.004348,1.024355,1.023077
1.01244,1.024531,1.023077,0.989747
1.010239,1.011268,0.989747,1.004144
0.985135,1.0,1.004144,0.982806
1.001372,0.99234,0.982806,0.96641
0.982192,0.961404,0.96641,0.995655
0.980474,1.00146,0.995655,0.987636
0.986486,0.977405,0.987636,0.995582
0.995674,1.007457,0.995582,1.00074
0.989862,0.986677,1.00074,1.00813
1.008778,1.014254,1.00813,0.995601
0.999275,1.00074,0.995601,0.95729
0.969521,0.940133,0.95729,1.011538
0.99476,1.025157,1.011538,1.013688
1.012039,0.998466,1.013688,0.980495
1.0,1.002304,0.980495,1.008416
0.993309,1.002299,1.008416,0.959788
0.992515,0.960245,0.959788,1.017391
0.976621,0.985669,1.017391,0.989899
0.994595,1.020194,0.989899,0.999215
1.015528,0.998416,0.999215,1.037706
1.012997,1.015067,1.037706,1.002271
1.000755,1.019531,1.002271,0.967523
1.001508,0.980843,0.967523,1.014832
0.993976,0.996875,1.014832,0.987692
1.002273,0.995298,0.987692,0.98053
0.980348,0.987402,0.98053,0.960286
0.966847,0.952951,0.960286,1.009098
0.99681,1.011715,1.009098,1.017213
1.0064,1.01737,1.017213,1.00967
1.019078,0.991057,1.00967,0.995211
0.99688,1.017227,0.995211,0.965517
0.978091,0.951613,0.965517,1.007475
0.9744,1.008475,1.007475,0.98681
1.0,1.0,0.98681,0.980785
0.980296,0.983193,0.980785,0.997445
0.990787,0.993162,0.997445,1.019641
1.011834,0.994836,1.019641,1.051089
1.06015,1.023356,1.051089,0.983267
0.98818,1.040575,0.983267,1.006483
1.007177,0.997563,1.006483,1.00161
0.996041,1.000814,1.00161,0.970257
0.984102,0.977217,0.970257,1.002486
0.989499,0.995837,1.002486,0.982645
0.987755,0.988294,0.982645,1.028595
1.015702,0.997462,1.028595,0.98937
0.996745,1.025445,0.98937,0.994215
0.994286,0.991729,0.994215,0.9867
0.995895,0.989158,0.9867,1.019377
1.012366,1.000843,1.019377,0.98843
0.985342,1.0,0.98843,1.003344
0.997521,1.00337,1.003344,0.995833
1.012428,0.99916,0.995833,0.957322
0.981997,0.958824,0.957322,0.946678
0.948333,0.933392,0.946678,0.99169
0.957821,1.001878,0.99169,0.972067
0.990826,0.965323,0.972067,1.001916
0.971296,1.0,1.001916,0.997132
1.012393,0.975728,0.997132,0.956855
0.97081,0.991045,0.956855,0.990982
0.976722,0.973896,0.990982,0.9
0.978153,0.917526,0.9,0.98764
0.918782,0.907865,0.98764,0.98521
0.974586,1.05198,0.98521,0.995381
1.017007,1.003529,0.995381,1.048724
1.056856,0.982415,1.048724,0.992257
0.951477,1.050119,0.992257,0.979933
1.001109,0.985227,0.979933,1.005688
0.990033,0.998847,1.005688,1.029412
1.041387,0.984988,1.029412,0.964835
0.957035,1.01993,0.964835,0.929385
0.970819,0.936782,0.929385,1.012255
0.978035,0.988957,1.012255,1.054479
1.039007,1.01737,1.054479,1.050517
1.063709,1.062195,1.050517,0.959563
0.97754,1.003444,0.959563,1.006834
0.984683,0.998856,1.006834,0.993213
0.983333,0.986254,0.993213,1.004556
1.028249,1.010453,1.004556,0.964853
0.964835,0.977011,0.964853,0.967098
0.987472,0.964706,0.967098,1.012151
0.967705,0.990244,1.012151,1.033613
1.036949,1.025862,1.033613,0.974448
0.989655,0.987995,0.974448,1.001192
1.003484,1.008505,1.001192,0.983333
0.967593,0.989157,0.983333,0.983051
0.990431,0.984166,0.983051,1.013547
1.008454,1.006188,1.013547,1.006075
1.005988,1.01107,1.006075,1.027778
1.027381,1.007299,1.027778,1.011751
1.019699,1.016908,1.011751,1.020906
1.005682,1.009501,1.020906,1.0
1.00791,1.009412,1.0,1.009101
1.022422,1.015152,1.009101,0.990981
0.983553,1.006889,0.990981,1.026166
1.012263,1.00114,1.026166,1.099778
1.092511,1.025057,1.099778,0.984879
1.020161,1.075556,0.984879,0.992835
1.003953,0.995868,0.992835,0.970103
0.964567,0.971992,0.970103,0.995749
1.040816,0.986126,0.995749,1.002134
0.931373,0.991342,1.002134,0.969116
0.993684,0.987991,0.969116,1.015385
0.995763,1.003315,1.015385,0.99026
0.989362,1.003304,0.99026,0.985792
1.001075,0.973655,0.985792,1.032151
1.0,1.020293,1.032151,1.0
1.007519,1.016575,1.0,1.01826
1.023454,1.0,1.01826,0.974684
0.983333,0.994565,0.974684,0.985931
0.978814,0.990164,0.985931,1.01427
1.010823,0.998896,1.01427,1.017316
1.010707,1.018785,1.017316,0.996809
1.014831,1.0,0.996809,0.979723
0.975992,0.995662,0.979723,1.003268
1.0,0.996732,1.003268,1.024973
1.019251,1.005464,1.024973,1.022246
1.023085,1.021739,1.022246,1.018653
1.021538,1.023404,1.018653,0.985758
0.988956,0.996881,0.985758,0.976264
0.984772,0.98123,0.976264,0.994715
0.984536,0.995749,0.994715,0.967056
0.984293,0.96905,0.967056,0.998901
0.974468,0.98348,0.998901,1.008801
1.010917,1.021277,1.008801,0.989095
0.988121,0.986842,0.989095,0.996692
1.0,1.0,0.996692,0.970133
0.987978,0.973333,0.970133,1.014823
1.012168,1.001142,1.014823,1.008989
0.983607,1.011403,1.008989,0.994432
0.996667,0.988726,0.994432,0.99888
0.996656,1.002281,0.99888,0.976457
0.997763,0.979522,0.976457,1.008037
0.992152,1.010453,1.008037,1.01139
1.012429,1.005747,1.01139,0.993243
0.998884,1.0,0.993243,0.969388
0.979888,0.976,0.969388,1.026901
1.023945,1.002342,1.026901,0.986333
0.973274,1.008178,0.986333,1.017321
1.021739,1.0,1.017321,1.018161
1.014558,1.012746,1.018161,0.996656
1.007726,1.014874,0.996656,0.969799
0.976999,0.975197,0.969799,0.988466
0.979821,0.980347,0.988466,0.966161
0.983982,0.965802,0.966161,0.986715
0.976744,0.986569,0.986715,1.011016
0.996429,1.011139,1.011016,0.992736
0.989247,0.998776,0.992736,1.012195
1.004831,1.008578,1.012195,0.993976
1.00601,0.998785,0.993976,0.997576
0.985663,0.984185,0.997576,1.00486
1.030303,1.009889,1.00486,1.003628
0.989412,1.008568,1.003628,0.975904
0.992866,0.981796,0.975904,1.003704
0.980838,0.99382,1.003704,1.02214
1.02442,1.00995,1.02214,0.980746
0.985697,0.998768,0.980746,1.008589
1.009674,1.006165,1.008589,1.009732
1.009581,1.008578,1.009732,1.026506
1.011862,1.008505,1.026506,0.99061
1.002345,1.014458,0.99061,1.003555
1.005848,1.0,1.003555,1.029516
1.032558,1.003563,1.029516,1.001147
1.007883,1.026036,1.001147,0.973654
0.981006,0.979239,0.973654,0.991765
0.976082,0.98351,0.991765,1.017794
1.001167,1.0,1.017794,1.01049
1.031469,1.035928,1.01049,0.988466
0.983051,0.984971,0.988466,0.975496
0.990805,0.975352,0.975496,1.013158
0.986079,1.00361,1.013158,1.011806
1.015294,1.01199,1.011806,1.003501
1.017381,1.013033,1.003501,0.994186
0.984055,0.991813,0.994186,0.994152
0.997685,1.0,0.994152,0.991765
0.991879,0.988208,0.991765,0.977461
0.985965,0.97852,0.977461,0.993932
0.982206,0.997561,0.993932,0.990232
0.995169,0.99022,0.990232,0.980271
0.989078,0.981481,0.980271,1.003774
0.984049,1.0,1.003774,0.997494
0.998753,0.996226,0.997494,0.996231
1.011236,0.998737,0.996231,0.96343
0.985185,0.963338,0.96343,0.969895
0.962406,0.964567,0.969895,0.99865
0.979167,0.993197,0.99865,0.997297
0.986702,0.99863,0.997297,0.955285
0.994609,0.947874,0.955285,1.004255
0.96206,1.004342,1.004255,0.975989
1.004225,0.985591,0.975989,1.021708
1.018233,0.997076,1.021708,0.977337
0.964187,1.005865,0.977337,0.984058
0.984286,0.988338,0.984058,0.949926
0.978229,0.948378,0.949926,1.003101
0.968843,0.995334,1.003101,0.978362
1.003063,0.978125,0.978362,0.99842
0.983206,0.996805,0.99842,1.006329
1.007764,1.0,1.006329,1.007862
1.001541,1.004808,1.007862,1.00156
0.993846,1.004785,1.00156,0.978193
0.990712,0.993651,0.978193,1.015924
1.015625,0.996805,1.015924,0.95768
0.975385,0.975962,0.95768,1.00491
0.974763,0.990148,1.00491,1.003257
1.004854,1.011609,1.003257,1.040584
1.038647,1.004918,1.040584,0.978159
0.990698,1.021207,0.978159,1.015949
1.00626,0.996805,1.015949,1.00314
1.004666,1.0,1.00314,0.979656
0.993808,1.001603,0.979656,0.980831
0.981308,0.9744,0.980831,0.97557
0.974603,0.981938,0.97557,1.011686
0.988599,0.993311,1.011686,1.024752
1.028007,1.018519,1.024752,1.099839
1.094551,1.018182,1.099839,0.973646
0.994143,1.066558,0.973646,1.003008
1.005891,0.996956,1.003008,1.008996
1.008785,1.007634,1.008996,1.019316
0.998549,1.006061,1.019316,0.976676
0.994186,0.995482,0.976676,1.01791
0.998538,0.990923,1.01791,0.980938
1.023426,1.019847,0.980938,0.982063
0.97711,0.974551,0.982063,0.929985
0.954612,0.93702,0.929985,0.986907
0.958589,0.980328,0.986907,1.011609
0.9776,0.994983,1.011609,0.977049
1.001637,1.001681,0.977049,0.988255
0.97549,0.964765,0.988255,1.005093
1.0,1.012174,1.005093,0.983108
0.9866,0.984536,0.983108,1.015464
1.033956,1.012216,1.015464,0.984772
0.962233,0.986207,0.984772,0.991409
1.005119,1.005245,0.991409,0.932409
0.96944,0.932174,0.932409,1.039033
1.033275,0.994403,1.039033,1.048301
1.023729,1.031895,1.048301,1.018771
1.02649,1.04,1.018771,0.984925
0.96129,1.01049,0.984925,1.013605
1.020134,1.008651,1.013605,0.984899
0.985197,1.001715,0.984899,1.001704
0.988314,0.979452,1.001704,0.959184
0.998311,0.984266,0.959184,1.099291
1.049069,0.991119,1.099291,1.003226
1.020968,1.096774,1.003226,1.004823
1.0,1.0,1.004823,0.976
0.987362,0.996732,0.976,0.983607
0.9888,0.981967,0.983607,0.983333
0.983819,0.981636,0.983333,0.991525
0.985197,0.988095,0.991525,1.010256
0.993322,1.005164,1.010256,1.015228
1.021849,1.011986,1.015228,0.975
0.995066,0.981387,0.975,1.010256
0.981818,1.0,1.010256,1.038917
1.045455,1.015517,1.038917,0.995114
0.990338,1.03056,0.995114,1.011457
1.021138,0.99341,1.011457,0.993528
0.987261,1.008292,0.993528,1.004886
1.01129,1.001645,1.004886,0.970827
0.980861,0.978654,0.970827,1.001669
0.985366,0.996644,1.001669,0.993333
0.99835,1.001684,0.993333,1.011745
1.004959,0.994958,1.011745,0.970149
0.990132,0.983108,0.970149,1.0
0.978405,0.989691,1.0,1.003419
1.010187,1.008681,1.003419,1.018739
1.018487,1.003442,1.018739,0.956522
0.988449,0.981132,0.956522,0.954545
0.951586,0.940559,0.954545,1.02381
0.984211,1.01487,1.02381,0.989267
1.003565,1.005495,0.989267,1.01085
1.001776,0.992714,1.01085,0.998211
1.001773,1.016514,0.998211,0.989247
0.99292,0.994585,0.989247,1.025362
1.039216,0.994555,1.025362,1.015901
0.994854,1.021898,1.015901,1.1
1.091379,1.023214,1.1,0.985782
1.042654,1.075044,0.985782,0.987179
0.963636,0.988636,0.987179,0.974026
0.97327,0.977011,0.974026,1.003333
0.982229,0.986555,1.003333,0.981728
0.983553,0.996593,0.981728,0.988156
1.0,0.989744,0.988156,1.02911
1.020067,0.991364,1.02911,0.975042
0.990164,1.019164,0.975042,1.001706
0.980132,0.989744,1.001706,1.005111
1.005068,1.006908,1.005111,0.991525
0.991597,1.0,0.991525,1.010256
1.010169,0.998285,1.010256,0.967851
0.994966,0.979381,0.967851,1.001748
0.979764,0.998246,1.001748,1.0
1.008606,1.005272,1.0,0.989529
0.988055,0.984266,0.989529,1.005291
0.98791,0.994671,1.005291,0.989474
1.001748,1.001786,0.989474,0.994681
0.993019,0.996435,0.994681,1.016043
1.005272,1.003578,1.016043,0.996491
1.0,1.005348,0.996491,0.994718
1.005245,0.994681,0.994718,1.00354
1.003478,1.003565,1.00354,1.008818
0.993068,1.007105,1.008818,0.991259
1.0,0.996473,0.991259,1.001764
0.998255,0.987611,1.001764,0.966549
0.993007,0.982079,0.966549,1.003643
0.978873,0.998175,1.003643,1.010889
1.016187,1.005484,1.010889,1.012567
1.00354,1.005455,1.012567,1.0
1.021164,1.005425,1.0,0.998227
0.981002,1.008993,0.998227,1.0
1.003521,0.998217,1.0,1.001776
0.994737,0.996429,1.001776,1.003546
1.008818,1.003584,1.003546,1.021201
1.026224,1.0,1.021201,0.99827
0.989779,1.019643,0.99827,0.996534
1.0,1.001751,0.996534,1.013913
1.008606,1.0,1.013913,0.993139
0.996587,1.001748,0.993139,0.953368
0.97774,0.961606,0.953368,0.998188
0.985989,0.99637,0.998188,1.009074
0.991119,1.001821,1.009074,1.014388
1.012545,1.009091,1.014388,1.010638
1.026549,1.012613,1.010638,1.0
0.989655,1.005338,1.0,0.994737
0.998258,0.99823,0.994737,1.005291
1.006981,1.0,1.005291,0.985965
0.989601,0.994681,0.985965,1.023132
1.021016,0.99287,1.023132,1.001739
1.008576,1.028725,1.001739,1.039931
1.030612,1.001745,1.039931,1.033389
1.044554,1.033101,1.033389,1.03231
1.033175,1.038786,1.03231,0.99061
0.986239,1.016234,0.99061,0.987362
1.0,0.99361,0.987362,1.0256
0.995349,0.996785,1.0256,0.99532
1.037383,1.009677,0.99532,1.03605
0.996997,1.004792,1.03605,0.992436
1.033133,1.030207,0.992436,0.995427
0.960641,0.987654,0.995427,0.969372
0.998483,0.9875,0.969372,0.995261
0.968085,0.987342,0.995261,1.015873
1.009419,1.009615,1.015873,0.990625
0.99689,0.995238,0.990625,1.05836
1.085803,1.001595,1.05836,0.956781
0.958333,1.017516,0.956781,1.068536
1.049475,1.0,1.068536,1.004373
0.995714,1.056338,1.004373,1.015965
1.041607,1.011852,1.015965,0.982857
0.964187,0.992679,0.982857,0.994186
0.985714,0.995575,0.994186,1.002924
1.004348,1.0,1.002924,0.969388
0.988456,0.982222,0.969388,0.972932
0.981022,0.972851,0.972932,1.003091
0.974702,0.99845,1.003091,1.009245
1.018321,1.007764,1.009245,1.003053
0.986507,0.987673,1.003053,1.006088
1.009119,1.015601,1.006088,1.024206
1.021084,1.010753,1.024206,1.005908
1.029499,1.028875,1.005908,1.004405
0.984241,0.995569,1.004405,1.020468
1.034934,1.008902,1.020468,1.017192
1.004219,1.005882,1.017192,0.980282
0.991597,1.013158,0.980282,0.982759
1.0,0.982684,0.982759,1.010234
0.977401,0.997063,1.010234,1.021708
1.031792,1.010309,1.021708,0.951841
0.992997,0.973761,0.951841,0.998512
0.956276,0.986527,0.998512,1.011923
1.016224,1.00607,1.011923,1.007364
0.997097,1.012066,1.007364,0.991228
1.011645,1.005961,0.991228,1.011799
0.988489,1.001481,1.011799,1.030612
1.030568,1.005917,1.030612,0.984441
1.00565,1.017647,0.984441,1.007184
0.990169,0.995665,1.007184,1.019971
1.014184,1.01016,1.019971,1.001399
1.037762,1.027299,1.001399,1.0
0.974394,0.987413,1.0,1.023743
1.016598,0.995751,1.023743,0.993179
1.028571,1.029872,0.993179,1.032967
0.997354,1.001381,1.032967,0.985372
0.994695,1.011034,0.985372,0.987854
0.988,0.987722,0.987854,0.97541
0.995951,0.984807,0.97541,0.990196
0.971545,0.98317,0.990196,1.004243
0.993026,1.002853,1.004243,0.987324
1.009831,0.995733,0.987324,0.972896
0.974965,0.971429,0.972896,0.979472
0.982882,0.979412,0.979472,0.994012
0.973875,0.992492,0.994012,1.003012
0.99851,0.993949,1.003012,1.021021
1.014925,1.010654,1.021021,1.007353
1.022059,1.013554,1.007353,1.00438
1.0,1.010401,1.00438,1.027616
1.027338,1.007353,1.027616,1.004243
1.014006,1.021898,1.004243,1.012676
1.004144,1.001429,1.012676,0.98331
0.988996,1.00428,0.98331,0.992928
0.987483,0.984375,0.992928,0.978632
1.004225,0.989899,0.978632,1.027656
0.992987,1.0,1.027656,0.990085
1.025424,1.005831,0.990085,1.034335
0.998623,1.007246,1.034335,1.0
1.009655,1.017266,1.0,0.998617
0.997268,1.008487,0.998617,0.98338
1.00411,0.99439,0.98338,0.976056
0.965894,0.973202,0.976056,0.998557
0.981638,0.994203,0.998557,0.99422
1.008633,1.0,0.99422,1.007267
0.988588,0.992711,1.007267,1.033189
1.041847,1.020558,1.033189,1.040503
1.037396,1.025899,1.040503,1.006711
1.004005,1.026648,1.006711,1.016
1.042553,1.019126,1.016,0.989501
0.975765,0.978552,0.989501,1.034483
1.039216,1.023288,1.034483,1.010256
1.006289,1.025435,1.010256,1.024112
1.0425,1.023499,1.024112,1.071871
1.040767,1.029337,1.071871,0.954913
1.012673,1.002478,0.954913,1.024213
0.987486,0.980222,1.024213,0.971631
1.029954,1.020177,0.971631,1.020681
0.948546,0.992583,1.020681,0.98093
0.992925,1.008717,0.98093,1.001215
0.997625,0.998765,1.001215,0.98301
0.97619,0.981459,0.98301,1.032099
1.028049,1.010076,1.032099,0.972488
0.994069,1.002494,0.972488,1.0
1.001193,1.006219,1.0,1.067651
1.065554,0.992583,1.067651,1.086406
1.068233,1.070984,1.086406,0.959703
1.024084,1.016279,0.959703,0.994475
0.958078,1.005721,0.994475,1.021111
1.024546,1.002275,1.021111,0.998912
0.972917,1.011351,0.998912,0.972767
1.014989,0.987654,0.972767,0.965286
0.939873,0.977273,0.965286,1.029002
1.0,1.0,1.029002,1.1
1.095398,1.055814,1.1,1.003074
1.054303,1.063877,1.003074,1.017365
0.98931,0.982402,1.017365,1.004016
1.032417,1.023182,1.004016,0.954
0.951475,0.976313,0.954,0.965409
0.944,0.962025,0.965409,1.004343
0.988347,1.002193,1.004343,0.964324
1.008574,0.962801,0.964324,1.03139
0.982997,0.986364,1.03139,1.009783
1.029189,1.06106,1.009783,0.9
0.947479,0.907709,0.9,1.008373
0.945676,0.978469,1.008373,1.036773
1.026964,1.015892,1.036773,1.014874
1.034247,1.039711,1.014874,0.99549
0.993377,1.008102,0.99549,1.00906
0.995556,0.996556,1.00906,0.98541
1.003348,0.991935,0.98541,0.979499
0.974416,0.993031,0.979499,1.031395
1.034247,1.0,1.031395,0.981962
0.987859,1.016374,0.981962,0.996556
1.008939,0.989643,0.996556,1.031106
0.99557,1.016279,1.031106,0.984358
1.023359,1.006865,0.984358,0.965948
0.977174,0.957955,0.965948,0.948296
0.948832,0.948992,0.948296,1.006196
0.967175,0.99375,1.006196,1.017241
1.006061,1.020126,1.017241,0.991525
1.009639,1.003699,0.991525,1.001221
0.984487,0.988943,1.001221,1.012195
1.020606,1.017391,1.012195,1.003614
0.995249,1.008547,1.003614,1.0
1.005967,1.004843,1.0,0.995198
0.992883,0.991566,0.995198,1.030157
1.020311,1.0,1.030157,1.002342
1.010539,1.027947,1.002342,1.025701
1.02781,1.002364,1.025701,0.964692
0.986471,0.994104,0.964692,0.995277
0.976,0.99051,0.995277,0.982206
0.987119,0.985629,0.982206,1.012077
1.014235,1.00486,1.012077,1.008353
0.990643,0.986699,1.008353,0.997633
1.007084,1.029412,0.997633,0.995255
1.003517,0.990476,0.995255,1.041716
1.026869,1.003606,1.041716,1.052632
1.093288,1.052695,1.052632,1.01087
0.969823,1.032992,1.01087,0.998925
1.003219,1.008811,0.998925,1.020452
1.018182,1.010917,1.020452,0.994726
1.009454,1.014039,0.994726,0.983033
0.986472,0.979766,0.983033,1.04315
1.053797,1.01413,1.04315,0.985522
0.96997,0.993569,0.985522,1.002099
0.998968,1.003236,1.002099,1.010471
1.019628,1.012903,1.010471,1.007254
1.008105,1.024416,1.007254,1.038066
1.015075,1.003109,1.038066,0.96333
1.026733,0.995868,0.96333,1.011317
0.95082,0.997925,1.011317,1.014242
1.014199,1.009356,1.014242,1.002006
1.008,1.009269,1.002006,1.029029
1.037698,1.02449,1.029029,0.980545
0.989484,0.989044,0.980545,0.989087
0.980676,0.971803,0.989087,1.056169
1.054187,1.034197,1.056169,1.012346
1.004673,1.04008,1.012346,0.977486
0.997209,0.996146,0.977486,0.965451
0.972015,0.970986,0.965451,1.028827
0.994242,1.001992,1.028827,1.01256
1.030888,1.022863,1.01256,0.983779
1.015918,0.980564,0.983779,1.032008
0.988018,1.00892,1.032008,1.046053
1.057836,1.043222,1.046053,1.028751
1.045855,1.028249,1.028751,0.980786
0.98398,1.017399,0.980786,1.032947
0.999143,1.011701,1.032947,0.967241
1.03259,0.988434,0.967241,1.041889
0.979236,0.990099,1.041889,0.963216
1.004241,1.020909,0.963216,1.002664
0.956081,0.98041,1.002664,0.938884
1.015901,0.95822,0.938884,0.961321
0.935652,0.950711,0.961321,0.958783
0.943309,0.968096,0.958783,1.03173
0.995074,1.010299,1.03173,1.025794
1.025743,1.018349,1.025794,0.991296
0.998069,1.015015,0.991296,0.99122
1.004836,0.990138,0.99122,1.008858
0.987488,0.992032,1.008858,0.971707
1.009747,0.993976,0.971707,0.995984
0.962355,0.979798,0.995984,1.022177
1.018054,1.013402,1.022177,0.991124
1.008867,1.019329,0.991124,1.024876
1.005859,0.989022,1.024876,1.028155
1.029126,1.031282,1.028155,1.02644
1.027358,1.023483,1.02644,1.016559
1.02112,1.034417,1.016559,1.057014
1.06295,1.007394,1.057014,0.90839
1.000846,0.96789,0.90839,0.983977
0.912088,0.96019,0.983977,1.099617
1.063948,1.027641,1.099617,0.997387
1.014808,1.065322,0.997387,0.979039
0.984549,0.990081,0.979039,1.096343
1.074978,0.956284,1.096343,1.002441
1.046229,1.1,1.002441,1.021104
0.987597,1.016667,1.021104,1.039746
1.071429,1.001639,1.039746,0.9763
0.964835,1.023732,0.9763,0.978074
0.965831,0.984013,0.978074,1.002402
1.01022,1.009748,1.002402,1.002396
1.001556,0.999195,1.002396,0.965737
0.990676,0.969404,0.965737,1.020627
0.977255,0.974252,1.020627,0.966047
1.014446,1.01364,0.966047,0.902092
0.943038,0.904962,0.902092,1.029685
0.934564,0.931227,1.029685,1.03964
1.043986,1.097804,1.03964,0.934142
1.0,0.970909,0.934142,0.9
0.919175,0.90824,0.9,0.998969
0.952292,0.9,0.998969,1.057792
1.008841,1.027491,1.057792,0.92
1.012658,1.045708,0.92,0.916225
0.926923,0.906183,0.916225,0.900463
0.911826,0.915294,0.900463,0.949871
0.971559,0.9,0.949871,0.920162
0.9,0.95,0.920162,0.9
0.9,0.920301,0.9,1.099673
1.064873,0.949346,1.099673,1.099554
1.099554,1.1,1.099554,1.1
1.1,1.078752,1.1,0.931204
1.0,1.030303,0.931204,0.9
0.912776,0.911765,0.9,1.027859
0.973082,0.954545,1.027859,1.061341
1.041494,1.076805,1.061341,0.99328
1.011952,1.031384,0.99328,1.013532
0.993438,0.982019,1.013532,1.008011
1.010568,1.011268,1.008011,1.031788
1.024837,1.034819,1.031788,0.987163
1.045918,1.024226,0.987163,0.9
0.931707,0.90933,0.9,0.943642
0.900524,0.900289,0.943642,1.056662
1.007267,1.046549,1.056662,0.963768
1.017316,1.016871,0.963768,1.015038
0.964539,0.9819,1.015038,1.056296
1.051471,1.015361,1.056296,1.060309
1.062937,1.051437,1.060309,0.966931
1.006579,1.051799,0.966931,1.036936
1.013072,0.97264,1.036936,1.042216
1.037419,1.053446,1.042216,1.041772
1.043532,1.041389,1.041772,0.979344
0.979738,1.019231,0.979344,1.006203
1.017032,0.987421,1.006203,1.01603
0.990431,1.011465,1.01603,0.985437
1.02657,1.007557,0.985437,1.025862
0.982353,0.99625,1.025862,0.962785
1.015569,0.941029,0.962785,0.988778
0.955189,0.962667,0.988778,1.003783
1.028395,1.067867,1.003783,0.90201
0.945978,0.928664,0.90201,0.9
0.9,0.902235,0.9,0.9
0.9,0.9,0.9,0.982788
0.987097,0.977625,0.982788,1.056042
1.001634,1.0,1.056042,1.043118
1.060359,1.066901,1.043118,1.031797
1.001538,0.991749,1.031797,1.013867
1.036866,1.001664,1.013867,1.027356
1.028148,1.026578,1.027356,0.955621
1.005764,1.030744,0.955621,1.060372
0.985673,0.99843,1.060372,1.020438
1.026163,1.066038,1.020438,0.979971
1.011331,0.99705,0.979971,0.979562
0.97479,0.971893,0.979562,0.90611
0.972701,0.91933,0.90611,0.998355
0.926145,0.976821,0.998355,1.080725
1.062201,1.023729,1.080725,0.966463
1.003003,1.043046,0.966463,1.020505
0.979042,1.001587,1.020505,1.035549
1.030581,1.009509,1.035549,1.01194
1.023739,1.036107,1.01194,0.945428
0.968116,0.966667,0.945428,1.018721
0.994012,1.00627,1.018721,0.983155
1.0,0.978193,0.983155,1.003115
0.975904,1.003185,1.003115,0.96118
0.983025,0.973016,0.96118,0.998384
0.982732,1.004894,0.998384,1.033981
1.070288,1.034091,1.033981,1.039124
1.0,1.0,1.039124,1.037651
1.044776,1.037677,1.037651,0.986938
0.977143,1.012103,0.986938,0.988235
1.017544,1.001495,0.988235,1.022321
0.989943,0.995522,1.022321,1.011645
1.01016,1.013493,1.011645,1.004317
1.011494,1.016272,1.004317,1.024355
1.018466,1.011645,1.024355,0.917483
0.998605,0.929496,0.917483,1.1
1.00838,1.009288,1.1,1.019391
1.041551,1.093558,1.019391,0.987772
0.994681,1.002805,0.987772,0.979367
0.962567,0.962238,0.979367,0.990169
1.0,1.011628,0.990169,0.998582
0.994444,1.008621,0.998582,0.974432
0.981844,0.967236,0.974432,0.960641
0.967283,0.966127,0.960641,1.003035
0.982353,0.995427,1.003035,1.051437
1.041916,1.015314,1.051437,1.017266
1.045977,1.037707,1.017266,1.014144
0.989011,1.018895,1.014144,1.006974
1.030556,1.012839,1.006974,1.024931
1.008086,1.001408,1.024931,0.987838
0.990642,1.015471,0.987838,1.001368
1.005398,0.99169,1.001368,0.961749
0.971812,0.977654,0.961749,1.008523
0.983425,0.987143,1.008523,1.002817
1.035112,1.023155,1.002817,0.981742
0.975577,0.984441,0.981742,1.015737
0.988873,0.998563,1.015737,0.995775
1.002813,1.010072,0.995775,0.984441
0.998597,0.985755,0.984441,0.994253
0.978933,0.978324,0.994253,1.008671
1.002869,1.014771,1.008671,1.017192
1.031474,1.017467,1.017192,0.925352
0.991678,0.917024,0.925352,1.010654
0.934266,0.985959,1.010654,0.995482
0.998503,1.022152,0.995482,1.024206
1.01949,1.006192,1.024206,1.01034
1.020588,1.027692,1.01034,0.980994
1.005764,0.995509,0.980994,0.992548
0.967049,0.989474,0.992548,0.959459
0.979259,0.968085,0.959459,0.998435
0.977307,0.992151,0.998435,0.990596
1.0,0.996835,0.990596,1.015823
0.995356,0.984127,1.015823,1.038941
1.045101,1.016129,1.038941,0.97901
0.99256,1.031746,0.97901,0.998469
0.995502,0.996923,0.998469,1.018405
1.012048,1.009259,1.018405,0.998494
0.988095,0.996942,0.998494,1.016591
1.021084,1.009202,1.016591,1.0
1.017699,1.019757,1.0,0.994065
0.988406,0.989568,0.994065,0.985075
0.989736,0.981928,0.985075,1.013636
0.991111,1.009202,1.013636,0.955157
1.001495,0.968085,0.955157,1.01252
0.968657,0.985871,1.01252,1.003091
1.003082,1.019108,1.003091,0.995378
1.019969,1.00625,0.995378,0.919505
0.98494,0.916149,0.919505,1.031987
0.955657,0.972881,1.031987,1.099511
1.0784,1.059233,1.099511,0.910979
1.034125,0.998355,0.910979,1.099349
0.968436,1.056013,1.099349,1.011852
1.063704,1.032761,1.011852,1.023426
0.990251,0.953172,1.023426,0.958512
1.025316,1.058637,0.958512,1.041791
0.979424,0.905689,1.041791,0.959885
1.0,1.049587,0.959885,0.91791
0.927171,0.962205,0.91791,1.022764
0.968278,0.998363,1.022764,0.969793
0.979719,0.980328,0.969793,0.972131
1.0,0.989967,0.972131,1.042159
0.995223,1.025338,1.042159,1.027508
1.064,1.031301,1.027508,0.943307
0.95188,0.942492,0.943307,1.045075
1.007899,1.015254,1.045075,0.952077
0.989028,0.989983,0.952077,1.041946
0.993661,0.964587,1.041946,0.925926
1.001595,0.977273,0.925926,1.010435
0.934713,1.019678,1.010435,0.963855
1.005111,0.957895,0.963855,1.030357
0.986441,1.032967,1.030357,1.0
1.008591,1.010638,1.0,1.010399
1.010221,0.982456,1.010399,1.034305
1.028668,1.035714,1.034305,0.993367
0.993443,1.013793,0.993367,1.013356
1.034653,1.018707,1.013356,0.976936
0.961722,0.976628,0.976936,1.064081
1.08126,1.013675,1.064081,1.042789
1.01227,1.040472,1.042789,1.0
1.015152,1.042139,1.0,0.951368
1.00597,0.945568,0.951368,1.1
1.022255,1.024671,1.1,1.039187
1.058055,1.011236,1.039187,1.00838
1.030178,1.087302,1.00838,1.049861
1.030626,1.032117,1.049861,0.98285
1.014212,1.035361,0.98285,0.974497
0.978344,0.971311,0.974497,1.019284
0.989583,1.007032,1.019284,0.968919
1.006579,0.97486,0.968919,0.926081
0.9,0.924069,0.926081,0.972892
0.978102,0.995349,0.972892,1.001548
0.989552,0.995327,1.001548,1.021638
1.019608,1.007825,1.021638,0.977307
0.974852,0.981366,0.977307,0.97678
0.996965,0.992089,0.97678,1.03962
1.006088,1.017544,1.03962,1.045732
1.051437,1.029781,1.045732,1.016035
1.004317,1.027397,1.016035,0.979914
0.995702,0.998519,0.979914,1.008785
1.020144,1.010386,1.008785,0.952104
0.96615,0.958884,0.952104,1.010671
0.970803,0.998469,1.010671,0.987934
1.013534,1.001534,0.987934,1.01374
1.008902,0.995406,1.01374,1.024096
1.005882,1.018462,1.024096,0.992647
1.001462,0.995468,0.992647,1.045926
1.052555,1.015175,1.045926,1.007082
0.994452,1.032885,1.007082,0.988748
1.002789,1.005789,0.988748,1.0
1.002782,1.004317,1.0,1.00569
0.991678,0.977077,1.00569,1.004243
1.034965,1.035191,1.004243,1.01831
0.97973,0.987252,1.01831,1.055325
1.096552,1.07604,1.055325,0.989515
0.968553,0.992,0.989515,1.002649
0.994805,1.001344,1.002649,0.966975
0.979112,0.954362,0.966975,1.004098
1.02,1.016878,1.004098,0.963265
0.989542,0.940526,0.963265,1.038136
0.990753,1.036765,1.038136,1.021769
1.004,1.009929,1.021769,1.022636
1.021248,1.039326,1.022636,0.988281
1.009103,1.004054,0.988281,0.948617
0.979381,0.967699,0.948617,1.013889
0.968421,0.986092,1.013889,1.023288
1.025815,1.015515,1.023288,1.005355
0.996026,1.015278,1.005355,0.964048
0.989362,0.982216,0.964048,0.990331
0.978495,0.977716,0.990331,0.934449
0.983516,0.951567,0.934449,0.913433
0.930168,0.907186,0.913433,0.993464
0.929429,0.991749,0.993464,1.0
0.995153,1.0,1.0,0.991776
0.98539,0.978369,0.991776,0.985075
0.998353,1.005102,0.985075,1.006734
0.990099,0.99154,1.006734,1.006689
1.021667,1.023891,1.006689,0.980066
0.990212,0.975,0.980066,1.0
0.998353,1.006838,1.0,1.005085
0.981848,0.986418,1.005085,1.005059
1.008403,1.015491,1.005059,0.981544
0.993333,0.983051,0.981544,1.015385
1.0,1.006897,1.015385,1.030303
1.031879,1.02226,1.030303,0.988562
0.993496,1.0067,0.988562,0.983471
0.988543,0.988353,0.983471,1.040336
1.033113,1.008418,1.040336,1.012924
1.020833,1.03172,1.012924,0.99681
0.99686,1.001618,0.99681,0.9936
0.992126,0.983845,0.9936,0.995169
0.990476,1.00821,0.995169,1.009709
1.0,1.001629,1.009709,0.99359
1.001603,0.996748,0.99359,0.954839
0.9808,0.964111,0.954839,0.988176
0.969005,0.981387,0.988176,1.030769
1.020202,0.996552,1.030769,0.986733
0.993399,1.020761,0.986733,1.038655
1.036545,1.005085,1.038655,0.978964
0.987179,1.011804,0.978964,1.008264
1.011364,1.01,1.008264,1.05082
1.046549,1.0,1.05082,0.99064
1.01227,1.039604,0.99064,0.982677
0.969697,0.961905,0.982677,1.030449
1.03125,1.019802,1.030449,1.007776
0.992424,1.030744,1.007776,0.99537
1.015267,1.007849,0.99537,0.987597
0.978947,0.987539,0.987597,1.00157
0.995392,1.003155,1.00157,1.062696
1.054012,1.001572,1.062696,0.986726
1.019034,1.039246,0.986726,1.010463
0.988506,0.996979,1.010463,1.016272
1.026163,1.019697,1.016272,0.997089
0.983003,1.007429,0.997089,1.029197
1.030259,1.010324,1.029197,1.035461
1.067133,1.026277,1.035461,1.017808
0.986894,1.019915,1.017808,0.990579
0.988048,1.005579,0.990579,0.978261
1.005376,0.984743,0.978261,0.972222
0.96123,0.980282,0.972222,0.994286
0.980529,0.982759,0.994286,0.998563
0.995745,1.002924,0.998563,0.998561
1.005698,1.002915,0.998561,0.978386
0.981586,0.985465,0.978386,1.013255
0.997114,0.9941,1.013255,1.023256
1.026049,1.014837,1.023256,0.950284
1.004231,0.959064,0.950284,1.025411
0.97191,1.016768,1.025411,1.002915
1.018786,1.022489,1.002915,1.014535
1.005674,0.982405,1.014535,1.017192
1.012694,1.038806,1.017192,0.984507
0.995822,0.998563,0.984507,0.991416
0.987413,0.988489,0.991416,0.994228
0.985836,0.992722,0.994228,1.062409
1.060345,1.016129,1.062409,0.989071
0.99187,1.034632,0.989071,1.008287
1.050546,1.005579,1.008287,0.989041
0.959688,0.988904,0.989041,1.026316
1.00813,1.00561,1.026316,1.020243
1.045699,1.012552,1.020243,1.005291
1.012853,1.03168,1.005291,0.994737
0.977157,0.995995,0.994737,0.977513
1.014286,0.979893,0.977513,0.993234
0.947503,0.984952,0.993234,1.002725
1.005405,1.005556,1.002725,0.987772
0.987903,0.995856,0.987772,1.0
0.997279,1.002774,1.0,0.998624
1.006821,0.982019,0.998624,0.990358
0.987805,1.011268,0.990358,1.001391
0.998628,0.988858,1.001391,1.016667
1.01511,1.014085,1.016667,1.010929
1.009472,1.019444,1.010929,0.960811
0.990617,0.963215,0.960811,1.005626
0.978349,0.997171,1.005626,1.020979
1.031812,1.021277,1.020979,1.017808
0.997319,1.009722,1.017808,0.969044
0.991935,0.986245,0.969044,1.011111
0.98645,0.995816,1.011111,0.976648
1.002747,0.995798,0.976648,0.943741
0.958904,0.925457,0.943741,0.988077
0.968571,0.993921,0.988077,0.986425
0.971976,0.990826,0.986425,1.019878
1.015175,1.013889,1.019878,1.008996
1.016442,1.012177,1.008996,0.998514
1.0,1.004511,0.998514,1.004464
1.010294,1.008982,1.004464,0.998519
0.991266,0.997033,0.998519,0.992582
1.008811,0.99256,0.992582,0.986547
0.979622,0.964018,0.986547,0.99697
0.986627,1.018663,0.99697,1.031915
1.033133,1.022901,1.031915,1.011782
1.004373,1.004478,1.011782,1.011645
1.026125,1.023774,1.011645,1.008633
0.992928,1.004354,1.008633,1.007133
1.007123,1.004335,1.007133,0.994334
1.015559,1.010072,0.994334,1.004274
0.983287,0.981481,1.004274,1.002837
1.028329,1.024673,1.002837,1.015559
0.990358,0.991501,1.015559,1.006964
1.030598,1.024286,1.006964,0.994467
0.982456,0.994421,0.994467,0.995828
0.990385,0.985975,0.995828,1.044693
1.059639,1.019915,1.044693,1.05615
1.053665,1.036262,1.05615,0.974684
0.972671,1.018843,0.974684,0.983117
0.987229,0.977543,0.983117,1.001321
0.987063,1.008108,1.001321,0.997361
0.994758,0.991957,0.997361,1.0
1.007905,1.006757,1.0,0.973545
1.005229,0.979866,0.973545,0.998641
0.964889,0.991781,0.998641,1.012245
1.01752,1.012431,1.012245,1.032258
1.039735,1.016371,1.032258,0.973958
0.982166,1.0,0.973958,1.016043
1.005188,0.98255,1.016043,1.015789
1.015484,1.039617,1.015789,1.047927
1.073698,0.996058,1.047927,1.038319
1.042604,1.048813,1.038319,0.979762
0.970488,1.021384,0.979762,0.991495
0.968421,0.987685,0.991495,1.001225
0.996377,0.993766,1.001225,0.965728
0.984242,0.983689,0.965728,1.001267
0.990148,0.994898,1.001267,1.029114
1.016169,1.019231,1.029114,0.96556
0.992656,0.974843,0.96556,0.998726
1.01603,1.003871,0.998726,0.997449
0.957524,0.965296,0.997449,1.008951
1.00507,1.026631,1.008951,0.95057
0.983607,0.963684,0.95057,0.969333
0.95641,0.963661,0.969333,1.01238
0.990617,1.015363,1.01238,0.987772
1.002706,0.995873,0.987772,1.011004
0.995951,0.987569,1.011004,0.989116
0.99458,1.00979,0.989116,1.019257
1.012262,1.00554,1.019257,0.983806
0.995962,1.002755,0.983806,0.993141
0.982432,0.989011,0.993141,0.959945
1.01238,0.958333,0.959945,1.010072
0.956522,0.995652,1.010072,1.0
1.009943,1.010189,1.0,1.004274
1.008439,1.010086,1.004274,0.998582
0.987448,0.997147,0.998582,1.002841
1.002825,0.997139,1.002841,0.994334
0.994366,0.992826,0.994334,1.002849
1.0,1.008671,1.002849,0.988636
0.997167,0.988539,0.988636,0.96408
0.988636,0.969565,0.96408,1.004471
0.969828,0.985052,1.004471,1.0
1.007407,1.018209,1.0,1.0
1.001471,1.00149,1.0,1.005935
1.0,0.994048,1.005935,0.992625
0.998532,1.001497,0.992625,1.017831
1.008824,1.005979,1.017831,1.005839
1.004373,1.008915,1.005839,1.004354
1.017417,1.014728,1.004354,0.998555
0.99572,1.001451,0.998555,1.002894
0.995702,0.997101,1.002894,1.012987
1.021583,1.005814,1.012987,0.98433
1.0,0.998555,0.98433,0.982634
0.977465,0.97974,0.982634,0.991163
0.987032,0.991137,0.991163,0.977712
0.99854,0.949329,0.977712,1.00304
0.966374,1.007849,1.00304,1.001515
1.004539,1.017134,1.001515,1.0
1.001506,1.0,1.0,1.01059
1.007519,1.009188,1.01059,1.013473
1.01791,1.013657,1.013473,1.01034
1.008798,1.010479,1.01034,0.997076
0.997093,1.004444,0.997076,1.020528
1.017493,1.013274,1.020528,0.981322
1.0,0.991266,0.981322,1.001464
0.982808,0.994126,1.001464,0.995614
0.998542,0.998523,0.995614,1.013216
1.010219,0.998521,1.013216,1.004348
1.00289,1.016296,1.004348,1.027417
1.027378,1.007289,1.027417,1.004213
1.02805,1.021708,1.004213,1.00979
0.987722,1.005666,1.00979,0.987535
1.008287,1.001408,0.987535,1.025245
1.013699,1.001406,1.025245,0.97264
0.987838,0.992978,0.97264,1.026723
1.001368,1.008487,1.026723,1.0
1.01776,1.007013,1.0,0.99589
0.977181,1.0,0.99589,0.998624
1.017857,1.005571,0.998624,0.979339
0.974359,0.973684,0.979339,0.998594
0.998615,1.00569,0.998594,1.019718
1.009709,1.002829,1.019718,1.006906
1.010989,1.015515,1.006906,0.998628
0.998641,0.998611,0.998628,0.986264
0.985034,0.990264,0.986264,1.016713
1.012431,1.008427,1.016713,0.989041
0.994543,0.993036,0.989041,0.98338
0.987654,0.992987,0.98338,0.96338
0.981944,0.95904,0.96338,0.995614
0.971711,1.001473,0.995614,1.01909
1.011645,0.994118,1.01909,0.994236
1.007194,1.016272,0.994236,1.005797
1.0,1.004367,1.005797,1.008646
1.007143,1.005797,1.008646,0.98
0.995745,0.987032,0.98,1.01895
1.011396,1.00292,1.01895,0.988555
0.983099,1.0,0.988555,0.991317
0.985673,0.985444,0.991317,1.00146
1.002907,1.002954,1.00146,0.998542
0.998551,0.995582,0.998542,0.992701
0.997097,1.004438,0.992701,1.001471
0.995633,0.998527,1.001471,1.008811
1.010234,1.001475,1.008811,0.983988
1.005789,0.991163,0.983988,1.013314
0.989928,1.0,1.013314,1.030657
1.02907,1.028232,1.030657,1.001416
1.001412,1.013006,1.001416,1.002829
1.007052,1.002853,1.002829,0.997179
1.002801,1.002845,0.997179,0.998586
0.99162,0.977305,0.998586,1.0
1.011268,1.015965,1.0,1.012748
1.002786,1.007143,1.012748,0.988811
1.006944,0.992908,0.988811,1.011315
0.990345,1.0,1.011315,0.995804
1.005571,1.015714,0.995804,0.956461
0.976454,0.953586,0.956461,1.004405
0.978723,1.0,1.004405,1.011696
1.007246,1.007375,1.011696,0.985549
0.991367,0.980966,0.985549,0.986804
0.992743,1.001493,0.986804,0.995542
0.991228,0.995529,0.995542,1.00597
0.99705,0.982036,1.00597,0.998516
0.998521,1.012195,0.998516,0.988113
1.002963,0.998494,0.988113,0.998496
0.988183,0.992459,0.998496,0.974398
0.989537,0.978723,0.974398,0.964451
0.969789,0.967391,0.964451,0.982372
0.979751,0.980738,0.982372,1.016313
0.99682,1.001637,1.016313,0.974318
1.0,0.990196,0.974318,0.996705
0.969697,0.983498,0.996705,1.001653
1.003289,1.010067,1.001653,1.00495
1.004918,1.008306,1.00495,1.01642
1.009788,0.995058,1.01642,1.008078
1.017771,1.021523,1.008078,0.99359
0.995238,1.0,0.99359,1.001613
0.998405,1.0,1.001613,0.990338
1.001597,0.990276,0.990338,0.990244
0.992026,0.993453,0.990244,1.003284
0.982315,0.98682,1.003284,1.036007
1.04419,1.013356,1.036007,0.990521
1.0,1.032949,0.990521,0.99681
0.996865,0.995215,0.99681,0.9792
0.981132,0.974359,0.9792,1.019608
1.001603,0.995066,1.019608,1.011218
1.0272,1.034711,1.011218,1.00317
0.989097,1.0,1.00317,1.015798
1.026772,1.007987,1.015798,0.998445
0.990798,1.011094,0.998445,1.003115
1.003096,1.003135,1.003115,0.993789
1.006173,0.99375,0.993789,1.026563
1.016871,1.006289,1.026563,0.998478
1.0,1.020312,0.998478,0.998476
0.995475,0.998469,0.998476,0.998473
1.0,0.996933,0.998473,1.015291
1.016667,1.007692,1.015291,0.989458
0.995529,1.0,0.989458,0.993912
0.988024,0.992366,0.993912,0.993874
1.004545,0.996923,0.993874,1.009245
0.99095,0.987654,1.009245,1.01374
1.013699,1.023438,1.01374,1.010542
1.015015,1.00916,1.010542,0.99851
1.001479,1.009077,0.99851,1.010448
1.019202,1.008996,1.010448,1.001477
0.986957,0.997028,1.001477,1.023599
1.029369,1.008942,1.023599,0.995677
0.991441,1.014771,0.995677,1.013025
1.01295,1.005822,1.013025,1.01
1.019886,1.002894,1.01,1.02546
1.012535,1.008658,1.02546,1.033103
1.059147,1.038627,1.033103,0.979973
0.992208,0.998623,0.979973,1.016349
0.977749,0.990345,1.016349,1.032172
1.049531,1.032033,1.032172,0.994805
0.982143,1.017544,0.994805,0.984334
1.024675,0.964191,0.984334,1.03183
0.988593,1.026135,1.03183,1.082262
1.089744,1.053619,1.082262,1.004751
1.001176,1.045802,1.004751,0.990544
1.005875,0.998783,0.990544,0.970167
0.98715,0.980512,0.970167,1.00615
0.969231,0.995031,1.00615,0.991443
1.008547,1.004994,0.991443,0.95561
0.975787,0.951553,0.95561,1.009032
0.976427,1.003916,1.009032,1.05243
1.050826,1.024707,1.05243,0.965978
0.992745,1.002538,0.965978,1.002516
1.009744,1.002532,1.002516,1.018821
0.9807,0.992424,1.018821,1.009852
1.070111,1.033079,1.009852,1.020732
0.964368,0.981527,1.020732,0.976105
1.013111,1.020075,0.976105,1.064871
1.035294,0.99508,1.064871,0.972414
0.976136,1.025958,0.972414,0.908983
0.979045,0.916867,0.908983,1.003901
0.929845,0.998686,1.003901,1.001295
0.994885,0.994737,1.001295,0.993532
1.005141,0.994709,0.993532,1.027344
1.016624,1.031915,1.027344,0.987326
0.987421,0.993557,0.987326,1.014121
1.017834,1.002594,1.014121,0.989873
0.988736,1.001294,0.989873,0.968031
0.979747,0.970284,0.968031,0.998679
0.997416,1.002663,0.998679,1.06746
1.059585,1.017264,1.06746,1.013631
1.00489,1.035248,1.013631,0.992665
1.013382,1.013871,0.992665,1.029557
1.022809,1.002488,1.029557,1.019139
1.003521,1.023573,1.019139,1.03169
1.069006,1.043636,1.03169,0.986348
0.980306,1.002323,0.986348,1.002307
0.987723,0.983778,1.002307,1.006904
1.00226,1.002356,1.006904,0.966857
0.988726,0.988249,0.966857,1.010638
0.995439,1.002378,1.010638,1.023392
1.003436,0.994069,1.023392,1.003429
1.041096,1.03222,1.003429,1.003417
0.98136,1.0,1.003417,0.967083
0.992179,0.978035,0.967083,0.951878
0.956081,0.953901,0.951878,1.009864
0.96702,0.995043,1.009864,1.0
1.013398,1.009963,1.0,1.020757
1.007212,1.007398,1.020757,0.972488
1.001193,0.992656,0.972488,1.00861
0.986889,0.986436,1.00861,0.984146
0.997585,1.00625,0.984146,1.017348
0.998789,1.009938,1.017348,1.01218
1.018182,1.01476,1.01218,0.984356
0.991667,0.984242,0.984356,0.997555
0.992797,0.996305,0.997555,0.988971
1.001209,0.991347,0.988971,0.972739
0.9843,0.973815,0.972739,1.003822
0.973006,0.994878,1.003822,0.991117
0.994956,0.983269,0.991117,1.003841
1.0,1.015707,1.003841,1.002551
0.997465,0.989691,1.002551,0.982188
0.994917,1.001302,0.982188,0.979275
0.994891,0.980494,0.979275,0.980159
0.970475,0.97878,0.980159,1.024291
1.003968,1.001355,1.024291,0.996047
1.00527,1.010825,0.996047,1.003968
0.998689,1.006693,1.003968,1.003953
1.006562,1.006649,1.003953,1.015748
1.015645,1.005284,1.015748,0.963824
0.98973,0.975033,0.963824,0.963807
0.967575,0.963612,0.963807,1.013908
0.977212,0.998601,1.013908,0.990398
1.004115,1.007003,0.990398,1.004155
1.002732,1.001391,1.004155,0.968276
0.987738,0.966667,0.968276,1.012821
0.982069,0.994253,1.012821,1.011252
1.016854,1.017341,1.011252,0.995828
0.998619,1.004261,0.995828,1.005587
1.016598,1.014144,1.005587,0.984722
0.97415,0.983264,0.984722,1.016925
1.006983,0.994326,1.016925,1.001387
1.015257,1.022825,1.001387,0.981994
0.978142,0.980474,0.981994,0.974612
0.99581,0.981508,0.974612,0.969609
0.976157,0.95942,0.969609,1.022388
0.987069,0.998489,1.022388,0.99562
1.005822,1.018154,0.99562,1.019062
1.01013,1.013373,1.019062,0.989928
1.020057,1.005865,0.989928,1.024709
0.992978,0.985423,1.024709,0.992908
1.008487,1.031065,0.992908,1.032857
1.015428,0.991392,1.032857,1.005533
1.015193,1.036179,1.005533,0.988996
1.004082,1.001397,0.988996,1.002782
0.979675,0.993026,1.002782,0.995839
1.017981,1.001404,0.995839,0.962396
0.974185,0.956522,0.962396,1.013025
0.977685,1.0,1.013025,0.98
1.002853,1.004399,0.98,1.024781
1.004267,0.99854,1.024781,1.007112
1.005666,1.023392,1.007112,0.981638
1.001408,0.988571,0.981638,1.017266
0.995781,0.99711,1.017266,0.991513
1.002825,1.005797,0.991513,0.980029
0.987324,0.981268,0.980029,1.046579
1.029957,1.016153,1.046579,0.994437
1.0,1.021676,0.994437,0.994406
0.998615,0.997171,0.994406,0.995781
0.987517,0.980142,0.995781,1.00565
1.011236,1.018813,1.00565,0.976124
0.993056,0.985795,0.976124,1.007194
0.983217,0.988473,1.007194,1.024286
1.044097,1.016035,1.024286,1.025105
1.008174,1.02439,1.025105,1.004082
1.004054,1.018207,1.004082,1.028455
1.024226,1.011004,1.028455,0.998682
1.00657,1.017687,0.998682,1.005277
0.997389,0.995989,1.005277,0.98294
0.994764,1.002685,0.98294,1.048064
1.056579,1.004016,1.048064,0.996178
0.980075,1.029333,0.996178,0.992327
0.998729,0.994819,0.992327,0.984536
0.989822,0.983073,0.984536,0.992147
0.992288,0.994702,0.992147,0.969657
0.977979,0.970706,0.969657,1.002721
0.986755,0.998628,1.002721,1.013569
1.010738,0.995879,1.013569,1.005355
1.005312,1.023448,1.005355,1.001332
1.007926,1.004043,1.001332,1.017287
1.014417,1.008054,1.017287,1.003922
0.994832,1.003995,1.003922,0.985677
0.997403,0.985411,0.985677,1.006605
1.013021,1.02288,1.006605,0.993438
0.979434,0.986842,0.993438,1.029062
1.03937,1.010667,1.029062,1.038511
1.04798,1.03562,1.038511,1.019778
1.006024,1.010191,1.019778,0.990303
1.011976,1.015132,0.990303,1.099143
1.063905,0.983851,1.099143,1.041203
1.062291,1.1,1.041203,0.944385
0.965445,0.985277,0.944385,0.985277
1.015184,0.995402,0.985277,0.993103
0.967949,0.963048,0.993103,0.900463
0.927152,0.932854,0.900463,1.008997
0.94881,0.985861,1.008997,1.021656
1.022585,1.036506,1.021656,1.047382
1.031902,0.997484,1.047382,1.020238
1.040428,1.058008,1.020238,1.049008
1.029714,1.002384,1.049008,1.0
1.024417,1.046373,1.0,0.957731
0.969664,0.956818,0.957731,1.009292
0.979888,0.996437,1.009292,0.964327
0.987457,0.984505,0.964327,0.997613
0.972286,0.984262,0.997613,0.971292
0.995249,0.97786,0.971292,1.092365
1.065632,1.003774,1.092365,0.962796
0.984323,1.057644,0.962796,0.995316
0.974972,0.985782,0.995316,0.983529
0.990665,0.992788,0.983529,1.043062
1.050648,1.004843,1.043062,1.018349
1.003363,1.031325,1.018349,1.009009
1.01676,1.01285,1.009009,1.021205
1.010989,1.016148,1.021205,0.951913
0.998913,0.985244,0.951913,0.944891
0.943417,0.936636,0.944891,1.00486
0.960784,0.98647,1.00486,0.979444
0.9988,1.002494,0.979444,0.975309
0.981971,0.9801,0.975309,0.907595
0.917993,0.902284,0.907595,1.004184
0.964,0.984529,1.004184,1.0125
1.016598,1.03,1.0125,0.962963
0.989116,0.961165,0.962963,1.032764
1.004127,1.004329,1.032764,0.994483
0.99726,1.025862,0.994483,0.98613
1.008242,0.994398,0.98613,0.977496
0.956403,0.967606,0.977496,0.997122
1.008547,1.007278,0.997122,0.997114
0.987288,0.988439,0.997114,1.033285
1.02289,1.011696,1.033285,0.992997
1.012587,1.018786,0.992997,0.981664
0.979282,0.98156,0.981664,1.011494
1.005642,1.004335,1.011494,0.960227
0.981767,0.971223,0.960227,0.991124
0.982857,0.991111,0.991124,1.022388
1.002907,1.008969,1.022388,1.024818
1.023188,1.014815,1.024818,0.967236
0.987252,0.989781,0.967236,1.022091
1.0,1.001475,1.022091,1.021614
1.035868,1.023564,1.021614,0.991537
0.979224,1.002878,0.991537,0.985775
1.008487,0.989957,0.985775,1.018759
0.995792,1.004348,1.018759,0.974504
0.992958,0.952381,0.974504,1.0
0.982979,1.030303,1.0,0.992733
1.0,1.002941,0.992733,1.021962
1.017316,0.983871,1.021962,1.002865
0.995745,1.032787,1.002865,0.997143
1.009972,1.0,0.997143,1.014327
1.007052,1.012987,1.014327,1.024011
1.019608,1.0,1.024011,0.991724
1.005495,1.01567,0.991724,1.002782
0.990437,0.992987,1.002782,1.002774
1.006897,1.007062,1.002774,1.0
1.00137,1.009818,1.0,1.029046
1.019152,1.001389,1.029046,1.005376
1.014765,1.018031,1.005376,0.997326
0.996032,0.993188,0.997326,0.950402
0.974768,0.961591,0.950402,0.995769
0.97139,1.005706,0.995769,0.98017
0.997195,0.978723,0.98017,1.007225
0.992968,1.002899,1.007225,1.011478
1.007082,1.011561,1.011478,0.958865
0.980309,0.96,0.958865,1.016272
0.991392,1.010417,1.016272,1.010189
1.028944,1.013255,1.010189,1.012968
1.0,1.017442,1.012968,1.002845
0.995781,0.99,1.002845,1.004255
1.001412,1.012987,1.004255,1.002825
1.018336,1.007123,1.002825,0.978873
0.98338,0.973126,0.978873,1.007194
0.995775,1.001453,1.007194,1.027143
1.022631,1.017417,1.027143,0.995828
1.001383,1.017118,0.995828,1.01257
1.009669,1.0,1.01257,1.006897
1.009576,1.001403,1.006897,0.945205
0.987805,0.929972,0.945205,1.015942
0.965706,1.021084,1.015942,1.018545
1.03125,1.029499,1.018545,1.02521
1.011019,0.988539,1.02521,0.984973
1.012262,1.03913,0.984973,0.977809
0.967699,0.966527,0.977809,1.011348
1.0,1.011544,1.011348,0.973352
0.997218,0.988588,0.973352,1.030259
1.001395,0.968254,1.030259,0.960839
0.997214,1.013413,0.960839,0.988355
0.962291,0.976471,0.988355,0.988218
0.995646,1.00753,0.988218,0.940387
0.978134,0.941704,0.940387,1.007924
0.970194,0.979365,1.007924,1.033019
1.010753,1.032415,1.033019,0.996956
1.009119,1.012559,0.996956,0.975573
0.968373,0.970543,0.975573,1.023474
1.020218,1.017572,1.023474,0.990826
0.996951,1.00471,0.990826,0.969136
0.975535,0.976562,0.969136,0.992038
0.984326,0.984,0.992038,0.990369
1.0,1.0,0.990369,0.998379
0.992038,0.996748,0.998379,1.003247
0.99679,0.973899,1.003247,1.021036
1.027375,1.020101,1.021036,1.023772
1.018809,1.032841,1.023772,0.998452
1.006154,1.015898,0.998452,0.99845
0.995413,1.0,0.99845,0.998447
0.998464,1.0,0.998447,1.0
1.006154,1.001565,1.0,0.99689
0.989297,0.99375,0.99689,0.981279
1.006182,0.987421,0.981279,0.976153
0.961598,0.953822,0.976153,1.016287
1.017572,1.021703,1.016287,1.008013
1.0,1.014706,1.008013,1.028617
1.015699,1.008052,1.028617,0.990726
1.006182,1.019169,0.990726,1.00468
0.998464,0.995298,1.00468,0.986025
0.995385,0.995276,0.986025,1.00315
0.987635,0.985759,1.00315,1.00471
1.014085,1.016051,1.00471,0.96875
0.986111,0.977883,0.96875,0.995161
0.974961,0.98546,0.995161,0.998379
1.009631,1.003279,0.998379,1.00974
0.990461,0.996732,1.00974,1.001608
1.006421,1.011475,1.001608,1.008026
1.011164,1.004862,1.008026,0.985669
0.990536,0.98871,0.985669,0.948304
0.974522,0.955954,0.948304,1.011925
0.972222,0.998294,1.011925,1.0
1.006723,1.011966,1.0,0.991582
0.989983,0.993243,0.991582,0.983022
0.996627,0.981293,0.983022,0.993092
0.98308,0.994801,0.993092,0.982609
0.987952,0.965157,0.982609,1.00708
0.998258,1.01083,1.00708,0.977153
0.991274,0.991071,0.977153,1.0
0.989437,0.998198,1.0,1.016187
1.017794,1.009025,1.016187,0.99115
0.987762,0.996422,0.99115,0.989286
0.99115,0.987433,0.989286,1.001805
0.996429,1.003636,1.001805,1.018018
1.012545,1.005435,1.018018,0.99646
1.0,1.009009,0.99646,0.980462
0.99469,0.985714,0.980462,1.019928
1.005338,0.994565,1.019928,1.003552
1.012389,1.018215,1.003552,1.00354
0.998252,1.007156,1.00354,1.022928
1.015762,1.003552,1.022928,0.991379
0.996552,1.010619,0.991379,1.003478
1.015571,1.005254,1.003478,1.008666
1.003407,1.005226,1.008666,1.013746
1.001698,1.003466,1.013746,0.976271
0.991525,0.989637,0.976271,1.024306
1.017094,1.005236,1.024306,1.010169
1.006723,1.019097,1.010169,0.942953
0.974958,0.942078,0.942953,1.014235
0.97774,0.983725,1.014235,0.957895
1.0,1.001838,0.957895,0.97619
0.968476,0.968807,0.97619,1.026266
0.992767,1.003788,1.026266,0.957952
0.985428,0.984906,0.957952,1.024809
0.992606,0.982759,1.024809,1.039106
1.050279,1.050682,1.039106,0.982079
1.0,1.009276,0.982079,1.005474
0.991135,0.996324,1.005474,0.998185
0.989267,0.979705,0.998185,1.021818
1.034358,1.041431,1.021818,0.969751
0.982517,0.976492,0.969751,1.040367
1.014235,1.012963,1.040367,1.003527
1.014035,1.027422,1.003527,0.998243
0.99654,1.007117,0.998243,1.019366
1.017361,1.003534,1.019366,0.993092
0.986348,0.998239,0.993092,0.994783
0.99827,0.998236,0.994783,0.987762
1.001733,0.996466,0.987762,0.99292
0.989619,0.992908,0.99292,0.989305
0.986014,0.989286,0.989305,1.025225
1.010638,1.0,1.025225,1.01406
1.021053,1.01083,1.01406,0.998267
1.005155,1.017857,0.998267,1.010417
0.994872,1.005263,1.010417,0.998282
1.008591,1.010471,0.998282,1.006885
0.996593,0.994819,1.006885,0.974359
0.996581,0.989583,0.974359,0.991228
0.974271,0.977193,0.991228,0.99469
0.996479,1.005386,0.99469,0.962633
0.992933,0.966071,0.962633,0.987061
0.966192,0.981516,0.987061,1.003745
0.996317,1.003766,1.003745,1.007463
1.0,0.994371,1.007463,0.983333
1.007394,1.001887,0.983333,1.015066
0.990826,0.996234,1.015066,1.027829
1.040741,1.030246,1.027829,1.001805
0.992883,1.009174,1.001805,0.990991
0.996416,0.990909,0.990991,0.989091
0.992806,0.994495,0.989091,1.016544
1.005435,1.005535,1.016544,0.985533
0.998198,0.992661,0.985533,1.00367
0.98917,1.001848,1.00367,0.998172
1.005474,1.005535,0.998172,1.007326
1.005445,0.99633,1.007326,0.978182
0.99278,0.98895,0.978182,1.001859
0.981818,0.992551,1.001859,0.981447
0.996296,0.986867,0.981447,0.990548
0.983271,0.994297,0.990548,0.998092
0.994329,0.984704,0.998092,0.988528
0.992395,0.998058,0.988528,1.009671
1.001916,1.001946,1.009671,0.984674
0.988528,0.978641,0.984674,0.996109
0.996132,1.009921,0.996109,0.974609
1.01165,0.978389,0.974609,1.01002
0.971209,1.0,1.01002,0.998016
1.001976,1.004016,0.998016,0.998012
1.005917,1.004,0.998012,1.021912
1.009804,0.992032,1.021912,1.007797
1.009709,1.028112,1.007797,0.98646
0.994231,0.992188,0.98646,1.003922
1.003868,1.005906,1.003922,1.0
0.992293,0.994129,1.0,1.005859
1.001942,1.007874,1.005859,1.005825
1.023256,1.007812,1.005825,0.998069
0.982955,0.992248,0.998069,1.005803
1.009634,1.007812,1.005803,1.005769
1.013359,1.001938,1.005769,1.00956
1.003766,1.009671,1.00956,1.001894
0.996248,1.005747,1.001894,0.979206
0.996234,0.984762,0.979206,0.998069
0.982987,0.992263,0.998069,0.998066
1.0,0.998051,0.998066,0.996124
0.998077,1.003906,0.996124,0.998054
1.003854,0.994163,0.998054,0.992203
0.984645,0.982387,0.992203,0.994106
0.998051,1.003984,0.994106,1.003953
1.001953,1.003968,1.003953,1.019685
1.011696,1.005929,1.019685,1.015444
1.013487,1.015717,1.015444,1.013308
1.013308,1.011605,1.013308,1.007505
1.011257,1.00956,1.007505,0.996276
1.005566,1.007576,0.996276,0.992523
0.99262,0.996241,0.992523,1.024482
1.013011,1.00566,1.024482,0.988971
1.001835,1.003752,0.988971,1.013011
1.003663,1.005607,1.013011,0.990826
1.005474,1.001859,0.990826,1.007407
0.990926,0.994434,1.007407,1.058824
1.058608,1.022388,1.058824,1.013889
1.055363,1.029197,1.013889,0.998288
0.986885,1.024823,0.998288,1.008576
0.980066,1.00519,1.008576,1.006803
1.008475,1.001721,1.006803,1.006757
1.02521,1.0189,1.006757,1.010067
0.986885,1.0,1.010067,1.018272
1.023256,1.010118,1.018272,1.006525
1.025974,1.016694,1.006525,0.940032
0.963608,0.947455,0.940032,1.018966
0.973727,1.005199,1.018966,1.006768
1.015177,1.010345,1.006768,0.984874
0.988372,0.994881,0.984874,0.994881
1.001681,0.987993,0.994881,1.006861
0.993289,1.010417,1.006861,1.032368
1.028716,1.005155,1.032368,0.988449
0.996716,1.015385,0.988449,1.0
1.0,0.988215,1.0,1.003339
0.99341,1.013629,1.003339,0.993344
0.996683,0.993277,0.993344,0.9866
0.991681,0.989848,0.9866,0.981324
0.993289,0.981197,0.981324,1.020761
1.001689,0.998258,1.020761,0.994915
1.005059,1.019197,0.994915,1.037479
1.025168,0.998288,1.037479,1.027915
1.031097,1.042882,1.027915,1.0
0.998413,1.018092,1.0,1.01278
1.007949,1.0,1.01278,1.007886
1.018927,1.017771,1.007886,1.028169
1.026316,1.009524,1.028169,0.968037
0.986425,0.992138,0.968037,0.996855
0.980122,0.993661,0.996855,0.98265
1.00468,0.992026,0.98265,1.009631
0.979814,1.0,1.009631,0.99682
1.026941,1.006431,0.99682,1.035088
1.001543,0.998403,1.035088,1.010786
1.021572,1.0368,1.010786,0.98628
0.995475,0.993827,0.98628,1.035549
1.028788,0.987578,1.035549,0.973134
0.997054,1.022013,0.973134,0.986196
0.991137,0.983077,0.986196,1.031104
1.00149,1.004695,1.031104,0.950226
0.99256,0.975078,0.950226,0.992063
0.958021,0.995208,0.992063,0.9936
0.995305,0.985554,0.9936,1.008052
0.996855,1.009772,1.008052,0.93131
0.966877,0.924194,0.93131,1.003431
0.967374,1.005236,1.003431,0.988034
0.988196,0.987847,0.988034,0.986159
0.986348,1.0,0.986159,1.026316
1.017301,0.996485,1.026316,0.984615
0.994898,1.008818,0.984615,0.980903
0.979487,0.986014,0.980903,1.017699
1.008726,1.007092,1.017699,1.01913
1.015571,1.010563,1.01913,0.976109
1.0,0.993031,0.976109,0.998252
0.981261,0.985965,0.998252,1.017513
1.010417,1.010676,1.017513,1.0
1.008591,1.017606,1.0,1.003442
1.011925,0.991349,1.003442,0.994854
0.991582,1.008726,0.994854,1.010345
1.001698,0.99481,1.010345,0.993174
1.0,1.010435,0.993174,0.996564
0.991525,0.998279,0.996564,0.996552
1.011966,0.987931,0.996552,0.989619
0.97973,0.994764,0.989619,0.980769
0.987931,0.978947,0.980769,0.99287
0.982548,0.992832,0.99287,1.0
1.003552,1.00361,1.0,0.985637
0.989381,0.98741,0.985637,1.010929
1.0,1.003643,1.010929,1.030631
1.025045,1.00726,1.030631,1.003497
1.008726,1.021622,1.003497,1.001742
1.0,1.0,1.001742,0.993043
0.99827,1.003527,0.993043,1.003503
0.998267,0.998243,1.003503,0.994764
0.998264,0.996479,0.994764,1.008772
1.012174,1.014134,1.008772,1.01913
1.012027,0.998258,1.01913,1.011945
1.010187,1.020942,1.011945,1.0
1.011765,1.010256,1.0,0.991568
0.993355,0.984772,0.991568,0.998299
0.989967,1.005155,0.998299,1.001704
1.003378,1.001709,1.001704,0.988095
0.993266,0.986348,0.988095,1.024096
1.010169,1.019031,1.024096,1.001681
1.005034,1.005093,1.001681,0.998322
0.998331,0.998311,0.998322,0.996639
1.001672,0.996616,0.996639,1.001686
0.993322,0.994907,1.001686,0.922559
0.951261,0.930034,0.922559,0.994526
0.973498,0.992661,0.994526,0.987156
0.990926,0.990758,0.987156,1.009294
0.998168,1.007463,1.009294,1.007366
1.00367,0.998148,1.007366,1.016453
1.021938,1.005566,1.016453,1.007194
1.003578,1.020295,1.007194,0.9875
1.001783,1.0,0.9875,0.992767
0.987544,0.98915,0.992767,1.0
1.009009,1.001828,1.0,0.989071
0.983929,0.983577,0.989071,1.003683
0.990926,1.003711,1.003683,1.011009
1.012821,1.007394,1.011009,1.00363
1.0,1.00367,1.00363,0.994575
0.994575,0.998172,0.994575,0.989091
1.0,0.996337,0.989091,1.009191
1.003636,0.998162,1.009191,0.998179
0.998188,1.005525,0.998179,0.989051
0.99637,0.989011,0.989051,0.976015
0.974499,0.974074,0.976015,0.988658
0.990654,0.990494,0.988658,0.965583
0.977358,0.959693,0.965583,1.007921
0.992278,1.008,1.007921,1.0
1.0,1.007937,1.0,0.990177
0.998054,0.990157,0.990177,1.013889
0.996101,1.003976,1.013889,0.988258
0.992172,0.99604,0.988258,1.00396
1.013807,1.005964,1.00396,0.996055
0.984436,0.980237,0.996055,0.99604
1.003953,1.014113,0.99604,1.021869
1.01378,1.003976,1.021869,1.0
1.017476,1.015842,1.0,1.0
0.984733,0.994152,1.0,1.001946
1.0,0.998039,1.001946,1.0
1.003876,1.007859,1.0,1.021359
1.025097,0.996101,1.021359,1.005703
1.013183,1.031311,1.005703,1.007561
1.0,1.001898,1.007561,0.998124
0.998141,1.001894,0.998124,0.986842
0.996276,0.986767,0.986842,1.032381
1.020561,1.005747,1.032381,0.99631
0.998168,1.020952,0.99631,1.009259
1.0,1.001866,1.009259,0.998165
1.014679,1.009311,0.998165,0.996324
0.987342,0.994465,0.996324,1.005535
1.001832,1.001855,1.005535,1.0
0.998172,0.998148,1.0,1.005505
1.012821,1.007421,1.005505,1.00365
0.996383,1.003683,1.00365,1.001818
1.027223,1.009174,1.001818,0.976407
0.973498,0.974545,0.976407,1.003717
0.998185,1.003731,1.003717,1.0
0.985455,0.996283,1.0,0.97963
0.99631,0.98694,0.97963,0.996219
0.983333,0.986767,0.996219,0.994307
0.996234,0.998084,0.994307,0.98855
0.990548,0.992322,0.98855,0.998069
0.994275,0.996132,0.998069,1.005803
1.007678,1.0,1.005803,0.992308
1.0,1.0,0.992308,1.005814
0.994286,0.996117,1.005814,1.001927
1.0,1.003899,1.001927,1.007692
1.005747,1.009709,1.007692,1.005725
1.005714,1.0,1.005725,1.009488
1.015152,1.013462,1.009488,0.996241
0.994403,1.003795,0.996241,0.983019
1.0,0.982987,0.983019,0.998081
0.981238,0.992308,0.998081,0.986538
1.0,0.994186,0.986538,1.005848
0.988528,0.996101,1.005848,1.003876
1.001934,0.998043,1.003876,0.996139
1.0,1.005882,0.996139,1.003876
1.0,1.0,1.003876,1.005792
1.005792,1.003899,1.005792,1.003839
1.005758,1.007767,1.003839,0.986616
1.0,0.992293,0.986616,1.007752
1.001908,1.001942,1.007752,0.996154
0.990476,0.998062,0.996154,1.003861
1.003846,0.998058,1.003861,0.994231
1.0,1.001946,0.994231,1.01354
1.005747,1.0,1.01354,1.005725
1.005714,1.01165,1.005725,1.001898
1.001894,1.005758,1.001898,0.99053
1.003781,0.996183,0.99053,0.969407
0.983051,0.969349,0.969407,1.005917
0.978927,1.0,1.005917,0.992157
1.0,0.998024,0.992157,0.998024
0.994129,0.99604,0.998024,0.990099
0.994094,0.992048,0.990099,1.006
0.99802,0.995992,1.006,1.00994
1.007937,1.008048,1.00994,1.001969
1.015748,1.00998,1.001969,1.001965
0.99031,0.998024,1.001965,1.007843
1.017613,1.009901,1.007843,1.044747
1.034615,1.007843,1.044747,0.977654
0.994424,1.021401,0.977654,0.994286
0.985047,0.988571,0.994286,0.990421
0.99241,0.992293,0.990421,1.005803
0.996176,1.0,1.005803,0.994231
1.001919,1.0,0.994231,1.001934
0.994253,0.998058,1.001934,0.992278
1.0,0.996109,0.992278,1.007782
1.0,1.005859,1.007782,1.0
1.0,1.0,1.0,1.013514
1.013487,1.003883,1.013514,0.990476
0.994297,1.001934,0.990476,1.003846
1.0,1.001931,1.003846,0.988506
0.996176,0.990366,0.988506,1.013566
1.007678,1.007782,1.013566,1.005736
1.00381,1.003861,1.005736,1.011407
1.018975,1.007692,1.011407,0.99812
1.0,1.01145,0.99812,1.015066
1.009311,1.001887,1.015066,0.996289
1.0,1.007533,0.996289,0.977654
0.99262,0.97757,0.977654,1.017143
0.998141,1.001912,1.017143,0.990637
0.996276,1.007634,0.990637,1.011342
1.0,1.0,1.011342,1.013084
1.033645,1.011364,1.013084,1.02214
1.01085,1.003745,1.02214,0.998195
