0.985825,0.985459,1.003963,1.000658
1.011111,1.01006,1.000658,0.953978
0.98384,0.956175,0.953978,1.014473
0.968463,0.99375,1.014473,1.031929
1.046133,1.018868,1.031929,1.025675
1.014916,1.029492,1.025675,0.973684
0.991693,1.005996,0.973684,1.021753
1.001933,1.004636,1.021753,1.019355
1.022508,1.017139,1.019355,1.006962
1.003774,1.011666,1.006962,0.984287
0.99812,1.001281,0.984287,0.955939
0.982423,0.957134,0.955939,1.012692
0.980831,1.001337,1.012692,0.96372
0.985016,0.952603,0.96372,1.006845
0.973545,1.012614,1.006845,1.0
1.006793,0.986851,1.0,1.008158
1.018893,1.018934,1.008158,1.064059
1.071523,1.035788,1.064059,1.023447
1.019778,1.027907,1.023447,1.001858
0.987273,1.014867,1.001858,0.966625
1.008594,0.994268,0.966625,0.987852
0.955569,0.942345,0.987852,0.994175
0.998089,1.031951,0.994175,0.969401
0.975112,0.955863,0.969401,0.985225
0.981021,1.00827,0.985225,1.017042
0.997332,1.002734,1.017042,1.024129
1.023411,1.019087,1.024129,0.998691
1.006536,1.014047,0.998691,1.013761
1.007792,1.005937,1.013761,0.989657
1.001933,1.001967,0.989657,1.018942
1.003859,0.988874,1.018942,1.011538
1.017297,1.026473,1.011538,1.003169
1.002519,1.01225,1.003169,1.058117
1.063442,1.00828,1.058117,1.025075
1.032487,1.060013,1.025075,1.008736
1.001144,1.002384,1.008736,1.058891
1.085714,1.034483,1.058891,0.950382
0.973158,0.99023,0.950382,0.991968
0.961601,0.987232,0.991968,1.039907
1.015186,1.017049,1.039907,0.983315
1.004432,1.018497,0.983315,1.006222
1.01048,0.994892,1.006222,0.971894
0.982533,0.977182,0.971894,0.972817
0.971111,0.980736,0.972817,1.007729
0.991419,0.991071,1.007729,1.013569
0.994807,1.012012,1.013569,1.038999
1.038283,1.021365,1.038999,0.996639
1.010615,1.020337,0.996639,1.005059
0.994472,1.002278,1.005059,1.007271
1.010561,1.011364,1.007271,0.973348
0.9956,0.983708,0.973348,1.0
0.979558,0.997144,1.0,0.966343
0.98872,0.968499,0.966343,1.058442
1.026241,1.005914,1.058442,1.002789
1.005559,1.039389,1.002789,0.967186
0.968491,0.966063,0.967186,0.99655
1.001712,1.007026,0.99655,1.006924
0.997151,1.005814,1.006924,0.991404
0.999429,0.997688,0.991404,0.99711
0.998285,0.991309,0.99711,1.006957
0.997136,1.003507,1.006957,0.986183
0.996554,0.995341,0.986183,1.005838
0.997118,0.994734,1.005838,0.983749
0.999422,0.994118,0.983749,1.041888
1.028918,1.004142,1.041888,0.998867
1.001124,1.025928,0.998867,0.975057
0.992701,0.982194,0.975057,1.005814
0.996606,0.991813,1.005814,0.933526
0.977866,0.951061,0.933526,1.0
1.0,1.0,1.0,1.1
1.031341,1.046497,1.1,1.071469
1.097355,1.052725,1.071469,0.96166
0.972821,1.023073,0.96166,0.997269
0.985767,0.994499,0.997269,0.958379
0.983957,0.951327,0.958379,1.077714
1.042935,0.993023,1.077714,0.972959
1.005732,1.071429,0.972959,0.967302
0.946114,0.942623,0.967302,1.003944
0.993976,0.991884,1.003944,1.062851
1.044628,1.019871,1.062851,0.998944
1.043249,1.071633,0.998944,1.005285
0.990394,0.972193,1.005285,0.900105
0.988259,0.941694,0.900105,0.918224
0.9,0.903037,0.918224,0.909033
0.900693,0.915265,0.909033,1.078376
1.005128,0.990106,1.078376,0.990915
1.016582,1.070664,0.990915,0.927308
0.953576,0.938,0.927308,1.032486
0.972368,0.975835,1.032486,1.016416
1.040595,1.042243,1.016416,0.969717
0.985696,1.002096,0.969717,1.036086
1.0,0.961646,1.036086,1.066309
1.059367,1.1,1.066309,1.001256
1.014321,1.015789,1.001256,0.984944
0.989564,0.990933,0.984944,1.043312
1.032878,1.014379,1.043312,1.029915
1.028829,1.057345,1.029915,0.984588
1.015178,1.009141,0.984588,0.991571
0.963197,0.93599,0.991571,0.983607
0.991045,1.005806,0.983607,0.998765
1.01506,1.032713,0.998765,0.998764
0.973294,0.981988,0.998764,1.006807
1.006098,0.986717,1.006807,0.988322
0.996364,1.007692,0.988322,1.034204
1.012165,1.024173,1.034204,0.99098
1.002404,1.01677,0.99098,1.019417
1.018585,1.003054,1.019417,0.9875
1.009417,1.009744,0.9875,0.922242
0.968513,0.916767,0.922242,1.019608
0.948224,0.993421,1.019608,1.008333
1.020952,1.02649,1.008333,0.997457
0.991294,1.000645,0.997457,0.992989
0.993099,0.996776,0.992989,0.964056
0.987366,0.970246,0.964056,0.974035
0.970569,0.973333,0.974035,0.932331
0.97561,0.930822,0.932331,0.964076
0.92027,0.941869,0.964076,1.002281
0.98091,1.014062,1.002281,0.982549
0.980539,0.937596,0.982549,0.931274
0.969466,0.983566,0.931274,1.1
1.044882,1.005013,1.1,1.040693
1.051997,1.088113,1.040693,0.993483
1.008596,1.033613,0.993483,1.030612
1.017756,0.985218,1.030612,1.014851
1.015352,1.060765,1.014851,1.006272
1.01512,0.965347,1.006272,0.992382
0.992552,1.042491,0.992382,0.96441
0.988404,0.970485,0.96441,0.984805
0.953761,0.966691,0.984805,1.03086
1.01809,0.999251,1.03086,1.013542
1.023454,1.04048,1.013542,1.047117
1.047917,1.019452,1.047117,1.014775
1.013917,1.038163,1.014775,0.996691
0.996732,1.010892,0.996691,1.012616
1.013115,1.014141,1.012616,1.019016
1.026537,0.9834,1.019016,1.007079
0.997478,1.033086,1.007079,0.990415
0.996839,1.006536,0.990415,1.017419
1.011414,1.001299,1.017419,1.005707
0.996865,1.015564,1.005707,0.964061
1.004403,0.973819,0.964061,1.019621
0.981215,0.99082,1.019621,1.017319
1.027441,1.032429,1.017319,1.029004
1.020497,1.005128,1.029004,1.000613
1.006086,1.026786,1.000613,0.949173
0.99395,0.961491,0.949173,1.011613
0.960438,0.99031,1.011613,1.000638
1.01711,1.005871,1.000638,1.020395
1.001246,1.006485,1.020395,1.023735
1.026758,1.037371,1.023735,1.016473
1.020606,1.013665,1.016473,1.003001
1.004157,1.000613,1.003001,1.023938
1.03903,1.02327,1.023938,0.966102
0.97325,0.983244,0.966102,1.010889
0.992398,1.001826,1.010889,1.002394
0.995875,1.008505,1.002394,1.008358
1.040237,1.006024,1.008358,1.016578
0.989761,1.008982,1.016578,0.993593
0.994253,0.98635,0.993593,1.1
1.084971,1.058363,1.1,1.1
1.1,1.1,1.1,1.046489
1.1,1.046269,1.046489,1.01342
1.011884,1.026629,1.01342,1.035616
1.030013,0.996295,1.035616,0.9
0.945524,0.948861,0.9,1.021068
0.945511,0.992161,1.021068,1.049424
1.059046,1.007901,1.049424,0.998628
0.999108,1.038707,0.998628,1.006868
1.016071,1.013679,1.006868,1.030014
1.02768,1.027455,1.030014,0.975717
0.967507,0.995924,0.975717,0.940271
0.972161,0.939063,0.940271,0.98845
0.963636,0.958838,0.98845,0.965433
0.96934,0.988889,0.965433,1.00353
0.978589,0.967824,1.00353,1.017588
1.012929,1.038522,1.017588,1.039012
1.04271,1.030488,1.039012,0.984316
1.029661,1.009862,0.984316,0.984549
0.967535,0.986816,0.984549,1.035802
1.001418,0.992083,1.035802,1.022254
1.052383,1.06783,1.022254,0.965725
0.990583,0.971042,0.965725,1.006715
0.963332,0.976431,1.006715,0.979514
0.986842,0.985222,0.979514,0.942121
0.986667,0.955,0.942121,1.006195
0.962355,0.982199,1.006195,0.930221
0.992979,0.96162,0.930221,1.099835
1.007071,1.018847,1.099835,1.028084
1.070712,1.072361,1.028084,1.048293
1.035129,1.020294,1.048293,1.1
1.069683,1.051218,1.1,1.041032
1.099408,1.1,1.041032,1.045104
1.019238,1.016878,1.045104,0.990669
1.018875,1.024481,0.990669,1.05887
1.033346,1.022681,1.05887,1.1
1.064181,1.057426,1.1,1.1
1.1,1.1,1.1,0.91853
1.040429,0.989084,0.91853,0.921641
0.9,0.904013,0.921641,1.079957
1.0033,1.006289,1.079957,0.960469
0.982237,1.040074,0.960469,0.993373
0.967515,0.975256,0.993373,0.997191
1.011076,1.015223,0.997191,1.073944
1.061623,1.017494,1.073944,0.963934
1.019026,1.030877,0.963934,0.969048
0.955696,0.953029,0.969048,1.011232
0.966887,0.99,1.011232,0.900035
0.986644,0.935426,0.900035,0.939838
0.9,0.90243,0.939838,1.085761
1.047059,1.045299,1.085761,1.022676
1.033333,1.055192,1.022676,0.992239
0.996738,1.006587,0.992239,0.946741
0.970909,0.95766,0.946741,1.062549
1.034457,1.001206,1.062549,0.997038
0.988414,1.056604,0.997038,0.992573
1.0,1.00114,0.992573,1.005986
1.011355,1.001898,1.005986,1.017479
1.015212,0.94697,1.017479,1.020102
1.016411,1.0604,1.020102,1.022931
1.037557,1.061863,1.022931,1.009457
0.984438,0.987567,1.009457,0.977793
1.005155,0.992806,0.977793,0.971966
0.952137,0.96087,0.971966,0.987952
1.004309,1.016214,0.987952,0.953437
0.96103,0.957328,0.953437,1.051163
1.032366,0.979845,1.051163,1.026549
1.019099,1.068038,1.026549,1.014009
1.010255,1.033333,1.014009,1.005668
1.011901,1.004659,1.005668,0.979218
0.985818,0.988227,0.979218,1.002878
0.992982,0.994585,1.002878,0.973099
0.996466,0.950998,0.973099,0.993365
0.970567,1.016031,0.993365,1.001113
1.009499,1.007889,1.001113,0.964789
0.976113,0.96161,0.964789,0.993469
0.981461,0.994186,0.993469,0.949729
0.997355,0.937622,0.949729,0.957248
0.926894,0.960083,0.957248,1.034028
0.99387,1.022087,1.034028,1.000823
1.01028,1.006356,1.000823,1.069051
1.076516,1.026526,1.069051,1.003076
0.994329,1.050451,1.003076,0.988501
0.994297,0.99141,0.988501,0.998837
1.001912,1.001969,0.998837,0.967391
0.974809,0.978774,0.967391,0.951043
0.978465,0.943775,0.951043,0.98481
0.946779,0.976596,0.98481,1.015853
1.017751,1.020479,1.015853,0.986082
0.995847,0.99573,0.986082,0.964072
0.978732,0.964837,0.964072,0.967613
0.960375,0.943111,0.967613,0.997707
0.980923,1.017908,0.997707,1.04136
1.03573,1.00463,1.04136,0.94263
0.986463,0.983871,0.94263,1.00515
0.960602,0.978454,1.00515,0.933395
0.991244,0.951652,0.933395,0.974052
0.933984,0.970322,0.974052,1.028176
1.004978,1.011923,1.028176,1.040359
1.051511,1.00666,1.040359,1.029693
1.018841,1.049873,1.029693,1.012558
1.010633,1.022782,1.012558,1.048691
1.07731,1.031754,1.048691,0.959264
0.961783,1.001837,0.959264,1.030594
1.004415,0.981201,1.030594,1.014621
1.037802,1.051402,1.014621,1.023144
1.004659,1.008889,1.023144,1.02134
1.04258,1.026872,1.02134,1.036356
1.006874,1.016731,1.036356,1.012903
1.070281,1.059072,1.012903,1.017118
0.971857,0.98008,1.017118,1.005088
0.996911,1.018293,1.005088,0.982087
1.037568,1.00519,0.982087,0.995242
0.951474,0.9722,0.995242,1.003984
1.020008,1.004493,1.003984,0.986111
0.971154,0.997153,0.986111,1.026962
1.017822,1.004078,1.026962,1.028997
1.035019,1.037774,1.028997,0.98134
0.990602,0.998043,0.98134,1.004657
1.01518,1.003922,1.004657,1.007339
0.980187,1.003906,1.007339,1.016104
1.01373,0.999222,1.016104,1.010189
1.030098,1.02609,1.010189,0.983937
0.983199,0.998102,0.983937,0.96735
0.976226,0.967681,0.96735,0.973705
0.976027,0.971316,0.973705,0.979444
0.967641,0.968447,0.979444,1.02716
1.014907,0.994152,1.02716,1.048478
1.055181,1.042017,1.048478,0.964463
0.981189,1.012903,0.964463,1.005547
0.994632,1.007564,1.005547,1.003546
0.99653,0.994864,1.003546,0.983903
0.991103,0.980937,0.983903,1.003591
0.983607,1.0,1.003591,0.992048
1.023016,1.009312,0.992048,1.007615
0.989139,0.991175,1.007615,0.997613
1.0,1.007689,0.997613,1.017943
1.03098,0.996386,1.017943,0.971406
0.980601,0.991536,0.971406,0.9625
0.973623,0.961789,0.9625,0.981986
0.96255,0.972527,0.981986,1.030717
1.007036,1.003911,1.030717,0.978891
0.989725,1.012987,0.978891,1.00296
1.004568,1.009402,1.00296,0.98946
0.994212,0.988992,0.98946,0.975714
0.975468,0.96661,0.975714,0.991266
0.974425,0.9876,0.991266,0.994714
1.000875,1.010762,0.994714,0.999114
0.993881,0.988465,0.999114,0.976064
0.993843,0.976212,0.976064,0.974569
0.968584,0.982989,0.974569,1.035881
1.021928,1.00608,1.035881,1.007197
1.008046,1.02278,1.007197,0.980795
0.988914,0.995455,0.980795,0.968579
0.983408,0.968037,0.968579,0.984015
0.987232,0.983491,0.984015,0.956044
0.978291,0.946763,0.956044,1.003498
0.970255,1.015198,1.003498,1.036355
1.013139,0.993513,1.036355,1.008169
1.013929,1.03114,1.008169,1.002383
1.037423,1.013151,1.002383,0.976224
0.948858,0.966346,0.976224,1.018997
1.018768,0.995522,1.018997,1.007648
1.006141,1.035482,1.007648,1.02277
1.014085,1.01834,1.02277,0.993043
1.00463,1.003791,0.993043,0.957496
0.981106,0.967894,0.957496,1.006341
0.974636,0.97561,1.006341,0.980611
0.992771,1.01,0.980611,0.994068
0.992718,0.980198,0.994068,1.012432
1.025428,1.009091,1.012432,0.982809
0.97711,0.996997,0.982809,1.017991
1.015129,1.01255,1.017991,0.957781
0.972596,0.966782,0.957781,1.023065
1.000989,0.962564,1.023065,1.0
1.0,1.0,1.0,0.963928
0.995556,1.024507,0.963928,0.945426
0.949405,0.944358,0.945426,0.954371
0.948276,0.954846,0.954371,1.019585
0.980165,0.992503,1.019585,1.016949
1.026419,1.020337,1.016949,1.0
1.005476,0.992027,1.0,1.01
0.999455,1.029851,1.01,1.030803
1.027248,1.008919,1.030803,1.004269
1.018568,1.035912,1.004269,0.96068
0.983333,0.962133,0.96068,0.997788
0.957627,0.970621,0.997788,0.9
0.9,0.9,0.9,1.005011
1.008523,1.005922,1.005011,0.979345
0.992958,1.011038,0.979345,1.1
1.07305,0.977438,1.1,0.966953
1.042961,1.079672,0.966953,0.976077
0.923321,0.966897,0.976077,0.989496
0.98696,0.970756,0.989496,1.060863
1.069541,1.025716,1.060863,1.02068
0.998049,1.026504,1.02068,1.020915
1.061889,1.046755,1.020915,1.014085
0.998773,1.034667,1.014085,0.998737
1.001229,1.008376,0.998737,0.967762
0.972393,0.977636,0.967762,1.022861
0.996845,1.001307,1.022861,1.021073
1.032911,1.01893,1.021073,1.086929
1.071691,1.03075,1.086929,0.989068
0.993139,1.049099,0.989068,1.00349
1.000576,0.990521,1.00349,0.992464
1.006904,1.019737,0.992464,0.98715
0.986286,0.980645,0.98715,1.064497
1.054461,1.013158,1.064497,1.012229
1.016484,1.034238,1.012229,1.061505
1.059459,1.027968,1.061505,0.996896
0.994388,1.048306,0.996896,0.992735
0.984607,0.996822,0.992735,0.983795
1.015112,0.990967,0.983795,0.955898
0.952772,0.957641,0.955898,0.988883
0.995151,0.986562,0.988883,0.994941
0.983757,0.990352,0.994941,1.010169
0.988442,1.00745,1.010169,0.941834
0.995546,0.947099,0.941834,1.025534
0.980425,1.0,1.025534,1.015634
1.008557,1.027027,1.015634,1.002281
1.003394,1.005848,1.002281,0.964733
1.001127,0.982558,0.964733,1.011203
0.975788,1.006509,1.011203,0.968513
0.980958,0.95826,0.968513,0.994582
0.987647,1.0,0.994582,1.011501
1.004765,1.016564,1.011501,0.970078
0.976882,0.947495,0.970078,0.916718
0.975121,0.942038,0.916718,1.1
1.017424,0.960784,1.1,1.09052
1.1,1.1,1.09052,1.015143
1.014452,1.015294,1.015143,1.00884
1.028493,1.034762,1.00884,1.015334
1.001598,1.0028,1.015334,1.021036
1.042553,1.044109,1.021036,0.987322
0.984694,0.991444,0.987322,1.020332
1.020725,1.00863,1.020332,1.00839
0.981218,0.985027,1.00839,0.937598
1.003621,0.963084,0.937598,1.099834
1.022165,1.02593,1.099834,1.026223
1.059002,1.076923,1.026223,1.007862
0.987619,1.011224,1.007862,1.060458
1.079074,1.019677,1.060458,1.00046
0.99017,1.059377,1.00046,0.960018
0.988267,0.966838,0.960018,0.980852
0.957991,0.969565,0.980852,0.976574
0.989514,0.989537,0.976574,1.022489
1.02264,1.00856,1.022489,0.991691
0.965144,0.979531,0.991691,1.023657
1.036603,1.019368,1.023657,1.013481
1.012241,1.0,1.013481,1.025178
1.04093,1.0355,1.025178,0.962929
0.983021,0.9831,0.962929,0.947064
0.922273,0.963163,0.947064,1.037602
1.009857,0.984192,1.037602,0.977473
1.009761,1.032642,0.977473,0.985972
0.9855,0.979428,0.985972,0.955793
0.957822,0.962602,0.955793,1.061669
1.023554,0.990953,1.061669,1.037056
1.06003,1.053169,1.037056,0.978754
0.990562,1.031107,0.978754,1.02812
0.999047,0.974283,1.02812,0.996641
1.008584,1.044162,0.996641,0.986519
1.019385,0.982985,0.986519,0.983895
0.987013,0.984174,0.983895,0.945437
0.928571,0.955276,0.945437,1.000525
0.986842,0.970016,1.000525,0.997902
1.009744,1.020065,0.997902,0.95113
1.00965,0.917065,0.95113,1.061878
0.96831,0.985507,1.061878,1.005203
1.023377,1.1,1.005203,1.055901
1.040609,1.02386,1.055901,1.005392
1.018537,1.047126,1.005392,0.954656
0.993774,0.966864,0.954656,0.994382
0.97494,0.958568,0.994382,0.979969
0.9565,0.985059,0.979969,0.918239
0.966408,0.93987,0.918239,1.030822
0.972727,0.982709,1.030822,1.020487
1.033535,1.044575,1.020487,0.98752
0.994681,1.016844,0.98752,0.982418
0.987701,0.971839,0.982418,1.052013
1.020574,1.03125,1.052013,1.028177
1.044032,1.021488,1.028177,1.004654
0.995427,1.018339,1.004654,1.013896
1.008678,0.985169,1.013896,0.985787
1.021255,1.041398,0.985787,0.999485
0.984638,0.99174,0.999485,0.995878
0.991444,1.000521,0.995878,0.980341
0.993401,0.983351,0.980341,1.014776
0.983137,0.969841,1.014776,0.964639
0.989605,1.00982,0.964639,1.016712
1.01313,0.997299,1.016712,1.031283
1.020218,1.026544,1.031283,1.021594
1.026423,1.023747,1.021594,0.97383
0.989109,0.992784,0.97383,0.992765
0.983483,0.988577,0.992765,0.967725
0.97659,0.966387,0.967725,0.998924
0.973945,0.984783,0.998924,1.002693
1.0,1.003863,1.002693,0.987648
1.00321,1.009346,0.987648,0.982055
0.978133,0.964052,0.982055,0.981728
0.996183,0.99435,0.981728,0.988156
0.979748,0.988636,0.988156,1.037671
1.016201,1.010345,1.037671,0.957646
0.998351,0.978385,0.957646,1.024698
1.009361,1.031977,1.024698,0.969731
0.967812,0.967324,0.969731,0.949711
0.974634,0.95399,0.949711,1.006086
0.965876,0.999389,1.006086,0.992136
0.997006,0.99267,0.992136,0.99878
1.006006,0.978462,0.99878,0.98779
0.985075,1.008176,0.98779,0.994438
0.99697,1.001248,0.994438,0.963331
0.977508,0.960125,0.963331,0.993548
0.981343,0.993511,0.993548,0.994156
0.99493,0.966688,0.994156,1.00196
0.99172,0.985135,1.00196,0.990222
0.982017,0.999314,0.990222,1.004608
1.012426,1.030199,1.004608,0.949541
1.001292,0.964024,0.949541,0.982747
0.941935,0.943331,0.982747,0.996489
0.993151,1.026374,0.996489,0.966173
0.996552,0.977159,0.966173,0.984683
0.955017,0.96859,0.984683,1.025926
1.027536,0.998492,1.025926,1.001444
0.990127,1.030211,1.001444,1.069214
1.068376,1.016862,1.069214,0.977748
0.993333,1.04398,0.977748,0.958621
0.98255,0.95511,0.958621,1.056835
1.004098,0.989877,1.056835,1.04629
1.046939,1.06282,1.04629,1.032531
1.036387,1.039863,1.032531,1.0
1.006897,1.029742,1.0,1.017643
1.024284,1.001926,1.017643,0.963467
0.999392,0.9795,0.963467,0.955013
0.959246,0.970569,0.955013,1.094886
1.036779,0.997305,1.094886,0.994468
1.039755,1.075676,0.994468,1.014833
0.976471,1.0,1.014833,1.007917
1.001807,1.013191,1.007917,0.992749
1.007817,1.013639,0.992749,1.099817
1.078162,1.029358,1.099817,0.988932
1.001107,1.046346,0.988932,1.012311
1.001106,1.005679,1.012311,1.001658
1.003865,1.003388,1.001658,0.998896
1.014301,1.009567,0.998896,0.974586
0.976139,0.972687,0.974586,1.047052
1.034444,1.0,1.047052,0.974553
0.992481,1.030946,0.974553,0.991111
0.99026,0.97721,0.991111,1.011211
1.0,0.995449,1.011211,0.987805
0.983607,1.001714,0.987805,1.01459
1.011111,1.002852,1.01459,1.022124
1.041758,1.019909,1.022124,0.99513
0.994726,1.016174,0.99513,0.990756
0.995758,0.998353,0.990756,1.017563
0.987753,0.990104,1.017563,1.009169
1.013477,1.019989,1.009169,1.006414
1.042553,1.024496,1.006414,1.002655
0.965816,0.988842,1.002655,1.0
1.030111,1.013971,1.0,0.98464
0.970769,0.971913,0.98464,0.997848
1.000528,1.004362,0.997848,0.994609
0.9868,0.995114,0.994609,1.019512
1.010701,1.012002,1.019512,0.99362
1.010058,1.003774,0.99362,0.968432
0.976415,0.966702,0.968432,0.983425
0.970478,0.983333,0.983425,1.055618
1.060288,1.017514,1.055618,1.047366
1.035472,1.036091,1.047366,1.000508
1.012091,1.040729,1.000508,1.012189
0.998009,0.991761,1.012189,0.972403
1.054863,0.999481,0.972403,1.001548
0.933806,0.982338,1.001548,1.024214
1.012658,0.996827,1.024214,1.015091
1.0245,1.039788,1.015091,0.968781
0.980966,0.993878,0.968781,1.035294
1.016418,1.005133,1.035294,0.979249
0.988742,0.996425,0.979249,0.968718
0.979208,0.976422,0.968718,0.984375
0.978261,0.973753,0.984375,1.006349
1.006718,1.023181,1.006349,0.952681
0.967146,0.952582,0.952681,0.998344
0.974522,0.979535,0.998344,0.988391
0.993464,0.984754,0.988391,1.057047
1.037829,1.026376,1.057047,1.013757
1.02747,1.054749,1.013757,0.982777
0.994859,0.995763,0.982777,1.013808
0.98708,0.957979,1.013808,0.990047
0.998429,1.034425,0.990047,1.020106
1.014683,1.008588,1.020106,1.062241
1.090439,1.042044,1.062241,0.995605
0.97346,1.0143,0.995605,0.960765
0.996592,0.984894,0.960765,1.030628
0.994138,1.003579,1.030628,0.988608
1.023587,1.013245,0.988608,1.002004
0.963034,0.991956,1.002004,0.9705
1.000997,0.978206,0.9705,1.004122
0.98008,0.974093,1.004122,1.017445
1.011687,1.021277,1.017445,0.972264
0.98443,0.995833,0.972264,1.001556
1.007143,1.00523,1.001556,1.051269
1.063323,1.015609,1.051269,1.015764
0.997141,1.025615,1.015764,1.036372
1.040612,1.017982,1.036372,1.023865
1.024334,1.030913,1.023865,1.025594
1.019274,1.031414,1.025594,0.946524
0.986368,0.978772,0.946524,1.061676
1.012037,0.996228,1.061676,1.005322
1.03348,1.043067,1.005322,0.979709
0.995737,1.002269,0.979709,1.089149
1.045805,0.966501,1.089149,0.984291
1.009415,1.098829,0.984291,0.971441
0.959043,0.962063,0.971441,1.0
1.0,1.0,1.0,1.054042
1.052431,1.027027,1.054042,1.006563
1.004419,1.028041,1.006563,0.980033
1.0152,0.98825,0.980033,0.997921
0.970843,1.002123,0.997921,0.964167
0.988231,0.966525,0.964167,0.9879
0.948665,0.960105,0.9879,1.047682
1.048052,1.03242,1.047682,0.990397
0.99463,1.04467,0.990397,0.991568
0.998339,0.988569,0.991568,1.037415
1.032446,1.010707,1.037415,0.97541
0.998388,1.00678,0.97541,0.993697
0.984665,0.979798,0.993697,0.998309
0.986885,0.993127,0.998309,0.968234
1.002492,0.986159,0.968234,0.961942
0.956504,0.958333,0.961942,1.048658
1.004764,1.006407,1.048658,0.980052
0.990517,1.021373,0.980052,1.014159
1.010879,1.0,1.014159,0.969895
0.989238,0.985307,0.969895,0.989204
0.980418,0.973791,0.989204,1.014097
1.000444,1.025986,1.014097,0.986099
0.994676,0.990502,0.986099,1.012733
1.009813,1.009132,1.012733,1.013471
1.000883,1.0,1.013471,0.957466
0.990733,0.976018,0.957466,0.975474
0.964365,0.967084,0.975474,0.976755
0.983372,0.982742,0.976755,0.973288
0.976984,0.973171,0.973288,1.035928
1.0,0.996491,1.035928,1.024085
1.037981,1.039235,1.024085,0.98777
0.987494,1.001936,0.98777,1.008571
1.00469,1.010145,1.008571,0.965534
0.980392,0.95648,0.965534,1.07335
1.056667,1.0,1.07335,0.990888
1.017125,1.075,0.990888,1.016552
0.992911,1.002326,1.016552,1.011759
1.003124,1.000464,1.011759,1.028163
1.055605,1.024583,1.028163,0.996087
0.986094,1.014939,0.996087,0.969446
0.990598,0.985281,0.969446,1.015759
0.974116,0.958805,1.015759,0.988475
0.998229,1.024551,0.988475,1.00583
1.013753,1.000922,1.00583,0.992867
1.0,1.018416,0.992867,0.979344
0.984245,0.981465,0.979344,0.986245
0.977768,0.985721,0.986245,0.980474
0.993179,0.984112,0.980474,0.985301
0.979853,0.982906,0.985301,0.961501
0.984112,0.962319,0.961501,0.954454
0.959164,0.947791,0.954454,0.976403
0.94802,0.979873,0.976403,1.046187
1.032898,1.007568,1.046187,0.967146
0.982811,0.996781,0.967146,1.024947
0.99537,1.006997,1.024947,1.061108
1.070284,1.022448,1.061108,1.001952
1.007243,1.060115,1.001952,0.9849
1.000959,0.99211,0.9849,1.017804
0.993774,0.989066,1.017804,0.97862
0.990361,1.005528,0.97862,0.959782
0.982968,0.963518,0.959782,0.997931
0.962871,0.962656,0.997931,0.978745
0.990746,1.010237,0.978745,1.010593
1.002595,1.0,1.010593,1.009958
0.998965,0.994667,1.009958,1.008822
1.01399,1.009115,1.008822,1.003601
1.008176,1.025505,1.003601,0.974372
0.992397,0.979793,0.974372,1.016833
0.994893,1.0,1.016833,0.977237
1.0,0.988895,0.977237,0.90577
0.954312,0.909091,0.90577,1.00526
0.938677,1.007647,1.00526,0.940698
0.982808,0.935201,0.940698,1.004326
0.96035,0.975655,1.004326,0.981538
0.98725,1.010877,0.981538,1.022571
1.00984,0.998734,1.022571,0.991416
1.010353,1.023447,0.991416,1.003092
0.984931,0.98452,1.003092,1.01603
1.009792,1.018868,1.01603,1.066748
1.08,1.03642,1.066748,1.006826
1.007856,1.0405,1.006826,0.999435
0.985523,0.986835,0.999435,1.015263
1.035593,1.030162,1.015263,0.97216
0.984724,0.981419,0.97216,1.029782
1.00831,1.003442,1.029782,0.962736
0.993956,0.989137,0.962736,0.980358
0.953013,0.974566,0.980358,1.034767
1.023202,1.002372,1.034767,0.970387
0.992063,1.00355,0.970387,1.0
0.993143,0.996462,1.0,0.998826
0.990794,0.976331,0.998826,0.981199
0.990128,1.011515,0.981199,0.977844
0.989443,0.973637,0.977844,1.022045
1.004149,0.985231,1.022045,1.037148
1.023613,1.027483,1.037148,0.98498
1.004037,1.027356,0.98498,1.026979
1.007467,1.005917,1.026979,0.998858
0.99886,1.012941,0.998858,0.998856
1.031963,0.999419,0.998856,0.989124
0.982854,0.99477,0.989124,0.953704
0.972425,0.948014,0.953704,1.003641
0.969329,1.007394,1.003641,1.010883
1.002388,1.003058,1.010883,1.011364
1.013103,1.015244,1.011364,0.99586
1.009406,1.01021,0.99586,0.973872
0.963891,0.965517,0.973872,0.990854
0.995166,0.997537,0.990854,0.986462
0.984821,0.984568,0.986462,0.97879
0.992602,0.983072,0.97879,0.977693
0.98323,0.969388,0.977693,0.978488
0.970941,0.982237,0.978488,1.011992
0.996747,1.006698,1.011992,1.007242
1.003916,1.007984,1.007242,1.036601
1.037061,1.010561,1.036601,0.985498
0.99373,1.009144,0.985498,0.99936
0.99306,1.003236,0.99936,0.987196
0.996188,0.969032,0.987196,1.008431
1.010842,1.017976,1.008431,0.967846
0.977918,0.982995,0.967846,0.998007
0.983226,0.994677,0.998007,1.010652
0.998688,0.998662,1.010652,0.986825
1.009198,0.996651,0.986825,1.003338
0.986328,0.981183,1.003338,0.955422
0.983498,0.982192,0.955422,0.979109
0.966443,0.969317,0.979109,1.0
0.983333,0.994964,1.0,0.993599
1.008475,1.007954,0.993599,1.018611
0.997199,0.989957,1.018611,0.978918
0.996489,1.007246,0.978918,1.01005
1.000705,1.003597,1.01005,1.000711
1.007042,1.001434,1.000711,0.953835
0.983217,0.959198,0.953835,0.959792
0.950925,0.956716,0.959792,0.965865
0.976814,0.960998,0.965865,1.005622
0.968606,0.999188,1.005622,0.960863
1.0,0.974005,0.960863,1.012469
0.968379,0.971643,1.012469,1.051724
1.070204,1.032618,1.051724,0.992974
0.987033,1.049044,0.992974,1.053459
1.049459,1.000792,1.053459,1.041045
1.039764,1.05384,1.041045,0.979928
0.98796,1.023291,0.979928,1.002195
0.991398,0.982379,1.002195,0.972263
0.992046,0.994768,0.972263,1.052553
1.030612,1.0,1.052553,1.057061
1.090523,1.059354,1.057061,1.030364
1.01751,1.022695,1.030364,0.983628
0.985978,1.040222,0.983628,1.04261
1.014867,0.99,1.04261,0.993614
1.04586,1.03367,0.993614,0.994859
0.955542,0.996743,0.994859,1.010982
1.007011,0.983007,1.010982,1.007668
1.023418,1.036569,1.007668,1.017755
1.020408,0.994227,1.017755,0.992523
0.97697,1.010968,0.992523,0.996234
0.997519,1.002553,0.996234,0.989918
1.006219,0.992998,0.989918,0.982177
0.963535,0.975,0.982177,1.032404
1.02245,1.009862,1.032404,0.977401
0.995609,1.002604,0.977401,1.024406
1.013863,1.006494,1.024406,0.95674
0.997514,0.980645,0.95674,1.039318
0.995639,0.988158,1.039318,1.084489
1.09199,1.053262,1.084489,0.981977
0.983954,1.04488,0.981977,0.969805
0.98311,0.985481,0.969805,1.017094
0.996445,1.001228,1.017094,0.996399
0.995244,1.00981,0.996399,0.987952
1.009558,0.990285,0.987952,1.008537
0.991716,0.99019,1.008537,0.965538
1.00716,0.982043,0.965538,0.971196
0.945498,0.977301,0.971196,1.05029
1.021303,1.000645,1.05029,1.016575
1.02454,1.040619,1.016575,0.983092
0.994012,1.001239,0.983092,1.02027
1.021084,1.008045,1.02027,1.002408
0.985251,1.003683,1.002408,1.005405
1.014371,0.990826,1.005405,1.025687
1.0183,1.010494,1.025687,0.994176
1.035362,1.041539,0.994176,0.99297
0.961926,0.979472,0.99297,1.025369
1.022119,1.011976,1.025369,0.98504
0.996583,1.007692,0.98504,0.964369
0.985143,0.963006,0.964369,1.013325
0.974478,0.995122,1.013325,0.959354
0.982738,0.968137,0.959354,1.006854
1.001211,1.005696,1.006854,1.002475
0.989111,1.010069,1.002475,0.97963
0.995719,0.988162,0.97963,1.007561
0.992015,1.0,1.007561,1.025641
1.017337,1.007566,1.025641,0.991463
1.001217,1.008761,0.991463,0.95326
0.978723,0.953474,0.95326,1.016774
0.980745,1.008458,1.016774,1.024746
1.031032,1.023226,1.024746,0.989474
1.000614,0.998739,0.989474,1.015645
1.004297,1.003788,1.015645,0.98398
0.99022,1.002516,0.98398,0.976832
1.004938,0.961731,0.976832,0.989103
0.967445,0.990868,0.989103,0.985742
0.983492,0.99605,0.985742,0.993425
0.995481,0.991408,0.993425,0.941099
0.976654,0.941333,0.941099,1.006329
0.956839,0.985836,1.006329,1.039133
1.039556,1.025862,1.039133,1.002017
0.999332,1.029412,1.002017,0.987248
0.993988,0.996599,0.987248,1.024473
1.027554,1.002048,1.024473,0.968149
0.984303,0.992507,0.968149,1.003427
0.985382,0.999314,1.003427,0.956967
0.977748,0.961538,0.956967,0.989293
0.975172,0.989286,0.989293,1.010101
0.998586,0.994946,1.010101,0.997857
1.010623,1.008708,0.997857,1.006442
0.988788,0.992806,1.006442,0.999289
0.996456,0.994203,0.999289,1.051246
1.071835,1.030612,1.051246,0.990521
0.986065,1.024045,0.990521,0.991114
0.995289,0.995856,0.991114,0.994483
0.990534,0.996533,0.994483,0.971567
0.971331,0.967989,0.971567,1.006424
0.995784,0.974838,1.006424,0.992908
0.997883,1.021386,0.992908,1.008571
1.009194,0.994224,1.008571,1.038952
1.032235,1.02687,1.038952,1.017723
1.016293,1.03041,1.017723,0.947086
0.991316,0.960879,0.947086,1.029703
0.985175,1.012857,1.029703,0.960165
0.991792,0.98378,0.960165,1.000715
0.993793,1.001434,1.000715,0.988563
0.968078,0.979957,0.988563,1.06363
1.066667,1.011687,1.06363,1.099932
1.087366,1.074368,1.099932,1.005562
1.024722,1.080645,1.005562,1.01598
1.002413,0.995025,1.01598,0.998185
1.006619,1.011875,0.998185,0.972121
0.979677,0.964793,0.972121,1.000623
0.997559,1.013444,1.000623,1.015576
1.014679,1.004422,1.015576,1.022086
1.007836,1.007547,1.022086,1.013806
1.031699,1.030587,1.013806,1.014802
1.010435,1.016959,1.014802,1.067095
1.064257,1.006552,1.067095,0.997813
0.996226,1.057396,0.997813,0.969863
1.022727,0.980414,0.969863,1.018644
0.962963,0.994292,1.018644,1.089296
1.08956,1.033295,1.089296,1.001527
1.020676,1.077222,1.001527,0.994916
0.980237,0.972666,0.994916,1.02095
1.040827,1.037646,1.02095,0.983483
0.96368,0.989269,0.983483,0.974046
0.993467,0.987087,0.974046,0.964472
0.985837,0.946102,0.964472,0.984832
0.952283,0.988385,0.984832,1.009351
0.999461,1.007275,1.009351,1.00109
1.011321,1.005556,1.00109,0.925422
0.984542,0.91326,0.925422,0.957647
0.9,0.940714,0.957647,1.02027
1.001203,1.021222,1.02027,0.980132
1.009615,1.018262,0.980132,1.005528
0.989881,1.003092,1.005528,1.032987
1.019242,0.98767,1.032987,0.923714
0.989971,0.973783,0.923714,1.03137
0.963051,0.95641,1.03137,0.930478
0.990099,0.990617,0.930478,1.024016
0.960625,0.935724,1.024016,1.061889
1.070917,1.09906,1.061889,0.979141
1.00729,1.038158,0.979141,0.989348
0.984922,0.977186,0.989348,1.029766
0.998775,1.005837,1.029766,1.015375
1.020846,1.035461,1.015375,0.974561
0.994595,0.980075,0.974561,1.029832
1.025966,0.980305,1.029832,0.98793
1.012949,1.05768,0.98793,0.951741
0.943637,0.943627,0.951741,0.994223
0.979064,1.001299,0.994223,1.1
1.071698,1.002594,1.1,1.038732
1.074531,1.1,1.038732,0.960452
0.958493,0.997653,0.960452,1.029412
0.99943,1.001765,1.029412,0.997143
1.019384,1.011744,0.997143,0.961032
0.975391,0.9704,0.961032,1.00477
0.984518,0.982656,1.00477,0.92819
0.996506,0.948874,0.92819,1.024297
0.939801,0.984606,1.024297,1.049313
1.066542,1.046254,1.049313,1.027365
1.008746,1.039851,1.027365,0.961783
1.00289,0.991018,0.961783,1.022878
0.987896,1.001208,1.022878,0.954091
0.977246,0.976463,0.954091,1.013572
1.01194,1.006799,1.013572,0.974437
0.980531,0.976673,0.974437,1.019988
0.983755,1.005028,1.019988,1.006124
1.01896,1.011882,1.006124,1.02252
1.011405,1.007417,1.02252,1.024405
1.027893,1.015337,1.024405,0.990122
1.003464,1.021148,0.990122,0.996479
1.020713,1.001183,0.996479,1.047114
1.024803,1.0,1.047114,1.017998
1.023102,1.03487,1.017998,0.990055
0.994624,1.013706,0.990055,0.968192
0.981622,0.973521,0.968192,0.997118
0.962004,0.990741,0.997118,0.968208
1.022324,0.975467,0.968208,1.02806
0.968645,0.987425,1.02806,0.972125
0.99711,1.007277,0.972125,1.009558
0.988406,1.00301,1.009558,0.990533
0.992375,1.002401,0.990533,1.005376
1.010047,0.982036,1.005376,1.029115
1.014628,1.028659,1.029115,1.005774
1.024798,1.017783,1.005774,0.985075
0.980304,0.990099,0.985075,0.977273
0.995408,0.977059,0.977273,0.985689
0.975202,0.983745,0.985689,1.015729
0.996452,1.006732,1.015729,1.006552
1.006528,1.016413,1.006552,1.007101
1.018868,1.001196,1.007101,0.978261
0.983796,0.98865,0.978261,0.985586
0.991176,0.984894,0.985586,1.016453
0.997033,1.01227,1.016453,1.028777
1.022024,1.012121,1.028777,0.984848
1.023296,1.007784,0.984848,0.986982
0.96642,0.986928,0.986982,1.006595
0.999411,0.992173,1.006595,0.989279
0.989982,1.004854,0.989279,0.982541
0.99881,0.984903,0.982541,1.012868
0.988081,0.999387,1.012868,1.015729
1.014475,1.015337,1.015729,0.985706
1.003567,0.992749,0.985706,0.981873
0.984005,0.986001,0.981873,0.981538
0.989765,0.978395,0.981538,0.974295
0.979927,0.972871,0.974295,0.990991
0.972067,0.992218,0.990991,1.014935
1.008301,1.005882,1.014935,1.006398
1.006966,1.007797,1.006398,0.978385
0.987421,0.987105,0.978385,1.009097
0.994268,1.005879,1.009097,0.989053
1.001281,0.990909,0.989053,1.011719
1.003199,1.005242,1.011719,0.969755
0.987245,0.978488,0.969755,0.984074
0.985142,0.985343,0.984074,1.003372
0.982295,1.000676,1.003372,1.011425
1.008011,0.994595,1.011425,0.992027
0.999338,1.01087,0.992027,1.026792
1.022531,1.002688,1.026792,0.985649
0.996111,1.008713,0.985649,0.972866
0.990891,0.9701,0.972866,0.980272
0.97111,0.984932,0.980272,0.95628
0.99121,0.941586,0.95628,1.032656
0.984993,1.012555,1.032656,0.986648
0.986842,1.016047,0.986648,1.018519
1.017544,1.004307,1.018519,1.015385
1.034483,1.030736,1.015385,1.022727
0.990667,0.98405,1.022727,0.99798
1.019515,1.033827,0.99798,0.974359
0.983498,0.978868,0.974359,0.979917
0.965101,0.981894,0.979917,1.020495
1.011127,1.003546,1.020495,1.002078
0.997937,1.005654,1.002078,0.979959
1.010338,0.995784,0.979959,1.011989
0.987722,0.999294,1.011989,1.011847
1.013812,1.007768,1.011847,1.02135
1.012943,1.01822,1.02135,0.995954
1.00269,1.008947,0.995954,1.01151
1.004024,1.002046,1.01151,0.983266
0.995324,0.995235,0.983266,0.982301
0.989933,0.98632,0.982301,0.995842
0.997288,0.993065,0.995842,1.014614
0.996601,0.994413,1.014614,1.001372
1.003411,1.014045,1.001372,1.032877
1.03535,1.01385,1.032877,0.987401
0.986868,1.012978,0.987401,0.971122
0.993347,0.972353,0.971122,1.018672
0.987274,0.998613,1.018672,1.011541
1.021031,1.016667,1.011541,1.000671
1.000664,1.014344,1.000671,1.004695
0.999336,0.998653,1.004695,0.999332
1.004651,1.004046,0.999332,0.989312
0.994048,0.990598,0.989312,0.987846
0.995343,0.984407,0.987846,0.98838
0.981952,0.99449,0.98838,1.005533
0.995235,0.99723,1.005533,0.977304
0.997948,0.986111,0.977304,0.989444
0.981494,0.989437,0.989444,1.004267
0.99162,0.999288,1.004267,0.98796
1.01338,0.992877,0.98796,0.968459
0.980542,0.95911,0.968459,1.008882
0.974486,1.011219,1.008882,1.0
1.009455,0.998521,1.0,1.005136
0.997118,1.005926,1.005136,0.987591
0.995665,0.992636,0.987591,1.011086
0.998549,1.003709,1.011086,0.996345
1.006541,1.006652,0.996345,1.009538
1.00361,0.995595,1.009538,0.99782
0.991367,1.005162,0.99782,0.989803
1.007983,0.996332,0.989803,0.990434
0.984881,0.980118,0.990434,1.01263
1.013158,1.004508,1.01263,0.987528
0.987013,0.998504,0.987528,0.976969
0.989766,0.98427,0.976969,0.963498
0.971935,0.957382,0.963498,0.997632
0.984043,1.000795,0.997632,1.009494
0.988417,0.999206,1.009494,1.002351
1.005469,1.009539,1.002351,1.015637
1.017094,1.001575,1.015637,0.983064
0.990069,1.001572,0.983064,0.986688
0.987654,0.989011,0.986688,1.013492
0.999219,1.001587,1.013492,1.024276
1.026583,1.008716,1.024276,1.000765
1.001523,1.019639,1.000765,1.035141
1.048669,1.003082,1.035141,0.997786
0.986947,1.029954,0.997786,0.985947
1.003674,0.990306,0.985947,0.989497
0.983895,0.989458,0.989497,0.996967
0.993304,1.000761,0.996967,1.022053
1.007491,0.988593,1.022053,1.099702
1.098885,1.046923,1.099702,1.078484
1.092693,1.1,1.078484,1.016311
1.012384,1.019582,1.016311,0.974074
0.99633,1.002561,0.974074,1.027883
1.008594,1.010856,1.027883,1.006782
1.005478,1.015161,1.006782,0.980404
0.989709,0.990044,0.980404,0.998751
0.984709,0.983658,0.998751,0.9606
0.992547,0.978275,0.9606,0.983073
0.978098,0.972567,0.983073,1.018543
0.988484,0.994627,1.018543,0.935631
1.010356,0.955436,0.935631,1.081306
0.998078,1.028269,1.081306,1.020566
1.066752,1.052234,1.020566,1.025189
0.980746,1.015676,1.025189,1.02027
1.058896,1.041801,1.02027,0.989163
0.98146,1.000617,0.989163,0.975046
0.997639,0.974707,0.975046,0.975031
0.945562,0.949367,0.975031,0.978873
0.989987,1.004,0.978873,0.956181
0.954488,0.962815,0.956181,0.976744
0.970199,0.972414,0.976744,1.018207
0.99727,1.007801,1.018207,1.002063
1.004791,1.007037,1.002063,0.978037
0.992507,0.988819,0.978037,1.036491
1.023336,1.007067,1.036491,1.067028
1.085848,1.035088,1.067028,1.005711
0.986411,1.050847,1.005711,0.962776
0.996243,0.974839,0.962776,1.015072
0.993086,0.971542,1.015072,1.004519
1.003797,1.049046,1.004519,1.012853
0.996847,0.998701,1.012853,1.008883
1.018343,1.014304,1.008883,0.948428
0.98323,0.955128,0.948428,0.978117
0.963992,0.979195,0.978117,1.001356
0.981651,0.997258,1.001356,1.01151
1.000668,1.010309,1.01151,0.996653
1.00934,1.004762,0.996653,0.991269
0.990747,0.993907,0.991269,1.055556
1.040694,0.998638,1.055556,1.000642
1.00641,1.053206,1.000642,1.014112
1.012102,1.001943,1.014112,1.00253
1.003776,1.003878,1.00253,0.986751
0.989342,0.994849,0.986751,1.0211
1.019645,1.003883,1.0211,0.980589
0.992542,1.003868,0.980589,0.971903
0.986224,0.963391,0.971903,1.004599
0.974603,1.002667,1.004599,1.0
1.001954,0.999335,1.0,0.99346
1.0,1.002661,0.99346,0.97235
0.993498,0.942269,0.97235,0.968179
0.966623,1.00493,0.968179,0.993706
0.97698,0.98178,0.993706,0.990852
0.997921,1.0,0.990852,0.963778
0.986806,0.964311,0.963778,1.019897
0.977481,0.99926,1.019897,1.006503
1.010799,1.018519,1.006503,1.010768
1.002849,1.002182,1.010768,1.00071
1.009233,1.018142,1.00071,0.977289
0.992259,0.980043,0.977289,1.007988
1.002837,0.997818,1.007988,1.007205
1.009194,1.009475,1.007205,1.046495
1.026629,1.016606,1.046495,0.978811
1.003413,1.015625,0.978811,1.002793
0.980952,0.995105,1.002793,0.965877
0.990291,0.970485,0.965877,1.002163
0.977591,0.994931,1.002163,0.98777
0.994269,0.990539,0.98777,1.011653
1.009366,1.013226,1.011653,1.00144
1.000714,0.995649,1.00144,0.996405
1.004993,1.009468,0.996405,1.007937
0.991483,0.996392,1.007937,1.014316
1.034359,1.021723,1.014316,1.000706
0.994464,0.999291,1.000706,1.009873
0.997912,1.002128,1.009873,0.977654
1.005579,0.990092,0.977654,0.993571
0.978502,0.981415,0.993571,0.995687
0.990787,1.006555,0.995687,0.984838
0.987124,0.975398,0.984838,1.018328
1.007246,1.007418,1.018328,0.987041
1.0,1.005891,0.987041,1.007294
1.011511,1.002196,1.007294,0.996379
0.984353,0.983199,0.996379,0.994913
0.996387,1.010401,0.994913,0.996348
1.003626,1.002941,0.996348,1.038856
1.029624,0.997801,1.038856,0.99506
0.993684,1.024247,0.99506,0.976596
0.992938,0.984218,0.976596,1.007262
0.992176,1.0,1.007262,0.96323
0.997133,0.973032,0.96323,1.014222
0.979152,0.996255,1.014222,1.005166
1.008811,1.015038,1.005166,1.026432
1.026201,1.005185,1.026432,0.994993
0.998582,1.014001,0.994993,1.010065
1.00071,1.010174,1.010065,1.038434
1.036196,1.007194,1.038434,1.017135
1.038356,1.031429,1.017135,0.993935
0.994063,1.011773,0.993935,0.99661
0.984738,0.994524,0.99661,1.02517
1.027628,1.0117,1.02517,0.992701
1.020328,1.017007,0.992701,0.987299
0.962725,0.976589,0.987299,1.017603
1.012016,0.999315,1.017603,0.985363
1.011214,1.013708,0.985363,1.099932
1.062622,1.014875,1.099932,0.977287
1.043585,1.047968,0.977287,1.060302
1.013529,1.00445,1.060302,1.011256
1.034823,1.064557,1.011256,0.987112
0.964666,0.985137,0.987112,0.982789
0.986628,0.978274,0.982789,1.022343
1.012375,1.009254,1.022343,1.038984
1.037253,1.029951,1.038984,1.048323
1.074635,1.033234,1.048323,0.9859
0.989556,1.029294,0.9859,0.968647
0.978892,0.947545,0.968647,1.040886
1.009164,1.030035,1.040886,1.00982
1.0,1.028588,1.00982,1.017288
1.032585,1.012785,1.017288,0.991503
0.977755,1.004391,0.991503,1.005892
1.019048,1.009836,1.005892,0.965921
0.985981,0.975108,0.965921,1.050165
1.018957,1.00222,1.050165,0.985302
0.986563,1.014396,0.985302,0.998934
0.990571,0.997271,0.998934,0.975467
1.001586,0.999453,0.975467,1.016402
1.00264,0.999452,1.016402,1.019365
1.017904,1.014247,1.019365,0.998417
0.990688,1.007563,0.998417,0.993129
0.98799,0.988204,0.993129,0.96115
0.988372,0.975583,0.96115,0.996124
0.971658,0.99277,0.996124,1.020011
1.017061,1.006162,1.020011,0.99564
0.995671,1.00167,0.99564,0.993432
1.030978,1.004447,0.993432,0.986226
0.958355,0.972883,0.986226,0.977095
0.969747,0.97554,0.977095,0.987993
0.990925,0.997085,0.987993,0.982639
1.0,0.991228,0.982639,1.01649
1.001717,0.99823,1.01649,0.998841
0.989143,1.004728,0.998841,1.014501
1.01502,1.005882,1.014501,1.01944
1.020489,1.015789,1.01944,0.996635
0.996654,1.012666,0.996635,1.000563
1.004477,1.005685,1.000563,0.992126
0.991086,0.988129,0.992126,1.004535
1.0,1.00286,1.004535,1.01298
1.012929,1.010839,1.01298,0.999443
1.012764,1.001693,0.999443,0.972129
0.980822,0.978028,0.972129,0.997706
0.977654,0.990783,0.997706,1.006322
1.008571,1.0,1.006322,0.945745
0.991501,0.962209,0.945745,1.000604
0.954286,0.983082,1.000604,1.007242
1.005988,1.012293,1.007242,1.00719
1.002976,1.009107,1.00719,0.963117
0.995846,0.969314,0.963117,1.014206
0.980334,1.006207,1.014206,1.026797
1.028571,1.006169,1.026797,0.997034
1.015957,1.022685,0.997034,1.010708
0.994764,1.001199,1.010708,1.0
1.004094,1.011377,1.0,0.997057
0.994758,0.994671,0.997057,1.006494
0.999415,1.005952,1.006494,1.022874
1.022261,1.010651,1.022874,0.985092
0.997708,1.002342,0.985092,1.012806
1.0,1.005257,1.012806,1.000575
1.012636,1.000581,1.000575,0.986789
0.989223,0.987224,0.986789,0.96915
0.988532,0.977059,0.96915,1.009009
0.984919,0.986755,1.009009,1.008929
1.004711,1.018914,1.008929,0.984661
0.998242,0.997006,0.984661,0.977232
0.98532,0.976577,0.977232,0.997548
0.982122,0.993235,0.997548,0.996927
0.99818,1.003096,0.996927,1.013564
1.0,0.993827,1.013564,1.02129
1.021884,1.014907,1.02129,1.010721
1.016062,1.02754,1.010721,0.988214
1.000585,0.995831,0.988214,1.014908
0.99883,0.983852,1.014908,1.00235
1.006444,1.027356,1.00235,1.005862
1.004657,1.001775,1.005862,0.988345
1.002317,0.998819,0.988345,0.985259
0.981503,0.976345,0.985259,0.991023
0.9947,1.001211,0.991023,1.01087
0.996448,0.99879,1.01087,0.967145
0.997623,0.970927,0.967145,1.015442
0.97975,1.004367,1.015442,1.012165
1.017021,0.998758,1.012165,0.984375
0.991034,1.014303,0.984375,1.009768
1.005428,1.001226,1.009768,0.986699
0.994601,0.996326,0.986699,0.990196
0.985525,0.988937,0.990196,0.995668
0.992656,0.995649,0.995668,1.01243
1.004316,1.003745,1.01243,1.009822
1.022713,1.015547,1.009822,1.0231
1.013205,1.01041,1.0231,0.992276
1.002962,1.003636,0.992276,1.030539
1.02658,1.009662,1.030539,0.990122
0.989068,1.004785,0.990122,1.007042
1.009308,1.00119,1.007042,1.023893
1.032853,1.012485,1.023893,1.029027
1.054687,1.017029,1.029027,0.997235
0.966667,1.025404,0.997235,0.948419
0.995074,0.93018,0.948419,1.005263
0.959846,1.026029,1.005263,0.953461
0.997135,0.965782,0.953461,1.030506
0.98046,0.996335,1.030506,1.004737
1.005862,1.024525,1.004737,1.013553
1.019814,1.014961,1.013553,1.005814
0.991429,0.99941,1.005814,0.99422
1.005764,1.00649,0.99422,0.973256
0.982808,0.968347,0.973256,1.031063
1.016327,1.012712,1.031063,0.984936
0.99541,1.001195,0.984936,0.928235
0.996542,0.93791,0.928235,0.989227
0.935223,0.992998,0.989227,1.016656
0.990724,1.005128,1.016656,1.017013
1.014357,1.007015,1.017013,1.024783
1.020308,1.014566,1.024783,0.980048
1.013269,1.001248,0.980048,0.973473
0.969048,0.979426,0.973473,1.023447
0.999386,0.992998,1.023447,1.0
1.0,1.0,1.0,1.0
1.0,1.0,1.0,1.0
1.0,1.0,1.0,1.0
1.0,1.0,1.0,1.0
1.0,1.0,1.0,1.05387
1.066994,1.038462,1.05387,1.075206
1.071429,1.040741,1.075206,0.984699
0.988172,1.057533,0.984699,1.008324
1.006529,1.003926,1.008324,1.006604
1.0,1.005587,1.006604,0.965008
0.998378,0.951667,0.965008,1.032861
0.994586,1.033275,1.032861,1.011519
1.025585,1.029944,1.011519,1.051518
1.044055,1.014262,1.051518,0.979371
0.991357,1.023256,0.979371,1.040021
1.030769,1.006871,1.040021,0.982278
0.9801,1.0021,0.982278,0.974227
0.992893,0.986904,0.974227,0.998942
0.981595,0.983546,0.998942,1.001059
1.015625,1.017809,1.001059,1.006878
0.997436,0.966066,1.006878,1.016816
1.009254,1.038419,1.016816,1.006202
1.018849,1.023256,1.006202,0.986133
0.9955,0.98657,0.986133,0.970313
0.969362,0.96178,0.970313,0.996779
0.983938,0.992379,0.996779,1.019925
1.011058,1.025782,1.019925,1.040655
1.041667,1.005348,1.040655,1.002029
0.9955,1.03617,1.002029,1.035949
1.037167,1.015914,1.035949,1.056207
1.067312,1.000505,1.056207,0.98982
1.004537,1.071212,0.98982,0.987377
0.986902,0.990099,0.987377,1.02983
1.010984,1.007143,1.02983,0.994943
1.020824,1.016548,0.994943,1.040203
1.003548,1.010698,1.040203,0.958685
0.988069,0.987575,0.958685,0.99861
0.974061,0.987884,0.99861,0.984223
0.998163,0.981132,0.984223,0.972654
0.9885,0.9875,0.972654,1.020843
0.981852,0.99221,1.020843,0.997151
1.000474,1.013739,0.997151,0.984286
1.00379,0.988867,0.984286,1.021771
0.998584,0.992658,1.021771,1.018939
1.026465,1.032544,1.018939,1.002323
0.998158,1.013849,1.002323,0.994437
0.999539,0.998587,0.994437,1.002331
0.993539,0.998113,1.002331,1.017209
1.034835,1.019376,1.017209,0.983996
0.994165,0.9949,0.983996,1.011617
0.98781,0.992544,1.011617,1.040423
1.037934,1.005634,1.040423,0.984547
0.992074,1.024743,0.984547,1.016592
1.029738,0.998178,1.016592,0.989854
0.973276,1.006846,0.989854,1.02451
1.024801,1.010426,1.02451,1.00696
1.021175,1.017945,1.00696,1.031965
1.025815,1.01851,1.031965,1.023022
1.018977,1.028559,1.023022,1.002046
1.008097,1.0122,1.002046,1.00245
0.999197,1.012053,1.00245,0.959267
0.990756,0.940862,0.959267,0.985987
0.959026,0.982104,0.985987,1.028424
1.02242,1.018222,1.028424,1.01005
1.011585,1.031427,1.01005,0.975954
0.992229,0.981803,0.975954,0.961342
0.9662,0.961207,0.961342,1.043305
1.013652,0.995516,1.043305,1.076662
1.093013,1.068468,1.076662,0.986625
1.001155,1.021922,0.986625,1.073764
1.059615,1.035479,1.073764,1.039733
1.036661,1.059363,1.039733,1.066786
1.078431,1.053027,1.066786,0.986274
0.982143,1.027857,0.986274,0.976578
0.995041,0.985407,0.976578,0.94821
0.956811,0.947814,0.94821,1.027493
1.001736,1.017857,1.027493,1.006065
1.010052,1.021199,1.006065,0.995745
0.984214,0.986042,0.995745,0.961538
0.97629,0.966243,0.961538,1.011852
1.010714,1.003757,1.011852,1.041728
1.028269,1.022455,1.041728,1.088545
1.065292,1.038067,1.088545,1.037444
1.040323,1.089563,1.037444,0.988799
1.0,1.019417,0.988799,0.96759
0.995349,0.95873,0.96759,1.03935
0.996885,1.004967,1.03935,0.999061
1.01875,1.021087,0.999061,0.990291
0.976994,0.984834,0.990291,1.004428
1.00157,1.012123,1.004428,1.004408
1.040125,1.022985,1.004408,1.1
1.057565,1.017405,1.1,1.0
1.0,1.0,1.0,1.0
1.0,1.0,1.0,1.0
1.0,1.0,1.0,1.0
1.0,1.0,1.0,1.0
1.0,1.0,1.0,1.0
1.0,1.0,1.0,1.0
1.0,1.0,1.0,1.0
1.0,1.0,1.0,1.0
1.0,1.0,1.0,1.0
1.0,1.0,1.0,1.0
1.0,1.0,1.0,1.0
1.0,1.0,1.0,1.0
1.0,1.0,1.0,1.0
1.0,1.0,1.0,1.0
1.0,1.0,1.0,1.0
1.0,1.0,1.0,1.0
1.0,1.0,1.0,1.0
1.0,1.0,1.0,1.0
1.0,1.0,1.0,1.0
1.0,1.0,1.0,1.0
1.0,1.0,1.0,1.0
1.0,1.0,1.0,1.0
1.0,1.0,1.0,1.0
1.0,1.0,1.0,1.0
1.0,1.0,1.0,1.0
1.0,1.0,1.0,1.0
1.0,1.0,1.0,1.0
1.0,1.0,1.0,1.0
1.0,1.0,1.0,1.0
1.0,1.0,1.0,1.0
1.0,1.0,1.0,1.0
1.0,1.0,1.0,1.0
1.0,1.0,1.0,1.0
1.0,1.0,1.0,1.0
1.0,1.0,1.0,1.0
1.0,1.0,1.0,1.0
1.0,1.0,1.0,1.0
1.0,1.0,1.0,1.0
1.0,1.0,1.0,1.0
1.0,1.0,1.0,1.0
1.0,1.0,1.0,1.0
1.0,1.0,1.0,1.0
1.0,1.0,1.0,1.0
1.0,1.0,1.0,1.0
1.0,1.0,1.0,1.0
1.0,1.0,1.0,1.0
1.0,1.0,1.0,1.0
1.0,1.0,1.0,1.0
1.0,1.0,1.0,1.0
1.0,1.0,1.0,1.0
1.0,1.0,1.0,1.0
1.0,1.0,1.0,1.0
1.0,1.0,1.0,1.0
1.0,1.0,1.0,1.0
1.0,1.0,1.0,1.0
1.0,1.0,1.0,1.0
1.0,1.0,1.0,0.9
0.9,0.982271,0.9,0.9
0.9,0.9,0.9,0.94722
0.981703,0.909571,0.94722,1.003343
0.978853,1.0,1.003343,0.900037
0.995606,0.940426,0.900037,1.009461
0.933431,0.916084,1.009461,0.930318
0.966115,1.021554,0.930318,0.983793
0.972675,0.973626,0.983793,0.9
0.918239,0.912415,0.9,0.900049
0.9,0.900049,0.900049,0.9
1.009626,0.9,0.9,1.041539
0.916314,0.950519,1.041539,1.079179
1.068786,1.094473,1.079179,0.9
0.979989,0.972402,0.9,0.9
0.9,0.9,0.9,1.025503
0.975171,0.936242,1.025503,1.046466
1.0662,1.1,1.046466,1.045028
1.0,1.013663,1.045028,1.022741
1.048955,1.071887,1.022741,0.963721
0.972112,0.98024,0.963721,0.995143
0.988876,0.984728,0.995143,0.9
0.994079,0.915012,0.9,0.901695
0.9,0.900339,0.901695,1.1
1.015267,1.008283,1.1,1.021873
1.099795,1.081404,1.021873,1.046823
0.985705,1.037983,1.046823,1.030032
1.02396,1.012641,1.030032,0.980149
1.008005,1.022339,0.980149,1.03038
1.042761,0.992288,1.03038,1.001843
0.965436,1.029793,1.001843,0.930104
0.990898,0.939623,0.930104,1.038233
0.971831,1.016064,1.038233,0.972698
0.986767,0.995389,0.972698,1.038512
1.038953,1.024487,1.038512,1.045883
1.043024,1.053618,1.045883,1.045072
1.033589,1.012262,1.045072,1.044278
1.063854,1.052695,1.044278,1.00826
0.982315,1.018412,1.00826,1.030038
1.088925,1.019774,1.030038,1.032344
0.980461,1.012742,1.032344,0.98716
1.006132,1.030635,0.98716,0.984912
0.97613,0.980892,0.984912,1.013207
0.998959,1.009199,1.013207,0.9
0.997396,0.925469,0.9,1.056779
0.954569,0.993627,1.056779,1.04057
1.041575,1.070554,1.04057,1.033193
1.044118,1.034858,1.033193,0.989291
0.985915,0.970526,0.989291,0.973711
1.015306,1.016269,0.973711,0.995765
0.966834,0.982924,0.995765,0.981925
0.983368,0.980456,0.981925,1.015701
1.009514,0.996678,1.015701,0.996269
0.986911,1.011111,0.996269,1.066881
1.065782,1.03022,1.066881,1.009529
1.034345,1.0432,1.009529,1.012916
0.993263,1.026074,1.012916,1.0
1.0,1.0,1.0,1.0
1.0,1.0,1.0,1.0
1.0,1.0,1.0,1.0
1.0,1.0,1.0,1.0
1.0,1.0,1.0,1.046591
1.049903,1.021425,1.046591,0.961575
0.989848,0.996098,0.961575,0.960526
0.964569,0.963271,0.960526,1.035008
0.986467,1.001017,1.035008,1.009804
1.026458,1.028441,1.009804,0.96699
0.982339,0.979259,0.96699,1.01255
0.981535,0.983359,1.01255,1.058999
1.060891,1.034359,1.058999,0.997191
1.021932,1.042142,0.997191,0.934742
0.976712,0.929115,0.934742,1.032647
0.963067,0.972862,1.032647,0.988813
1.002427,1.055789,0.988813,0.963109
0.987409,0.94317,0.963109,1.018386
0.978911,1.026427,1.018386,0.971916
0.999499,0.990731,0.971916,1.04128
1.015038,1.002599,1.04128,0.971754
0.98963,1.011923,0.971754,0.993881
0.995509,0.994877,0.993881,1.003592
1.012531,1.003605,1.003592,1.043456
1.023762,1.005644,1.043456,1.012249
1.0,1.011224,1.012249,1.020813
1.037234,1.033804,1.020813,0.990043
0.991142,1.016105,0.990043,1.024904
1.020696,1.013929,1.024904,1.035981
1.023041,1.007106,1.035981,0.996843
1.030631,1.033866,0.996843,1.057466
1.041521,0.993631,1.057466,0.980317
0.981536,1.041667,0.980317,0.980794
0.987602,0.967912,0.980794,1.00089
0.984848,1.008629,1.00089,0.959982
1.007912,0.968032,0.959982,1.032886
0.974706,1.001395,1.032886,1.006278
1.025951,1.024617,1.006278,0.973262
0.9843,0.982774,0.973262,0.900641
0.967656,0.906827,0.900641,0.979156
0.909341,0.93591,0.979156,1.037902
1.015106,1.05163,1.037902,0.90045
0.972718,0.929716,0.90045,1.005556
0.957165,0.939411,1.005556,0.9
0.945658,0.963905,0.9,0.996931
0.935211,0.970534,0.996931,0.956897
1.003012,0.979127,0.956897,1.052124
0.983784,0.953488,1.052124,0.955352
0.997558,1.04065,0.955352,1.017926
0.995716,0.985677,1.017926,1.045283
1.022127,1.050198,1.045283,0.990975
1.019844,1.025157,0.990975,0.953855
0.989387,0.96319,0.953855,1.019733
0.964839,0.989809,1.019733,1.009363
1.016059,1.02381,1.009363,0.902907
0.972644,0.914519,0.902907,0.996575
0.929375,0.941581,0.996575,0.940893
0.983188,0.99635,0.940893,1.057706
1.005472,1.001465,1.057706,1.0
0.996599,1.029993,1.0,1.037983
1.038225,1.026278,1.037983,1.022621
1.018409,1.005536,1.022621,1.014964
1.020013,1.060564,1.014964,0.977564
0.998101,0.988319,0.977564,1.019016
1.000634,0.969796,1.019016,1.03861
1.032953,1.053487,1.03861,1.007435
1.0,1.022494,1.007435,1.00246
1.023926,1.015085,1.00246,0.992638
0.977831,0.99257,0.992638,1.063659
1.077819,1.02121,1.063659,1.061592
1.073337,1.050703,1.061592,0.98358
0.960805,1.012209,0.98358,0.910963
1.029768,0.928777,0.910963,1.1
0.964133,1.001237,1.1,1.001666
1.056635,1.032119,1.001666,1.053769
1.019443,1.047277,1.053769,1.051026
1.041753,1.067429,1.051026,0.982983
0.996042,1.039615,0.982983,0.952138
0.995529,0.947477,0.952138,1.018717
0.981038,1.022283,1.018717,0.988451
0.981689,0.966507,0.988451,0.933086
0.963212,0.959296,0.933086,0.98008
0.963959,0.986239,0.98008,1.042393
1.010045,0.98314,1.042393,1.029526
1.049171,1.06505,1.029526,0.978896
0.979463,0.998334,0.978896,0.961857
0.989247,0.95495,0.961857,1.053448
0.997826,1.01922,1.053448,1.05401
1.062092,1.052,1.05401,1.022774
1.024615,1.043998,1.022774,1.036943
1.04955,1.0,1.036943,0.999512
0.995231,1.050468,0.999512,0.964844
0.979875,0.976721,0.964844,0.990891
0.973594,0.97211,0.990891,0.996936
1.033149,1.013563,0.996936,1.032275
0.987846,0.988163,1.032275,1.036725
1.032972,1.036979,1.036725,0.945907
0.971415,0.985434,0.945907,0.986842
0.975478,0.978593,0.986842,1.017949
1.010055,1.00625,1.017949,1.009068
1.010453,1.019669,1.009068,0.957564
0.990148,0.972589,0.957564,0.99635
0.976119,0.980167,0.99635,1.028781
1.011723,1.027157,1.028781,0.973042
0.987909,0.980819,0.973042,1.035546
1.039266,1.023256,1.035546,1.01262
0.989205,1.021178,1.01262,0.990528
0.999008,0.994436,0.990528,0.968294
0.972195,0.970498,0.968294,1.009356
1.0143,1.006289,1.009356,1.015448
1.02719,0.977604,1.015448,1.046653
1.063235,1.008524,1.046653,0.952519
0.927155,1.018489,0.952519,0.975585
0.988563,0.975622,0.975585,1.006778
0.97334,1.002658,1.006778,1.015018
1.043928,1.036585,1.015018,0.984694
0.964851,0.961637,0.984694,1.021244
1.015906,1.012234,1.021244,1.060883
1.070707,1.035208,1.060883,1.028694
1.043868,1.046701,1.028694,1.004184
0.985088,1.024733,1.004184,0.981944
1.03211,1.000947,0.981944,0.950024
0.924444,0.944208,0.950024,1.000993
0.975,0.983976,1.000993,0.98116
1.005917,1.005089,0.98116,1.037898
1.009314,0.961013,1.037898,1.020935
1.030112,1.066913,1.020935,1.05484
1.064592,1.015309,1.05484,0.96745
1.040744,1.035506,0.96745,1.075701
0.993617,0.972287,1.075701,1.039531
1.055246,1.08744,1.039531,0.991224
1.022727,1.035096,0.991224,1.039629
0.981746,0.987124,1.039629,0.972425
0.999596,1.021739,0.972425,0.968724
0.980995,0.974894,0.968724,1.060267
1.031739,1.004801,1.060267,0.967519
0.998801,1.025195,0.967519,0.986991
0.966,0.975847,0.986991,1.093112
1.070807,1.028658,1.093112,0.989887
1.024362,1.065851,0.989887,1.002358
0.968667,0.990495,1.002358,0.98236
1.020265,0.9996,0.98236,1.001197
0.962949,0.9856,1.001197,0.995217
1.02261,1.010552,0.995217,0.969163
0.958107,0.955823,0.969163,0.92438
0.98664,0.936555,0.92438,1.01654
0.941732,1.00314,1.01654,1.05365
1.053595,1.011181,1.05365,1.015442
1.036807,1.052632,1.015442,0.992191
0.987635,1.009244,0.992191,1.025684
1.006058,0.999167,1.025684,0.962439
1.007627,0.983333,0.962439,1.014687
0.963745,1.0,1.014687,0.967328
1.0,0.978814,0.967328,0.970928
0.97809,0.939394,0.970928,1.042712
1.001268,1.04424,1.042712,0.996199
1.000844,1.021183,0.996199,1.029674
1.032476,1.015557,1.029674,0.982709
0.991013,1.004255,0.982709,1.002095
1.005771,1.010593,1.002095,1.023829
1.019262,0.988679,1.023829,1.0098
0.995175,1.028414,1.0098,0.989486
0.99798,1.002062,0.989486,1.040049
1.060729,1.00823,1.040049,0.978782
0.967557,1.014694,0.978782,0.99719
1.023669,0.994771,0.99719,1.018921
0.978805,0.993126,1.018921,1.009482
1.031496,1.034202,1.009482,0.993738
0.984733,0.987008,0.993738,0.992123
0.986434,0.998803,0.992123,0.993648
1.001572,0.998403,0.993648,1.001199
0.984308,0.98,1.001199,0.992418
1.012356,1.014286,0.992418,0.995175
0.987402,0.991549,0.995175,1.00202
1.00319,1.003247,1.00202,0.984274
0.983307,0.98665,0.984274,1.014338
1.001213,1.00041,1.014338,0.94063
0.998385,0.932377,0.94063,0.992701
0.948645,0.995604,0.992701,0.969291
0.988065,0.986755,0.969291,0.984382
0.965056,0.962864,0.984382,1.014959
1.003129,1.026487,1.014959,1.005806
1.009358,1.005885,1.005806,1.019982
1.019426,1.013951,1.019982,0.982151
0.995236,1.0,0.982151,1.013298
1.000435,0.995561,1.013298,1.024934
1.032188,1.0214,1.024934,0.99061
0.995786,1.012658,0.99061,0.971133
0.979264,0.97069,0.971133,1.014197
0.990925,0.999556,1.014197,1.019685
1.022242,1.012439,1.019685,1.003003
1.006399,1.018868,1.003003,0.999145
0.995761,0.998277,0.999145,0.994007
0.997871,0.999569,0.994007,1.009044
1.004693,1.004748,1.009044,0.96927
0.993631,0.975086,0.96927,0.998239
0.978205,0.993392,0.998239,1.004411
1.002621,1.005322,1.004411,0.989021
0.989107,0.981473,0.989021,1.006661
1.006167,1.014382,1.006661,1.015439
1.01007,1.002658,1.015439,0.997828
1.004768,1.007954,0.997828,1.009578
1.00302,0.992109,1.009578,0.983614
1.005161,1.006628,0.983614,0.98904
0.981172,0.983319,0.98904,0.998227
0.993022,1.004018,0.998227,1.022202
1.014932,0.992441,1.022202,1.004344
1.011251,1.026882,1.004344,0.996107
1.001284,0.999564,0.996107,1.007382
1.002137,1.002182,1.007382,0.957759
0.970576,0.966463,0.957759,1.007201
0.987698,0.992339,1.007201,0.986148
0.991993,0.999546,0.986148,1.008156
1.00583,1.007269,1.008156,0.993708
0.995988,0.993234,0.993708,1.011759
1.003133,0.999546,1.011759,0.992401
1.001785,1.008178,0.992401,1.001802
1.005345,0.992339,1.001802,0.97527
0.987151,0.982289,0.97527,1.002305
0.979354,0.990291,1.002305,0.987121
1.00275,1.001401,0.987121,0.99767
0.988574,0.997669,0.99767,1.001401
0.995839,0.998131,1.001401,1.021922
1.01857,1.0103,1.021922,0.999087
1.004102,1.009731,0.999087,0.997716
0.998184,0.998623,0.997716,1.001832
0.998181,1.001379,1.001832,0.992687
0.996811,0.99128,0.992687,0.991713
0.999543,0.996759,0.991713,1.019034
1.00503,1.0,1.019034,1.003189
1.013649,1.017185,1.003189,0.996367
0.991472,0.995434,0.996367,0.992707
1.000453,0.993578,0.992707,1.014692
1.000905,1.002308,1.014692,1.006335
1.005877,1.013358,1.006335,0.98786
0.999551,0.994545,0.98786,1.003186
0.992806,1.0,1.003186,0.984574
0.998641,0.989488,0.984574,1.0
0.989116,0.999076,1.0,1.005069
1.000459,1.001387,1.005069,0.98762
0.998625,0.993536,0.98762,1.003714
0.997705,0.997212,1.003714,1.018039
1.019779,1.003728,1.018039,1.001817
0.998647,1.012535,1.001817,0.997279
1.00271,1.004127,0.997279,0.989541
0.998198,0.986758,0.989541,1.022059
1.004513,1.01851,1.022059,1.017086
1.02381,1.004998,1.017086,0.992927
0.998245,1.011754,0.992927,1.002226
0.996044,0.995532,1.002226,0.992448
0.997793,1.000898,0.992448,0.991047
0.987174,0.989238,0.991047,0.99729
0.999104,1.000453,0.99729,1.001812
0.997309,0.999094,1.001812,1.008137
1.003147,1.002268,1.008137,0.989238
1.003138,0.995928,0.989238,0.99592
0.991957,0.997274,0.99592,0.994538
0.995045,0.980866,0.994538,1.002746
0.996378,1.011147,1.002746,1.000456
1.001363,0.998163,1.000456,0.997263
1.002269,1.003221,0.997263,0.997255
0.99321,0.997248,0.997255,0.976147
0.996809,0.977921,0.976147,1.0
0.982167,0.99953,1.0,1.00141
0.999069,0.999059,1.00141,1.005162
0.999534,1.000942,1.005162,0.99253
1.001399,0.999529,0.99253,1.003763
1.000466,0.999529,1.003763,0.946579
0.998139,0.947715,0.946579,0.99505
0.948718,0.990557,0.99505,0.99204
0.992629,0.998495,0.99204,1.009027
1.006436,0.99799,1.009027,0.998012
0.997049,1.01007,0.998012,1.001992
0.996547,0.993021,1.001992,0.996024
0.998515,1.001506,0.996024,1.015469
1.020327,1.005013,1.015469,1.007371
1.00243,1.008479,1.007371,0.982439
1.0,0.994065,0.982439,0.989573
0.970431,0.975622,0.989573,0.995986
0.9995,1.012239,0.995986,0.988413
0.994503,0.986902,0.988413,1.004587
0.992462,1.00051,1.004587,0.998985
1.002532,1.001531,0.998985,1.010665
1.006566,1.003566,1.010665,1.015075
1.01706,1.009137,1.015075,0.99703
1.0,1.011066,0.99703,0.989573
0.996547,0.990547,0.989573,1.008028
0.99505,0.995982,1.008028,0.994525
1.003483,1.006051,0.994525,0.99049
0.994051,0.990476,0.99049,0.996968
0.991022,0.997976,0.996968,0.981247
0.993457,0.977688,0.981247,0.948347
0.983789,0.917531,0.948347,1.009259
0.954686,1.024873,1.009259,0.992984
1.001618,1.014892,0.992984,1.000543
0.995153,0.996196,1.000543,1.011407
1.010281,1.001637,1.011407,1.016649
1.016069,1.019063,1.016649,0.997887
1.009489,1.003741,0.997887,1.005823
0.994778,1.001065,1.005823,1.026316
1.028346,1.01117,1.026316,0.993333
1.0,1.015255,0.993333,1.002065
0.994385,0.993782,1.002065,0.998454
1.000513,1.007299,0.998454,1.003612
0.998461,0.996377,1.003612,1.012853
1.016958,1.005714,1.012853,0.989848
0.997473,1.005165,0.989848,1.005641
0.99848,1.0,1.005641,0.991331
0.996449,0.995889,0.991331,0.988683
0.997454,0.989164,0.988683,1.028616
1.014293,1.002087,1.028616,0.979262
0.992954,1.006247,0.979262,1.01188
0.993411,0.997413,1.01188,1.009699
1.011735,1.016079,1.009699,0.997472
1.000504,1.004084,0.997472,1.013685
1.009073,0.997458,1.013685,0.9935
0.997003,1.007645,0.9935,0.992451
1.009018,0.996459,0.992451,1.002028
0.988083,0.998477,1.002028,1.00253
1.00201,1.00305,1.00253,1.006562
1.009529,1.005068,1.006562,0.998997
0.990561,0.989914,0.998997,1.026104
1.033099,1.014773,1.026104,1.000978
0.99466,1.016566,1.000978,0.994624
1.011225,0.999012,0.994624,0.987224
0.982143,0.985171,0.987224,0.993031
0.992629,1.001004,0.993031,1.010526
0.998515,0.99599,1.010526,1.005952
1.008428,1.009562,1.005952,1.008876
1.011799,1.007478,1.008876,1.000489
1.003401,1.006927,1.000489,0.985833
0.994673,0.990663,0.985833,1.020813
1.005842,1.001488,1.020813,1.004854
1.00484,1.010896,1.004854,0.98744
0.993256,0.99559,0.98744,1.022016
1.016974,1.006398,1.022016,1.000479
0.999046,1.013692,1.000479,0.99378
1.001432,1.0,0.99378,0.99326
0.990467,0.988905,0.99326,1.011149
1.02743,1.003902,1.011149,0.973634
0.983607,0.984937,0.973634,0.938946
0.942857,0.932412,0.938946,1.015732
0.986869,1.009524,1.015732,0.995354
0.994371,1.004193,0.995354,0.997407
0.994853,0.99739,0.997407,0.980759
0.995861,0.974359,0.980759,1.006363
0.988052,1.0,1.006363,0.996312
1.000526,1.007519,0.996312,1.002644
1.001576,1.003198,1.002644,0.989451
0.994229,0.99203,0.989451,0.99467
0.995251,0.996251,0.99467,0.981779
0.993637,0.984409,0.981779,0.942686
0.958378,0.91207,0.942686,0.988419
0.968263,1.013174,0.988419,1.010545
0.99885,1.011229,1.010545,0.983188
0.998849,0.987726,0.983188,0.994104
0.990202,0.995266,0.994104,1.004745
0.991269,1.001189,1.004745,0.988194
0.997651,0.959026,0.988194,1.005974
0.992937,1.029102,1.005974,1.002969
1.004149,1.006017,1.002969,0.998224
1.004132,1.003589,0.998224,0.991696
0.997648,0.979142,0.991696,1.00299
1.0165,1.010956,1.00299,0.991055
0.978551,0.998796,0.991055,1.017449
1.011848,0.995781,1.017449,0.966292
0.99356,0.987893,0.966292,0.996328
0.961697,0.973652,0.996328,1.015971
1.025735,1.022026,1.015971,0.998186
1.002389,1.014163,0.998186,1.018171
1.002384,0.989678,1.018171,1.007139
1.010107,1.028221,1.007139,1.001772
1.008829,0.997017,1.001772,1.017099
1.007585,1.010174,1.017099,0.97971
1.000579,0.994076,0.97971,1.0
0.994213,1.001788,1.0,1.004142
0.990105,0.982748,1.004142,1.005303
1.004115,1.012107,1.005303,1.012896
1.013466,1.016746,1.012896,0.988426
1.009243,1.004118,0.988426,0.995316
0.987407,0.990041,0.995316,0.975882
0.984348,0.96568,0.975882,1.025919
1.002945,1.014093,1.025919,1.005288
1.008221,1.026586,1.005288,1.00526
1.005824,0.993526,1.00526,0.99186
0.998842,1.009479,0.99186,0.998242
0.993043,0.990023,0.998242,0.996477
0.993579,0.994072,0.996477,1.018268
1.017626,1.006559,1.018268,1.006944
1.015012,1.020142,1.006944,1.0
0.994881,1.002904,1.0,1.003448
1.002287,1.002316,1.003448,1.013746
1.017114,1.004622,1.013746,1.019209
1.029164,1.018401,1.019209,0.992239
0.986376,1.001694,0.992239,0.982682
0.990608,0.984216,0.982682,1.010233
0.995538,1.0,1.010233,0.997749
1.001681,1.010882,0.997749,0.99436
0.993289,0.997734,0.99436,1.009643
1.003941,0.994321,1.009643,0.992697
1.002243,1.00514,0.992697,0.998302
0.991046,0.994886,0.998302,1.023243
1.019763,1.002856,1.023243,1.0
1.003322,1.019932,1.0,1.007756
1.005519,0.997767,1.007756,1.020891
1.0236,1.009513,1.020891,1.038772
1.039142,1.02051,1.038772,0.986522
1.023736,1.030961,0.986522,0.970047
0.961694,0.972076,0.970047,1.011376
0.981132,0.988618,1.011376,1.004821
1.030449,1.014254,1.004821,1.004264
0.982893,0.997297,1.004264,0.935244
0.996308,0.954472,0.935244,1.022701
0.96612,1.0,1.022701,1.029412
1.021918,1.017036,1.029412,0.992992
1.004826,1.021776,0.992992,1.0076
0.995197,1.0,1.0076,1.004849
1.012332,1.004918,1.004849,1.01126
1.014831,1.0087,1.01126,1.019618
1.004697,1.003774,1.019618,0.977119
1.001039,1.001074,0.977119,1.036722
1.025947,0.997854,1.036722,1.044148
1.035407,1.041398,1.044148,0.976893
0.987298,1.021167,0.976893,0.982386
1.010886,0.985844,0.982386,1.012295
0.972589,0.990256,1.012295,0.973178
1.011575,0.994821,0.973178,1.050962
1.007463,1.001562,1.050962,1.003958
1.046914,1.046778,1.003958,1.035485
1.000943,0.991559,1.035485,0.985245
0.983977,1.016525,0.985245,0.93913
0.9909,0.955665,0.93913,1.028292
0.970517,0.988144,1.028292,0.982991
0.998506,1.013041,0.982991,1.002545
0.989526,0.995366,1.002545,1.001015
1.015625,1.010864,1.001015,0.953854
0.968238,0.958547,0.953854,1.013291
0.981548,1.004271,1.013291,1.0
1.002611,0.994152,1.0,0.974292
0.986458,0.990909,0.974292,1.004308
0.988384,0.998921,1.004308,1.012869
1.013889,1.004862,1.012869,1.004764
1.004215,1.011828,1.004764,0.99157
1.004197,0.998937,0.99157,1.019129
1.00627,0.998936,1.019129,1.000521
0.998962,1.011182,1.000521,1.013028
1.022349,1.004739,1.013028,1.001029
0.993391,1.007338,1.001029,0.982014
0.997953,0.991155,0.982014,1.068027
1.073333,1.003675,1.068027,0.989221
0.984233,1.054393,0.989221,1.018326
1.002427,0.99504,1.018326,1.025778
1.045036,1.035892,1.025778,1.04789
1.07507,1.007218,1.04789,0.98733
0.956034,1.016722,0.98733,0.990834
1.027953,1.015038,0.990834,1.015264
0.981579,0.981481,1.015264,1.033713
1.018767,1.017925,1.033713,0.985897
1.038596,1.02873,0.985897,1.011176
0.967061,0.97973,1.011176,0.94916
0.9869,0.986667,0.94916,1.011178
0.980531,0.997204,1.011178,0.953478
0.974729,0.966355,0.953478,1.003382
0.969907,0.995164,1.003382,1.013
1.019093,1.003401,1.013,0.988118
0.991101,1.00339,0.988118,1.007215
0.997164,0.991795,1.007215,1.014327
1.014218,1.021411,1.014327,0.983992
0.991589,0.985231,0.983992,0.969378
0.98492,0.976306,0.969378,0.983218
0.966507,0.976721,0.983218,1.009036
0.996535,1.008114,1.009036,0.979602
0.999006,0.986922,0.979602,0.989843
0.982596,0.991335,0.989843,1.000513
1.004049,0.999486,1.000513,0.983077
0.987399,0.977881,0.983077,1.020866
0.99949,1.004734,1.020866,0.995912
1.010215,1.017277,0.995912,0.988199
0.991911,0.979928,0.988199,0.99325
0.976555,0.988445,0.99325,1.002091
1.006263,1.005313,1.002091,0.972353
0.995332,0.983087,0.972353,0.964592
0.984367,0.965054,0.964592,1.016129
0.968237,1.001114,1.016129,1.004379
1.007108,1.010017,1.004379,0.972752
0.9962,0.97686,0.972752,0.973109
0.978202,0.970671,0.973109,1.018998
0.987744,1.006973,1.018998,1.010734
1.01128,1.00577,1.010734,1.00559
1.020078,1.020654,1.00559,1.007226
0.994533,1.01068,1.007226,1.003311
1.009346,1.004449,1.003311,1.0011
0.996732,0.996124,1.0011,0.969231
0.992896,0.975542,0.969231,0.984127
0.981838,0.984615,0.984127,1.011521
0.994395,0.997106,1.011521,0.961845
0.992108,0.976785,0.961845,1.013025
0.973295,0.988711,1.013025,1.011105
1.014594,1.025841,1.011105,1.006358
1.004028,1.003515,1.006358,0.979897
1.00745,0.994746,0.979897,1.025205
1.001706,0.993545,1.025205,0.969697
0.998864,1.0,0.969697,1.016509
0.985787,0.998819,1.016509,1.030742
1.029412,1.015967,1.030742,0.988182
0.993277,1.012806,0.988182,1.001139
0.99718,1.001149,1.001139,0.993174
1.003394,1.0,0.993174,0.961627
0.979707,0.96039,0.961627,1.015485
0.982163,0.999402,1.015485,1.004692
1.019332,1.014354,1.004692,1.005254
0.997701,1.003538,1.005254,1.006969
1.0,1.005288,1.006969,0.995963
1.013249,1.008767,0.995963,1.009265
0.992041,0.993048,1.009265,0.991394
1.004011,1.00175,0.991394,0.977431
0.985731,0.979616,0.977431,1.012433
0.995947,1.001189,1.012433,1.002339
0.998256,1.013064,1.002339,0.98133
1.000582,0.98476,0.98133,1.003567
0.987776,0.994048,1.003567,1.005332
1.019446,1.00479,1.005332,0.958161
0.978613,0.968415,0.958161,1.00738
0.970467,1.000615,1.00738,1.004274
1.018868,1.004305,1.004274,1.02614
1.01135,1.004287,1.02614,1.037915
1.037803,1.023171,1.037915,1.019406
1.017644,1.030393,1.019406,0.993281
1.015101,1.023713,0.993281,1.002818
0.98843,0.996045,1.002818,0.993255
0.994426,0.997164,0.993255,1.010753
1.006166,1.002844,1.010753,1.00224
1.010028,1.003971,1.00224,1.004469
0.995587,1.003955,1.004469,0.991101
0.995568,0.990996,0.991101,0.979237
0.991653,0.988075,0.979237,0.968481
0.984848,0.967241,0.968481,1.002959
0.978348,0.999406,1.002959,1.00295
0.993011,0.995838,1.00295,1.0
1.0,1.0,1.0,1.1
1.096774,1.086567,1.1,0.96631
1.016043,0.986264,0.96631,0.994466
0.956842,0.988858,0.994466,0.986644
0.984048,0.988169,0.986644,1.0
1.001118,1.006842,1.0,0.981951
0.991625,0.985277,0.981951,0.985066
0.980293,0.981609,0.985066,1.009913
1.004595,1.004098,1.009913,0.986721
0.991995,0.988338,0.986721,0.986542
0.999424,0.99233,0.986542,0.998814
0.978085,0.976219,0.998814,0.989311
0.989387,1.003654,0.989311,0.933974
0.991061,0.940534,0.933974,1.003213
0.96813,0.987097,1.003213,1.019859
1.000621,1.013072,1.019859,0.973618
0.978895,0.987097,0.973618,1.042581
1.032974,1.024183,1.042581,0.990099
0.995089,1.020421,0.990099,0.99875
0.993831,0.998124,0.99875,1.020651
1.027933,1.005639,1.020651,0.99019
0.988527,0.996885,0.99019,1.021053
1.013439,1.0125,1.021053,0.995149
0.997589,1.008025,0.995149,1.027422
1.03142,0.995713,1.027422,1.000593
0.995313,1.022755,1.000593,1.023118
1.062978,1.015033,1.023118,0.985516
0.947951,1.0,0.985516,1.010582
1.01285,1.007109,1.010582,0.992437
1.001153,1.001765,0.992437,1.001172
0.995392,0.995302,1.001172,1.00644
0.998264,1.00472,1.00644,1.015707
1.018551,1.011157,1.015707,0.985109
0.99317,0.997096,0.985109,1.009302
1.023496,1.009319,1.009302,0.989631
0.966965,0.982112,0.989631,0.990687
0.998842,0.998825,0.990687,0.998825
0.993623,0.992941,0.998825,0.992941
0.985998,0.990521,0.992941,0.988744
1.013018,0.99701,0.988744,1.002996
0.985981,1.0012,1.002996,0.92951
0.968009,0.920312,0.92951,1.025707
0.979192,1.007161,1.025707,1.02381
1.024375,1.038138,1.02381,0.99388
1.006101,1.006227,0.99388,1.012931
0.998787,1.00495,1.012931,1.013982
1.016393,1.010468,1.013982,1.008393
1.041219,1.009141,1.008393,0.98038
0.95525,0.990338,0.98038,0.984839
1.001201,0.989024,0.984839,1.014778
0.994601,0.990136,1.014778,1.003034
0.998794,1.014944,1.003034,1.006655
1.013285,1.015951,1.006655,0.994591
0.998212,0.994565,0.994591,1.009063
0.999403,1.004857,1.009063,0.977246
1.001195,0.977039,0.977246,0.911765
0.930191,0.914657,0.911765,0.988575
0.963438,0.970926,0.988575,1.006118
0.988682,1.014624,1.006118,0.95473
0.994613,0.968428,0.95473,1.010616
0.975626,0.99433,1.010616,1.017507
1.009022,1.009266,1.017507,1.002753
1.006878,1.017655,1.002753,0.976664
0.996585,0.986121,0.976664,0.998595
0.985607,0.995778,0.998595,0.986629
0.995828,0.988693,0.986629,1.012839
0.993715,0.987848,1.012839,0.998592
1.004216,1.018813,0.998592,1.026093
1.023793,1.008523,1.026093,1.016495
1.017772,1.019718,1.016495,0.99121
1.000672,1.012431,0.99121,1.008186
0.995973,1.000682,1.008186,0.99594
1.012129,1.001363,0.99594,0.999321
0.994674,1.0,0.999321,1.008158
0.995984,1.001361,1.008158,1.002697
1.004032,1.00068,1.002697,0.99731
1.013387,1.003397,0.99731,1.002697
0.984148,0.995261,1.002697,1.020175
1.020134,1.013605,1.020175,0.996704
1.004605,1.008054,0.996704,0.9
0.9,0.9,0.9,0.963145
0.973494,0.96064,0.963145,1.028061
1.013614,1.003841,1.028061,0.997519
0.995116,1.015306,0.997519,0.981343
0.993865,0.98995,0.981343,0.984791
0.993827,0.974619,0.984791,0.996139
0.975155,1.001302,0.996139,0.952196
0.985987,0.929779,0.952196,1.008141
0.968992,1.020979,1.008141,1.010767
1.002667,1.013699,1.010767,1.005326
1.007979,1.009459,1.005326,0.980132
1.006596,0.98929,0.980132,0.971622
0.975098,0.960758,0.971622,0.997218
0.977151,1.0,0.997218,0.993026
0.993122,0.985915,0.993026,0.974719
0.99169,0.988571,0.974719,1.011527
0.994413,0.998555,1.011527,0.951567
0.985955,0.949349,0.951567,0.9
0.938746,0.916159,0.9,0.985025
0.918058,0.956739,0.985025,0.972973
1.0,0.996522,0.972973,1.017361
0.97686,0.989529,1.017361,1.003413
1.015228,1.03351,1.003413,1.013605
0.998333,0.982935,1.013605,1.008389
1.010017,1.024306,1.008389,0.986689
1.0,1.001695,0.986689,1.028668
1.009917,0.996616,1.028668,0.978689
1.00491,1.001698,0.978689,1.00335
0.977199,0.99661,1.00335,0.988314
1.01,1.005102,0.988314,0.967905
0.985149,0.966159,0.967905,1.001745
0.978224,0.971979,1.001745,1.031359
1.015411,1.034234,1.031359,1.008446
1.010118,1.022648,1.008446,0.968174
0.986644,0.972743,0.968174,1.034602
1.020305,1.015762,1.034602,1.005017
1.001658,1.02931,1.005017,0.998336
0.998344,1.0,0.998336,1.001667
1.0,0.991625,1.001667,1.011647
1.0199,1.011824,1.011647,1.008224
1.004878,0.989983,1.008224,0.983687
0.988673,0.998314,0.983687,1.0
0.988543,1.006757,1.0,1.028192
1.039735,1.006711,1.028192,0.995161
0.998408,1.016667,0.995161,0.990276
0.982456,0.995082,0.990276,0.983633
0.991883,0.988468,0.983633,1.0
0.996727,0.988333,1.0,1.0
0.99179,1.006745,1.0,0.975042
1.003311,0.979899,0.975042,0.969283
0.970297,0.957265,0.969283,0.996479
0.984694,1.010714,0.996479,0.987633
0.982729,0.980565,0.987633,1.025045
1.010545,1.005405,1.025045,0.984293
0.996522,1.005376,0.984293,1.019504
1.013962,0.998217,1.019504,1.001739
0.998279,1.016071,1.001739,0.989583
0.987931,0.984183,0.989583,1.010526
1.027923,1.007143,1.010526,0.972222
0.989813,0.989362,0.972222,0.992857
0.962264,0.978495,0.992857,0.985612
1.001783,1.003663,0.985612,1.018248
1.0,0.99635,1.018248,1.017921
1.023132,1.018315,1.017921,0.933099
0.970435,0.953237,0.933099,1.003774
0.964158,1.0,1.003774,0.983083
0.996283,0.983019,0.983083,1.005736
0.985075,0.994242,1.005736,1.001901
1.0,1.005792,1.001901,0.962049
0.998106,0.96737,0.962049,0.986193
0.971537,0.990079,0.986193,0.972
0.976562,0.971944,0.972,1.024691
1.004,0.975258,1.024691,1.022088
1.017928,1.044397,1.022088,0.998035
0.996086,1.012146,0.998035,0.972441
0.994106,0.98,0.972441,1.008097
0.996047,1.004082,1.008097,0.96988
0.990079,0.981707,0.96988,1.006211
0.987976,0.995859,1.006211,1.014403
1.008114,1.012474,1.014403,1.01217
1.012072,1.016427,1.01217,1.008016
1.023857,1.006061,1.008016,0.970179
0.976699,0.971888,0.970179,1.012295
0.99006,1.0,1.012295,1.012146
1.018072,1.016529,1.012146,1.1
1.084813,1.028455,1.1,0.989091
1.012727,1.047431,0.989091,0.977941
0.967684,0.996226,0.977941,0.99812
1.003711,0.998106,0.99812,0.979284
0.983364,0.986717,0.979284,1.023077
1.003759,1.001923,1.023077,0.971805
1.014981,0.988484,0.971805,1.019342
0.97786,1.003883,1.019342,0.986717
0.996226,0.996132,0.986717,0.9
0.945076,0.908738,0.9,0.952991
0.931864,0.916667,0.952991,0.979821
0.993548,1.011655,0.979821,0.979405
0.961039,0.981567,0.979405,1.0
0.986486,0.971831,1.0,0.974299
0.981735,1.0,0.974299,1.007194
0.995349,0.987923,1.007194,1.057143
1.058411,1.03912,1.057143,0.990991
0.997792,1.030588,0.990991,1.002273
0.988938,0.997717,1.002273,1.013605
1.008949,0.95881,1.013605,0.993289
1.015521,1.047733,0.993289,0.986486
0.975983,0.984055,0.986486,1.009132
1.002237,0.990741,1.009132,1.052036
1.075893,1.044393,1.052036,0.991398
0.979253,1.020134,0.991398,1.023861
1.014831,1.017544,1.023861,1.023305
1.010438,1.0,1.023305,1.099379
1.097107,1.034483,1.099379,0.966102
1.035782,1.066667,0.966102,1.011696
0.969091,0.996094,1.011696,0.984586
0.986867,0.994118,0.984586,1.02544
0.996198,0.996055,1.02544,1.019084
1.045802,1.011881,1.019084,1.011236
1.010949,1.035225,1.011236,1.046296
1.019856,1.011342,1.046296,1.1
1.1,1.039252,1.1,0.977492
1.003215,1.080935,0.977492,0.972039
0.996795,0.980033,0.972039,1.005076
0.972669,0.966044,1.005076,1.021886
1.028099,1.022847,1.021886,0.92916
0.974277,0.962199,0.92916,1.015957
0.960396,1.0,1.015957,1.001745
1.022337,1.008929,1.001745,0.968641
0.966387,0.968142,0.968641,0.967626
0.998261,0.981718,0.967626,1.024164
0.972125,0.988827,1.024164,1.027223
1.03405,1.054614,1.027223,1.010601
1.012132,1.0,1.010601,0.965035
0.962329,0.975,0.965035,0.974638
0.978648,0.972527,0.974638,1.001859
0.994545,1.011299,1.001859,0.992579
0.996344,0.96648,0.992579,0.996262
0.99633,1.023121,0.996262,1.011257
1.009208,1.007533,1.011257,1.0
0.99635,0.992523,1.0,0.959184
1.0,0.971751,0.959184,1.003868
0.957875,0.994186,1.003868,0.998073
0.998088,0.992203,0.998073,0.984556
1.001916,0.998035,0.984556,1.017647
0.992352,0.994094,1.017647,0.969171
1.001927,0.984158,0.969171,1.011928
0.984615,1.012072,1.011928,0.958743
0.988281,0.94831,0.958743,1.026639
1.0,1.025157,1.026639,0.96008
1.023715,0.981595,0.96008,1.04158
0.974903,1.010417,1.04158,0.994012
1.005941,1.010309,0.994012,0.993976
1.007874,1.010204,0.993976,1.028283
1.001953,0.959596,1.028283,1.02947
1.02924,1.067368,1.02947,0.994275
1.030303,1.011834,0.994275,0.994242
0.972426,1.003899,0.994242,0.994208
0.986767,0.992233,0.994208,1.054369
1.044061,1.005871,1.054369,1.023941
1.034862,1.031128,1.023941,0.98741
0.984043,1.013208,0.98741,0.969035
0.981982,0.98324,0.969035,1.00188
1.00367,0.994318,1.00188,1.005629
0.987203,1.005714,1.005629,0.992537
1.005556,0.996212,0.992537,0.969925
0.985267,0.977186,0.969925,1.032946
1.005607,1.001946,1.032946,1.015009
1.009294,1.023301,1.015009,0.979667
0.998158,1.001898,0.979667,1.016981
1.00369,1.001894,1.016981,0.948052
0.985294,0.954631,0.948052,1.0
0.973881,1.00198,1.0,0.970646
0.990421,0.968379,0.970646,1.030242
0.994197,1.020408,1.030242,1.029354
1.027237,1.028,1.029354,1.026616
1.032197,1.025292,1.026616,1.011111
1.018349,1.017078,1.011111,1.001832
1.0,1.016791,1.001832,0.985375
0.989189,0.983486,0.985375,1.03154
1.01275,1.011194,1.03154,0.994604
1.016187,1.0,0.994604,1.041591
1.031858,1.01107,1.041591,0.975694
0.987993,1.010949,0.975694,1.010676
0.987847,0.990975,1.010676,1.06338
1.066784,1.041894,1.06338,1.014901
1.047776,1.027972,1.014901,0.985318
0.97956,1.011905,0.985318,1.006623
0.988764,1.011765,1.006623,1.0
1.0,0.990033,1.0,1.004934
1.017857,1.016779,1.004934,1.060556
1.033493,1.006601,1.060556,1.044753
1.061728,1.05082,1.044753,1.019202
1.031977,1.034321,1.019202,0.93913
0.978873,0.960784,0.93913,1.055556
0.985612,1.032967,1.055556,1.002924
1.023358,1.009119,1.002924,1.008746
1.021398,1.006024,1.008746,0.945087
0.972067,0.959581,0.945087,1.006116
0.962644,1.01248,1.006116,1.1
1.080597,1.03698,1.1,0.991713
1.019337,1.046062,0.991713,0.979109
0.97561,0.982955,0.979109,1.0
0.991667,1.007225,1.0,0.98862
0.983193,0.981349,0.98862,0.98705
0.982906,0.98538,0.98705,0.953353
1.001449,0.965875,0.953353,1.009174
0.965268,0.983103,1.009174,0.983333
1.002999,1.010937,0.983333,1.024653
0.99701,0.998454,1.024653,1.034586
1.037481,1.03096,1.034586,1.015988
1.023121,1.03003,1.015988,1.007153
0.995763,1.002915,1.007153,1.015625
1.036879,1.010174,1.015625,0.987413
1.002736,1.0,0.987413,0.985836
0.967258,0.994245,0.985836,1.001437
0.997179,0.998553,1.001437,0.97561
0.98727,0.982609,0.97561,0.998529
0.985673,0.99115,0.998529,0.997054
1.010174,1.00744,0.997054,1.029542
1.002878,0.983752,1.029542,1.020086
1.035868,1.037538,1.020086,0.973277
1.0,0.997106,0.973277,1.00289
0.968144,0.984035,1.00289,0.991354
1.0,1.010324,0.991354,0.988372
0.995708,0.975182,0.988372,0.992647
0.982759,0.991018,0.992647,0.964444
0.997076,0.975831,0.964444,1.036866
1.017595,1.021672,1.036866,1.014815
1.012968,1.019697,1.014815,0.973723
0.965861,0.965825,0.973723,0.902549
0.95729,0.923077,0.902549,1.026578
0.953846,1.005,1.026578,1.032362
1.032258,0.995025,1.032362,0.990596
1.01875,1.033333,0.990596,1.03481
1.009202,1.006452,1.03481,1.006116
1.012158,1.040064,1.006116,0.986322
1.012012,0.986133,0.986322,1.026194
0.988131,1.014062,1.026194,1.1
1.1,1.026194,1.1,1.057299
1.099591,1.1,1.057299,1.1
1.058313,0.961089,1.1,1.099648
1.099648,1.1,1.099648,0.968017
1.079957,1.019144,0.968017,0.981278
0.934847,0.964641,0.981278,0.903479
0.947202,0.918671,0.903479,1.068323
0.978818,1.018703,1.068323,1.04186
1.05467,1.033048,1.04186,1.066964
1.053996,1.092417,1.066964,0.929916
0.959016,0.932755,0.929916,1.001125
0.997863,1.0,1.001125,0.932584
0.962527,0.961628,0.932584,1.007229
0.94327,0.979444,1.007229,0.990431
1.037736,1.017284,0.990431,1.028986
0.994318,0.973301,1.028986,1.099765
1.070857,1.009975,1.099765,1.1
1.1,1.1,1.1,0.992241
1.099903,1.1,0.992241,0.977517
0.910935,0.960435,0.977517,0.968
0.969022,0.954686,0.968,0.987603
0.986014,1.02589,0.987603,0.983264
0.97771,0.960042,0.983264,1.004255
1.0,1.008762,1.004255,0.962924
0.968912,0.95114,0.962924,0.9967
0.994652,1.027397,0.9967,1.041943
1.021505,0.987778,1.041943,0.936441
0.978947,0.986502,0.936441,0.973982
0.951613,0.971494,0.973982,0.998839
0.989831,1.003521,0.998839,1.067442
1.059361,1.00117,1.067442,0.972767
0.966595,0.996495,0.972767,1.005599
1.033445,1.031653,1.005599,0.981069
0.984898,0.992045,0.981069,0.980704
0.970427,0.986254,0.980704,1.006944
0.990971,0.99187,1.006944,0.947126
0.985194,0.949649,0.947126,1.024272
0.993064,1.011097,1.024272,0.990521
0.995343,1.003659,0.990521,0.979665
0.992982,0.987849,0.979665,0.997558
0.975265,0.99754,0.997558,1.003672
1.008454,0.997534,1.003672,1.002439
0.991617,1.003708,1.002439,0.993917
1.001208,0.988916,0.993917,1.011016
1.027744,1.016189,1.011016,0.979419
0.973005,0.990196,0.979419,0.902349
0.969843,0.90099,0.902349,1.008219
0.91791,0.993132,1.008219,1.005435
1.014905,1.015214,1.005435,1.012162
1.006676,0.99455,1.012162,0.981308
0.990716,1.00411,0.981308,0.990476
1.0,0.989086,0.990476,1.012363
0.994645,1.006897,1.012363,0.990502
0.993271,0.982192,0.990502,0.978082
0.98645,0.988842,0.978082,1.09944
1.078297,1.046544,1.09944,1.031847
1.057325,1.048518,1.031847,1.006173
1.009639,0.987147,1.006173,1.033129
1.023866,1.03125,1.033129,0.950119
0.963869,0.997475,0.950119,0.975
0.980653,0.987342,0.975,0.970513
0.966708,0.937179,0.970513,1.006605
0.987245,1.02052,1.006605,0.976378
0.972868,0.977212,0.976378,0.991935
0.998672,0.990398,0.991935,1.051491
1.047872,1.040166,1.051491,1.007732
0.993655,1.002663,1.007732,1.007673
1.016603,1.027888,1.007673,0.978426
0.983668,0.99354,0.978426,0.992218
0.989783,0.984395,0.992218,0.988235
1.014194,0.974901,0.988235,0.986772
0.996183,1.01084,0.986772,0.990617
0.948914,0.958445,0.990617,0.982409
0.993271,1.011189,0.982409,1.002755
0.99187,0.994467,1.002755,1.006868
1.020492,0.98331,1.006868,0.994543
0.982597,1.011315,0.994543,0.995885
1.00545,1.011189,0.995885,1.0
0.987805,0.995851,1.0,1.017906
1.017833,1.004167,1.017906,0.982409
1.002695,1.001383,0.982409,1.03168
1.009409,1.005525,1.03168,1.001335
1.018642,1.020604,1.001335,0.998667
0.997386,0.994616,0.998667,0.989319
0.982962,0.997294,0.989319,0.987854
0.990667,0.991859,0.987854,0.987705
1.002692,0.98632,0.987705,0.994467
0.977181,0.994452,0.994467,1.008345
0.995879,1.0,1.008345,0.995862
0.998621,1.001395,0.995862,0.963989
0.995856,0.958217,0.963989,0.989943
0.965326,0.99564,0.989943,0.969521
0.989943,0.966423,0.969521,0.947605
0.975327,0.956193,0.947605,1.007899
0.964286,1.00316,1.007899,1.00627
1.0,1.006299,1.00627,1.040498
1.032407,0.998435,1.040498,1.0
1.013453,1.028213,1.0,0.998503
0.988201,1.001524,0.998503,0.986507
0.991045,1.0,0.986507,1.00152
0.998494,0.998478,1.00152,0.971168
0.995475,0.97561,0.971168,0.99375
0.977273,0.99375,0.99375,0.97956
0.992248,0.971698,0.97956,0.980738
0.976562,0.982201,0.980738,0.981997
0.9776,0.976936,0.981997,1.038333
1.037643,1.006745,1.038333,0.988764
0.988959,1.030151,0.988764,0.988636
0.985646,0.988618,0.988636,1.004926
0.993528,0.998355,1.004926,1.026144
1.026059,1.003295,1.026144,0.976115
0.998413,1.003284,0.976115,0.965742
0.976153,0.967267,0.965742,0.983108
0.972313,0.981387,0.983108,1.037801
1.030151,1.005172,1.037801,1.0
0.993496,1.03259,1.0,0.995033
0.991817,0.980066,0.995033,1.031614
1.044554,1.028814,1.031614,0.98871
0.981043,0.996705,0.98871,1.017945
1.014493,1.003306,1.017945,1.001603
1.02381,1.01318,1.001603,0.9664
0.964341,0.962602,0.9664,0.988411
0.96463,0.996622,0.988411,1.040201
1.05,1.005085,1.040201,0.982287
1.01746,1.028668,0.982287,1.019672
0.971919,0.980328,1.019672,1.003215
1.009631,1.033445,1.003215,1.024038
1.033386,0.993528,1.024038,0.976526
0.984615,1.011401,0.976526,0.987179
0.985937,0.985507,0.987179,0.998377
0.985737,0.985294,0.998377,0.998374
0.995177,1.00995,0.998374,0.995114
0.996769,0.998358,0.995114,1.001637
1.009724,1.003289,1.001637,0.986928
0.985554,0.983607,0.986928,0.993377
0.986971,0.996667,0.993377,1.01
1.0033,0.994983,1.01,1.024752
1.026316,1.011765,1.024752,0.996779
0.995192,1.018272,0.996779,1.025848
1.038647,1.003263,1.025848,0.992126
0.989147,1.014634,0.992126,1.034921
1.021944,0.998397,1.034921,0.981595
1.035276,1.025682,0.981595,0.996875
0.965926,0.992175,0.996875,0.998433
0.986196,0.996845,0.998433,1.010989
1.001555,1.001582,1.010989,1.018634
1.031056,1.012638,1.018634,1.018293
1.02259,1.01248,1.018293,0.995509
0.988218,1.015408,0.995509,0.962406
0.995529,0.971168,0.962406,0.979687
0.967066,0.978125,0.979687,1.031898
1.009288,1.003195,1.031898,1.010819
1.02454,1.023885,1.010819,1.012232
0.998503,1.010886,1.012232,1.007553
1.035982,1.016923,1.007553,1.007496
0.978292,0.998487,1.007496,0.991071
