0.984848,0.986125,1.016732,0.983543
1.005769,1.020101,0.983543,0.966535
0.977055,0.958621,0.966535,1.001018
0.964775,0.985612,1.001018,0.98881
1.004057,1.005214,0.98881,1.033951
1.018182,1.003112,1.033951,0.985075
1.005952,1.010341,0.985075,1.030303
1.008876,1.011259,1.030303,1.0
1.01173,1.022267,1.0,1.035294
1.021256,0.99604,1.035294,1.010417
1.02176,1.039761,1.010417,0.945642
0.994444,0.962715,0.945642,1.009911
0.956238,0.998014,1.009911,0.981354
0.99221,0.963184,0.981354,0.998
0.996075,1.002066,0.998,0.9499
0.990148,0.961856,0.9499,0.978903
0.952239,0.97642,0.978903,1.009698
0.983281,1.009879,1.009698,1.013874
1.021254,1.003261,1.013874,0.994737
1.020812,1.020585,0.994737,0.974603
0.978593,0.975584,0.974603,0.989142
0.969792,0.946681,0.989142,1.0
0.988185,1.025287,1.0,0.97146
0.972826,0.977578,0.97146,1.015819
1.026816,1.0,1.015819,0.996663
0.984766,1.014908,0.996663,1.00558
1.001105,1.00565,1.00558,0.993341
0.996689,1.003371,0.993341,1.001117
1.001107,0.991041,1.001117,1.011161
1.012168,1.00678,1.011161,1.025386
1.021858,1.016835,1.025386,1.003229
0.99893,1.011038,1.003229,1.012876
1.011777,1.010917,1.012876,1.0
1.01164,1.009719,1.0,1.0
0.993724,0.99893,1.0,0.996822
0.996842,0.994647,0.996822,1.072264
1.069694,1.009688,1.072264,0.949455
1.024679,1.014925,0.949455,1.012526
0.954721,1.009454,1.012526,0.983505
0.9889,0.986472,0.983505,0.992662
0.978571,0.989451,0.992662,0.990496
0.995829,0.992537,0.990496,0.989339
0.98534,0.980666,0.989339,0.976293
0.98831,0.987952,0.976293,0.983444
0.974194,0.97561,0.983444,1.017957
1.002208,1.010227,1.017957,1.011025
1.012115,1.013498,1.011025,1.002181
1.007617,1.014428,1.002181,1.003264
0.99892,0.991247,1.003264,0.997831
1.0,1.00883,0.997831,1.007609
1.015135,1.006565,1.007609,1.016181
1.014909,1.005435,1.016181,0.968153
0.986359,0.983784,0.968153,1.0
0.97234,0.983516,1.0,1.024123
1.021882,1.020112,1.024123,0.987152
1.005353,1.002191,0.987152,0.991323
0.98722,0.993443,0.991323,1.031729
1.022654,1.0033,1.031729,1.006363
1.021097,1.031798,1.006363,1.007376
0.994835,0.993624,1.007376,0.998954
0.996885,1.007487,0.998954,0.99267
0.997917,0.997877,0.99267,1.028481
1.030271,1.007447,1.028481,1.027692
1.016211,1.022175,1.027692,0.992016
1.007976,0.990702,0.992016,1.020121
1.025717,1.027112,1.020121,1.0
0.998071,1.017259,1.0,1.054241
1.04058,1.002994,1.054241,0.986904
1.0065,1.029851,0.986904,1.054976
1.032288,1.004831,1.054976,1.028751
1.027703,1.048077,1.028751,1.0131
1.014783,1.023853,1.0131,0.97931
0.994002,1.003584,0.97931,0.992958
0.987069,0.982143,0.992958,0.965426
0.99476,0.960909,0.965426,1.010101
0.978929,1.012299,1.010101,0.943636
1.007175,0.969159,0.943636,1.021195
0.946572,0.975892,1.021195,1.019811
1.031985,1.028656,1.019811,1.037928
1.025524,1.018252,1.037928,0.97148
1.009778,1.018868,0.97148,1.024771
0.997359,0.963889,1.024771,1.0
1.0,1.0,1.0,0.9
0.975287,0.965418,0.9,0.947264
0.914027,0.905473,0.947264,1.052521
1.0,1.021978,1.052521,1.010978
1.021782,1.053763,1.010978,0.946693
0.988372,0.957143,0.946693,1.001043
0.959804,0.938166,1.001043,0.976042
0.996936,1.05,0.976042,0.979723
0.979508,0.981602,0.979723,1.026144
0.998954,0.981257,1.026144,1.03397
1.038743,1.067416,1.03397,0.985626
0.997984,1.002105,0.985626,0.988542
0.989899,0.992647,0.988542,1.022129
0.994898,0.975661,1.022129,0.993814
1.015385,1.031453,0.993814,0.993776
0.986869,0.983176,0.993776,0.966597
0.981576,0.980749,0.966597,0.99892
0.96976,0.984733,0.99892,1.008649
1.035484,1.028793,1.008649,0.997856
0.978193,0.98493,0.997856,0.943072
0.974522,0.939891,0.943072,1.005695
0.964052,0.997674,1.005695,1.039638
1.044068,1.027972,1.039638,1.009804
1.017316,1.020408,1.009804,0.984898
0.996809,1.008889,0.984898,1.001095
0.997866,1.004405,1.001095,0.949672
0.981818,0.941886,0.949672,1.043779
0.989107,1.001164,1.043779,0.99117
0.995595,1.031395,0.99117,0.982183
0.993363,0.986471,0.982183,1.00907
1.002227,1.001143,1.00907,0.982022
0.991111,0.992009,0.982022,0.950801
0.988789,0.950518,0.950801,0.936221
0.952381,0.940678,0.936221,1.0
0.930952,0.972973,1.0,0.994859
1.017903,1.002646,0.994859,0.997416
0.977387,0.973615,0.997416,1.012953
1.041131,1.020325,1.012953,1.017903
0.997531,1.038513,1.017903,1.015075
1.003713,1.011509,1.015075,0.996287
1.027127,1.012642,0.996287,1.031056
1.009604,0.998752,1.031056,1.013253
1.009512,1.0275,1.013253,1.008323
1.008245,1.00365,1.008323,0.983491
1.0,1.004848,0.983491,0.953237
0.976636,0.956574,0.953237,1.0
0.964115,0.977301,1.0,1.040252
1.037221,1.006452,1.040252,1.036276
1.028708,1.053846,1.036276,0.988331
1.013953,1.025547,0.988331,1.014168
1.008028,0.995255,1.014168,1.001164
0.990899,1.010727,1.001164,1.1
1.086108,1.001179,1.1,1.015856
1.041226,1.091873,1.015856,1.01873
1.016244,1.026969,1.01873,0.993871
0.989011,1.007353,0.993871,0.982528
0.989899,0.98853,0.982528,1.062762
1.059184,1.007384,1.062762,0.96752
0.974952,1.028272,0.96752,1.054934
1.037549,0.995927,1.054934,1.009643
1.019048,1.04908,1.009643,1.022923
1.008411,1.011696,1.022923,0.994398
1.033364,1.007707,0.994398,0.966197
0.962332,0.977055,0.966197,0.987366
0.968313,0.981409,0.987366,0.994094
0.991338,0.987039,0.994094,1.006931
0.98932,0.994949,1.006931,1.040315
1.042198,1.016244,1.040315,0.999055
1.003766,1.038961,0.999055,1.028382
1.031895,1.0125,1.028382,1.026679
1.022727,1.021842,1.026679,0.955197
0.987556,0.977695,0.955197,0.984053
0.967597,0.993346,0.984053,1.015253
1.010233,0.995215,1.015253,1.000939
0.998158,1.009615,1.000939,1.04409
1.037823,1.011429,1.04409,1.021563
1.020444,1.03484,1.021563,1.020229
1.025261,1.020018,1.020229,1.025
1.02294,1.016949,1.025,0.973928
0.996678,0.981579,0.973928,0.997409
0.98,1.020554,0.997409,1.003463
1.016156,1.004378,1.003463,0.96635
0.979916,0.967742,0.96635,1.1
1.052092,0.998198,1.1,1.006494
1.022727,1.075812,1.006494,0.981452
1.009524,1.010906,0.981452,1.018899
0.997642,0.992531,1.018899,1.06129
1.060678,1.036789,1.06129,1.00228
0.990342,1.045968,1.00228,0.969674
0.990248,0.979954,0.969674,0.971071
0.973485,0.940205,0.971071,1.045089
1.018677,1.019247,1.045089,0.979969
1.007639,1.025452,0.979969,0.992138
0.963609,0.982386,0.992138,1.028526
1.026751,1.018745,1.028526,1.024653
1.042912,1.024,1.024653,0.995489
1.012491,1.025,0.995489,1.033233
1.003628,1.0,1.033233,1.044591
1.037599,1.04497,1.044591,1.031491
1.094774,1.050328,1.031491,0.984396
0.967537,0.984722,0.984396,0.978635
0.957895,0.987306,0.978635,0.96338
0.995879,0.945,0.96338,0.951023
0.953103,0.981104,0.951023,0.919293
0.95152,0.902928,0.919293,1.074415
0.979468,1.021331,1.074415,1.033463
1.045807,1.042607,1.033463,1.017319
1.020787,1.049679,1.017319,1.005922
0.996364,1.00229,1.005922,1.015453
1.012409,1.026657,1.015453,0.97029
0.991348,0.974777,0.97029,0.99776
1.001455,1.003805,0.99776,0.967814
0.982571,0.969674,0.967814,1.029389
0.995565,1.004691,1.029389,1.015778
1.012621,1.027237,1.015778,1.019231
1.046921,1.041667,1.019231,1.081277
1.061625,0.992727,1.081277,1.014094
1.011873,1.062271,1.014094,0.991396
1.003911,1.024138,0.991396,1.074766
1.051948,1.006734,1.074766,0.990062
1.001235,1.040803,0.990062,0.989962
1.024044,1.008997,0.989962,0.986058
0.981337,0.987261,0.986058,0.950514
0.981595,0.949032,0.950514,1.049358
0.9725,1.005438,1.049358,0.992912
1.041774,1.001352,0.992912,0.912395
0.937076,0.936529,0.912395,1.029872
0.954575,0.950973,1.029872,1.019337
1.027586,1.076573,1.019337,0.996612
1.028188,1.0,0.996612,1.002719
0.969321,0.985915,1.002719,1.016949
1.012121,1.032143,1.016949,0.999333
1.011311,1.02699,0.999333,0.971314
0.992105,0.97372,0.971314,0.970467
0.965517,0.967474,0.970467,0.9908
0.978022,0.929185,0.9908,1.017857
1.004213,1.053118,1.017857,1.005614
1.013986,1.023392,1.005614,0.995115
0.987586,1.0,0.995115,0.980365
1.00419,0.99,0.980365,1.01216
0.986092,0.974747,1.01216,0.992933
1.008463,1.036269,0.992933,0.967972
0.986014,0.964286,0.967972,0.989706
0.975177,0.978519,0.989706,1.038633
1.020364,1.02271,1.038633,1.06867
1.068425,1.028127,1.06867,0.991968
1.014009,1.058315,0.991968,0.999325
0.984868,0.985714,0.999325,1.004051
0.999332,1.011732,1.004051,1.01883
1.014037,0.987722,1.01883,0.99868
1.005274,1.005525,0.99868,0.980172
0.991475,1.004121,0.980172,0.961564
0.980159,0.967852,0.961564,0.963534
0.958165,0.95265,0.963534,0.982533
0.985211,0.986647,0.982533,0.992593
0.985704,1.003759,0.992593,1.050746
1.02248,0.997004,1.050746,0.990057
1.002837,1.025545,0.990057,1.036585
1.024045,1.026374,1.036585,0.997232
1.008287,1.023555,0.997232,0.981263
0.986986,0.97629,0.981263,0.965347
0.981263,0.964286,0.965347,1.00293
0.980905,1.0,1.00293,0.986121
0.997837,0.992593,0.986121,0.962963
0.971821,0.963433,0.962963,1.01
0.98513,1.006197,1.01,1.013709
1.011321,1.005389,1.013709,0.954921
0.987313,0.957887,0.954921,0.925256
0.944822,0.935252,0.925256,0.993197
0.96,0.996581,0.993197,1.023116
0.996667,1.006003,1.023116,1.003347
1.041806,1.014493,1.003347,0.986656
0.969502,0.97563,0.986656,0.956044
0.988411,0.965547,0.956044,1.009726
0.962312,0.955397,1.009726,1.0
1.022628,1.062558,1.0,1.035026
1.008511,1.001757,1.035026,1.026227
1.029536,1.033333,1.026227,1.003298
1.0,1.011885,1.003298,0.984388
1.016393,0.998322,0.984388,1.005008
1.010484,0.991597,1.005008,1.024917
0.995211,1.021186,1.024917,1.00081
1.004812,1.016598,1.00081,1.012146
1.000798,1.004898,1.012146,0.9992
1.003987,1.007311,0.9992,1.011209
1.007149,0.985484,1.011209,1.003959
1.012618,1.021277,1.003959,0.977918
0.988318,0.990385,0.977918,1.019355
0.997636,0.991909,1.019355,1.034019
1.047393,1.027732,1.034019,1.005356
1.003017,1.022222,1.005356,1.0
0.999248,1.00854,1.0,1.031963
1.042137,1.009238,1.031963,1.007375
1.0,1.029748,1.007375,1.016837
1.012274,1.004444,1.016837,0.990641
0.994294,1.001475,0.990641,1.0
1.025825,0.998527,1.0,1.02907
0.993007,1.012537,1.02907,1.0
1.0,1.0,1.0,0.975989
1.014789,0.989075,0.975989,0.988423
0.96669,1.001473,0.988423,1.013909
1.012204,1.005147,1.013909,0.991336
0.992199,0.997074,0.991336,0.965768
0.978556,0.953778,0.965768,0.952489
0.974434,0.953846,0.952489,1.022169
0.968516,1.008065,1.022169,0.956623
0.981424,0.9768,0.956623,1.017814
0.993691,1.011466,1.017814,1.018298
1.02619,1.018623,1.018298,0.982031
0.994586,0.992051,0.982031,0.997613
0.979782,0.983173,0.997613,0.994418
1.005556,1.008965,0.994418,1.0
1.0,1.0,1.0,1.0
1.0,1.0,1.0,0.951083
0.961326,0.945073,0.951083,0.998314
0.98358,0.996581,0.998314,1.018581
1.010851,1.012007,1.018581,1.014925
1.012386,1.00339,1.014925,1.002451
1.014682,0.981419,1.002451,1.028525
1.019293,1.046472,1.028525,0.988114
0.991325,1.01398,0.988114,1.004812
1.003182,0.989457,1.004812,1.012769
1.011102,1.004098,1.012769,0.992908
1.0,1.018776,0.992908,1.0
1.0,1.0,1.0,1.020635
1.035294,1.021635,1.020635,0.977449
0.967424,0.967059,0.977449,0.994431
0.990603,0.990268,0.994431,1.008
0.998419,1.013104,1.008,0.994444
1.005542,1.00485,0.994444,1.023943
1.011811,0.993564,1.023943,1.0
1.007782,1.021053,1.0,0.978176
0.993822,0.991277,0.978176,0.991235
0.982129,0.9856,0.991235,0.934084
0.995253,0.933442,0.934084,1.03012
0.9531,0.991304,1.03012,0.994987
0.994996,1.028947,0.994987,0.964736
1.0,0.978687,0.964736,1.02698
0.994971,0.997387,1.02698,0.99322
0.998315,1.00786,0.99322,0.999147
0.999156,1.010399,0.999147,1.018787
1.016892,1.004288,1.018787,0.992456
0.995017,0.999146,0.992456,0.996622
1.001669,1.001709,0.996622,1.016102
1.005,1.005119,1.016102,1.0
1.0,1.0,1.0,0.969141
0.99005,0.980475,0.969141,1.0
0.979899,1.002597,1.0,1.012909
1.030769,1.005181,1.012909,1.001699
0.986733,1.000859,1.001699,0.950806
0.994958,0.961373,0.950806,0.994648
0.947635,0.971429,0.994648,0.982063
0.997326,1.000919,0.982063,0.991781
1.0,0.988062,0.991781,0.97698
0.98034,0.975836,0.97698,1.01131
0.989973,0.990476,1.01131,1.005592
0.997238,1.009615,1.005592,1.013902
1.017544,1.02,1.013902,1.0
1.0,1.0,1.0,1.010969
1.015426,0.997199,1.010969,1.006329
1.001787,1.01779,1.006329,1.024259
1.02587,1.017479,1.024259,0.982456
0.989565,1.005425,0.982456,0.995536
0.999121,0.991906,0.995536,1.013453
1.010554,1.007253,1.013453,1.015929
1.002611,1.006301,1.015929,1.000871
1.011285,1.012522,1.000871,0.982594
0.999142,0.986749,0.982594,0.995571
0.983677,0.988362,0.995571,0.992883
0.993013,0.994565,0.992883,1.010753
1.002639,1.016393,1.010753,1.006206
1.007895,1.001792,1.006206,1.010573
1.0,1.0,1.010573,1.047079
1.076588,1.016995,1.047079,1.004996
0.97979,1.038698,1.004996,0.999171
1.005776,0.999153,0.999171,0.975954
0.996719,0.995763,0.975954,1.011045
0.984362,0.998298,1.011045,0.989916
1.005017,1.0,0.989916,1.024618
1.009151,0.997442,1.024618,1.009942
1.008244,1.022222,1.009942,0.981952
0.995912,0.994983,0.981952,0.992481
0.994253,0.993277,0.992481,0.977273
0.985962,0.972927,0.977273,1.007752
0.985762,1.001739,1.007752,0.998291
0.99915,1.001736,0.998291,1.020548
1.022109,1.006066,1.020548,1.002517
1.006656,1.019811,1.002517,1.019247
1.009917,1.005912,1.019247,1.012315
1.018003,1.02267,1.012315,0.986212
0.990354,0.989327,0.986212,1.033717
1.021104,1.006639,1.033717,0.988067
1.012719,1.022259,0.988067,0.995169
0.990581,0.994355,0.995169,1.011327
1.011886,0.987835,1.011327,0.964
0.982772,0.948276,0.964,1.017427
0.983267,1.021645,1.017427,1.027732
1.036467,1.021186,1.027732,0.992063
1.01251,1.029876,0.992063,0.9856
0.960618,0.974214,0.9856,1.020292
1.016881,0.998346,1.020292,1.022275
1.027668,1.024027,1.022275,0.995331
1.003846,1.033172,0.995331,0.9914
0.987739,0.963978,0.9914,1.022871
1.008534,1.001625,1.022871,1.001542
1.015385,0.957826,1.001542,1.016166
1.037121,1.1,1.016166,1.013636
0.980278,0.990805,1.013636,1.013453
1.028316,1.031709,1.013453,1.0
1.0,1.0,1.0,0.970501
0.992754,0.974513,0.970501,1.0
0.964964,0.990769,1.0,0.977204
1.006808,0.996894,0.977204,0.985226
0.958678,0.956386,0.985226,0.991318
1.012539,1.013844,0.991318,1.003981
0.987616,0.995984,1.003981,1.019033
1.012539,1.021774,1.019033,1.017121
1.017028,1.012628,1.017121,0.999235
1.003805,1.008574,0.999235,1.003063
1.007582,0.992272,1.003063,0.974809
0.999248,0.992991,0.974809,0.997651
0.963855,0.973333,0.997651,0.984301
0.992187,1.0,0.984301,0.987241
0.993701,0.986301,0.987241,0.962036
0.979398,0.968954,0.962036,0.967254
0.962783,0.96543,0.967254,1.032986
1.00084,1.009607,1.032986,1.00084
1.015113,1.020761,1.00084,1.005038
1.006617,1.001695,1.005038,0.976608
0.981101,0.949239,0.976608,0.968349
0.987437,0.963458,0.968349,0.985866
0.961832,1.026827,0.985866,1.006272
0.998236,0.990991,1.006272,1.00089
1.004417,1.001818,1.00089,1.010676
1.0,1.002722,1.010676,1.037852
1.043975,1.020814,1.037852,0.98134
1.013479,1.024823,0.98134,0.983578
0.967581,0.964533,0.983578,1.0
0.992268,1.008969,1.0,0.993849
0.998268,0.992,0.993849,0.982317
0.998265,0.994624,0.982317,0.979298
0.981755,0.978378,0.979298,1.017463
0.981416,0.995396,1.017463,1.00271
1.015329,1.017576,1.00271,1.003604
1.015986,1.0,1.003604,1.041293
1.02972,1.01,1.041293,1.0
1.0,1.0,1.0,0.999138
1.005093,1.035104,0.999138,1.020708
1.000845,1.010435,1.020708,0.992392
1.01097,1.000861,0.992392,1.005111
0.992487,1.00172,1.005111,0.955085
0.996636,0.963948,0.955085,0.999113
0.961181,0.990205,0.999113,1.027531
1.016681,1.007194,1.027531,1.015557
1.017271,1.019643,1.015557,0.999149
1.014431,1.017513,0.999149,1.003407
0.999163,1.006885,1.003407,1.035654
1.025963,1.004274,1.035654,1.005738
1.016327,1.036596,1.005738,0.979625
0.995984,0.928571,0.979625,1.022463
0.991935,1.036251,1.022463,1.013019
1.056911,1.05802,1.013019,1.006426
0.969231,0.991935,1.006426,1.0
1.012698,0.998374,1.0,0.992817
0.999216,0.999186,0.992817,1.001608
0.980392,0.994295,1.001608,0.994382
1.0032,1.002459,0.994382,1.010492
1.004785,1.003271,1.010492,1.011981
1.011905,1.017115,1.011981,0.986582
0.999216,0.997596,0.986582,0.9768
0.996075,0.97992,0.9768,1.004914
0.979511,0.995082,1.004914,0.961695
0.994368,0.970346,0.961695,1.004237
0.985437,1.001698,1.004237,0.998312
0.988506,0.983051,0.998312,1.019442
1.013289,1.011207,1.019442,1.00995
1.002459,1.01705,1.00995,0.995895
1.000818,1.012573,0.995895,0.998351
1.0,0.991722,0.998351,1.023121
1.014706,1.012521,1.023121,0.965295
0.995974,0.943941,0.965295,1.005017
0.996766,1.045415,1.005017,0.962562
0.969992,0.961571,0.962562,0.974935
0.978261,0.972198,0.974935,1.007092
0.973504,0.992851,1.007092,0.997359
1.003512,1.0018,0.997359,0.998235
0.995626,0.999102,0.998235,0.969938
0.990334,0.971223,0.969938,0.976299
0.976043,0.991667,0.976299,0.952381
0.972727,0.938375,0.952381,0.980392
0.971028,0.981095,0.980392,0.961
0.965351,0.973631,0.961,1.024974
0.982054,0.978125,1.024974,1.005076
1.007107,1.023429,1.005076,0.993939
1.006048,1.01769,0.993939,0.944106
0.996994,0.945808,0.944106,0.976319
0.931658,0.92973,0.976319,0.98677
0.987055,1.032558,0.98677,0.998883
0.994536,0.992117,0.998883,0.966443
0.981319,0.973893,0.966443,1.03588
1.014558,0.967366,1.03588,0.994413
0.993377,1.06506,0.994413,1.038202
1.035556,1.00905,1.038202,0.978355
1.011803,1.012332,0.978355,0.939159
0.962884,0.92691,0.939159,0.952886
0.938326,0.9546,0.952886,1.046972
0.997653,0.969962,1.046972,1.068477
1.065882,1.073548,1.068477,1.00221
1.00883,1.069712,1.00221,0.981257
0.99453,0.994382,0.981257,0.944944
0.983498,0.948023,0.944944,0.958383
0.959732,0.952324,0.958383,1.068238
1.01049,1.001252,1.068238,0.941928
1.00346,1.01,0.941928,1.017263
0.958621,0.998762,1.017263,1.036364
1.028777,1.023544,1.036364,1.011696
1.019814,1.01816,1.011696,0.998844
0.994286,1.011891,0.998844,1.012731
1.022989,1.001175,1.012731,1.011429
1.005618,1.018779,1.011429,1.00904
0.998883,0.996544,1.00904,1.008959
1.01566,1.023121,1.008959,0.968923
0.987885,0.980791,0.968923,1.02291
1.0,0.998848,1.02291,1.013438
1.016722,1.024221,1.013438,1.003315
1.008772,1.002252,1.003315,1.017621
1.008696,1.010112,1.017621,0.988095
0.996767,1.012236,0.988095,1.020811
1.020541,0.993407,1.020811,0.980687
1.025424,1.0,0.980687,0.990153
0.948347,0.987832,0.990153,1.00442
1.0,0.991041,1.00442,0.9956
0.995643,1.00452,0.9956,1.01547
1.006565,1.011249,1.01547,1.019587
1.022826,1.016685,1.019587,1.010672
1.010627,1.019694,1.010672,1.013728
1.016824,1.009657,1.013728,1.014583
1.010341,1.004251,1.014583,0.975359
1.0,0.998942,0.975359,0.996842
0.979529,0.996822,0.996842,1.020063
1.015674,1.008502,1.020063,0.985507
1.0,1.001054,0.985507,0.982143
0.983539,0.982105,0.982143,0.979679
0.972803,0.978564,0.979679,1.018559
1.005376,1.006572,1.018559,1.034298
1.035294,1.018498,1.034298,1.009326
1.042355,1.023504,1.009326,1.052361
1.024777,1.01357,1.052361,0.976585
1.019342,1.020597,0.976585,1.026973
0.983871,1.009082,1.026973,1.034047
1.046287,1.018,1.034047,0.992474
0.992627,1.023576,0.992474,0.96019
0.986072,0.963532,0.96019,0.977295
0.96516,0.969124,0.977295,1.006061
0.982439,0.997945,1.006061,0.988956
0.997021,0.994851,0.988956,1.011168
0.996016,1.013458,1.011168,0.961847
1.008,0.976507,0.961847,0.981211
0.948413,0.968619,0.981211,1.006383
0.995816,0.982721,1.006383,0.985201
1.00105,1.00989,0.985201,1.035408
1.017838,1.01741,1.035408,1.003109
1.004124,1.017112,1.003109,0.957645
0.99076,0.971609,0.957645,0.987055
0.963731,0.94697,0.987055,0.993443
0.986022,1.013714,0.993443,1.020902
1.017448,1.013529,1.020902,1.011853
1.01179,1.024472,1.011853,0.986155
0.990466,0.993485,0.986155,0.971922
0.993583,0.977049,0.971922,1.021111
0.995694,1.001119,1.021111,1.0
1.0,1.0,1.0,1.027203
1.025946,1.022346,1.027203,0.985169
1.012645,1.009836,0.985169,0.975269
0.96358,0.949134,0.975269,1.024256
1.012959,1.015964,1.024256,0.994618
0.996802,1.023569,0.994618,0.978355
0.994652,0.982456,0.978355,1.012168
0.990323,1.004464,1.012168,1.028415
1.023887,1.008889,1.028415,1.025505
1.028632,1.029736,1.025505,1.002073
0.997938,1.018182,1.002073,0.989659
0.996901,0.996849,0.989659,0.978056
0.988601,0.981033,0.978056,1.004274
0.987421,0.990333,1.004274,0.995745
1.0138,0.995662,0.995745,0.996795
0.990576,1.008715,0.996795,0.992497
0.993658,0.981641,0.992497,0.99784
0.996809,1.005501,0.99784,1.016234
1.002134,1.009847,1.016234,0.975506
1.00426,0.983749,0.975506,0.953057
0.968187,0.948238,0.953057,1.003436
0.984666,1.009292,1.003436,0.981735
0.978865,0.978136,0.981735,0.972093
0.985227,0.98,0.972093,0.967703
0.968858,0.967587,0.967703,1.008653
0.978571,0.977667,1.008653,1.01348
1.008516,1.025381,1.01348,1.009674
1.024125,1.006188,1.009674,1.011976
1.003534,1.0123,1.011976,1.023669
1.024648,1.025516,1.023669,0.974566
1.006873,0.990521,0.974566,0.991696
0.972696,0.991627,0.991696,1.010766
1.012865,1.00965,1.010766,0.995266
0.996536,0.989247,0.995266,0.934602
0.982619,0.942029,0.934602,1.01145
0.938679,0.988462,1.01145,0.981132
0.997487,1.003891,0.981132,1.023077
1.010076,1.00646,1.023077,1.007519
1.018703,1.014121,1.007519,1.006219
1.007344,1.013924,1.006219,1.00618
1.00243,1.007491,1.00618,0.9914
0.990303,0.992565,0.9914,0.996283
1.0,1.002497,0.996283,0.978856
0.98164,0.972603,0.978856,0.958069
0.981297,0.959027,0.958069,0.993369
0.961881,0.959947,0.993369,0.982644
1.002642,1.022253,0.982644,0.961957
0.976285,0.961905,0.961957,1.002825
0.960864,0.980198,1.002825,1.032394
1.036517,1.025974,1.032394,1.023192
1.025745,1.02391,1.023192,1.034667
1.031704,1.03022,1.034667,0.985825
0.994878,1.016,0.985825,1.057516
1.045045,1.007874,1.057516,1.007417
1.027094,1.036458,1.007417,0.992638
1.01199,1.005025,0.992638,1.003708
0.972749,0.98,1.003708,1.051724
1.057247,1.020408,1.051724,1.007026
0.995392,1.05,1.007026,1.005814
1.028935,1.016667,1.005814,1.013873
0.99775,0.985948,1.013873,1.021665
1.034949,1.041568,1.021665,0.996652
0.989107,1.009122,0.996652,1.0
0.987885,0.970621,1.0,0.996641
1.012263,1.012806,0.996641,0.992135
0.979075,0.983908,0.992135,0.96829
0.992126,0.996495,0.96829,0.962573
0.978458,0.958968,0.962573,0.987849
0.960603,0.963325,0.987849,0.98278
0.984318,1.011421,0.98278,1.022528
1.008578,0.991217,1.022528,1.007344
1.014581,1.013924,1.007344,1.019441
1.008383,1.017478,1.019441,1.02503
1.022565,1.018405,1.02503,1.018605
1.023229,1.022892,1.018605,1.0
0.998865,1.021201,1.0,0.976027
0.995455,0.970012,0.976027,1.008187
0.993151,1.005945,1.008187,0.99768
1.0,1.001182,0.99768,0.988372
1.011494,0.997639,0.988372,1.009412
0.976136,0.975148,1.009412,0.997669
1.003492,1.025485,0.997669,0.98715
0.99536,0.983432,0.98715,0.986982
0.990676,0.99278,0.986982,0.995204
0.982353,0.975758,0.995204,0.998795
1.008383,1.02236,0.998795,1.041013
1.026128,1.009721,1.041013,0.998841
1.016204,1.024067,0.998841,0.967517
0.985194,0.972973,0.967517,0.98801
0.964162,0.980676,0.98801,0.995146
0.998801,0.997537,0.995146,0.986585
0.993998,0.998765,0.986585,0.959209
0.979469,0.945612,0.959209,1.002577
0.969174,0.997386,1.002577,1.023136
1.033079,1.019659,1.023136,1.016332
1.018473,1.01928,1.016332,1.001236
0.987908,1.008827,1.001236,1.006173
1.007344,1.00875,1.006173,1.02454
1.027947,1.006196,1.02454,1.027545
1.034279,1.038177,1.027545,1.017483
1.017143,1.023725,1.017483,1.010309
1.004494,1.005794,1.010309,0.987528
0.993289,1.002304,0.987528,1.006889
1.0,0.97931,1.006889,0.978335
1.004505,1.004695,0.978335,0.994172
0.974215,0.990654,0.994172,1.029308
1.011507,1.0,1.029308,0.962415
1.005688,0.990566,0.962415,1.010651
0.975113,0.982143,1.010651,0.998829
0.993039,0.993939,0.998829,0.991794
1.003505,1.02561,0.991794,0.94208
0.987194,0.925089,0.94208,1.027604
0.966981,1.002571,1.027604,1.03663
1.043902,1.038462,1.03663,0.991755
1.004673,1.033333,0.991755,1.023753
1.004651,1.008363,1.023753,1.034803
1.034722,1.021327,1.034803,0.986547
1.012304,1.015081,0.986547,1.004545
0.98895,0.993143,1.004545,0.986425
1.003352,0.990794,0.986425,1.030963
1.005568,1.003484,1.030963,0.983315
1.016611,1.016204,0.983315,1.0
0.974946,0.997722,1.0,1.011312
1.001117,1.001142,1.011312,1.012304
1.013393,1.00114,1.012304,0.98895
1.004405,1.015945,0.98895,0.973184
0.974781,0.966368,0.973184,0.994259
0.992126,1.00232,0.994259,0.965358
0.981859,0.927083,0.965358,1.01555
0.981524,1.031211,1.01555,0.994111
1.003529,1.014528,0.994111,0.977488
0.992966,0.983294,0.977488,1.004848
0.979929,0.964806,1.004848,0.989144
1.004819,1.030189,0.989144,1.0
0.992806,0.990232,1.0,1.019512
1.009662,0.993835,1.019512,0.991627
1.016746,1.019851,0.991627,0.967431
0.963529,0.974453,0.967431,1.0
0.989011,0.992509,1.0,1.006234
1.0,1.006289,1.006234,0.972739
0.995062,0.98,0.972739,1.028025
1.002481,1.0,1.028025,0.976456
0.998762,1.003827,0.976456,0.991117
0.978934,0.978399,0.991117,1.003841
0.998734,1.0,1.003841,1.006378
1.00507,1.011688,1.006378,1.007605
1.003783,0.996149,1.007605,0.98239
1.001256,1.005155,0.98239,1.0
0.996236,1.001282,1.0,0.93598
0.984887,0.928297,0.93598,0.928865
0.932225,0.918621,0.928865,0.951399
0.931413,0.95045,0.951399,1.004644
0.970545,1.015798,1.004644,1.006163
0.996965,0.982893,1.006163,0.940276
1.0,0.96519,0.940276,0.982085
0.943683,0.942623,0.982085,1.031509
1.030645,1.034783,1.031509,1.025723
1.035994,1.057143,1.025723,1.054859
1.018127,1.009539,1.054859,1.016345
1.037092,1.056693,1.016345,0.988304
0.981402,1.0,0.988304,1.0
0.997085,0.985097,1.0,0.986686
1.0,1.003026,0.986686,1.043478
1.020468,1.006033,1.043478,1.018678
1.015759,1.034483,1.018678,0.984485
1.011283,1.007246,0.984485,1.005731
0.997211,0.997122,1.005731,1.004274
0.986014,1.001443,1.004274,1.005674
1.02695,1.011527,1.005674,0.99859
0.991713,1.0,0.99859,1.024011
1.016713,0.997151,1.024011,1.02069
1.015068,1.03,1.02069,0.985135
1.002699,1.009709,0.985135,1.001372
0.985195,0.983516,1.001372,1.00274
1.005464,1.013966,1.00274,0.965847
1.006793,0.96832,0.965847,1.033946
0.994602,0.99431,1.033946,1.062927
1.078697,1.04721,1.062927,1.050193
1.044025,1.053279,1.050193,0.990196
0.986747,1.037613,0.990196,0.987624
1.006105,0.98875,0.987624,1.038847
1.01335,0.996207,1.038847,1.024125
1.040719,1.043147,1.024125,0.998822
1.001151,1.006083,0.998822,0.963443
0.975862,0.977025,0.963443,1.019584
0.982332,1.001238,1.019584,0.991597
1.001199,1.013597,0.991597,0.985472
0.994012,0.973171,0.985472,0.982801
0.978313,0.97619,0.982801,0.9625
1.008621,0.976893,0.9625,0.98961
0.949939,0.99343,0.98961,1.026247
1.007712,1.007937,1.026247,1.012788
1.012755,1.015748,1.012788,0.974747
1.001259,0.981912,0.974747,0.985751
0.973585,0.982895,0.985751,1.04205
1.02584,1.022758,1.04205,0.992434
1.003778,1.013089,0.992434,1.021601
1.010038,1.007752,1.021601,0.997512
1.007453,1.021795,0.997512,0.988778
0.996301,0.987453,0.988778,1.0
0.988861,0.992376,1.0,1.021438
1.015019,1.012804,1.021438,0.985185
1.002466,1.005057,0.985185,0.998747
0.98401,0.974843,0.998747,0.954831
0.98875,0.972903,0.954831,0.989488
0.965866,0.993369,0.989488,1.001328
1.0,1.004005,1.001328,0.976127
1.0,0.974734,0.976127,0.986413
0.97644,0.968622,0.986413,1.019284
0.993298,1.019718,1.019284,1.010811
1.010796,1.015193,1.010811,0.965241
0.993324,0.976871,0.965241,1.031856
1.005376,1.0,1.031856,1.0
1.002674,1.032033,1.0,1.0
1.013333,0.995951,1.0,0.989262
0.986842,0.995935,0.989262,1.014925
1.010667,1.005442,1.014925,0.97861
0.998681,0.975643,0.97861,0.994536
0.97358,0.995839,0.994536,0.993132
0.995929,1.002786,0.993132,0.995851
0.997275,0.997222,0.995851,0.975
0.983607,0.973538,0.975,1.005698
0.983333,0.969957,1.005698,1.025496
1.026836,1.033923,1.025496,1.006906
1.009629,1.029957,1.006906,0.995885
0.99455,0.998615,0.995885,1.004132
1.0,1.002774,1.004132,1.0
1.0,0.970954,1.0,0.989026
0.994521,1.012821,0.989026,0.984743
0.993113,0.981716,0.984743,1.004225
1.001387,1.012894,1.004225,1.0
0.990305,0.991513,1.0,0.998597
1.0,0.998573,0.998597,0.988764
0.995804,1.001429,0.988764,1.06108
1.053371,0.994294,1.06108,0.983936
0.992,1.043042,0.983936,0.980952
0.986559,0.984869,0.980952,0.987517
1.002725,0.99162,0.987517,0.985955
0.964674,0.985915,0.985955,0.991453
1.007042,0.99,0.991453,0.975575
0.955245,0.958153,0.975575,0.992636
1.0,1.006024,0.992636,0.992582
0.989751,0.997006,0.992582,1.017937
1.010355,1.003003,1.017937,0.991189
0.992679,1.0,0.991189,0.97037
0.998525,0.979042,0.97037,1.010687
0.980798,0.990826,1.010687,0.962236
0.995482,0.983025,0.962236,0.978022
0.971256,0.974882,0.978022,1.0
0.978193,0.996779,1.0,1.020867
1.017516,1.009693,1.020867,1.009434
1.014085,1.016,1.009434,0.996885
0.996914,0.998425,0.996885,1.001562
0.996904,1.001577,1.001562,0.967239
0.98913,0.965354,0.967239,1.009677
0.982732,1.003263,1.009677,0.996805
1.001597,1.003252,0.996805,0.988782
0.99681,0.993517,0.988782,1.003241
0.992,1.0,1.003241,1.01454
1.012903,0.998369,1.01454,1.012739
1.014331,1.022876,1.012739,1.029874
1.037677,1.017572,1.029874,1.001527
0.995461,1.017268,1.001527,1.006098
1.013678,1.009259,1.006098,0.974242
0.988006,0.981651,0.974242,1.017107
0.998483,1.006231,1.017107,1.025994
1.019757,1.006192,1.025994,1.0
1.007452,1.023077,1.0,0.989568
0.997041,0.996992,0.989568,0.990964
0.985163,0.977376,0.990964,0.992401
0.996988,1.006173,0.992401,0.998469
0.992447,0.993865,0.998469,0.966258
0.990868,0.967593,0.966258,1.003175
0.97235,0.987241,1.003175,0.982595
0.995261,0.998384,0.982595,0.988728
0.993651,0.985437,0.988728,0.962541
0.969649,0.952381,0.962541,1.001692
0.981878,1.015517,1.001692,0.994932
1.0,0.991511,0.994932,1.008489
0.996644,1.001712,1.008489,0.983165
0.994949,0.981197,0.983165,0.976027
0.986464,0.993031,0.976027,0.984211
0.969125,0.968421,0.984211,0.923351
0.989381,0.936594,0.923351,1.019305
0.953488,0.932302,1.019305,0.998106
1.011257,1.068465,0.998106,0.996205
0.992579,1.001942,0.996205,1.0
0.996262,0.998062,1.0,1.0
0.988743,1.003883,1.0,1.0
1.0,0.996132,1.0,0.973333
0.988615,0.982524,0.973333,1.017613
1.0,0.996047,1.017613,0.998077
1.009597,1.02381,0.998077,0.957611
0.979087,0.963178,0.957611,0.993964
0.970874,0.983903,0.993964,1.024291
1.014,1.006135,1.024291,1.035573
1.045365,1.028455,1.035573,0.982824
0.996226,1.01581,0.982824,1.01165
0.996212,0.998054,1.01165,1.013436
1.003802,1.0,1.013436,0.981061
1.003788,1.005848,0.981061,0.982625
0.977358,0.984496,0.982625,0.962672
0.986486,0.956693,0.962672,1.004082
0.966732,0.987654,1.004082,1.02439
1.024291,1.027083,1.02439,0.992063
0.996047,1.002028,0.992063,1.016
1.019841,1.008097,1.016,0.990157
0.988327,1.002008,0.990157,0.980119
0.984252,0.981964,0.980119,1.002028
1.0,0.993878,1.002028,1.032389
1.022,1.024641,1.032389,1.019608
1.037182,1.036072,1.019608,0.992308
0.992453,0.994197,0.992308,1.042636
1.030418,1.001946,1.042636,1.039033
1.042435,1.029126,1.039033,0.971377
0.99115,1.022642,0.971377,0.996317
0.976786,0.98893,0.996317,0.998152
0.994516,0.990672,0.998152,1.037037
1.03125,1.011299,1.037037,0.996429
1.005348,1.018622,0.996429,0.987455
0.994681,1.0,0.987455,0.974592
0.98574,0.97989,0.974592,0.98324
1.0,0.985075,0.98324,1.043561
1.014467,1.003788,1.043561,1.061706
1.065954,1.037736,1.061706,1.051282
1.050167,1.043636,1.051282,0.993496
1.006369,1.054007,0.993496,1.099836
1.063291,1.003306,1.099836,1.011905
1.028274,1.074135,1.011905,0.986765
0.981187,1.006135,0.986765,0.962742
0.980826,0.966463,0.962742,1.037152
1.009023,1.006309,1.037152,0.943284
0.988077,0.979624,0.943284,1.031646
1.003017,1.0032,1.031646,0.992331
0.996992,1.020734,0.992331,0.973725
0.986425,0.971875,0.973725,0.987302
0.961774,0.991961,0.987302,1.059486
1.058824,1.008104,1.059486,0.998483
1.006006,1.040193,0.998483,1.028875
1.028358,1.017002,1.028875,0.983752
0.981132,0.987842,0.983752,0.98048
0.977811,0.996923,0.98048,1.0
1.013616,1.003086,1.0,1.009188
0.989552,0.989231,1.009188,0.946889
0.992459,0.968896,0.946889,1.008013
0.965046,0.998395,1.008013,1.019078
1.014173,1.003215,1.019078,0.979719
1.0,0.998397,0.979719,0.992038
0.981366,0.991974,0.992038,0.958266
0.988924,0.962783,0.958266,0.979899
0.9648,0.981513,0.979899,1.022222
0.995025,1.0,1.022222,1.033445
1.031667,1.015411,1.033445,0.993528
0.996769,1.020236,0.993528,0.970684
0.993517,0.971901,0.970684,1.016779
0.990212,1.017007,1.016779,1.037954
1.036244,1.01505,1.037954,1.1
1.1,1.092257,1.1,1.018786
1.067919,1.012066,1.018786,0.961702
0.947226,0.991058,0.961702,0.969027
0.957143,0.974436,0.969027,1.015221
0.998507,0.993827,1.015221,1.011994
1.020927,1.01087,1.011994,0.931852
0.985359,0.958525,0.931852,0.995231
0.934621,0.975962,0.995231,0.985623
0.993641,1.001642,0.985623,1.027553
1.0176,1.004918,1.027553,0.944795
1.0,0.942904,0.944795,1.005008
0.948113,1.012111,1.005008,0.948505
1.001658,0.974359,0.948505,0.980736
0.940397,0.968421,0.980736,1.010714
1.008803,1.014493,1.010714,1.028269
1.017452,0.992857,1.028269,1.003436
1.022298,1.028777,1.003436,0.979452
0.986577,0.984266,0.979452,1.001748
0.97619,0.982238,1.001748,0.99651
1.006969,1.025316,0.99651,0.989492
0.989619,0.984127,0.989492,0.99115
1.013986,0.994624,0.99115,1.007143
0.97931,0.998198,1.007143,1.026596
1.021127,1.001805,1.026596,1.027634
1.027586,1.036036,1.027634,1.02521
1.04698,1.022609,1.02521,0.995082
0.975962,1.011905,0.995082,1.0
1.006568,1.001681,1.0,0.981878
0.998369,0.998322,0.981878,0.986577
0.980392,0.984874,0.986577,1.008503
0.991667,1.0,1.008503,1.003373
1.008403,1.006826,1.003373,1.008403
1.011667,1.005085,1.008403,0.995
0.996705,1.003373,0.995,0.948074
0.98843,0.92437,0.948074,1.021201
0.968227,1.018182,1.021201,1.020761
1.036269,1.0375,1.020761,1.022034
1.013333,1.024096,1.022034,1.003317
0.995066,1.005042,1.003317,1.004959
1.016529,1.0,1.004959,0.990132
0.990244,1.005017,0.990132,0.986711
0.985222,0.980033,0.986711,0.996633
0.996667,1.003396,0.996633,1.011824
1.013378,0.989848,1.011824,0.976628
1.00165,0.998291,0.976628,0.981197
0.973641,0.97774,0.981197,1.001742
0.981387,1.003503,1.001742,0.989565
1.008621,0.991274,0.989565,0.987698
0.979487,0.984155,0.987698,0.996441
0.982548,0.9678,0.996441,1.0
1.008881,1.022181,1.0,1.001786
0.989437,1.0,1.001786,0.973262
1.0,0.983725,0.973262,1.012821
0.985765,1.003676,1.012821,1.007233
1.012635,1.016484,1.007233,1.001795
0.996435,0.990991,1.001795,1.007168
1.010733,1.012727,1.007168,0.987544
0.99469,0.989228,0.987544,0.956757
0.987544,0.960073,0.956757,1.020716
0.985586,0.994329,1.020716,1.00369
1.007313,1.022814,1.00369,0.992647
1.0,1.0,0.992647,0.97037
0.974592,0.95539,0.97037,0.977099
0.977654,0.986381,0.977099,1.027344
1.005714,1.009862,1.027344,0.992395
1.001894,1.007812,0.992395,1.001916
0.996219,1.0,1.001916,0.978967
0.996205,0.99031,0.978967,1.0
0.990476,0.994129,1.0,1.021484
1.009615,1.007874,1.021484,1.015296
1.017143,1.011719,1.015296,0.996234
1.003745,1.015444,0.996234,1.007561
0.998134,0.996198,1.007561,0.984991
0.990654,0.996183,0.984991,1.015238
1.013208,1.0,1.015238,0.992495
0.992551,1.009579,0.992495,0.973535
0.992495,0.97723,0.973535,1.01165
0.986767,0.992233,1.01165,1.024952
1.024904,1.019569,1.024952,1.016854
1.02243,1.019194,1.016854,1.012891
1.007313,1.013183,1.012891,0.978182
0.994555,0.998141,0.978182,1.020446
1.00365,1.0,1.020446,1.009107
1.012727,1.020484,1.009107,0.990975
1.001795,0.998175,0.990975,1.014572
1.003584,0.990859,1.014572,1.021544
1.026786,1.020295,1.021544,1.012302
1.013913,1.005425,1.012302,1.005208
0.998285,1.007194,1.005208,0.958549
1.001718,0.985714,0.958549,1.07027
1.020583,0.98913,1.07027,0.969697
1.015126,1.040293,0.969697,0.986111
0.953642,0.980634,0.986111,1.014085
1.001736,1.007181,1.014085,0.973958
0.991334,0.996435,0.973958,0.982175
0.991259,0.9839,0.982175,0.987296
0.975309,0.978182,0.987296,0.988971
0.992767,0.994424,0.988971,0.962825
0.979964,0.958879,0.962825,1.009653
0.972119,1.003899,1.009653,0.996176
1.003824,0.992233,0.996176,1.005758
1.00381,1.017613,1.005758,1.005725
1.003795,1.0,1.005725,1.009488
1.007561,1.007692,1.009488,1.009398
1.007505,1.013359,1.009398,1.011173
1.014898,1.001883,1.011173,1.01105
1.025688,1.015038,1.01105,1.020036
1.008945,1.001852,1.020036,1.010714
1.014184,1.027726,1.010714,1.003534
0.998252,1.003597,1.003534,0.994718
0.998249,1.005376,0.994718,0.985841
1.007018,0.982175,0.985841,1.017953
0.989547,1.0,1.017953,0.971781
0.998239,0.981851,0.971781,1.038113
1.010582,1.011091,1.038113,0.984266
0.99651,1.027422,0.984266,0.976909
0.989492,0.975089,0.976909,0.994545
0.978761,0.994526,0.994545,1.010969
1.0,1.0,1.010969,0.998192
1.005425,1.009174,0.998192,0.994565
0.992806,0.990909,0.994565,0.981785
0.994565,0.983486,0.981785,1.011132
0.994536,1.003731,1.011132,0.979817
0.996337,0.990706,0.979817,1.005618
0.992647,1.001876,1.005618,1.005587
1.005556,1.001873,1.005587,1.007407
1.003683,1.001869,1.007407,0.976103
0.99633,0.98694,0.976103,0.998117
0.981584,0.986767,0.998117,0.981132
1.003752,0.994253,0.981132,0.994231
0.981308,0.99422,0.994231,1.003868
1.013333,0.998062,1.003868,0.973025
0.977444,0.978641,0.973025,1.011881
0.984615,0.998016,1.011881,1.007828
1.007812,1.007952,1.007828,1.01165
1.011628,1.009862,1.01165,1.001919
1.003831,1.013672,1.001919,0.978927
0.994275,0.984586,0.978927,1.003914
0.996161,0.994129,1.003914,0.990253
0.990366,0.996063,0.990253,1.025591
1.015564,1.001976,1.025591,1.015355
1.030651,1.023669,1.015355,0.982987
0.981413,0.99422,0.982987,0.986538
0.988636,0.988372,0.986538,1.003899
0.98659,0.998039,1.003899,0.990291
1.0,0.996071,0.990291,1.007843
1.001942,1.001972,1.007843,1.019455
1.015504,1.003937,1.019455,0.990458
1.005725,1.015686,0.990458,1.003854
0.988615,0.994208,1.003854,1.007678
1.021113,1.007767,1.007678,0.984762
0.986842,0.99422,0.984762,1.005803
0.994286,0.988372,1.005803,0.990385
0.994253,1.005882,0.990385,1.0
0.996146,0.998051,1.0,1.015534
1.01354,0.996094,1.015534,0.988528
0.990458,1.005882,0.988528,0.998066
0.996146,0.996101,0.998066,0.996124
0.998066,0.998043,0.996124,1.005837
1.007752,1.001961,1.005837,1.005803
1.007692,1.011742,1.005803,1.0
0.996183,0.998066,1.0,1.003846
1.003831,1.003876,1.003846,1.001916
1.0,1.001931,1.001916,1.0
1.001908,0.996146,1.0,0.984704
0.990476,0.992263,0.984704,1.007767
1.001923,0.998051,1.007767,0.971098
0.998081,0.976562,0.971098,1.015873
0.988462,1.004,1.015873,1.003906
1.005837,1.015936,1.003906,1.029183
1.029014,1.005882,1.029183,0.996219
1.0,1.023392,0.996219,1.02277
1.016917,1.0,1.02277,1.016698
1.018484,1.019048,1.016698,0.994526
0.994555,1.011215,0.994526,1.007339
1.012774,0.992606,1.007339,0.996357
0.992793,1.007449,0.996357,1.018282
1.014519,1.003697,1.018282,0.983842
0.996422,1.0,0.983842,1.001825
0.991023,0.981584,1.001825,0.996357
0.998188,1.015009,0.996357,0.985375
0.99274,0.987061,0.985375,1.0
0.992687,1.001873,1.0,1.005566
0.998158,1.003738,1.005566,1.0
1.00369,0.992551,1.0,0.98893
0.992647,1.0,0.98893,1.0
1.0,1.001876,1.0,0.98694
0.994444,0.985019,0.98694,1.005671
0.996276,1.001901,1.005671,1.005639
1.009346,1.009488,1.005639,1.001869
0.996296,0.994361,1.001869,0.992537
0.998141,1.00189,0.992537,1.009398
1.001862,0.996226,1.009398,1.005587
1.009294,1.011364,1.005587,1.016667
1.014733,1.016854,1.016667,1.001821
1.018149,1.007366,1.001821,0.996364
0.983957,0.996344,0.996364,1.010949
1.007246,1.007339,1.010949,0.983755
1.001799,0.990893,0.983755,1.022018
1.001795,1.003676,1.022018,1.014363
1.023297,1.02381,1.014363,1.0
0.992995,1.0,1.0,0.99115
1.005291,0.998211,0.99115,0.992857
0.989474,0.989247,0.992857,1.019784
1.005319,1.005435,1.019784,1.005291
1.010582,1.014414,1.005291,1.026316
1.024433,1.005329,1.026316,0.984615
1.010221,1.015901,0.984615,1.015625
0.996627,1.001739,1.015625,1.003419
1.001692,1.012153,1.003419,0.994889
0.993243,0.991424,0.994889,0.994863
0.996599,1.00346,0.994863,0.984509
0.993174,0.972414,0.984509,1.003497
0.987973,1.010638,1.003497,0.996516
1.001739,0.996491,0.996516,0.979021
1.0,0.982394,0.979021,0.992857
0.977431,0.987455,0.992857,1.0
0.994671,1.0,1.0,1.007194
1.001786,1.005445,1.007194,1.0125
1.016043,1.012635,1.0125,1.010582
1.007018,1.005348,1.010582,1.001745
1.003484,1.008865,1.001745,1.006969
1.005208,1.005272,1.006969,1.00692
1.006908,1.003497,1.00692,1.008591
1.012007,1.010453,1.008591,0.993186
0.994915,0.991379,0.993186,1.005146
1.005111,1.001739,1.005146,1.006826
1.005085,1.008681,1.006826,1.010169
1.008432,1.015491,1.010169,0.968121
1.003344,0.972881,0.968121,1.055459
1.018333,1.001742,1.055459,0.993432
1.006547,1.041739,0.993432,1.029752
1.042276,1.005008,1.029752,0.974318
0.971919,1.003322,0.974318,1.003295
0.988764,1.0,1.003295,1.00821
1.001623,1.004967,1.00821,0.991857
1.001621,1.001647,0.991857,1.014778
1.006472,0.991776,1.014778,1.016181
1.019293,1.023217,1.016181,0.990446
0.996845,1.004862,0.990446,1.0209
1.006329,0.993548,1.0209,0.992126
0.996855,1.008117,0.992126,0.979365
0.988959,0.988728,0.979365,1.008104
0.995215,0.991857,1.008104,0.991961
1.0,1.004926,0.991961,1.001621
0.991987,0.993464,1.001621,0.987055
1.004847,1.001645,0.987055,0.97541
0.983923,0.970443,0.97541,1.021849
0.995098,1.00846,1.021849,0.995066
1.004926,1.011745,0.995066,0.975207
0.99183,0.975124,0.975207,0.981356
0.976936,0.97449,0.981356,1.0
0.986509,1.005236,1.0,1.005181
1.001709,1.0,1.005181,1.0189
1.011945,1.010417,1.0189,1.006745
1.011804,1.013746,1.006745,1.0
1.003333,1.005085,1.0,1.0134
1.008306,1.001686,1.0134,1.006612
1.004942,1.008418,1.006612,0.990148
0.996721,1.001669,0.990148,0.998342
1.0,1.001667,0.998342,0.995017
0.995066,0.985025,0.995017,0.991653
1.0,0.998311,0.991653,1.013468
0.995041,1.001692,1.013468,0.973422
1.019934,0.983108,0.973422,1.020478
0.973941,0.996564,1.020478,1.020067
1.033445,1.025862,1.020067,1.022951
1.011327,1.016807,1.022951,0.995192
1.0048,1.01157,0.995192,1.00161
0.990446,1.003268,1.00161,0.991961
1.0,1.003257,0.991961,0.987034
0.990354,0.98539,0.987034,1.006568
0.998377,1.0,1.006568,1.014682
1.01626,1.009885,1.014682,1.012862
1.016,1.009788,1.012862,0.996825
0.998425,1.004847,0.996825,0.995223
0.996845,0.993569,0.995223,1.0
0.998418,0.998382,1.0,1.0272
1.019017,1.006483,1.0272,1.003115
1.007776,1.020934,1.003115,1.001553
1.009259,1.004732,1.001553,1.015504
1.006116,1.007849,1.015504,0.958779
1.00304,0.96729,0.958779,1.007962
0.971212,1.008052,1.007962,0.979463
1.015601,0.982428,0.979463,1.032258
0.984639,0.990244,1.032258,1.03125
1.037441,1.037767,1.03125,1.004545
0.998496,1.026899,1.004545,1.007541
1.021084,1.010786,1.007541,1.0
0.9941,1.006098,1.0,0.98503
0.988131,0.983333,0.98503,0.995441
0.987988,1.001541,0.995441,1.00916
1.021277,0.989231,1.00916,0.981846
0.994048,0.975117,0.981846,0.975347
0.977545,1.00638,0.975347,1.020537
0.992343,1.001585,1.020537,1.021672
1.018519,1.015823,1.021672,0.998485
1.00303,1.017134,0.998485,0.980273
0.993958,0.977029,0.980273,0.978328
0.986322,0.990596,0.978328,1.006329
0.984592,0.995253,1.006329,1.02673
1.028169,1.004769,1.02673,1.003063
1.006088,1.022152,1.003063,1.012214
1.022693,1.01548,1.012214,0.993967
0.983728,0.995427,0.993967,0.995448
1.015038,1.0,0.995448,0.972561
0.97037,0.967841,0.972561,1.00627
0.980153,1.006329,1.00627,1.0
1.006231,0.998428,1.0,1.001558
0.996904,1.0,1.001558,1.023328
1.02795,1.009449,1.023328,0.960486
1.015106,0.953198,0.960486,1.025316
0.967262,1.022913,1.025316,1.020062
1.02,1.0336,1.020062,1.046899
1.063348,1.01548,1.046899,0.99711
0.982979,1.035061,0.99711,1.014493
1.010101,1.007364,1.014493,0.981429
1.004286,0.986842,0.981429,0.994178
0.984353,0.998519,0.994178,1.0
1.004335,1.001484,1.0,0.964861
0.985612,0.973333,0.964861,0.992413
0.963504,0.984779,0.992413,1.01682
1.009091,1.010819,1.01682,0.990977
1.001502,0.993884,0.990977,0.983308
0.998501,0.995385,0.983308,0.981481
0.98048,0.976816,0.981481,1.003145
0.986217,0.996835,1.003145,1.00627
0.998447,1.009524,1.00627,1.004673
1.006221,1.003145,1.004673,1.003101
1.004637,1.0,1.003101,1.030912
1.043077,1.015674,1.030912,1.008996
1.00295,1.024691,1.008996,0.986627
0.992647,0.993976,0.986627,1.004518
0.995556,1.00303,1.004518,1.008996
1.004464,1.0,1.008996,0.995542
1.004444,1.009063,0.995542,1.019403
1.00885,1.004491,1.019403,0.985359
0.998538,0.99851,0.985359,1.022288
1.014641,1.0,1.022288,1.010174
1.010101,1.014925,1.010174,0.985612
0.997143,1.001471,0.985612,1.020438
1.002865,0.997063,1.020438,0.997139
1.005714,1.022091,0.997139,0.982783
0.995739,0.982709,0.982783,1.0
0.988588,1.001466,1.0,1.017518
1.017316,1.002928,1.017518,1.028694
1.01844,1.017518,1.028694,1.015342
1.018106,1.020086,1.015342,1.016484
1.017784,1.016878,1.016484,0.993243
0.99328,1.006916,0.993243,1.009524
1.009472,1.005495,1.009524,1.014825
1.029491,1.010929,1.014825,0.978752
0.985677,0.974324,0.978752,1.037992
1.023778,1.012483,1.037992,0.998693
1.023226,1.034247,0.998693,1.015707
0.988651,1.001325,1.015707,1.014175
1.014031,1.025132,1.014175,0.989835
1.012579,1.0,0.989835,1.017972
0.990062,1.005161,1.017972,1.026482
1.030113,1.014121,1.026482,1.006143
1.004872,1.012658,1.006143,1.030525
1.036364,1.01875,1.030525,0.984597
0.992982,1.004908,0.984597,0.981949
0.98351,0.959707,0.981949,1.020833
1.003593,1.022901,1.020833,1.054022
1.056086,1.032338,1.054022,0.992027
1.033898,1.038554,0.992027,0.974742
0.95847,0.975638,0.974742,1.007067
0.981756,0.982164,1.007067,1.003509
1.009292,1.021792,1.003509,0.9662
0.982739,0.971564,0.9662,1.033776
1.004684,1.003659,1.033776,1.023337
1.032634,1.043742,1.023337,1.015964
1.030474,1.01397,1.015964,0.983165
0.972618,0.993111,0.983165,1.007991
1.022523,1.00578,1.007991,0.962627
0.979075,0.963218,0.962627,1.029412
0.985377,1.002387,1.029412,0.986286
1.009132,1.020238,0.986286,1.040556
1.0181,0.997666,1.040556,0.953229
1.003333,0.996491,0.953229,0.963785
0.966777,0.944836,0.963785,0.96
0.95189,0.981366,0.96,1.02399
0.977136,1.006329,1.02399,1.050555
1.050493,1.020126,1.050555,1.014085
1.017585,1.048089,1.014085,1.013889
1.032258,1.004706,1.013889,1.065068
1.054687,1.031616,1.065068,1.003215
0.997884,1.030647,1.003215,1.08547
1.092259,1.040749,1.08547,1.035433
1.046602,1.049735,1.035433,0.988593
0.995362,1.035282,0.988593,1.0125
0.986021,0.983447,1.0125,0.998101
1.011342,1.026733,0.998101,1.017127
1.001869,0.992285,1.017127,1.038354
1.04944,1.015549,1.038354,1.021622
1.022222,1.052632,1.021622,0.952381
1.014783,0.937273,0.952381,1.1
1.017995,0.972842,1.1,1.1
1.1,1.1,1.1,1.014537
1.036725,1.065724,1.014537,0.975867
0.988192,0.983607,0.975867,0.968315
0.971621,0.928571,0.968315,1.015962
0.997694,1.07094,1.015962,0.970935
0.98074,0.96648,0.970935,0.998382
0.989788,1.001652,0.998382,1.026742
1.007937,0.998351,1.026742,1.004736
1.007874,1.023947,1.004736,1.000786
1.030469,1.024194,1.000786,0.982732
0.999242,0.972441,0.982732,0.956869
0.946131,0.947368,0.956869,0.992487
0.973536,0.968376,0.992487,0.971405
0.99341,1.009709,0.971405,0.933333
0.982587,0.933566,0.933333,1.006494
0.924895,0.91573,1.006494,1.013825
1.020073,1.08589,1.013825,0.961818
0.990161,0.979284,0.961818,0.9
0.939476,0.915385,0.9,0.907563
0.941346,0.90021,0.907563,1.085648
0.970378,0.907818,1.085648,0.916844
0.991579,1.084833,0.916844,0.980233
0.93949,0.924171,0.980233,0.932384
0.99435,0.973077,0.932384,0.92112
0.981818,0.931489,0.92112,0.900552
0.9,0.922207,0.900552,0.900307
0.9,0.900307,0.900307,1.0
1.0,1.0,1.0,1.0
1.0,1.0,1.0,1.098807
1.098807,1.098807,1.098807,1.1
1.1,1.1,1.1,0.984507
1.1,0.957746,0.984507,1.032904
0.947503,0.960294,1.032904,1.096953
1.072973,1.1,1.096953,1.034091
1.054156,1.075862,1.034091,1.1
1.076464,1.008974,1.1,0.967814
1.006659,1.074968,0.967814,1.017202
0.980154,1.021277,1.017202,0.966178
1.023622,0.978009,0.966178,0.9
0.950549,0.912426,0.9,0.949416
0.9,0.90013,0.949416,1.080601
1.032342,1.037464,1.080601,0.977244
1.015038,1.027778,0.977244,0.959897
0.948148,0.972973,0.959897,0.975741
0.963542,0.931944,0.975741,1.069061
1.051351,1.059613,1.069061,0.972868
1.003856,1.043601,0.972868,1.0
0.96799,0.978437,1.0,1.037185
1.03836,1.041322,1.037185,1.048656
1.052229,1.034392,1.048656,1.008547
1.012107,1.037084,1.008547,0.986683
0.994019,0.993835,0.986683,1.041718
1.046931,1.003722,1.041718,1.014134
1.001149,1.039555,1.014134,1.027875
1.027555,0.992866,1.027875,0.900565
1.0,0.954491,0.900565,1.025094
0.921788,0.909661,1.025094,0.985312
1.033939,1.089655,0.985312,0.924224
0.953107,0.929114,0.924224,0.900538
0.9,0.912807,0.900538,0.9
0.9,0.9,0.9,0.943615
0.987441,0.912106,0.943615,1.079086
0.979332,1.043636,1.079086,1.074919
1.081169,1.074913,1.074919,0.956061
0.978979,1.008104,0.956061,0.911252
0.967791,0.913183,0.911252,0.968696
0.938193,0.950704,0.968696,1.034111
1.006757,1.057407,1.034111,1.065972
1.043624,0.989492,1.065972,1.039088
1.033762,1.079646,1.039088,0.970219
1.007776,1.013115,0.970219,1.019386
0.976852,0.988673,1.019386,0.900158
1.0,0.929624,0.900158,0.950704
0.914692,0.933099,0.950704,1.092593
1.025907,1.026415,1.092593,0.974576
1.020202,1.055147,0.974576,1.027826
0.986799,0.989547,1.027826,1.028765
1.021739,1.019366,1.028765,1.006579
1.018003,1.039724,1.006579,0.985294
0.993569,0.98505,0.985294,1.016584
0.996764,1.011804,1.016584,0.967374
0.99513,0.963333,0.967374,1.021922
0.996737,1.0,1.021922,0.973597
0.981997,1.013841,0.973597,0.998305
0.996667,1.001706,0.998305,1.054329
1.055184,1.032368,1.054329,1.009662
1.001585,1.013201,1.009662,1.044657
1.049051,1.019544,1.044657,1.016794
1.015083,1.031949,1.016794,0.986486
0.994056,1.003096,0.986486,1.035008
1.017937,1.009259,1.035008,1.001471
1.007342,1.022936,1.001471,1.017621
1.011662,1.010463,1.017621,1.001443
1.007205,1.008876,1.001443,0.926513
0.992847,0.929619,0.926513,1.068429
0.992795,1.033123,1.068429,1.026201
1.040639,1.053435,1.026201,1.0
1.009763,1.014493,1.0,1.007092
0.986188,0.971429,1.007092,0.966197
0.983193,1.002941,0.966197,1.005831
0.992877,0.994135,1.005831,0.981159
0.988522,0.973451,0.981159,0.988183
1.007257,1.0,0.988183,1.016442
0.987032,1.009091,1.016442,1.054412
1.058394,1.022523,1.054412,1.001395
1.002759,1.035242,1.001395,1.012535
1.004127,1.009929,1.012535,1.004127
1.009589,1.0,1.004127,1.010959
1.027137,1.01264,1.010959,1.00813
0.989432,1.015257,1.00813,0.991935
1.010681,0.994536,0.991935,0.985095
0.976222,0.993132,0.985095,1.01238
0.997294,0.980636,1.01238,1.0
1.029851,1.035261,1.0,0.97962
0.977602,0.979564,0.97962,1.018031
0.989218,1.0,1.018031,1.021798
1.021798,1.019471,1.021798,1.012
1.037333,1.024557,1.012,1.009223
0.985861,0.985353,1.009223,1.016971
1.029987,1.043243,1.016971,1.041078
1.036709,1.005181,1.041078,0.905055
0.985348,0.940722,0.905055,0.986376
0.918216,0.928767,0.986376,1.0
0.986505,1.039823,1.0,0.990331
0.994528,0.980142,0.990331,1.032078
1.02751,1.031838,1.032078,1.005405
1.004016,1.02244,1.005405,1.049731
1.048,1.019204,1.049731,1.002561
1.038168,1.014805,1.002561,1.030651
1.014706,1.022546,1.030651,1.023544
1.039855,1.033722,1.023544,0.950363
0.977933,0.977415,0.950363,1.1
1.026128,0.985879,1.1,0.991898
1.00463,1.084635,0.991898,0.978996
1.00576,1.002401,0.978996,1.054827
1.028637,1.003593,1.054827,1.046328
1.044543,1.040573,1.046328,1.091793
1.086354,1.083716,1.091793,1.006924
1.016683,1.037037,1.006924,0.965619
0.999035,1.00102,0.965619,1.084435
1.041546,1.003058,1.084435,1.007505
1.025974,1.046748,1.007505,0.996276
1.006329,1.019417,0.996276,0.985047
0.969452,0.954286,0.985047,1.05408
1.030584,1.010978,1.05408,0.955896
1.010791,1.044423,0.955896,0.900188
0.946619,0.903592,0.900188,0.91841
0.9,0.9,0.91841,1.044419
0.98722,0.994186,1.044419,0.9
0.960086,0.964912,0.9,0.985455
0.962921,0.900606,0.985455,0.900369
0.960327,0.985195,0.900369,0.960383
0.9,0.901639,0.960383,0.958748
0.995946,1.012121,0.958748,1.054896
0.983718,0.97006,1.054896,0.978903
1.0,1.037037,0.978903,1.083333
1.048276,1.014881,1.083333,1.088859
1.089474,1.080645,1.088859,1.004872
1.002415,1.058345,1.004872,0.953939
1.006024,1.003846,0.953939,0.997459
0.978443,0.947637,0.997459,1.012739
0.97552,1.030997,1.012739,0.901887
1.016311,0.935948,0.901887,0.987448
0.909877,0.921788,0.987448,0.927966
0.97422,0.995455,0.927966,1.062405
0.986072,0.99239,1.062405,0.982808
0.995763,1.023006,0.982808,1.03207
1.025532,1.029985,1.03207,1.007062
0.990318,1.002911,1.007062,1.01122
1.026536,1.036284,1.01122,0.993065
1.021769,1.0,0.993065,0.99162
0.956059,0.952381,0.99162,1.060563
1.052925,1.055882,1.060563,0.998672
1.005291,1.023677,0.998672,1.031915
1.052632,1.010884,1.031915,1.011598
0.98625,1.025572,1.011598,1.040764
1.036755,1.018373,1.040764,0.966952
1.0,0.994845,0.966952,0.996203
0.97555,0.981865,0.996203,0.9
0.981203,0.934037,0.9,1.002825
0.924649,0.985876,1.002825,0.946479
0.972376,0.941261,0.946479,1.03125
0.988636,1.012177,1.03125,1.049062
1.054598,1.040602,1.049062,1.011004
1.027248,1.041908,1.011004,0.961905
0.974801,0.970874,0.961905,1.02546
0.989116,1.008571,1.02546,0.98069
0.997249,0.963173,0.98069,0.956399
0.973793,0.998529,0.956399,0.983824
0.98017,0.979381,0.983824,1.00299
0.976879,0.990977,1.00299,1.037258
1.059172,1.024279,1.037258,0.992816
0.981844,1.007407,0.992816,0.985528
0.990043,0.992647,0.985528,1.023495
1.010057,1.002963,1.023495,1.031564
1.027027,1.014771,1.031564,1.062587
1.074792,1.048035,1.062587,0.97644
0.983247,1.031944,0.97644,1.00134
0.993447,0.986541,1.00134,0.97992
1.003958,0.997271,0.97992,1.020492
0.990802,0.994528,1.020492,1.017403
1.034483,1.026135,1.017403,0.969737
0.974359,0.977212,0.969737,1.036635
1.006579,1.021948,1.036635,0.990838
1.011765,1.008054,0.990838,0.977543
0.975452,0.98269,0.977543,1.032432
1.019868,1.004065,1.032432,1.019634
1.020779,1.022942,1.019634,0.987163
1.003817,1.001319,0.987163,1.013004
1.013942,0.99473,1.013004,1.025674
1.0125,1.033113,1.025674,0.998748
1.01358,1.005128,0.998748,1.010025
1.004872,1.02551,1.010025,1.073201
1.073939,1.002488,1.073201,0.983815
0.986456,1.048387,0.983815,1.003525
0.989703,0.991716,1.003525,0.977752
0.995376,0.9821,0.977752,0.958084
0.993031,0.945322,0.958084,1.0125
0.97076,1.015424,1.0125,1.060494
1.038554,1.012658,1.060494,0.979045
1.020882,1.04375,0.979045,1.010702
0.967045,0.982036,1.010702,0.982353
1.003525,1.013415,0.982353,0.994012
0.985948,0.974729,0.994012,1.0
1.0,1.007407,1.0,1.03494
1.024941,1.007353,1.03494,0.993015
0.993048,1.018248,0.993015,1.030481
1.033839,1.009558,1.030481,0.945392
0.995485,0.978698,0.945392,0.926594
0.927438,0.915357,0.926594,0.993506
0.954768,1.003963,0.993506,1.011765
1.020487,1.013158,1.011765,0.97416
0.962359,0.958442,0.97416,1.015915
1.0,1.01626,1.015915,1.032637
1.03781,1.013333,1.032637,0.986094
0.996231,1.021053,0.986094,0.976923
0.994956,0.963918,0.976923,1.009186
0.989861,1.010695,1.009186,1.003901
0.989757,0.992063,1.003901,1.010363
1.012937,1.025333,1.010363,0.987179
0.993614,0.990897,0.987179,0.994805
1.003856,0.998688,0.994805,1.002611
0.984635,0.968463,1.002611,0.986979
0.996099,1.018996,0.986979,1.003958
1.005222,0.998668,1.003958,1.043364
1.032468,1.013333,1.043364,1.028967
1.037736,1.039474,1.028967,1.017136
1.008485,1.024051,1.017136,0.9
0.9,0.9,0.9,0.95338
0.952809,0.973494,0.95338,0.992665
0.966981,0.990099,0.992665,0.992611
0.990244,0.9975,0.992611,0.933002
0.985222,0.93985,0.933002,1.021277
0.9675,0.994667,1.021277,1.039062
1.049096,1.005362,1.039062,1.007519
1.014778,1.048,1.007519,1.007463
0.995146,1.020356,1.007463,1.0
0.997561,1.0,1.0,0.980247
1.0,0.982544,0.980247,1.0
0.97555,0.989848,1.0,0.987406
0.997494,1.0,0.987406,0.982143
0.992462,0.958974,0.982143,1.018182
0.994937,1.016043,1.018182,1.005102
1.005089,1.021053,1.005102,0.992386
1.002532,0.997423,0.992386,0.994885
0.989899,0.997416,0.994885,0.994859
0.994898,1.0,0.994859,1.023256
1.020513,0.992228,1.023256,0.997475
0.997487,1.020888,0.997475,1.1
1.095718,1.048593,1.1,1.1
1.1,1.097561,1.1,1.0
1.0,1.0,1.0,1.0
1.0,1.0,1.0,1.0
1.0,1.0,1.0,0.960334
0.979123,0.98,0.960334,0.965217
0.972281,1.0,0.965217,0.977477
0.975877,0.979592,0.977477,1.006912
0.991011,0.983796,1.006912,1.006865
0.997732,1.002353,1.006865,0.984091
1.002273,1.016432,0.984091,0.990762
0.988662,0.990762,0.990762,1.004662
1.011468,0.997669,1.004662,1.00232
0.988662,0.997664,1.00232,1.016204
1.011468,1.004684,1.016204,0.940774
0.997732,0.946387,0.940774,0.997579
0.945455,0.995074,0.997579,0.987864
0.990385,1.00495,0.987864,0.987715
0.987864,0.977833,0.987715,1.014925
1.002457,1.010076,1.014925,1.022059
1.02451,1.009975,1.022059,1.002398
1.014354,1.022222,1.002398,0.990431
0.990566,1.0,0.990431,1.009662
1.0,0.985507,1.009662,1.009569
1.007143,1.019608,1.009569,1.009479
1.007092,1.012019,1.009479,0.981221
1.016432,0.992874,0.981221,1.004785
0.974596,0.990431,1.004785,1.014286
1.018957,1.007246,1.014286,1.007042
1.004651,1.014388,1.007042,1.006993
1.006944,1.007092,1.006993,0.988426
0.997701,0.995305,0.988426,1.0
0.986175,0.995283,1.0,0.995316
1.004673,1.0,0.995316,1.002353
0.993023,1.00237,1.002353,1.002347
1.01171,1.002364,1.002347,0.985948
0.986111,0.978774,0.985948,0.988124
0.995305,1.0,0.988124,1.009615
0.992925,1.004819,1.009615,0.995238
1.0,0.997602,0.995238,1.004785
1.0,1.0,1.004785,0.990476
0.997625,1.0,0.990476,0.992788
0.995238,0.987981,0.992788,1.004843
0.997608,1.004866,1.004843,1.007229
1.004796,0.995157,1.007229,0.997608
1.002387,1.012165,0.997608,1.002398
0.995238,0.995192,1.002398,0.988038
1.0,0.997585,0.988038,0.96368
0.973684,0.961259,0.96368,1.005025
0.985258,0.992443,1.005025,0.985
0.992519,1.0,0.985,1.015228
1.005025,1.002538,1.015228,0.9975
1.0025,1.002532,0.9975,1.007519
1.012469,1.002525,1.007519,0.997512
0.997537,1.007557,0.997512,0.990025
0.992593,0.99,0.990025,0.984887
0.99005,0.979798,0.984887,0.997442
0.984925,0.992268,0.997442,0.997436
1.0,1.01039,0.997436,1.005141
1.0,0.997429,1.005141,1.005115
1.005102,1.002577,1.005115,1.020356
1.017766,1.010283,1.020356,1.002494
1.007481,1.015267,1.002494,1.0
0.99505,1.0,1.0,1.004975
1.00995,1.005013,1.004975,1.002475
0.997537,0.997506,1.002475,0.992593
1.004938,1.0,0.992593,1.00995
1.002457,1.0,1.00995,1.0
1.0,1.01,1.0,1.002463
0.997549,0.997525,1.002463,0.990172
1.0,0.992556,0.990172,1.009926
1.002457,1.0025,1.009926,1.019656
1.019608,1.009975,1.019656,0.99759
1.0,1.012346,0.99759,0.992754
0.995192,0.995122,0.992754,0.985401
0.995169,0.990196,0.985401,1.022222
1.004854,0.997525,1.022222,1.007246
1.012077,1.022333,1.007246,0.992806
1.0,1.002427,0.992806,1.021739
1.019093,0.995157,1.021739,1.061466
1.086651,1.024331,1.061466,1.071269
1.056034,1.052257,1.071269,0.981289
0.985714,1.051919,0.981289,0.989407
0.975155,0.967811,0.989407,1.017131
1.016985,1.02439,1.017131,0.968421
0.989562,0.991342,0.968421,1.0
0.983122,0.989083,1.0,1.019565
1.017167,1.006623,1.019565,0.98081
0.989451,1.002193,0.98081,0.976087
0.974414,0.971554,0.976087,1.013363
1.0,1.004505,1.013363,0.989011
1.002188,1.006726,0.989011,1.006667
0.989083,1.0,1.006667,1.004415
1.015453,1.004454,1.004415,1.0
0.997826,0.995565,1.0,0.986813
0.993464,0.973274,0.986813,0.991091
0.991228,1.011442,0.991091,0.988764
0.99115,0.993213,0.988764,0.997727
0.988839,0.993166,0.997727,1.006834
0.997743,1.002294,1.006834,0.972851
0.997738,0.981693,0.972851,0.995349
0.986395,0.993007,0.995349,1.016355
1.006897,1.004695,1.016355,1.011494
1.006849,1.009346,1.011494,0.993182
1.006803,1.009259,0.993182,0.997712
0.990991,0.988532,0.997712,0.958716
0.990909,0.967517,0.958716,1.0311
0.995413,0.990408,1.0311,0.99536
1.004608,1.029056,0.99536,1.009324
1.0,1.002353,1.009324,1.099307
1.091743,1.016432,1.099307,0.995798
1.012605,1.057737,0.995798,1.0
0.993776,1.0,1.0,0.985232
1.010438,1.008734,0.985232,0.993576
0.969008,0.984848,0.993576,0.969828
0.989339,0.986813,0.969828,1.024444
1.00431,0.991091,1.024444,1.006508
1.008584,1.029213,1.006508,0.982759
0.993617,0.991266,0.982759,0.989035
0.980728,0.991189,0.989035,1.0
0.99345,0.995556,1.0,1.044346
1.043956,1.008929,1.044346,0.997877
0.993684,1.026549,0.997877,0.995745
1.012712,1.006466,0.995745,1.014957
1.006276,0.991435,1.014957,0.997895
0.995842,1.015119,0.997895,0.978903
0.989562,0.982979,0.978903,0.965517
0.976793,0.969697,0.965517,0.988839
0.974082,0.984375,0.988839,0.981941
0.993348,0.981859,0.981941,0.96092
0.970982,0.923788,0.96092,1.016746
0.981609,1.035,1.016746,1.007059
1.014052,1.019324,1.007059,0.983645
0.997691,0.990521,0.983645,1.011876
0.990741,1.004785,1.011876,1.007042
1.007009,1.011905,1.007042,0.990676
0.99536,0.992941,0.990676,1.004706
0.997669,1.00237,1.004706,1.002342
1.002336,1.004728,1.002342,1.002336
1.006993,1.002353,1.002336,1.016317
1.023148,1.011737,1.016317,0.995413
0.984163,0.99536,0.995413,1.0
1.0,1.0,1.0,1.004608
1.006897,1.009324,1.004608,1.009174
1.009132,1.0,1.009174,1.002273
1.002262,1.011547,1.002273,1.029478
1.031603,0.997717,1.029478,0.977974
0.986871,1.011442,0.977974,1.002252
0.995565,0.99095,1.002252,0.988764
1.002227,1.002283,0.988764,1.011364
0.988889,0.997722,1.011364,1.006742
1.022472,1.011416,1.006742,1.002232
0.989011,1.004515,1.002232,0.991091
1.002222,0.993258,0.991091,1.011236
0.997783,0.997738,1.011236,0.977778
1.0,0.995465,0.977778,0.997727
0.982222,0.990888,0.997727,1.002278
1.0,1.002299,1.002278,0.988636
0.997738,0.995413,0.988636,0.997701
0.984127,0.990783,0.997701,1.004608
1.006912,1.004651,1.004608,1.002294
1.002288,1.00463,1.002294,0.993135
0.997717,0.995392,0.993135,0.979263
0.993135,0.976852,0.979263,0.988235
0.983871,0.990521,0.988235,1.009524
0.992974,0.995215,1.009524,0.997642
1.002358,1.012019,0.997642,0.995272
0.995294,0.995249,0.995272,1.019002
1.014184,1.00716,1.019002,0.983683
1.0,1.0,0.983683,1.009479
0.995338,0.995261,1.009479,1.002347
1.002342,1.009524,1.002347,0.992974
0.997664,0.992925,0.992974,0.995283
0.997658,0.992874,0.995283,0.99763
0.992958,0.997608,0.99763,0.997625
0.997636,1.002398,0.997625,0.992857
0.995261,0.995215,0.992857,1.0
1.002381,1.0,1.0,0.971223
0.995249,0.971154,0.971223,1.004938
0.976134,1.00495,1.004938,1.019656
1.01956,1.002463,1.019656,0.99759
0.997602,1.014742,0.99759,1.0
0.997596,0.992736,1.0,0.995169
0.99759,1.0,0.995169,1.009709
1.007246,1.0,1.009709,0.995192
1.0,1.004878,0.995192,1.004831
1.002398,1.0,1.004831,0.983173
0.992823,0.990291,0.983173,0.992665
0.985542,0.990196,0.992665,0.990148
0.99511,0.99505,0.990148,0.975124
0.985258,0.965174,0.975124,0.992347
0.982544,0.989691,0.992347,0.987147
0.989848,0.994792,0.987147,0.955729
0.987179,0.955497,0.955729,1.0
0.966234,1.00274,1.0,0.986376
0.994624,0.989071,0.986376,1.024862
1.013514,0.966851,1.024862,1.002695
0.997333,1.045714,1.002695,1.010753
1.010695,1.008197,1.010753,0.992021
1.002646,1.00542,0.992021,0.983914
0.989446,0.989218,0.983914,0.986376
0.978667,0.978202,0.986376,0.98895
0.986376,0.991643,0.98895,1.01676
1.008287,1.0,1.01676,0.980769
1.005479,1.0,0.980769,0.991597
0.975477,0.97191,0.991597,0.983051
0.99162,0.99711,0.983051,1.0
0.988732,1.005797,1.0,1.011494
1.005698,0.979827,1.011494,1.0
1.008499,1.026471,1.0,0.988636
0.988764,0.994269,0.988636,1.005747
1.0,1.0,1.005747,0.974286
0.997159,0.982709,0.974286,0.967742
0.974359,0.964809,0.967742,1.0
0.967836,0.972644,1.0,1.012121
1.015106,1.01875,1.012121,0.997006
1.002976,1.018405,0.997006,1.0
1.002967,1.003012,1.0,0.975976
0.988166,0.972973,0.975976,1.033846
1.005988,0.990741,1.033846,1.0
1.005952,1.037383,1.0,1.002976
1.0,1.003003,1.002976,1.014837
1.014793,1.002994,1.014837,0.997076
1.0,1.008955,0.997076,0.994135
0.997085,0.997041,0.994135,0.985251
0.994152,0.988131,0.985251,1.008982
0.997059,1.0,1.008982,1.008902
1.00885,1.006006,1.008902,1.029412
1.023392,1.01194,1.029412,0.988571
1.0,1.017699,0.988571,1.00578
1.0,1.0,1.00578,1.005747
1.0,1.005797,1.005747,0.994286
1.0,0.997118,0.994286,0.979885
0.997143,0.982659,0.979885,0.997067
0.979943,0.988235,0.997067,1.011765
1.008772,1.008929,1.011765,1.0
1.0,1.0059,1.0,0.985465
0.994203,0.994135,0.985465,1.0
0.997085,1.0,1.0,1.0059
0.997076,0.9941,1.0059,1.01173
1.017595,1.008902,1.01173,0.997101
1.0,1.008824,0.997101,1.008721
1.002882,1.0,1.008721,1.005764
1.002874,1.005831,1.005764,0.997135
1.002865,1.0,0.997135,1.008621
1.005714,1.008696,1.008621,0.982906
0.994318,0.991379,0.982906,0.994203
0.988571,0.97971,0.994203,1.002915
1.0,1.008876,1.002915,1.0
0.99711,1.0,1.0,0.944767
0.997101,0.947214,0.944767,1.009231
0.956395,0.996904,1.009231,1.015244
1.015198,1.012422,1.015244,1.009009
1.01497,1.018405,1.009009,1.002976
0.99705,1.003012,1.002976,1.002967
1.002959,1.006006,1.002967,1.0
0.99705,1.0,1.0,0.994083
1.0,0.997015,0.994083,1.011905
1.011834,1.0,1.011905,0.997059
1.0,1.01497,0.997059,1.0059
1.002924,0.9941,1.0059,1.008798
1.008746,1.008902,1.008798,0.982558
0.99422,0.991176,0.982558,1.002959
0.991279,1.0,1.002959,1.017699
1.020528,1.002967,1.017699,1.005797
1.0,1.011834,1.005797,1.048991
1.068966,1.008772,1.048991,0.983516
0.97043,1.023188,0.983516,0.98324
0.99169,0.985836,0.98324,0.985795
0.988827,0.994253,0.985795,1.017291
1.0,1.00289,1.017291,0.991501
1.0,1.002882,0.991501,1.0
0.99435,1.0,1.0,1.008571
1.005682,1.002874,1.008571,0.988669
0.99435,1.0,0.988669,1.005731
1.0,1.0,1.005731,0.991453
1.0,0.997135,0.991453,0.994253
0.994318,0.991379,0.994253,0.985549
0.994286,0.985507,0.985549,1.014663
0.997126,1.0,1.014663,1.008671
1.008646,1.014706,1.008671,0.991404
1.0,1.002899,0.991404,1.00289
0.994286,1.0,1.00289,1.005764
1.005747,1.0,1.005764,1.008596
1.005714,1.00578,1.008596,1.0
1.0,1.0,1.0,0.997159
1.0,1.002874,0.997159,1.014245
1.011364,1.0,1.014245,1.016854
1.070225,1.034384,1.016854,1.002762
0.96063,0.99723,1.002762,1.019284
1.019126,1.002778,1.019284,0.991892
1.005362,1.01108,0.991892,0.99455
0.981333,0.994521,0.99455,1.00274
0.997283,0.997245,1.00274,0.986339
0.997275,0.997238,0.986339,1.00831
0.994536,0.99169,1.00831,1.016484
1.021978,1.002793,1.016484,0.994595
0.991935,1.002786,0.994595,0.994565
1.00813,1.013889,0.994565,0.991803
0.986559,0.989041,0.991803,0.977961
0.989101,0.980609,0.977961,1.002817
0.983471,0.99435,1.002817,1.0
1.002801,1.0,1.0,0.997191
0.997207,1.0,0.997191,1.0
1.002801,1.002841,1.0,1.016901
1.00838,1.008499,1.016901,1.01662
1.019391,1.008427,1.01662,1.0
1.002717,1.016713,1.0,0.975477
0.99729,0.969863,0.975477,1.01676
0.991848,1.008475,1.01676,0.986264
1.008219,1.002801,0.986264,0.997214
0.978261,0.988827,0.997214,0.994413
1.005556,1.002825,0.994413,0.997191
0.997238,0.991549,0.997191,1.002817
0.98892,1.0,1.002817,1.011236
1.016807,1.008523,1.011236,0.994444
0.99449,1.0,0.994444,1.002793
0.99723,1.002817,1.002793,0.997214
1.0,1.002809,0.997214,0.986034
0.997222,0.985994,0.986034,0.966006
0.983287,0.960227,0.966006,0.994135
0.968839,1.0,0.994135,1.00295
1.0,1.002959,1.00295,0.976471
0.994152,0.976401,0.976471,0.990964
0.982353,0.987915,0.990964,1.015198
1.008982,1.0,1.015198,1.002994
0.997033,1.015291,1.002994,1.0
1.005952,1.003012,1.0,1.002985
0.997041,1.003003,1.002985,0.997024
0.997033,0.997006,0.997024,0.985075
1.0,0.990991,0.985075,0.993939
0.985119,0.993939,0.993939,1.003049
1.0,0.996951,1.003049,1.015198
1.012085,1.003058,1.015198,0.95509
0.99403,0.95122,0.95509,0.996865
0.957958,0.99359,0.996865,1.003145
1.00627,1.019355,1.003145,0.990596
0.993769,0.993671,0.990596,0.984177
0.99373,0.987261,0.984177,1.003215
0.987382,1.0,1.003215,0.996795
1.003195,0.993548,0.996795,1.012862
1.006369,1.00974,1.012862,0.996825
1.0,0.996785,0.996825,0.993631
0.996835,1.003226,0.993631,1.012821
1.003175,1.0,1.012821,0.990506
1.0,1.006431,0.990506,0.968051
0.993671,0.968051,0.968051,1.013201
0.984076,0.9967,1.013201,1.0
1.0,1.009934,1.0,1.006515
1.006472,1.003279,1.006515,1.009709
1.006431,1.009804,1.009709,0.99359
0.996805,1.0,0.99359,1.003226
0.996795,0.993528,1.003226,0.996785
1.006431,1.006515,0.996785,1.012903
1.00639,1.003236,1.012903,0.993631
1.003175,1.003226,0.993631,1.00641
0.993671,1.0,1.00641,0.980892
1.0,0.990354,0.980892,1.003247
0.990446,0.99026,1.003247,1.0
0.996785,1.006557,1.0,1.0
1.006452,0.996743,1.0,0.996764
0.990385,0.993464,0.996764,0.996753
1.003236,1.006579,0.996753,1.009772
1.0,1.003268,1.009772,1.003226
1.006452,1.003257,1.003226,1.012862
1.012821,1.006494,1.012862,1.003175
1.0,1.009677,1.003175,0.996835
1.006329,1.003195,0.996835,1.009524
1.006289,1.0,1.009524,0.993711
0.996875,1.0,0.993711,0.996835
0.99373,1.0,0.996835,0.993651
0.993691,0.990446,0.993651,1.01278
1.006349,1.003215,1.01278,1.003155
1.009464,1.00641,1.003155,0.977987
0.99375,0.984076,0.977987,1.006431
0.987421,1.0,1.006431,1.00639
1.009554,1.0,1.00639,1.0
0.996845,1.012945,1.0,0.987302
0.996835,0.99361,0.987302,1.003215
0.993651,0.993569,1.003215,1.009615
1.009585,1.006472,1.009615,0.996825
0.996835,1.003215,0.996825,1.009554
1.009524,1.003205,1.009554,0.993691
0.996855,1.003195,0.993691,0.993651
0.996845,0.990446,0.993651,0.99361
0.993671,1.0,0.99361,0.977492
0.990446,0.967846,0.977492,0.9375
0.980707,0.940199,0.9375,0.975439
0.931148,0.964664,0.975439,1.0
0.992958,0.952381,1.0,0.967626
0.992908,1.023077,0.967626,1.02974
1.003571,1.015038,1.02974,1.021661
1.017794,1.022222,1.021661,0.971731
0.968531,0.978261,0.971731,1.025455
1.025271,1.011111,1.025455,0.989362
1.003521,1.018315,0.989362,0.996416
0.982456,0.989209,0.996416,1.010791
1.007143,1.010909,1.010791,1.003559
1.007092,1.007194,1.003559,1.010638
1.010563,1.003571,1.010638,1.0
1.003484,1.010676,1.0,1.007018
1.0,0.992958,1.007018,1.010453
1.006944,1.007092,1.010453,0.986207
0.996552,1.007042,0.986207,0.993007
0.99308,0.986014,0.993007,1.014085
1.006969,1.007092,1.014085,0.996528
1.00346,1.007042,0.996528,1.006969
0.996552,0.996503,1.006969,1.00692
1.010381,1.010526,1.00692,1.017182
1.013699,1.010417,1.017182,1.0
1.006757,1.006873,1.0,0.983108
0.993289,0.993174,0.983108,0.989691
0.983108,0.979381,0.989691,1.0
0.996564,1.003509,1.0,1.003472
1.0,0.996503,1.003472,0.99654
0.993103,0.996491,0.99654,1.0
1.006944,1.007042,1.0,1.0
0.996552,0.996503,1.0,1.006944
1.072664,0.982456,1.006944,0.958621
0.916129,0.932143,0.958621,1.007194
0.996479,1.05364,1.007194,0.985714
0.985866,1.0,0.985714,1.014493
1.007168,0.996364,1.014493,1.0
1.003559,1.014599,1.0,1.0
1.0,1.0,1.0,0.982143
0.985816,0.982014,0.982143,1.007273
1.0,1.0,1.007273,0.99639
0.996403,0.996337,0.99639,1.003623
1.0,1.003676,1.003623,1.00361
1.00722,1.014652,1.00361,0.989209
0.992832,0.99278,0.989209,1.003636
1.0,1.0,1.003636,0.98913
1.0,0.985455,0.98913,0.978022
0.98917,0.98155,0.978022,1.007491
0.985401,0.992481,1.007491,1.0
1.003704,1.011364,1.0,0.988848
0.99262,0.988764,0.988848,0.996241
0.992565,0.992424,0.996241,1.015094
1.011236,1.007634,1.015094,1.0
1.0,1.011364,1.0,0.98513
0.996296,0.988764,0.98513,0.996226
0.992565,0.996212,0.996226,1.003788
0.996255,1.0,1.003788,0.996226
0.996241,0.984791,0.996226,1.011364
1.007547,1.015444,1.011364,1.011236
1.014981,1.011407,1.011236,0.996296
0.99631,1.003759,0.996296,1.0
1.0,1.0,1.0,1.007435
1.007407,1.007491,1.007435,0.99631
1.0,1.0,0.99631,0.988889
0.992647,0.992565,0.988889,1.022472
1.011111,0.988764,1.022472,1.010989
1.051282,1.018939,1.010989,0.992754
0.961672,1.007435,0.992754,0.992701
0.992754,0.98893,0.992701,1.007353
1.00365,1.014925,1.007353,1.010949
1.014545,1.003676,1.010949,0.981949
0.992832,0.996337,0.981949,1.003676
0.98917,0.996324,1.003676,0.985348
0.99635,0.98893,0.985348,0.98513
0.985348,0.977612,0.98513,0.996226
0.996283,1.003817,0.996226,0.973485
0.981343,0.969582,0.973485,1.038911
1.068441,1.007843,1.038911,0.988764
0.957295,1.019455,0.988764,1.003788
0.988848,0.996183,1.003788,1.0
1.0,1.0,1.0,0.996226
1.0,1.007663,0.996226,1.0
1.0,0.996198,1.0,0.984848
0.992481,0.980916,0.984848,0.992308
0.992424,0.996109,0.992308,1.0
0.992366,1.003906,1.0,0.984496
0.996154,0.988327,0.984496,0.996063
0.988417,0.992126,0.996063,0.976285
0.992188,0.972222,0.976285,0.902834
0.996063,0.906122,0.902834,1.0
0.9,0.986486,1.0,0.991031
1.0,1.004566,0.991031,1.013575
0.995595,0.986364,1.013575,0.991071
1.00885,1.018433,0.991071,1.022523
1.008772,0.986425,1.022523,1.0
1.004348,1.03211,1.0,1.0
0.991342,1.0,1.0,1.022026
1.017467,1.004444,1.022026,0.987069
0.995708,1.0,0.987069,1.0131
1.00431,1.004425,1.0131,0.982759
1.0,1.0,0.982759,0.964912
0.978541,0.960352,0.964912,1.013636
0.982456,0.986239,1.013636,1.017937
1.013393,1.037209,1.017937,1.0
1.0,1.008969,1.0,0.977974
0.995595,0.964444,0.977974,1.027027
1.00885,1.013825,1.027027,0.991228
1.0,1.018182,0.991228,0.995575
0.995614,1.0,0.995575,1.008889
1.004405,0.995536,1.008889,1.008811
1.013158,1.013453,1.008811,0.991266
0.991342,0.99115,0.991266,1.004405
1.0,0.995536,1.004405,1.017544
1.0131,1.017937,1.017544,1.012931
1.021552,1.013216,1.012931,1.004255
1.004219,1.017391,1.004255,1.029661
1.037815,1.004274,1.029661,0.99177
0.991903,1.017021,0.99177,0.979253
0.983673,0.979079,0.979253,1.008475
0.991701,1.0,1.008475,0.978992
1.0,0.991453,0.978992,0.978541
0.979079,0.961207,0.978541,0.991228
0.982906,1.013453,0.991228,1.057522
1.082609,1.00885,1.057522,1.012552
0.971888,1.017544,1.012552,0.975207
1.004132,1.012931,0.975207,1.016949
0.995885,1.0,1.016949,1.1
1.090909,1.038298,1.1,1.003788
1.098485,1.086066,1.003788,1.0
0.955172,0.969811,1.0,0.954717
0.956679,0.980545,0.954717,1.035573
1.026415,1.007937,1.035573,0.996183
1.007353,1.003937,0.996183,0.992337
0.967153,0.984314,0.992337,0.996139
0.992453,1.011952,0.996139,0.972868
0.977186,0.972441,0.972868,1.0
0.984436,1.0,1.0,0.992032
0.992095,1.0,0.992032,1.012048
1.007968,0.987854,1.012048,0.996032
0.996047,1.016393,0.996032,1.003984
1.0,0.991935,1.003984,0.992063
1.019841,1.01626,0.992063,1.004
0.988327,0.988,1.004,1.015936
1.007874,1.0,1.015936,1.007843
1.003906,1.024291,1.007843,0.972763
0.996109,0.988142,0.972763,0.988
0.980469,0.984,0.988,1.008097
1.003984,1.004065,1.008097,0.971888
0.992063,0.979757,0.971888,1.004132
0.976,0.995868,1.004132,0.995885
1.0,1.0,0.995885,1.012397
1.004098,1.0,1.012397,0.991837
1.0,1.004149,0.991837,1.004115
1.0,0.991736,1.004115,1.020492
1.020408,1.008333,1.020492,1.004016
1.012,1.024793,1.004016,1.0
0.992095,1.0,1.0,1.012
1.011952,1.008065,1.012,0.992095
0.996063,0.996,0.992095,1.0
1.0,1.0,1.0,0.976096
0.992095,0.975904,0.976096,1.0
0.984064,1.004115,1.0,0.959184
0.987854,0.954918,0.959184,1.008511
0.97541,1.008584,1.008511,1.004219
1.0,1.0,1.004219,0.941176
0.987395,0.92766,0.941176,1.040179
0.995745,0.995413,1.040179,0.961373
1.004274,1.018433,0.961373,0.995536
0.961702,0.995475,0.995536,1.013453
1.004425,1.0,1.013453,0.969027
0.986784,0.990909,0.969027,1.013699
0.995536,0.981651,1.013699,1.054054
1.049327,1.037383,1.054054,0.987179
1.004274,1.031532,0.987179,0.995671
1.0,0.991266,0.995671,1.0
0.982979,0.982379,1.0,1.013043
1.008658,1.022422,1.013043,1.012876
1.034335,1.017544,1.012876,1.012712
1.008299,0.99569,1.012712,1.016736
1.053498,1.04329,1.016736,0.99177
0.964844,0.995851,0.99177,1.024896
1.016194,1.0125,1.024896,1.072874
1.083665,1.037037,1.072874,0.969811
0.974265,1.011905,0.969811,1.070039
1.067925,0.996078,1.070039,1.029091
1.053004,1.070866,1.029091,0.982332
0.95302,1.011029,0.982332,1.003597
1.0,0.992727,1.003597,1.0
1.007042,0.992674,1.0,0.996416
1.0,1.01476,0.996416,1.0
0.979021,1.0,1.0,1.007194
1.010714,1.0,1.007194,1.0
0.996466,1.003636,1.0,0.942857
0.992908,0.949275,0.942857,1.018939
0.960714,0.992366,1.018939,1.0
1.026022,1.030769,1.0,0.95539
0.985507,0.958955,0.95539,1.007782
0.963235,1.0,1.007782,0.992278
1.003817,0.996109,0.992278,1.015564
0.992395,0.984375,1.015564,0.980843
1.015326,1.015873,0.980843,1.011719
0.981132,0.992188,1.011719,1.027027
1.023077,1.031496,1.027027,0.992481
1.0,0.996183,0.992481,1.0
1.0,0.988506,1.0,0.996212
1.0,1.015504,0.996212,1.003802
1.003759,0.992366,1.003802,0.973485
0.985019,0.980769,0.973485,1.011673
0.992395,1.003922,1.011673,1.015385
1.015326,1.015625,1.015385,0.996212
1.011321,1.007692,0.996212,0.980989
0.992537,0.984733,0.980989,0.996124
0.984962,0.984496,0.996124,0.984436
0.984733,0.996063,0.984436,1.007905
1.0,0.996047,1.007905,1.003922
0.996124,1.0,1.003922,0.980469
0.992218,0.988095,0.980469,1.011952
1.0,1.0,1.011952,0.972441
0.988235,0.975904,0.972441,0.995951
0.992063,1.00823,0.995951,0.979675
1.004,0.979592,0.979675,0.995851
0.968127,0.995833,0.995851,0.995833
0.995885,0.991632,0.995833,1.012552
1.008264,1.004219,1.012552,1.012397
1.016393,1.0,1.012397,1.012245
1.016129,1.029412,1.012245,1.016129
1.003968,1.008163,1.016129,0.996032
1.007905,1.016194,0.996032,1.0
1.0,0.992032,1.0,1.047809
1.058824,1.012048,1.047809,0.984791
0.981481,1.019841,0.984791,1.003861
0.988679,0.992218,1.003861,0.992308
1.003817,1.003922,0.992308,0.984496
0.988593,0.992188,0.984496,1.007874
0.992308,1.0,1.007874,1.011719
1.011628,1.003937,1.011719,0.996139
1.0,1.003922,0.996139,1.01938
1.019157,1.007812,1.01938,1.015209
1.037594,0.996124,1.015209,0.962547
0.956522,0.996109,0.962547,0.992218
0.984848,0.988281,0.992218,0.984314
0.984615,0.964427,0.984314,0.988048
0.980469,1.012295,0.988048,0.987903
1.003984,0.987854,0.987903,1.012245
0.992063,1.004098,1.012245,1.03629
1.028,1.016327,1.03629,1.007782
1.015564,1.028112,1.007782,1.011583
1.007663,1.003906,1.011583,1.0
1.0,0.996109,1.0,1.015267
1.045627,1.011719,1.015267,1.018797
0.989091,1.023166,1.018797,0.99262
1.003676,1.007547,0.99262,1.003717
1.021978,1.003745,1.003717,0.996296
0.985663,0.988806,0.996296,1.037175
1.043636,1.007547,1.037175,1.039427
1.027875,1.029963,1.039427,1.02069
1.040678,1.036364,1.02069,0.983108
0.977199,1.007018,0.983108,0.993127
0.973333,1.0,0.993127,1.00346
1.003425,0.996516,1.00346,1.017241
1.030717,1.020979,1.017241,1.013559
0.993377,1.0,1.013559,1.016722
1.013333,1.013699,1.016722,1.036184
1.052632,1.016892,1.036184,0.933333
0.98125,0.976744,0.933333,1.040816
0.977707,1.0,1.040816,1.065359
1.065147,1.044218,1.065359,0.95092
1.018349,0.977199,0.95092,0.932258
0.936937,0.95,0.932258,1.013841
0.955128,1.010526,1.013841,1.027304
1.013423,1.013889,1.027304,1.013289
1.009934,1.027397,1.013289,1.003279
1.016393,1.0,1.003279,1.003268
1.0,1.013333,1.003268,0.990228
0.996774,0.986842,0.990228,0.986842
0.980583,0.98,0.986842,0.97
0.9967,0.982993,0.97,0.982818
0.97351,0.975779,0.982818,0.982517
0.972789,0.992908,0.982517,1.032028
1.013986,1.0,1.032028,1.034483
1.034483,1.032143,1.034483,1.0
1.01,1.031142,1.0,1.026667
1.036304,1.0,1.026667,0.993506
0.987261,1.020134,0.993506,1.019608
1.019355,1.003289,1.019608,0.99359
1.015823,1.003279,0.99359,0.993548
0.965732,0.990196,0.993548,0.996753
1.009677,1.009901,0.996753,1.032573
1.035144,1.006536,1.032573,0.987382
0.990741,1.00974,0.987382,1.009585
0.996885,0.977492,1.009585,1.009494
0.996875,1.026316,1.009494,0.987461
1.018809,1.00641,0.987461,0.996825
0.969231,0.984076,0.996825,0.990446
1.012698,1.003236,0.990446,1.006431
1.003135,0.983871,1.006431,0.98722
0.978125,0.993443,0.98722,0.983819
1.041534,0.990099,0.983819,0.944079
0.91411,0.936667,0.944079,0.923345
0.963087,0.939502,0.923345,1.030189
0.954704,1.007576,1.030189,0.945055
1.018248,0.943609,0.945055,1.085271
1.017921,1.023904,1.085271,0.957143
0.978873,1.038911,0.957143,0.988806
0.97482,0.981273,0.988806,1.037736
1.01476,1.01145,1.037736,0.992727
1.0,1.018868,0.992727,0.985348
0.996364,0.992593,0.985348,1.022305
1.007299,1.007463,1.022305,1.010909
1.014493,1.011111,1.010909,0.982014
1.021429,0.992674,0.982014,0.978022
0.947552,0.948339,0.978022,1.007491
1.00369,1.023346,1.007491,0.992565
0.992647,1.0,0.992565,0.981273
0.988889,0.988593,0.981273,1.01145
0.996255,0.996154,1.01145,1.018868
1.018797,1.015444,1.018868,1.0
1.01476,1.022814,1.0,1.003704
0.992727,0.996283,1.003704,1.01845
1.018315,1.003731,1.01845,0.978261
0.996403,1.003717,0.978261,1.003704
0.98917,0.996296,1.003704,0.96679
0.989051,0.966543,0.96679,1.007634
0.98893,1.007692,1.007634,0.977273
0.988806,0.980916,0.977273,1.003876
0.981132,0.988327,1.003876,1.030888
1.030769,1.015748,1.030888,1.018727
1.022388,1.027132,1.018727,0.996324
0.99635,1.003774,0.996324,0.99631
1.007326,1.007519,0.99631,0.996296
0.996364,1.0,0.996296,1.01487
1.010949,1.003731,1.01487,1.0
1.00361,1.007435,1.0,1.010989
0.996403,1.0,1.010989,1.0
1.00722,1.01107,1.0,1.007246
0.996416,1.0,1.007246,0.978417
1.0,0.985401,0.978417,0.996324
0.982014,1.0,0.996324,1.0
1.003663,1.0,1.0,0.97786
0.992701,0.977778,0.97786,1.022642
0.996324,1.011364,1.022642,1.00369
1.01476,1.011236,1.00369,1.011029
1.036364,0.988889,1.011029,0.981818
0.968421,1.003745,0.981818,1.003704
0.981884,0.992537,1.003704,0.97417
1.0,0.988722,0.97417,1.007576
0.98155,0.996198,1.007576,0.984962
1.0,0.996183,0.984962,1.003817
1.015038,0.996169,1.003817,0.996198
0.974074,1.0,0.996198,1.007634
1.015209,0.996154,1.007634,1.0
0.996255,1.011583,1.0,1.007576
1.003759,1.0,1.007576,0.984962
0.992509,0.996183,0.984962,1.0
0.996226,1.0,1.0,0.973282
1.0,0.97318,0.973282,1.003922
0.973485,1.0,1.003922,1.0
1.007782,1.003937,1.0,0.996094
0.992278,0.992157,0.996094,0.996078
0.992218,1.0,0.996078,1.0
1.0,1.0,1.0,1.003937
1.007843,1.0,1.003937,0.992157
0.992218,0.996047,0.992157,1.0
1.007843,1.0,1.0,0.980237
0.976654,0.97619,0.980237,0.983871
0.988048,0.98374,0.983871,0.954918
0.971774,0.917355,0.954918,0.995708
0.979253,1.013514,0.995708,0.99569
0.991525,1.022222,0.99569,0.982684
0.995726,0.982609,0.982684,1.008811
0.987124,0.986726,1.008811,0.991266
0.991304,1.008969,0.991266,1.0
1.008772,1.008889,1.0,1.0
0.986957,0.969163,1.0,1.004405
1.013216,1.022727,1.004405,1.026316
1.017391,1.013333,1.026316,0.995726
1.008547,1.017544,0.995726,1.0
0.995763,1.0,1.0,1.0
1.0,1.0,1.0,1.0
1.0,1.0,1.0,0.987124
0.982979,0.974138,0.987124,1.026087
1.021645,1.022124,1.026087,1.025424
1.033898,1.012987,1.025424,0.983471
0.991803,1.012821,0.983471,0.991597
0.995868,0.991561,0.991597,1.021186
1.0,1.0,1.021186,1.0
1.008299,1.012766,1.0,1.004149
0.995885,1.004202,1.004149,1.004132
1.016529,1.012552,1.004132,1.0
0.995935,0.995868,1.0,1.00823
1.004082,1.008299,1.00823,1.016327
1.020325,1.004115,1.016327,1.0
1.0,1.012295,1.0,1.036145
1.031873,1.008097,1.036145,0.988372
1.0,1.012048,0.988372,0.960784
0.980695,0.968254,0.960784,1.008163
0.976378,1.004098,1.008163,1.008097
1.004032,1.0,1.008097,1.0
1.008032,1.012245,1.0,0.97992
0.992032,0.979839,0.97992,1.004098
0.987952,1.004115,1.004098,0.963265
0.995935,0.963115,0.963265,0.983051
0.971429,0.982979,0.983051,1.008621
0.991597,1.0,1.008621,0.987179
0.995763,1.0,0.987179,1.0
0.991489,0.987013,1.0,1.004329
1.0,1.004386,1.004329,1.017241
1.017167,1.008734,1.017241,1.004237
1.008439,1.017316,1.004237,1.004219
1.004184,1.004255,1.004219,0.991597
0.991667,0.991525,0.991597,0.983051
1.0,0.991453,0.983051,1.00431
0.987395,1.0,1.00431,0.987124
1.0,0.987069,0.987124,1.021739
1.004255,0.995633,1.021739,1.008511
1.008475,1.02193,1.008511,1.1
1.096639,1.1,1.1,1.099617
1.099617,0.984674,1.099617,1.010453
1.062718,1.050584,1.010453,0.948276
0.931148,1.003704,0.948276,0.967273
0.964789,0.9631,0.967273,0.966165
0.967153,0.94636,0.966165,0.972763
0.969811,1.004049,0.972763,1.004
0.992218,0.987903,1.004,0.988048
0.988235,1.008163,0.988048,1.016129
1.011905,0.995951,1.016129,0.960317
0.984314,0.979675,0.960317,1.016529
0.996016,0.995851,1.016529,0.979675
0.988,1.004167,0.979675,0.979253
0.979757,0.975104,0.979253,1.016949
0.991736,1.0,1.016949,0.9875
1.0,1.004255,0.9875,1.008439
0.995833,1.0,1.008439,0.974895
0.995816,0.987288,0.974895,1.004292
0.987395,0.991416,1.004292,1.017094
1.012766,1.008658,1.017094,1.008403
1.016807,1.008584,1.008403,0.991667
0.991736,1.004255,0.991667,0.987395
0.995833,0.991525,0.987395,1.012766
0.995816,0.991453,1.012766,0.995798
1.004202,1.017241,0.995798,1.004219
1.004184,1.0,1.004219,0.987395
0.995833,0.991525,0.987395,1.0
0.983264,0.995726,1.0,0.995745
1.004255,1.004292,0.995745,1.008547
1.0,0.995726,1.008547,0.995763
1.0,1.0,0.995763,1.017021
1.012712,1.008584,1.017021,0.995816
1.0,1.004255,0.995816,1.0
1.0,1.0,1.0,0.991597
0.991632,0.995763,0.991597,0.995763
1.0,0.995745,0.995763,0.995745
0.995781,1.0,0.995745,1.012821
1.008475,1.0,1.012821,1.008439
1.004202,1.008547,1.008439,1.012552
1.020921,1.008475,1.012552,1.004132
1.0,1.008403,1.004132,1.00823
1.008197,1.008333,1.00823,0.987755
1.0,0.995868,0.987755,0.979339
0.987805,0.979253,0.979339,1.008439
0.987654,1.0,1.008439,1.0
1.004167,1.004237,1.0,1.004184
0.995851,1.0,1.004184,1.008333
1.0125,1.008439,1.008333,1.004132
1.004115,0.995816,1.004132,1.020576
