1.005871,1.000804,1.005915,1.047824
1.084825,1.067871,1.047824,1.099888
1.054519,0.97405,1.099888,1.035374
1.087755,1.1,1.035374,0.966163
0.965916,1.010381,0.966163,1.015641
0.999029,0.993493,1.015641,0.947104
0.980233,0.972079,0.947104,1.1
1.02876,0.993617,1.1,1.051414
1.098972,1.1,1.051414,1.043704
1.037719,1.042014,1.043704,0.997365
1.000282,1.015082,0.997365,0.953905
0.990704,0.969679,0.953905,1.015389
0.956781,1.000625,1.015389,1.02819
1.031204,1.003437,1.02819,0.935436
0.998559,0.987231,0.935436,0.91995
0.922655,0.911987,0.91995,1.004796
0.937754,0.992736,1.004796,1.005796
0.991328,0.997909,1.005796,1.031525
1.051144,1.023045,1.031525,0.99277
0.99872,1.015017,0.99277,0.959616
0.985577,0.957633,0.959616,1.025871
0.978537,0.941011,1.025871,1.001009
1.006979,1.066418,1.001009,1.002351
0.988449,0.997901,1.002351,0.971515
1.006344,1.016129,0.971515,1.010693
0.978766,0.974465,1.010693,1.008191
1.012203,1.020184,1.008191,0.996276
0.996986,1.013884,0.996276,1.018688
1.026537,1.006505,1.018688,1.048699
1.030432,1.005442,1.048699,1.0
1.0,1.0,1.0,0.968193
0.991426,1.010487,0.968193,0.973062
0.986547,0.986943,0.973062,0.989196
0.969481,0.97863,0.989196,1.000683
0.990288,1.00312,1.000683,0.967258
0.99628,0.970283,0.967258,1.010931
0.977936,1.002493,1.010931,1.013952
1.016314,1.012433,1.013952,0.977984
0.993852,0.985263,0.977984,1.001759
0.9811,1.003561,1.001759,1.000702
1.002452,1.002484,1.000702,1.001404
1.008386,0.99823,1.001404,0.964961
0.99307,0.975177,0.964961,0.982934
0.968248,0.982182,0.982934,0.958626
0.969369,0.958164,0.958626,1.00578
0.973978,0.996909,1.00578,1.050192
1.046183,1.012403,1.050192,1.0
1.0,1.0,1.0,0.991609
1.021525,1.031394,0.991609,1.050037
1.019286,1.013734,1.050037,1.030834
1.0459,1.050531,1.030834,0.997621
1.001675,1.014291,0.997621,0.995571
1.0,1.0,0.995571,1.006502
0.993311,1.001375,1.006502,1.028902
1.039731,1.014413,1.028902,0.988103
0.978303,1.00203,0.988103,1.025084
1.024495,1.009453,1.025084,1.001305
0.998708,1.016722,1.001305,0.994135
1.010029,0.999671,0.994135,1.0
0.986227,0.990786,1.0,1.015733
1.011692,1.005314,1.015733,1.037754
1.044623,1.011563,1.037754,1.033271
1.026429,1.049967,1.033271,1.005116
1.017365,1.02675,1.005116,0.954491
0.99382,0.961224,0.954491,1.031995
0.988747,0.999685,1.031995,0.999088
0.996706,1.02459,0.999088,1.032857
1.03095,1.009231,1.032857,0.950221
1.014282,0.983232,0.950221,1.00372
0.940517,0.950388,1.00372,1.019765
1.019248,1.046656,1.019765,1.000303
1.004197,1.007481,1.000303,1.008477
1.011343,1.011757,1.008477,0.968178
0.984357,0.98104,0.968178,0.969922
0.977511,0.962905,0.969922,0.998402
0.968405,0.990288,0.998402,0.987512
1.010453,1.003596,0.987512,0.964656
0.97116,0.954397,0.964656,1.005378
0.974822,0.982935,1.005378,1.049147
1.040066,1.025347,1.049147,1.000956
1.015282,1.046393,1.000956,1.001273
0.997178,0.985437,1.001273,1.024483
1.038365,1.028243,1.024483,0.964308
1.004846,0.986266,0.964308,0.965562
0.949668,0.967617,0.965562,0.98
0.960013,0.953815,0.98,1.046939
1.020496,1.017895,1.046939,0.966862
1.01069,1.016891,0.966862,1.050067
1.001603,1.037627,1.050067,1.02144
1.04416,1.008821,1.02144,1.020677
1.009194,1.020402,1.020677,1.039288
1.03887,1.012377,1.039288,1.033963
1.0266,1.058621,1.033963,1.027992
1.046697,1.02902,1.027992,0.987497
0.992927,1.015827,0.987497,1.032639
1.009589,1.000567,1.032639,0.950136
1.012212,0.987259,0.950136,0.995985
0.96193,0.993691,0.995985,0.992514
0.976867,0.957576,0.992514,1.033652
1.019971,1.003918,1.033652,0.994948
1.012867,1.05734,0.994948,1.015515
0.999448,0.979557,1.015515,1.014167
1.016855,1.021159,1.014167,1.050123
1.041848,1.036333,1.050123,1.010955
1.043297,1.050397,1.010955,1.006966
0.99425,0.993481,1.006966,0.987189
1.00528,1.005249,0.987189,1.00026
0.989995,1.002611,1.00026,0.949922
0.974735,0.953385,0.949922,1.001366
0.955158,0.950014,1.001366,1.007638
1.008412,1.041403,1.007638,0.995127
1.008342,0.981502,0.995127,1.003808
0.989859,1.021378,1.003808,0.998645
0.997034,0.982925,0.998645,0.960109
0.98675,0.990754,0.960109,0.949972
0.983831,0.950509,0.949972,1.015769
0.960167,0.960428,1.015769,0.995899
1.011894,1.045849,0.995899,0.979412
0.989106,0.956754,0.979412,0.963664
0.952754,0.990093,0.963664,1.028358
1.008214,1.014384,1.028358,1.002121
1.005432,1.004932,1.002121,1.005443
1.015906,1.009202,1.005443,1.026165
1.010044,0.999392,1.026165,1.033705
1.03656,1.04927,1.033705,1.007372
1.009594,0.994493,1.007372,1.004785
1.019564,1.035558,1.004785,0.983754
0.997807,0.983113,0.983754,1.02164
0.987637,0.995133,1.02164,1.015608
1.015299,1.006904,1.015608,1.010154
1.009589,1.034286,1.010154,0.999728
1.004071,1.005525,0.999728,1.009783
1.008108,1.005495,1.009783,0.977933
0.999732,0.983607,0.977933,1.020638
0.996514,1.001667,1.020638,1.000809
1.001615,1.017748,1.000809,1.028556
1.029554,1.00545,1.028556,0.989261
1.008873,1.015447,0.989261,1.007943
0.986291,1.001068,1.007943,1.001839
1.008917,1.005065,1.001839,0.993445
0.997141,0.997347,0.993445,0.992346
0.989833,0.980851,0.992346,1.000532
0.995523,1.014642,1.000532,1.010101
1.01455,0.998129,1.010101,1.004474
1.003911,1.013387,1.004474,0.952843
0.997403,0.958256,0.952843,1.0022
0.954948,0.99807,1.0022,0.997531
1.016635,0.996133,0.997531,1.028878
1.019313,1.007488,1.028878,1.049987
1.033684,1.024222,1.049987,1.009929
1.026477,1.058586,1.009929,1.002521
0.996528,0.982483,1.002521,1.050038
1.039323,1.021705,1.050038,1.050048
1.050048,1.074861,1.050048,1.002509
1.048575,1.031765,1.002509,0.992948
0.969117,0.984949,0.992948,1.049943
1.028501,1.004399,1.049943,1.037312
1.049967,1.076533,1.037312,0.949937
0.987947,0.967024,0.949937,1.024358
0.982751,1.000886,1.024358,0.999784
1.019478,1.003761,0.999784,0.988108
0.980474,0.968481,0.988108,0.999344
0.985011,1.017296,0.999344,1.029341
1.040435,1.03132,1.029341,0.987449
0.990389,1.002169,0.987449,1.049978
1.02827,1.000433,1.049978,1.014157
1.033032,1.045219,1.014157,0.979162
0.977358,0.983026,0.979162,1.05
1.032717,1.01095,1.05,1.013381
1.028729,1.058529,1.013381,1.050097
1.03443,1.004132,1.050097,1.049926
1.049926,1.048403,1.049926,0.988728
1.014442,1.009346,0.988728,1.000178
1.003819,1.02037,1.000178,0.949955
0.976998,0.968058,0.949955,0.999063
0.962648,0.980127,0.999063,1.036968
1.023538,1.013772,1.036968,1.029859
1.036471,1.032264,1.029859,0.967668
0.998093,1.005301,0.967668,1.001997
0.970823,0.988364,1.001997,1.00743
1.01932,1.020603,1.00743,0.949991
0.98245,0.951875,0.949991,0.972732
0.937478,0.967809,0.972732,1.019272
1.019436,0.997848,1.019272,1.0
1.0,1.0,1.0,0.949962
0.984673,0.975294,0.949962,0.94994
0.920653,0.94994,0.94994,1.01164
1.009897,0.950053,1.01164,1.003975
1.018579,1.056806,1.003975,0.983747
0.972139,0.965008,0.983747,1.049778
1.022062,1.015727,1.049778,1.033091
1.04882,1.080215,1.033091,1.005078
1.010964,0.987458,1.005078,1.02604
1.020738,1.022177,1.02604,1.01553
1.006524,1.037475,1.01553,1.03301
1.042593,1.007795,1.03301,1.007041
1.011901,1.028108,1.007041,0.97024
0.982096,0.972294,0.97024,0.986511
0.972297,0.972825,0.986511,1.050009
1.030515,1.012609,1.050009,1.009989
1.0132,1.059195,1.009989,0.987813
1.018486,1.003617,0.987813,0.989987
0.974935,0.969003,0.989987,0.995666
0.983688,1.013762,0.995666,0.988572
1.009193,0.986975,0.988572,0.950092
0.972495,0.962454,0.950092,0.999421
0.955005,0.949981,0.999421,0.97971
1.005962,1.01545,0.97971,0.97574
0.984515,0.964565,0.97574,1.000606
0.968932,1.002698,1.000606,0.950101
0.981964,0.973504,0.950101,0.950032
0.957959,0.950032,0.950032,0.95009
0.93055,0.95009,0.95009,1.032509
1.020375,0.967491,1.032509,1.028291
1.020866,1.037253,1.028291,0.980697
0.998901,1.019953,0.980697,0.95
0.972937,0.966398,0.95,0.949988
0.927635,0.949988,0.949988,0.974931
0.964895,0.950113,0.974931,0.985343
1.014401,1.003166,0.985343,1.050104
1.002242,0.987112,1.050104,1.032306
1.04995,1.073808,1.032306,1.017573
1.028166,1.039206,1.017573,0.979181
0.978591,0.983524,0.979181,0.949988
0.972948,0.954601,0.949988,1.000763
0.964217,0.953713,1.000763,1.013469
1.013791,1.04,1.013469,0.986961
0.991096,0.99641,0.986961,1.024136
1.031195,1.004632,1.024136,0.992062
0.992256,1.017674,0.992062,0.984996
0.982927,0.98666,0.984996,1.012694
1.014392,0.983929,1.012694,1.002256
0.984834,1.012445,1.002256,0.994247
0.997268,1.015365,0.994247,0.992201
1.002491,0.991425,0.992201,0.950051
0.978385,0.953193,0.950051,0.950093
0.95099,0.950093,0.950093,1.0
1.0,1.0,1.0,0.960112
0.934579,0.950843,0.960112,1.050029
1.025429,0.984934,1.050029,1.00195
1.037615,1.059688,1.00195,1.050056
1.013963,1.021228,1.050056,1.050053
1.050053,1.046563,1.050053,1.008827
1.031526,1.024894,1.008827,1.01875
1.019804,1.016279,1.01875,0.988221
1.01894,1.017035,0.988221,0.984852
0.945176,0.96275,0.984852,0.998487
1.013941,1.012724,0.998487,1.005556
0.986987,1.010256,1.005556,0.972878
0.995025,0.967005,0.972878,0.962055
0.97,0.965879,0.962055,0.990341
0.967268,0.996739,0.990341,1.050122
1.032774,0.992366,1.050122,1.011868
1.050052,1.076923,1.011868,1.049975
1.011794,0.994898,1.049975,0.977416
1.038611,1.026923,0.977416,1.009938
0.981529,1.002996,1.009938,0.974908
0.975703,0.967886,0.974908,1.021701
0.994873,1.005658,1.021701,1.00568
1.004908,1.020716,1.00568,0.982073
0.991209,0.997244,0.982073,0.976244
0.996551,0.979397,0.976244,1.046363
1.01335,0.975629,1.046363,1.002693
1.007563,1.05706,1.002693,1.000488
1.004116,1.011443,1.000488,1.028306
1.034483,0.998524,1.028306,0.989321
0.999068,1.026355,0.989321,1.010554
1.003266,0.99592,1.010554,1.009257
0.990233,1.007229,1.009257,1.050094
1.048614,1.017943,1.050094,1.001792
1.020605,1.036428,1.001792,1.005589
1.020408,1.005896,1.005589,0.979546
0.970538,0.98963,0.979546,1.032683
1.016619,1.0,1.032683,0.992967
0.991064,1.013667,0.992967,0.992475
0.990763,0.985393,0.992475,1.045718
1.044839,1.010262,1.045718,0.991256
0.997026,1.028217,0.991256,0.973322
0.999361,0.987925,0.973322,0.992042
0.973987,0.977778,0.992042,1.000446
0.994965,1.005,1.000446,1.004232
1.009461,1.006332,1.004232,0.980262
0.986486,0.989213,0.980262,0.987557
0.991162,0.98955,0.987557,0.998855
0.983058,0.987144,0.998855,1.011927
1.004989,1.0,1.011927,0.973935
0.995713,0.97907,0.973935,1.005585
0.980739,1.009976,1.005585,1.010877
1.035351,1.0,1.010877,1.007326
0.989511,1.01952,1.007326,1.004091
1.001353,1.004844,1.004091,1.012223
1.013964,1.002066,1.012223,1.001342
0.999334,1.019702,1.001342,1.0
1.0,1.0,1.0,0.949978
0.997333,0.95574,0.949978,0.972732
0.943169,0.95087,0.972732,0.974384
0.976607,0.995303,0.974384,0.976935
0.976772,0.968703,0.976935,1.005839
0.984642,0.97,1.005839,1.000252
0.997736,1.012688,1.000252,0.95458
0.997983,0.984338,0.95458,1.024584
0.980293,0.988067,1.024584,1.010836
1.014691,1.026033,1.010836,0.984431
1.003048,1.007063,0.984431,0.987296
0.975943,0.987013,0.987296,1.049895
1.037364,1.0,1.049895,1.021261
1.049275,1.06,1.021261,0.988734
0.990703,0.99429,0.988734,0.995294
0.979307,0.986517,0.995294,0.994774
0.995086,0.989623,0.994774,0.995246
0.997037,1.014834,0.995246,0.988939
0.990342,0.984879,0.988939,1.008388
0.999,1.0,1.008388,0.974036
0.993492,0.98132,0.974036,0.994306
0.981859,0.998175,0.994306,0.998959
1.00077,0.974399,0.998959,0.971079
0.991795,0.997855,0.971079,0.994902
0.974664,0.980656,0.994902,1.04342
1.032626,1.006575,1.04342,0.99664
1.016183,1.034295,0.99664,1.008558
0.995703,1.006053,1.008558,1.013371
1.001777,1.007324,1.013371,1.003299
1.016219,1.012984,1.003299,0.978756
0.996758,0.975647,0.978756,0.992248
0.970728,0.998949,0.992248,0.996354
1.020103,1.006049,0.996354,1.002091
0.978777,0.993725,1.002091,0.993219
0.995354,0.999737,0.993219,0.99895
0.994813,0.975263,0.99895,0.99632
0.996872,1.011873,0.99632,0.998153
1.001308,1.0032,0.998153,1.003965
0.991904,1.002127,1.003965,0.949974
1.000527,0.957029,0.949974,0.99806
0.957895,0.976164,0.99806,0.974729
0.996978,0.971323,0.974729,0.995726
0.974098,1.010231,0.995726,0.994564
0.997454,0.978009,0.994564,0.949942
1.005389,0.976923,0.949942,1.04997
0.977997,0.988189,1.04997,0.992501
1.014133,1.048115,0.992501,1.011625
0.994596,0.981287,1.011625,1.002011
1.014584,1.016985,1.002011,1.00344
0.989853,1.010841,1.00344,0.994286
0.996298,0.986957,0.994286,0.99569
1.01972,1.002056,0.99569,1.01241
0.993554,0.986518,1.01241,1.001425
1.000846,1.027926,1.001425,0.998861
0.994927,0.987572,0.998861,1.00627
1.01898,1.019315,1.00627,0.98584
0.986934,0.994832,0.98584,0.981902
0.980563,0.980375,0.981902,0.973669
0.975582,0.97174,0.973669,1.014123
0.995289,1.002424,1.014123,0.986074
1.001183,1.00544,0.986074,1.016526
1.004137,0.99489,1.016526,1.016258
1.017657,1.012085,1.016258,1.036067
1.03181,1.023284,1.036067,0.988209
0.998318,1.021004,0.988209,0.98608
0.992981,0.991429,0.98608,1.0121
0.999152,1.001441,1.0121,1.001423
0.998302,1.002878,1.001423,1.01535
1.017574,1.006026,1.01535,0.994681
0.998329,0.998859,0.994681,0.990431
0.992188,1.002284,0.990431,1.018471
1.025028,1.002564,1.018471,1.013393
1.0,1.017334,1.013393,1.035242
1.044719,1.010615,1.035242,1.014096
1.015756,1.015202,1.014096,1.003147
0.990176,1.029676,1.003147,0.99817
1.024021,1.007139,0.99817,0.997119
0.988781,0.990024,0.997119,0.98923
0.984012,0.987802,0.98923,0.998141
0.9924,0.995705,0.998141,1.022346
1.016636,1.015098,1.022346,0.98725
1.000779,1.001328,0.98725,0.994992
0.994031,0.997347,0.994992,0.967417
1.011749,0.962766,0.967417,1.012596
0.967742,0.998619,1.012596,1.017847
1.011467,1.009682,1.017847,1.012221
1.011864,1.023288,1.012221,1.015748
1.017978,1.018742,1.015748,1.000775
1.01075,1.006833,1.000775,0.999225
0.993923,1.001044,0.999225,1.009302
0.995414,1.00339,1.009302,1.003328
1.014845,1.013254,1.003328,0.981373
0.983354,0.974609,0.981373,0.950078
0.979995,0.961579,0.950078,0.969622
0.941115,0.949918,0.969622,1.018911
1.012236,1.025929,1.018911,1.006648
0.999176,0.99298,1.006648,1.025867
1.02667,1.026018,1.025867,1.000536
1.004017,1.020397,1.000536,0.992225
0.995999,0.994327,0.992225,1.015671
1.006963,0.992122,1.015671,1.013301
1.029787,1.021632,1.013301,1.003938
0.994318,0.99732,1.003938,0.988755
1.001299,1.015856,0.988755,1.0
1.0,1.0,1.0,1.0
1.0,1.0,1.0,1.006083
1.004669,0.996825,1.006083,0.992114
0.990963,0.993896,0.992114,0.983042
0.990099,0.989319,0.983042,0.98841
0.985789,0.989204,0.98841,1.003545
0.999199,0.996726,1.003545,0.999457
0.989313,1.003559,0.999457,0.993203
0.99946,0.99018,0.993203,0.957843
0.98649,0.958678,0.957843,0.99457
0.963024,0.991379,0.99457,1.016954
1.011945,1.015072,1.016954,1.0
1.0,1.0,1.0,1.050014
1.044407,1.010851,1.050014,1.023681
1.03606,1.036723,1.023681,0.998686
1.000779,1.021798,0.998686,1.050013
1.035297,1.021333,1.050013,1.049887
1.049887,1.051697,1.049887,0.9883
1.047039,1.025323,0.9883,0.990577
0.947092,0.972397,0.990577,1.030244
1.033951,1.020916,1.030244,0.965672
0.977177,0.993902,0.965672,0.96862
0.965205,0.953129,0.96862,0.964819
0.981975,0.975283,0.964819,1.008132
0.977621,0.992608,1.008132,0.970075
0.996656,0.98883,0.970075,0.958155
0.952258,0.954814,0.958155,1.050112
1.016531,0.989014,1.050112,1.016529
1.02506,1.056109,1.016529,1.021243
1.037971,1.029126,1.021243,1.007447
0.99098,1.01153,1.007447,0.996686
0.997724,1.003627,0.996686,0.981586
0.995438,0.987352,0.981586,0.982543
0.982688,0.985359,0.982543,0.972156
0.980052,0.97108,0.972156,1.001091
0.979381,0.991803,1.001091,0.972207
0.995951,0.960606,0.972207,0.998038
0.97561,1.00803,0.998038,1.045212
1.036111,0.995733,1.045212,1.003224
1.005094,1.041429,1.003224,0.999732
0.9984,1.009328,0.999732,1.00509
1.008549,1.005708,1.00509,0.99467
1.011391,1.005405,0.99467,0.978028
0.979047,0.972043,0.978028,1.041096
1.025415,1.001383,1.041096,0.981842
0.982781,1.008009,0.981842,0.998392
1.006902,1.010959,0.998392,0.977987
0.988663,0.98374,0.977987,1.001372
0.985867,1.002755,1.001372,0.984101
0.995402,0.983791,0.984101,1.015599
0.993207,1.0,1.015599,1.003291
1.00684,0.996928,1.003291,0.984418
0.994565,1.00028,0.984418,1.007776
1.001639,1.007001,1.007776,1.013227
1.008729,1.006952,1.013227,1.003264
1.026501,1.013532,1.003264,1.007861
0.995258,1.007629,1.007861,0.958849
0.979884,0.959438,0.958849,1.001683
0.968936,0.999154,1.001683,0.994959
0.995261,0.997461,0.994959,0.999719
1.002241,1.003959,0.999719,0.974381
0.98379,0.950423,0.974381,0.998844
1.008239,1.014226,0.998844,0.998843
0.979994,0.998831,0.998843,1.008109
1.002013,1.005266,1.008109,0.979891
1.010043,0.978463,0.979891,1.01114
0.994318,1.020821,1.01114,0.956799
0.985143,0.954837,0.956799,0.965758
0.960557,0.962771,0.965758,0.95011
0.962862,0.959746,0.95011,0.951783
0.943242,0.950132,0.951783,1.004858
0.996676,0.963504,1.004858,1.010704
1.00934,1.028139,1.010704,0.985651
0.988103,1.004211,0.985651,0.950087
0.959866,0.957722,0.950087,0.983947
0.952962,0.966436,0.983947,1.0
1.0,1.0,1.0,0.955506
0.969653,0.967157,0.955506,0.958867
0.968703,0.955504,0.958867,0.999191
0.987933,0.993873,0.999191,0.950182
0.993696,0.964242,0.950182,1.003836
0.943299,0.953112,1.003836,1.009342
1.004624,1.031753,1.009342,0.98822
1.003766,1.006068,0.98822,1.020434
1.027928,0.968548,1.020434,0.981227
0.98013,1.041815,0.981227,0.995323
0.988829,0.987617,0.995323,1.004272
0.998326,1.007782,1.004272,0.950659
0.998743,0.957958,0.950659,0.949888
0.923206,0.950739,0.949888,0.950071
0.954545,0.950071,0.950071,1.032722
0.993333,0.995042,1.032722,1.049928
1.048418,1.027902,1.049928,1.02332
1.025149,1.041202,1.02332,1.0
1.021409,1.032123,1.0,0.970063
0.983406,0.959856,0.970063,0.973745
0.972469,0.972744,0.973745,1.039262
1.013242,0.983575,1.039262,0.97178
1.012618,1.035855,0.97178,1.016393
0.965732,0.992413,1.016393,1.05023
1.05023,1.037267,1.05023,0.995173
1.023695,1.040995,0.995173,1.018959
0.99057,1.002212,1.018959,0.987451
1.009087,1.005298,0.987451,1.0
0.989708,0.974967,1.0,1.049956
1.038128,1.018468,1.049956,1.003756
1.022538,1.044228,1.003756,0.959667
0.978776,0.975434,0.959667,1.022964
0.989158,1.001303,1.022964,1.002118
1.009275,1.019081,1.002118,1.000845
1.015038,1.002128,1.000845,1.019848
1.00823,0.989384,1.019848,1.050104
1.035102,1.022747,1.050104,1.050079
1.050079,1.090642,1.050079,1.016523
1.049944,1.010004,1.016523,0.979313
0.985694,0.97981,0.979313,1.05017
1.01016,1.030327,1.05017,1.012931
1.039871,1.041509,1.012931,1.002128
0.987565,1.003623,1.002128,1.001415
0.995103,0.99278,1.001415,1.002827
1.004218,1.010182,1.002827,0.990486
0.9979,1.008639,0.990486,0.960157
0.982813,0.959315,0.960157,0.995554
0.979657,0.99628,0.995554,1.017492
1.003643,0.998133,1.017492,1.022677
1.036661,1.024317,1.022677,0.994993
0.998249,1.012418,0.994993,0.981308
0.98141,0.974387,0.981308,0.999634
0.994639,1.001111,0.999634,1.008428
0.995329,1.008506,1.008428,1.003997
1.002888,0.999267,1.003997,1.049946
1.044276,1.010642,1.049946,1.03516
1.049983,1.072985,1.03516,0.982684
1.010834,0.983756,0.982684,1.0
0.976291,0.964224,1.0,1.027109
1.00998,1.034963,1.027109,1.022765
1.040184,1.039297,1.022765,0.977419
0.9867,0.998342,0.977419,1.0
1.0,1.0,1.0,1.019142
0.996149,0.995017,1.019142,0.973122
0.996456,0.987312,0.973122,0.985025
0.977692,1.000338,0.985025,1.048986
1.027778,1.007437,1.048986,0.954589
1.023166,0.989933,0.954589,0.953441
0.932075,0.954576,0.953441,0.977707
0.960189,0.963423,0.977707,1.032935
1.01546,1.010689,1.032935,0.997547
0.998962,1.018235,0.997547,0.98876
0.990648,0.999642,0.98876,1.007815
1.013986,0.983518,1.007815,0.996475
0.982414,1.016758,0.996475,1.018394
1.011934,1.01254,1.018394,1.04446
1.047173,1.010262,1.04446,0.984037
0.993375,1.02732,0.984037,0.995269
0.993331,0.988749,0.995269,1.002716
1.020477,0.995172,1.002716,0.999661
0.996711,1.017672,0.999661,0.991192
0.981188,0.992509,0.991192,0.950103
0.991591,0.953688,0.950103,0.96295
0.949796,0.95,0.96295,1.019051
0.977143,1.003408,1.019051,0.98937
1.000731,1.00566,0.98937,1.001853
0.996713,1.0,1.001853,1.0
1.001099,0.998874,1.0,1.015163
1.01757,1.005259,1.015163,1.030965
1.020144,1.009716,1.030965,1.004594
1.012341,1.032568,1.004594,1.036581
1.039707,1.003584,1.036581,0.993213
0.988275,1.033214,0.993213,1.023574
1.026441,0.997926,1.023574,0.985314
1.012219,1.02009,0.985314,0.965447
0.963785,0.960951,0.965447,0.981404
0.967502,0.973145,0.981404,0.998927
0.99895,1.000726,0.998927,1.009306
0.996147,1.010885,1.009306,0.986879
0.998594,0.997846,0.986879,0.995329
0.985915,0.991367,0.995329,1.010108
1.005714,1.001451,1.010108,1.006076
1.0,1.003623,1.006076,0.998934
1.011364,1.005776,0.998934,1.050142
1.036868,1.012922,1.050142,0.973586
1.001693,0.993976,0.973586,0.999652
0.975659,1.003209,0.999652,0.990953
1.0,1.00995,0.990953,1.002809
0.996881,1.000352,1.002809,1.008754
1.014251,0.997186,1.008754,0.968067
0.980809,0.982716,0.968067,0.993905
0.98812,0.994257,0.993905,1.002886
0.985856,0.996751,1.002886,1.003957
1.007532,0.998913,1.003957,0.969187
1.025276,0.961204,0.969187,1.002957
0.956597,1.013957,1.002957,0.99742
0.987659,1.001488,0.99742,1.009608
1.005513,1.003715,1.009608,1.006955
1.019737,1.003701,1.006955,0.995274
0.986738,1.0,0.995274,1.005844
1.010534,1.008481,1.005844,1.004357
1.011503,1.000366,1.004357,1.002169
0.995025,1.009868,1.002169,0.971861
0.990357,0.973941,0.971861,0.957684
0.979805,0.953177,0.957684,0.998062
0.970188,0.978947,0.998062,0.999223
0.999621,1.015532,0.999223,0.98562
0.995825,0.982353,0.98562,1.012618
0.979421,0.99521,1.012618,1.00662
1.025681,1.030084,1.00662,1.001547
0.992413,1.003894,1.001547,0.998069
1.003058,0.993018,0.998069,0.967492
0.988948,0.973438,0.967492,1.0144
0.986513,1.004414,1.0144,0.998423
1.015625,1.003196,0.998423,0.984597
0.979231,0.976503,0.984597,1.005616
0.98861,1.00367,1.005616,1.022736
1.023838,1.01219,1.022736,0.99727
1.003104,1.015656,0.99727,0.973015
0.997292,0.973123,0.973015,1.000402
0.97052,0.99472,1.000402,1.003214
1.013589,1.008167,1.003214,1.010012
0.998817,1.005265,1.010012,1.04996
1.045401,1.014504,1.04996,0.983384
1.007553,1.018666,0.983384,0.998848
0.982009,1.001559,0.998848,0.984237
0.998855,0.992604,0.984237,1.024219
1.011846,1.002745,1.024219,1.005721
1.012085,1.008995,1.005721,0.949943
0.947015,0.97093,0.949943,0.9501
0.948779,0.9501,0.9501,1.014706
1.034053,0.997899,1.014706,1.004141
0.982329,1.009684,1.004141,1.021856
1.01758,1.005838,1.021856,1.019774
1.016472,1.016169,1.019774,1.018995
1.018972,1.024072,1.018995,0.990291
0.998836,1.004781,0.990291,1.0
0.995728,1.002379,1.0,1.0
1.0,1.0,1.0,1.050196
1.044462,1.059335,1.050196,1.050037
1.050037,1.050037,1.050037,1.050142
1.050142,1.050142,1.050142,1.050119
1.050119,1.050119,1.050119,1.035472
1.049984,1.024831,1.035472,0.98474
0.999693,0.988357,0.98474,1.015497
0.989247,1.00382,1.015497,1.0
1.0,1.0,1.0,1.0
1.0,1.0,1.0,1.099346
1.096894,1.018395,1.099346,0.920963
0.982163,0.996574,0.920963,0.999077
0.955607,0.995625,0.999077,0.985837
0.987934,0.994978,0.985837,1.00812
0.992366,0.993691,1.00812,1.049257
1.090769,1.015873,1.049257,1.00059
0.961354,1.010938,1.00059,0.995279
1.006162,1.037403,0.995279,0.97984
0.990668,0.983611,0.97984,1.008775
0.983809,0.993638,1.008775,1.014097
1.022741,1.014634,1.014097,1.054718
1.055295,1.006611,1.054718,0.980651
0.998059,1.033731,0.980651,1.00143
0.9775,0.997401,1.00143,0.988864
1.000853,0.996236,0.988864,0.979209
0.993754,0.984598,0.979209,0.974344
0.985429,0.967532,0.974344,0.993947
0.970716,0.993594,0.993947,1.008831
1.000896,1.003991,1.008831,0.960157
0.995225,0.966972,0.960157,0.973908
0.958921,0.970272,0.973908,1.011943
0.984991,0.988266,1.011943,0.982456
0.998413,1.003958,0.982456,0.972727
0.980922,0.982589,0.972727,1.014686
0.997407,0.995988,1.014686,1.0
1.0,1.0,1.0,1.0
1.0,1.0,1.0,1.1
1.086773,1.040618,1.1,1.055323
1.098385,1.067742,1.055323,0.963162
0.951266,1.015106,0.963162,1.014416
1.012021,1.006845,1.014416,1.020592
1.016686,1.018918,1.020592,0.996022
1.000556,1.009574,0.996022,1.013124
0.989714,0.972989,1.013124,1.0
1.005337,1.035735,1.0,0.989862
1.000279,0.998289,0.989862,0.977525
0.972626,0.975436,0.977525,1.004075
1.008041,1.003221,1.004075,0.998551
0.991453,0.995914,0.998551,1.004644
1.005747,1.005569,1.004644,0.987287
0.991429,0.986884,0.987287,1.000878
0.992795,1.0,1.000878,1.010234
1.01016,1.00886,1.010234,0.999421
0.997989,0.997658,0.999421,1.016507
1.013533,1.007042,1.016507,1.009117
1.008807,1.011946,1.009117,0.986166
1.004506,0.993665,0.986166,0.997137
0.981777,0.99971,0.997137,1.013781
1.009709,1.007246,1.013781,0.974511
0.996324,0.988777,0.974511,1.00465
0.981834,0.999127,1.00465,1.000579
1.011564,0.986309,1.000579,0.976872
0.996285,0.994684,0.976872,0.993785
0.981641,0.991983,0.993785,0.976772
0.985389,0.980245,0.976772,0.998476
0.980724,0.992366,0.998476,0.977099
0.991231,0.980923,0.977099,1.002188
0.995424,1.003764,1.002188,1.007795
0.991725,0.9975,1.007795,0.993193
1.001236,1.002506,0.993193,1.004361
1.001543,1.000625,1.004361,0.997829
0.998151,1.0,0.997829,0.960522
0.990738,0.964085,0.960522,0.999353
0.973512,0.97862,0.999353,0.991256
0.989757,1.01291,0.991256,1.0
1.001617,0.997386,1.0,0.968638
0.990636,0.966907,0.968638,0.944688
0.96708,0.904778,0.944688,1.039629
0.991911,1.022472,1.039629,1.003434
0.997282,1.050916,1.003434,1.028063
1.033049,1.017776,1.028063,1.083555
1.088061,1.044863,1.083555,0.985253
0.986663,1.048181,0.985253,0.983474
0.984025,0.971545,0.983474,0.995244
0.986263,1.007403,0.995244,1.029309
1.025641,1.002875,1.029309,0.989786
0.997222,1.016247,0.989786,1.008443
1.000619,0.994044,1.008443,1.023256
1.036189,1.007884,1.023256,0.999697
0.985672,1.01408,0.999697,1.005759
1.013628,1.010799,1.005759,0.993068
0.99761,0.989011,0.993068,1.001821
1.0,0.987654,1.001821,0.996971
0.996107,1.020312,0.996971,1.031297
1.043295,1.009188,1.031297,0.999705
0.992219,1.0261,0.999705,1.013852
1.002033,1.004732,1.013852,0.999709
1.010145,1.005299,0.999709,1.028787
1.023529,0.998829,1.028787,1.001131
0.998598,1.032249,1.001131,1.054771
1.080853,0.999432,1.054771,0.989829
0.967273,1.037511,0.989829,1.035425
1.066864,1.009586,1.035425,1.046226
1.019129,1.028215,1.046226,1.044683
1.047666,1.045119,1.044683,1.002867
1.008487,1.03181,1.002867,0.941148
0.983871,0.96183,0.941148,1.012658
0.963649,1.004833,1.012658,0.99925
0.992604,1.002785,0.99925,1.04028
1.050671,1.001767,1.04028,1.004329
1.000709,1.014617,1.004329,1.049569
1.063076,1.064083,1.049569,1.090577
1.071333,1.006303,1.090577,1.010879
1.00643,1.082579,1.010879,1.028767
1.029472,1.007071,1.028767,0.959767
0.980981,1.010851,0.959767,0.970027
0.981224,0.969059,0.970027,1.068712
1.035774,0.999131,1.068712,0.986049
1.016064,1.049348,0.986049,1.00164
0.994071,0.991506,1.00164,1.020266
0.998012,1.005015,1.020266,0.997191
1.00239,1.008316,0.997191,0.991147
0.993641,1.004536,0.991147,0.969549
0.991,0.964901,0.969549,0.994137
0.974369,1.006169,0.994137,1.003791
1.0,1.000846,1.003791,0.989719
0.989851,0.985636,0.989719,1.004452
1.001255,1.004715,1.004452,1.090122
1.087774,1.021331,1.090122,0.97909
1.008069,1.052632,0.97909,1.009887
1.025157,1.00873,1.009887,1.007245
0.977691,1.001967,1.007245,1.0
1.0,1.0,1.0,1.0
1.0,1.0,1.0,1.0
1.0,1.0,1.0,1.0
1.0,1.0,1.0,1.0
1.0,1.0,1.0,1.015358
1.07587,0.95956,1.015358,0.934329
0.925946,0.969108,0.934329,0.951025
0.931666,0.976145,0.951025,0.948072
0.950215,0.947232,0.948072,1.026136
0.979948,0.98653,1.026136,1.011517
1.033003,1.03726,1.011517,1.005912
0.992545,0.997769,1.005912,0.993687
0.997854,1.006261,0.993687,1.023877
1.008602,1.0,1.023877,1.012409
1.017058,1.026667,1.012409,0.989011
1.004403,1.008658,0.989011,0.960256
0.980589,0.957725,0.960256,1.035381
0.994466,1.00112,1.035381,0.984096
1.003853,1.014996,0.984096,0.969644
0.971642,0.976847,0.969644,1.006757
0.998464,0.998871,1.006757,0.995526
0.988571,1.00113,0.995526,1.001124
1.009337,0.977427,1.001124,1.012346
1.006828,1.00739,1.012346,1.018182
1.006344,1.016506,1.018182,0.993467
1.001957,1.01714,0.993467,0.976984
0.993491,0.98337,0.976984,0.978685
0.979908,0.97407,0.978685,1.016965
1.008246,1.009722,1.016965,1.002931
1.024315,1.008712,1.002931,0.971005
0.974104,0.965909,0.971005,1.009028
0.96677,1.011765,1.009028,0.992659
0.999083,1.003023,0.992659,1.021031
1.027064,0.999073,1.021031,1.014486
1.00469,1.012532,1.014486,0.970326
0.999778,0.988998,0.970326,1.005059
0.983326,0.999073,1.005059,0.983985
0.991409,0.997448,0.983985,0.997675
0.997263,0.990698,0.997675,1.000699
0.991768,0.988498,1.000699,1.017932
1.017985,1.019473,1.017932,1.005262
0.996376,1.013277,1.005262,1.007283
1.01023,1.001379,1.007283,0.988929
0.99685,1.002755,0.988929,0.988577
0.992551,0.967491,0.988577,0.990294
0.985672,1.010885,0.990294,0.999767
0.995155,0.996723,0.999767,0.973856
0.991421,0.976515,0.973856,0.999521
0.980355,1.0,0.999521,1.1
1.094227,0.979317,1.1,1.023545
1.064966,1.1,1.023545,0.98722
0.955988,0.983878,0.98722,1.02438
1.024625,1.001329,1.02438,1.007793
1.020899,1.047766,1.007793,0.978056
0.992016,0.983537,0.978056,1.012821
0.984111,0.993991,1.012821,1.013502
1.014678,1.021805,1.013502,0.980433
0.997107,0.990915,0.980433,1.007643
0.985699,0.991471,1.007643,0.992204
0.997687,0.992473,0.992204,0.998301
1.017914,1.008017,0.998301,0.992129
0.9853,1.00172,0.992129,0.989923
0.990544,0.989485,0.989923,1.003465
0.99406,0.997398,1.003465,1.028275
1.030303,0.997826,1.028275,1.050378
1.081193,1.031161,1.050378,1.035971
0.995785,1.024937,1.035971,0.980517
1.030781,1.043299,0.980517,1.002951
0.962113,0.989328,1.002951,0.965281
0.989331,0.977227,0.965281,1.021134
1.031373,1.0139,1.021134,0.946269
0.954183,0.955242,0.946269,0.985489
0.966129,0.941325,0.985489,0.973325
1.008249,1.002691,0.973325,1.006139
0.960933,0.920617,1.006139,1.000436
0.986803,1.069468,1.000436,1.02897
1.02459,1.037702,1.02897,0.972058
1.000211,0.980521,0.972058,1.016333
0.987371,1.0125,1.016333,1.007285
1.008953,1.018739,1.007285,1.029994
1.024086,1.000216,1.029994,1.00062
1.016918,1.028343,1.00062,0.994014
0.987016,1.010309,0.994014,0.934801
0.988284,0.935027,0.934801,0.999556
0.948419,0.985523,0.999556,1.022889
1.02193,1.023955,1.022889,1.019987
1.01867,1.012801,1.019987,1.000639
0.999157,1.017433,1.000639,1.063431
1.05545,1.006211,1.063431,0.974179
1.005793,1.018093,0.974179,1.045613
1.030785,1.007945,1.045613,1.007074
0.99422,1.030906,1.007074,0.988098
0.999806,0.995976,0.988098,0.987559
0.987788,0.99596,0.987559,1.008598
0.99843,1.008519,1.008598,0.998216
1.019261,1.002414,0.998216,0.976167
0.994601,0.985152,0.976167,0.970295
0.953276,0.962322,0.970295,0.970853
0.969087,0.97037,0.970853,0.948164
0.975866,0.950927,0.948164,0.996355
0.96043,1.002294,0.996355,1.02332
1.00515,0.997712,1.02332,0.997096
1.004233,1.002294,0.997096,1.004481
0.99756,1.01373,1.004481,1.024091
1.028686,1.010158,1.024091,0.980614
1.004107,0.999777,0.980614,0.977566
0.976534,0.981225,0.977566,0.986367
0.977734,0.970615,0.986367,1.027874
1.010823,1.013847,1.027874,1.0
1.003792,1.02338,1.0,0.997311
0.998444,1.000679,0.997311,1.001798
0.997107,0.998418,1.001798,0.999551
1.030134,1.005434,0.999551,0.995512
0.96208,0.96825,0.995512,1.014653
1.042117,1.031628,1.014653,1.020218
0.994165,1.006763,1.020218,0.964503
0.978261,0.976265,0.964503,0.983066
0.99,0.993119,0.983066,0.99288
0.987654,0.993303,0.99288,1.011335
1.0,1.003255,1.011335,0.998628
1.0075,0.996524,0.998628,0.970683
0.98263,0.979535,0.970683,0.972393
0.97888,0.968661,0.972393,1.009221
0.977486,1.0,1.009221,1.030296
1.055662,1.011765,1.030296,0.992765
0.985455,1.017926,0.992765,0.985896
0.991236,0.994288,0.985896,0.999285
0.991391,0.997846,0.999285,1.003102
0.996245,0.996642,1.003102,0.983587
0.999529,0.983153,0.983587,0.979444
0.989159,0.990942,0.979444,0.987654
0.973314,0.985919,0.987654,1.0125
0.99437,0.986971,1.0125,1.011358
1.014032,1.021071,1.011358,0.977539
0.992474,0.989557,0.977539,1.005245
0.985812,0.998492,1.005245,1.01764
1.018362,1.014343,1.01764,1.000732
1.010965,1.007442,1.000732,0.983167
0.996626,0.989904,0.983167,0.980397
0.977751,0.981592,0.980397,0.997216
0.996785,0.978206,0.997216,1.012183
0.992556,1.009067,1.012183,1.001254
1.0,1.008986,1.001254,1.037315
1.047,1.00687,1.037315,0.995654
1.014565,1.010867,0.995654,1.002667
0.984938,1.025,1.002667,0.973398
0.992832,0.973659,0.973398,1.0
0.978339,0.993988,1.0,0.975155
0.988684,0.977823,0.975155,1.002293
0.994277,1.00567,1.002293,1.008897
1.00976,1.007176,1.008897,1.009322
0.993804,1.005089,1.009322,0.985771
1.007481,0.995949,0.985771,0.981514
0.982673,0.981444,0.981514,1.042054
1.046851,0.997151,1.042054,0.981183
0.986526,1.028831,0.981183,0.957608
0.963415,0.956072,0.957608,0.977339
0.973924,0.937417,0.977339,1.02103
0.987783,1.042254,1.02103,0.9493
0.990789,0.970541,0.9493,1.00751
0.980611,0.99081,1.00751,0.991717
0.988353,1.006183,0.991717,1.014477
1.001644,0.994413,1.014477,1.052415
1.060192,1.014326,1.052415,0.996349
0.997419,1.054279,0.996349,0.957603
0.990168,0.948516,0.957603,0.985242
0.955579,0.994184,0.985242,1.009986
0.996992,1.002786,1.009986,1.060148
1.066374,1.013889,1.060148,1.044819
1.048097,1.04274,1.044819,1.049095
1.042945,1.04309,1.049095,1.029307
1.028235,1.056675,1.029307,1.005052
1.082838,1.041716,1.005052,1.024903
0.954776,0.977117,1.024903,0.958984
0.989154,0.995082,0.958984,1.002092
0.981204,1.002589,1.002092,1.044537
1.071836,1.054225,1.044537,0.992005
0.962979,0.97662,0.992005,1.021043
1.01635,1.007068,1.021043,1.012497
1.018696,1.027847,1.012497,1.054786
1.0414,1.009471,1.054786,0.929378
0.997131,0.97098,0.929378,1.012149
0.95335,0.994382,1.012149,0.996072
0.995689,1.028249,0.996072,0.95355
0.990258,0.945055,0.95355,0.971048
0.954963,0.974884,0.971048,1.009938
0.984203,1.006918,1.009938,0.988519
1.011398,0.977257,0.988519,0.99526
0.98758,1.002909,0.99526,1.000953
1.0,1.006526,1.000953,1.027361
1.019329,1.004563,1.027361,0.98402
0.990633,1.01267,0.98402,1.025182
1.007611,1.003305,1.025182,1.033058
1.041428,1.005882,1.033058,1.014444
1.008352,1.043041,1.014444,0.974151
0.999782,0.993496,0.974151,1.013043
0.98801,0.996614,1.013043,1.027525
1.04391,1.020385,1.027525,1.011017
0.993236,1.021754,1.011017,0.964957
0.998085,0.977623,0.964957,1.019265
0.989339,1.001556,1.019265,0.97632
0.99806,0.994009,0.97632,1.003338
0.97819,0.986161,1.003338,1.016633
1.01479,1.00498,1.016633,0.997164
1.003916,1.018243,0.997164,1.000875
1.024919,1.001991,1.000875,0.999344
0.971247,0.993377,0.999344,1.005906
1.009795,1.006667,1.005906,0.94564
0.995689,0.950331,0.94564,0.983904
0.949556,0.985366,0.983904,0.996027
0.975832,0.994107,0.996027,1.016424
1.015654,0.998814,1.016424,1.016851
1.030596,1.005461,1.016851,1.005448
0.992188,1.031877,1.005448,1.002935
1.004724,1.001373,1.002935,0.982891
1.018137,0.97989,0.982891,0.989464
0.967451,1.000466,0.989464,1.002083
0.99318,1.002331,1.002083,1.021714
1.02472,1.003488,1.021714,0.993669
1.00067,1.008111,0.993669,0.988168
0.982143,0.988506,0.988168,0.956251
0.987727,0.959535,0.956251,1.004334
0.966406,1.003393,1.004334,1.031407
1.033095,1.002415,1.031407,1.012785
1.017516,1.023133,1.012785,1.011017
0.999773,1.012718,1.011017,1.006583
1.017444,1.014186,1.006583,0.999774
0.990871,0.995873,0.999774,0.991202
1.006517,1.000691,0.991202,1.004096
0.990176,0.998619,1.004096,1.012466
1.021871,1.013825,1.012466,0.998657
0.990071,1.0,0.998657,0.988568
0.996211,0.995455,0.988568,0.980499
0.994631,0.983562,0.980499,0.993293
0.978632,0.990715,0.993293,0.993714
0.99954,0.990862,0.993714,0.955717
0.991032,0.95791,0.955717,0.984555
0.948956,0.973834,0.984555,1.000996
1.005868,1.016477,1.000996,0.990547
0.983471,0.978803,0.990547,1.022853
1.007168,0.993631,1.022853,0.994844
1.005644,1.028205,0.994844,0.987167
0.994876,0.996758,0.987167,0.99475
0.990925,0.988241,0.99475,1.010304
1.002228,1.007595,1.010304,0.964179
0.992838,0.96407,0.964179,0.99097
0.966418,0.992963,0.99097,1.030982
1.02677,1.013123,1.030982,0.998737
1.009025,1.01943,0.998737,0.988116
0.982609,0.986023,0.988116,1.013818
1.011378,1.007216,1.013818,1.004543
1.0035,1.013306,1.004543,0.978894
0.995765,0.983333,0.978894,0.993326
0.993995,0.991269,0.993326,0.981912
0.973823,0.955959,0.981912,1.004474
0.995089,1.022764,1.004474,0.99607
0.994286,1.001855,0.99607,1.017359
1.013062,1.00238,1.017359,0.977508
0.994843,0.997361,0.977508,0.983867
0.98367,0.981481,0.983867,1.027957
1.040843,0.997305,1.027957,1.001308
0.984304,1.02,1.001308,0.985114
0.98534,0.993641,0.985114,0.97667
0.990603,0.973867,0.97667,1.013572
0.988142,0.999452,1.013572,1.005088
1.018133,1.013699,1.005088,1.01199
1.003143,1.013514,1.01199,1.00158
1.00235,1.0064,1.00158,1.003417
0.995311,0.994171,1.003417,1.023055
1.036378,1.014126,1.023055,1.001536
0.99899,1.023653,1.001536,1.013807
1.008089,0.989217,1.013807,0.994199
1.002758,1.022839,0.994199,1.00761
0.9995,0.994671,1.00761,1.01007
1.01301,1.008929,1.01007,0.971336
1.001976,0.978761,0.971336,1.050552
1.025388,1.028158,1.050552,0.983879
0.997596,1.007286,0.983879,0.967726
0.970843,0.966076,0.967726,0.964854
0.956813,0.9685,0.964854,1.011433
0.991699,1.003466,1.011433,1.006046
1.012294,1.009564,1.006046,1.019075
1.007752,1.000263,1.019075,0.993846
1.010769,1.018679,0.993846,1.020124
1.02689,0.994318,1.020124,1.007081
0.995059,1.017143,1.007081,1.000753
0.995035,1.007661,1.000753,1.012045
1.012725,1.00887,1.012045,0.996777
0.994087,0.992213,0.996777,1.005721
1.014126,1.0,1.005721,0.979223
0.99218,1.001519,0.979223,1.029048
1.004433,1.003033,1.029048,1.027491
1.037028,1.029486,1.027491,1.1
1.08891,1.013709,1.1,0.986971
1.005429,1.072205,0.986971,1.00044
1.014039,1.013514,1.00044,1.009237
0.99361,1.001111,1.009237,1.027239
1.013505,1.011765,1.027239,0.962028
0.99725,0.989469,0.962028,1.024697
0.994486,0.9898,1.024697,0.974177
0.993815,1.012545,0.974177,1.016125
0.987339,0.998894,1.016125,0.988043
1.015431,1.002658,0.988043,0.976238
0.975813,0.96311,0.976238,1.010818
0.991226,1.009404,1.010818,1.014716
1.024563,1.016133,1.014716,0.986816
0.987041,0.996422,0.986816,1.019817
1.010941,0.996858,1.019817,1.001965
0.997835,1.022062,1.001965,1.052517
1.08243,1.006167,1.052517,1.024017
0.996593,1.038748,1.024017,0.986656
1.004826,1.022129,0.986656,0.980943
0.993196,0.979588,0.980943,1.006267
0.990731,0.999158,1.006267,0.935437
0.982916,0.943754,0.935437,1.021305
0.954893,1.00625,1.021305,1.028466
1.033586,1.02551,1.028466,1.000211
0.997904,1.004326,1.000211,1.015209
1.028571,1.016584,1.015209,1.007074
0.995915,1.011229,1.007074,1.036157
1.041838,1.005866,1.036157,1.067797
1.072638,1.037492,1.067797,1.004108
1.009176,1.056214,1.004108,1.032732
1.018367,1.012735,1.032732,0.973708
0.999643,1.011261,0.973708,1.059552
1.027331,1.001485,1.059552,0.986734
1.025909,1.039103,0.986734,0.991509
0.967288,0.963082,0.991509,0.988403
1.016296,1.012593,0.988403,0.968592
0.963276,0.962143,0.968592,0.999814
0.965992,1.004182,0.999814,1.006897
1.011673,1.014196,1.006897,1.014809
1.017399,1.004293,1.014809,0.9
0.9,0.9,0.9,0.960388
0.91456,0.948108,0.960388,1.014557
0.985987,1.009053,1.014557,0.982862
0.997631,0.973899,0.982862,1.009327
0.99169,1.007538,1.009327,1.1
1.092578,1.032835,1.1,1.013514
1.09496,1.099396,1.013514,0.979099
0.94563,0.981332,0.979099,1.1
1.054321,1.007833,1.1,1.031114
1.068919,1.1,1.031114,1.008436
0.981534,0.977895,1.008436,1.014479
1.048469,1.019231,1.014479,0.977799
0.981752,1.017875,0.977799,1.036977
1.006815,1.003252,1.036977,0.979043
0.981538,1.001945,0.979043,0.992652
0.992163,0.988353,0.992652,1.004506
1.016746,1.008183,1.004506,1.02339
0.994406,1.00974,1.02339,0.990294
1.010312,1.005466,0.990294,0.958267
0.980204,0.963543,0.958267,1.012867
0.976333,0.997345,1.012867,0.970358
0.991597,0.988353,0.970358,1.016448
0.991525,1.003367,1.016448,1.001651
1.00263,1.0,1.001651,1.039565
1.036066,1.010067,1.039565,0.981288
0.996203,1.016944,0.981288,1.003555
1.001271,1.005227,1.003555,1.011272
1.019987,1.00715,1.011272,0.978981
0.985381,0.984188,0.978981,0.960963
0.973801,0.958033,0.960963,1.005078
0.980551,1.007529,1.005078,0.993601
1.001322,1.001359,0.993601,1.025424
1.0,0.99559,1.025424,1.062479
1.087818,1.070528,1.062479,1.099876
1.072838,1.035964,1.099876,1.056011
1.089109,1.1,1.056011,1.076614
1.066494,1.003308,1.076614,0.981587
0.974184,1.06511,0.981587,0.991888
0.99875,1.002063,0.991888,0.989011
0.979224,0.976834,0.989011,0.987855
0.994121,0.99552,0.987855,1.006801
0.994086,0.999206,1.006801,1.080021
1.083808,1.011921,1.080021,0.924946
0.98568,0.999476,0.924946,0.981534
0.940194,0.961236,0.981534,1.005829
0.983775,1.005722,1.005829,1.015806
1.023298,1.018965,1.015806,0.981068
0.981581,0.988567,0.981068,1.056305
1.055251,1.012641,1.056305,0.994745
1.009138,1.0417,0.994745,1.039245
1.018111,1.0,1.039245,0.993464
1.038462,1.035186,0.993464,1.001949
0.972222,0.996059,1.001949,0.985895
0.979048,0.991098,0.985895,1.007647
1.000973,0.998253,1.007647,0.986781
0.998542,0.987253,0.986781,0.982635
0.974453,0.982532,0.982635,0.992426
0.997503,0.99665,0.992426,1.01679
1.048561,1.019131,1.01679,0.983237
0.961805,0.986809,0.983237,0.984987
0.981633,0.994859,0.984987,0.958409
0.971934,0.935659,0.958409,1.007278
0.975286,1.014913,1.007278,0.993578
1.005335,1.007619,0.993578,1.002693
1.013266,0.987308,1.002693,1.014236
1.00288,1.008753,1.014236,0.99232
0.999478,1.014642,0.99232,1.020016
1.005747,0.970604,1.020016,1.03977
1.042857,1.043502,1.03977,1.0
1.020423,1.041953,1.0,0.968797
0.972419,0.971892,0.968797,0.998701
0.979418,0.994789,0.998701,1.002601
0.994618,0.993452,1.002601,1.028275
1.044834,1.007909,1.028275,0.992432
0.984957,1.012032,0.992432,1.005084
0.996745,1.003619,1.005084,0.99216
1.026124,1.001288,0.99216,0.994137
0.968176,0.993313,0.994137,0.954615
0.996966,0.954169,0.954615,1.00967
0.9579,1.006784,1.00967,0.958234
0.99947,0.959569,0.958234,0.993337
0.966887,0.992978,0.993337,1.006428
1.0,1.007638,1.006428,1.018051
1.013151,1.009545,1.018051,0.993181
0.99378,1.000556,0.993181,0.98462
1.0,0.98527,0.98462,1.023989
1.006803,1.003667,1.023989,1.013075
1.012973,1.025857,1.013075,1.033342
1.040288,1.020548,1.033342,0.993755
1.000256,1.012886,0.993755,1.015449
0.998462,1.012192,1.015449,0.981176
1.001541,0.979576,0.981176,0.973193
0.975641,0.989308,0.973193,1.004051
0.987648,0.994866,1.004051,1.020441
1.01091,0.978273,1.020441,1.013179
1.026323,1.048306,1.013179,1.099896
1.084381,1.032839,1.099896,1.1
1.1,1.1,1.1,0.973984
1.099978,1.001999,0.973984,1.1
0.974003,0.977167,1.1,1.076861
1.09994,1.1,1.076861,0.992173
1.010764,1.009901,0.992173,1.073441
1.05704,0.977059,1.073441,0.976553
1.001878,1.093919,0.976553,0.964522
0.962843,0.982572,0.964522,1.017091
1.005134,0.994586,1.017091,1.00347
0.969532,0.968275,1.00347,0.963051
1.002725,1.023653,0.963051,0.977698
0.986957,0.9375,0.977698,1.045428
0.999266,1.030707,1.045428,0.998151
1.01396,1.044296,0.998151,0.969248
0.970471,0.981231,0.969248,0.956804
0.978159,0.918133,0.956804,0.967839
0.964122,1.002083,0.967839,1.029102
1.003167,1.018711,1.029102,0.936422
0.989937,0.943469,0.936422,1.012851
0.975683,0.983128,1.012851,1.018397
1.021246,1.034543,1.018397,0.992733
0.976195,1.003828,0.992733,0.998536
1.02459,1.001059,0.998536,0.966485
0.965,0.962963,0.966485,1.039228
1.014508,1.010549,1.039228,0.99854
0.998774,1.021314,0.99854,1.019006
0.998364,1.00724,1.019006,0.987907
0.999795,1.011628,0.987907,1.001452
1.03668,0.961338,1.001452,1.062358
1.018976,1.029348,1.062358,1.032371
1.049467,1.084477,1.032371,1.022667
1.016636,0.991431,1.022667,0.96546
0.993818,1.015714,0.96546,1.010905
0.99689,1.005608,1.010905,0.989023
0.968985,0.980769,0.989023,0.978569
1.007576,0.997843,0.978569,0.99824
0.96391,0.974848,0.99824,0.979236
0.99688,0.997783,0.979236,0.969794
0.974178,0.969697,0.969794,1.018358
0.997992,1.009792,1.018358,0.981973
1.002012,0.998968,0.981973,0.969266
0.983936,0.966543,0.969266,0.967227
0.965714,0.965812,0.967227,1.081628
1.056636,1.004204,1.081628,0.998779
0.9954,1.057722,0.998779,1.019756
1.023508,1.010623,1.019756,0.998602
0.990577,1.016076,0.998602,1.0176
1.016052,1.006897,1.0176,1.010024
1.004681,1.011483,1.010024,0.999222
1.004077,1.002987,0.999222,0.979552
0.999613,0.988284,0.979552,0.997614
0.97853,1.002813,0.997614,1.024512
1.061475,1.009818,1.024512,1.004474
0.970205,0.996032,1.004474,1.021689
1.021881,1.01753,1.021689,0.996209
1.012021,1.014096,0.996209,0.949581
0.975316,0.942085,0.949581,0.945302
0.946717,0.957992,0.945302,1.004027
0.960804,0.99508,1.004027,1.009922
1.014226,1.015692,1.009922,0.994356
0.99835,1.001058,0.994356,0.994534
0.991736,0.990909,0.994534,1.032763
1.033333,1.025176,1.032763,1.016987
1.002016,1.01769,1.016987,1.010264
1.031992,1.018405,1.010264,1.019522
1.00273,1.004016,1.019522,0.981633
1.015555,0.9968,0.981633,1.014132
0.98028,1.003612,1.014132,0.998037
1.005859,1.007597,0.998037,1.058407
1.046602,1.003175,1.058407,1.074879
1.09833,1.048655,1.074879,0.958686
0.996622,1.018484,0.958686,0.983772
0.938136,0.987037,0.983772,1.001833
1.00271,1.000563,1.001833,0.978412
0.983784,1.000375,0.978412,1.002618
0.986996,0.986129,1.002618,1.025737
1.021154,1.008363,1.025737,1.009455
1.023078,1.01885,1.009455,1.008465
1.008881,1.023497,1.008465,0.964637
0.996127,0.957339,0.964637,0.968154
0.96147,0.97432,0.968154,1.027539
1.001838,1.007364,1.027539,0.995161
1.0,1.01289,0.995161,0.984664
0.992661,0.991453,0.984664,0.956695
0.977819,0.961686,0.956695,1.042287
0.99603,0.956175,1.042287,1.024952
1.031505,1.097708,1.024952,1.000186
1.026311,0.986905,1.000186,1.063731
1.048763,1.036731,1.063731,1.078428
1.076581,1.062141,1.078428,0.960641
0.998412,1.030388,0.960641,0.981622
0.965331,0.976102,0.981622,1.021814
1.024217,1.019274,1.021814,0.957976
0.975873,0.942419,0.957976,1.070539
1.026702,0.996023,1.070539,0.970005
0.986354,1.07078,0.970005,1.055255
1.036784,0.967797,1.055255,0.98799
1.012088,1.071804,0.98799,0.991248
0.994726,0.980556,0.991248,1.01586
0.990176,1.000167,1.01586,1.094318
1.07622,1.034655,1.094318,1.001471
1.03307,1.078905,1.001471,1.052137
1.016997,1.007463,1.052137,0.968733
1.001532,1.022074,0.968733,0.974352
0.976081,0.976953,0.974352,1.005472
0.997151,0.995549,1.005472,1.061333
1.05015,1.00313,1.061333,0.98143
0.979592,1.027633,0.98143,1.0
1.0,1.0,1.0,1.0
1.0,1.0,1.0,1.0
1.0,1.0,1.0,1.0
1.0,1.0,1.0,1.0
1.0,1.0,1.0,1.0
1.0,1.0,1.0,1.0
1.0,1.0,1.0,1.0
1.0,1.0,1.0,1.0
1.0,1.0,1.0,1.0
1.0,1.0,1.0,1.0
1.0,1.0,1.0,1.0
1.0,1.0,1.0,1.0
1.0,1.0,1.0,1.0
1.0,1.0,1.0,1.0
1.0,1.0,1.0,1.0
1.0,1.0,1.0,1.0
1.0,1.0,1.0,1.0
1.0,1.0,1.0,1.0
1.0,1.0,1.0,1.0
1.0,1.0,1.0,1.0
1.0,1.0,1.0,1.0
1.0,1.0,1.0,1.0
1.0,1.0,1.0,1.0
1.0,1.0,1.0,1.0
1.0,1.0,1.0,1.0
1.0,1.0,1.0,0.900028
0.972083,0.921498,0.900028,0.900063
0.91013,0.900063,0.900063,1.010284
0.939874,0.9,1.010284,0.94893
1.021881,1.036219,0.94893,0.9
0.9,0.925234,0.9,0.9
0.908909,0.9,0.9,0.900112
0.980396,0.900112,0.900112,0.9
0.9,0.9,0.9,0.9
0.9,0.9,0.9,1.0
1.0,1.0,1.0,1.0
1.0,1.0,1.0,1.0
1.0,1.0,1.0,1.1
1.1,1.1,1.1,1.099916
1.099916,1.063532,1.099916,1.092621
1.1,0.940789,1.092621,1.099907
1.092528,1.1,1.099907,1.090197
1.099936,1.1,1.090197,1.000777
1.027911,1.0194,1.000777,1.033379
1.026217,1.001202,1.033379,1.1
1.068978,1.05082,1.1,0.988051
1.073745,1.063404,0.988051,0.9
0.969793,0.932677,0.9,0.996352
0.904098,0.9,0.996352,1.1
1.035177,1.066553,1.1,0.990892
1.066562,1.1,0.990892,0.9
0.919527,0.906033,0.9,0.90002
0.9,0.90002,0.90002,1.099956
1.01083,0.985378,1.099956,1.008929
1.069048,1.096346,1.008929,0.969715
0.969748,0.98202,0.969715,1.047455
0.996555,1.018309,1.047455,1.07938
1.081237,1.056768,1.07938,0.985112
1.008348,1.030778,0.985112,0.997815
1.007574,1.003338,0.997815,1.00146
0.961538,0.966728,1.00146,0.975401
1.01,1.000382,0.975401,1.014758
0.9973,1.013188,1.014758,0.900037
0.98556,0.922279,0.900037,1.006341
0.906593,0.902434,1.006341,0.953862
1.015758,1.06097,0.953862,0.919455
0.962808,0.916471,0.919455,0.900116
0.9,0.905361,0.900116,0.900103
0.9,0.900103,0.900103,0.9
1.031373,0.9,0.9,1.055944
0.922596,0.963128,1.055944,1.09994
1.075655,1.1,1.09994,1.077449
1.099891,1.090588,1.077449,0.9
0.947997,0.955502,0.9,0.904883
0.935696,0.900085,0.904883,1.016843
0.98317,1.0,1.016843,1.072086
1.009986,1.000314,1.072086,1.1
1.086158,1.1,1.1,1.010923
1.079324,1.050594,1.010923,0.987137
0.958554,1.005919,0.987137,0.9
1.00553,0.923509,0.9,0.923545
0.9,0.906748,0.923545,1.088743
1.013873,0.986266,1.088743,0.944124
1.031927,1.053433,0.944124,1.040268
0.947514,0.999078,1.040268,1.1
1.093586,1.028,1.1,1.029859
1.079179,1.1,1.029859,0.990681
0.975543,0.991195,0.990681,1.049386
1.047607,1.037954,1.049386,1.027639
1.051487,1.037085,1.027639,1.023988
0.983678,1.010503,1.023988,0.961193
0.975929,0.979955,0.961193,1.029296
1.044061,1.0,1.029296,1.044009
1.033257,1.089646,1.044009,1.023826
1.008879,0.997219,1.023826,1.073394
1.080748,1.069022,1.073394,1.089222
1.072068,1.030652,1.089222,0.950239
1.020699,1.031217,0.950239,1.023766
0.960744,1.000409,1.023766,1.010427
1.034663,1.022286,1.010427,0.952298
0.999439,0.9662,0.952298,1.043549
0.964419,1.00414,1.043549,0.900078
0.986408,0.947021,0.900078,1.031128
0.944882,0.972138,1.031128,1.027444
1.029583,1.052396,1.027444,1.026505
1.03703,1.021277,1.026505,1.076661
1.063415,1.004375,1.076661,0.934932
0.999083,1.037129,0.934932,1.027839
0.982553,0.977,1.027839,1.032888
1.034953,1.036029,1.032888,0.977898
0.999639,1.003754,0.977898,0.995978
0.957182,0.988583,0.995978,1.1
1.079653,1.035444,1.1,0.996329
1.034965,1.073077,0.996329,1.050009
1.023649,1.007527,1.050009,0.989138
0.995545,1.017432,0.989138,1.007941
1.017902,1.006993,1.007941,1.060342
1.049829,0.978819,1.060342,0.969807
0.989608,1.076623,0.969807,0.956153
0.955799,0.960132,0.956153,1.040232
1.017547,0.980096,1.040232,1.043756
1.079936,1.069328,1.043756,0.985555
0.991643,1.001801,0.985555,1.024853
0.972912,0.998529,1.024853,1.056117
1.062954,1.040589,1.056117,0.972181
0.996653,1.036175,0.972181,0.974868
0.96452,0.954766,0.974868,0.996583
1.001665,1.003657,0.996583,0.971326
0.976424,0.978616,0.971326,0.942885
0.98282,0.922629,0.942885,1.006466
0.964724,0.929649,1.006466,0.952494
0.97127,1.047367,0.952494,0.966099
0.957311,0.954955,0.966099,1.046114
1.000351,1.013208,1.046114,0.988936
1.010355,1.039106,0.988936,1.002486
0.99531,0.996416,1.002486,1.015589
1.028098,1.01205,1.015589,0.980115
0.9725,0.982762,0.980115,0.988076
0.98656,0.994756,0.988076,1.043048
1.041755,1.010362,1.043048,1.01675
1.018173,1.008276,1.01675,1.040082
1.035196,1.050678,1.040082,1.008654
1.005479,1.030401,1.008654,1.007285
1.001122,1.014175,1.007285,0.966249
0.992476,0.969933,0.966249,1.040419
1.015323,0.99866,1.040419,0.99952
1.008737,1.037919,0.99952,0.975048
0.987402,0.9785,0.975048,0.999672
0.974482,0.975219,0.999672,1.02445
1.025368,1.029307,1.02445,0.965561
1.007981,0.987492,0.965561,1.006304
0.973397,1.000833,1.006304,1.035114
1.031397,1.008993,1.035114,0.990444
0.995268,1.023931,0.990444,0.971217
1.040412,0.967118,0.971217,1.089735
1.003503,0.964333,1.089735,1.063355
1.098968,1.1,1.063355,0.9
0.93232,0.966697,0.9,1.00381
0.973185,0.946182,1.00381,0.900047
0.928604,0.954866,0.900047,0.903005
0.917869,0.900193,0.903005,0.937926
0.959993,0.936951,0.937926,1.058506
0.96,0.95,1.058506,0.97452
1.056202,1.085526,0.97452,1.057522
0.966239,0.950101,1.057522,1.060289
1.065325,1.08973,1.060289,0.999462
1.040642,1.053659,0.999462,0.943467
0.973792,0.972222,0.943467,1.009701
0.963588,0.97181,1.009701,1.022984
1.011318,1.040376,1.022984,0.921731
0.981588,0.930294,0.921731,0.942058
0.935454,0.912313,0.942058,0.942948
0.926676,0.944728,0.942948,1.051282
1.002333,0.977444,1.051282,0.994223
1.003175,1.08774,0.994223,1.089735
1.06962,1.049724,1.089735,1.028831
1.044379,1.04,1.028831,1.037236
1.031161,1.062955,1.037236,1.003886
1.018864,1.022662,1.003886,1.01106
1.00036,0.963873,1.01106,1.00711
1.024259,1.062597,1.00711,1.065713
1.039298,1.009091,1.065713,0.989129
1.006077,1.032432,0.989129,1.015456
0.998322,1.006981,1.015456,0.994588
1.019328,1.011438,0.994588,0.976365
0.972795,0.952707,0.976365,1.00923
0.992881,1.005755,1.00923,0.900086
0.983783,0.932761,0.900086,0.995782
0.9325,0.990222,0.995782,0.903543
0.971902,0.905131,0.903543,1.038994
0.94237,0.964706,1.038994,1.075882
1.066436,1.072949,1.075882,1.002287
1.047628,1.084108,1.002287,0.986687
0.966539,0.915173,0.986687,1.007517
0.993415,1.063112,1.007517,0.985843
0.984659,0.948472,0.985843,0.96992
0.996153,1.01446,0.96992,0.964586
0.97123,0.977398,0.964586,1.002904
0.983897,0.995833,1.002904,1.075284
1.070923,1.024895,1.075284,0.992883
0.985283,1.041437,0.992883,0.98857
1.004787,0.983928,0.98857,0.9
0.9,0.9,0.9,1.052759
1.043827,1.014664,1.052759,1.048149
1.041667,1.092704,1.048149,1.066563
1.073846,1.016129,1.066563,0.993554
0.988539,1.044444,0.993554,1.0
1.022029,1.001824,1.0,0.99941
1.002552,1.013046,0.99941,0.970493
0.992928,0.974543,0.970493,0.972636
0.954131,0.968347,0.972636,1.040638
0.995222,1.011108,1.040638,1.010213
1.030603,1.035782,1.010213,0.994648
0.995633,1.0,0.994648,1.072347
1.05117,1.016061,1.072347,0.993309
1.001391,1.038473,0.993309,0.982038
0.996944,0.999426,0.982038,1.01086
0.989133,0.98908,1.01086,0.996042
1.019718,1.016851,0.996042,0.971331
0.979558,0.966,0.971331,1.004968
0.990694,1.006211,1.004968,1.014248
0.998861,1.011464,1.014248,1.038991
1.051582,1.014821,1.038991,0.984547
0.982114,1.010023,0.984547,1.068386
1.0734,1.006521,1.068386,1.009969
1.0,1.002817,1.009969,0.942338
0.986632,1.01573,0.942338,0.99559
0.963523,0.970962,0.99559,0.976744
0.975122,0.979208,0.976744,1.014172
1.004437,1.009599,1.014172,0.986864
0.993098,1.014405,0.986864,0.991787
0.993884,0.98722,0.991787,0.993718
0.99049,0.990219,0.993718,1.037644
1.0305,1.00552,1.037644,0.994184
1.013976,1.033516,0.994184,1.000279
0.991622,0.988538,1.000279,0.927875
0.983374,0.931844,0.927875,0.944778
0.915188,0.936571,0.944778,1.000635
0.968807,1.011342,1.000635,0.971429
0.99875,0.96091,0.971429,0.982026
0.954617,0.975325,0.982026,1.020632
1.02918,1.030769,1.020632,1.021193
0.998726,1.001658,1.021193,0.992337
1.004785,1.016887,0.992337,1.02381
1.028254,1.021817,1.02381,0.994029
0.994751,0.997451,0.994029,0.998735
0.992551,0.979553,0.998735,1.006331
1.001876,1.023483,1.006331,0.954388
0.990949,0.957616,0.954388,0.988794
0.970394,0.992679,0.988794,0.997
0.983122,0.970835,0.997,1.022401
1.010895,1.02279,1.022401,0.985612
1.005879,1.001013,0.985612,1.068016
1.06039,1.015852,1.068016,1.008077
1.02572,1.057437,1.008077,1.009861
0.983582,0.994662,1.009861,0.986268
0.997876,1.014205,0.986268,0.99474
0.992397,0.990663,0.99474,0.993779
0.984064,0.98492,0.993779,1.034742
1.040174,1.000957,1.034742,0.973987
1.058383,1.023901,0.973987,1.055901
0.964639,0.998133,1.055901,1.037941
1.046041,1.039289,1.037941,0.986965
0.993552,1.033303,0.986965,0.984783
0.987302,0.976481,0.984783,1.012536
0.998571,1.010407,1.012536,0.949899
1.007441,0.969688,0.949899,1.003334
0.942045,0.976631,1.003334,0.992145
1.00965,1.01243,0.992145,0.985079
0.985663,0.966851,0.985079,1.058733
1.039394,1.02,1.058733,1.003212
1.010204,1.051043,1.003212,0.99709
1.015584,1.00918,0.99709,1.000876
0.991191,0.994718,1.000876,1.027705
1.028383,1.00531,1.027705,1.040011
1.027878,1.024061,1.040011,1.012824
1.084893,1.050716,1.012824,1.023168
0.95475,0.998364,1.023168,0.962085
0.990573,0.992625,0.962085,1.015326
0.996564,0.993121,1.015326,1.045013
1.061008,1.035744,1.045013,0.987103
0.962,0.993847,0.987103,0.998432
1.010395,1.010767,0.998432,0.979063
0.977366,0.98269,0.979063,0.978615
0.986053,0.984553,0.978615,1.003824
0.992527,0.998899,1.003824,0.982041
0.986556,0.983191,0.982041,1.007481
1.006269,1.01037,1.007481,1.009076
1.001083,1.005548,1.009076,0.996457
1.013799,1.006897,0.996457,1.004103
0.993328,0.988767,1.004103,1.001634
0.994089,1.00859,1.001634,0.948599
1.0,0.92033,0.948599,0.989392
0.952703,1.014627,0.989392,0.975659
0.998582,0.988526,0.975659,0.969112
0.954545,0.96369,0.969112,1.011952
0.986905,1.007721,1.011952,1.002726
1.006031,1.00521,1.002726,1.006947
1.002998,1.004573,1.006947,0.989802
0.997011,1.00091,0.989802,1.031818
1.026079,0.99151,1.031818,0.997063
0.997663,1.022936,0.997063,0.99676
1.000878,1.009567,0.99676,0.978428
0.992978,0.977199,0.978428,1.009967
0.988509,0.996667,1.009967,1.026017
1.028316,1.01429,1.026017,1.006704
1.014783,1.027278,1.006704,1.006659
0.998857,1.006128,1.006659,0.987633
0.998284,0.99478,0.987633,1.003203
0.995703,0.997085,1.003203,0.975036
0.991369,0.980409,0.975036,0.982435
0.979396,0.977035,0.982435,1.004848
0.991407,1.003663,1.004848,0.991556
0.994919,0.992397,0.991556,1.013078
1.01532,1.008581,1.013078,1.002101
1.004438,1.01337,1.002101,1.012582
1.000589,0.997901,1.012582,1.002071
1.003827,1.009615,1.002071,0.993209
1.005865,1.000595,0.993209,0.985137
0.98688,0.981856,0.985137,0.999095
0.991137,0.999091,0.999095,1.010269
0.99851,0.99151,1.010269,1.024215
1.031642,1.015902,1.024215,1.000584
0.996817,1.016857,1.000584,0.985414
0.994194,0.999408,0.985414,0.973061
0.981022,0.971564,0.973061,1.017645
1.0,1.002439,1.017645,0.988939
0.996726,1.0,0.988939,1.043531
1.032846,1.003041,1.043531,0.983198
0.99682,1.021831,0.983198,0.996759
0.990139,0.993472,0.996759,1.000591
1.001465,1.008961,1.000591,1.051699
1.063469,1.000888,1.051699,0.953933
0.967822,1.003549,0.953933,0.994111
0.968457,0.977011,0.994111,1.012737
1.012031,1.010558,1.012737,1.000585
0.997391,1.016418,1.000585,1.004969
1.021802,0.998532,1.004969,1.013962
0.994595,1.005588,1.013962,1.018359
1.020023,1.013747,1.018359,0.994366
0.995513,1.006924,0.994366,0.994334
0.998028,1.002865,0.994334,0.995442
0.987581,0.99,0.995442,0.986548
1.010003,0.991342,0.986548,1.011604
0.98755,0.998544,1.011604,1.008317
1.013181,1.014577,1.008317,1.003982
1.027432,1.012931,1.003982,0.979887
0.970823,0.969929,0.979887,1.00318
0.988659,1.004095,1.00318,0.996542
1.00086,1.003495,0.996542,0.991324
0.991404,0.988679,0.991324,1.002042
0.997399,1.001174,1.002042,0.992722
1.00058,1.0,0.992722,1.005279
0.997683,0.98827,1.005279,1.004084
1.0,1.01276,1.004084,0.980535
0.998258,0.987987,0.980535,1.0
0.986915,0.997034,1.0,0.98637
0.996464,0.986913,0.98637,0.999399
0.98699,0.988547,0.999399,0.99489
1.002097,1.003049,0.99489,0.998792
0.992526,0.994529,0.998792,1.003932
1.009639,1.013142,1.003932,1.005423
0.99821,0.997587,1.005423,1.003596
1.005678,1.001512,1.003596,0.994924
0.995245,1.002114,0.994924,1.0012
0.999403,1.0,1.0012,0.996403
0.998805,1.000603,0.996403,1.000301
1.00688,0.999097,1.000301,0.996692
0.989899,0.995178,0.996692,1.007846
1.006603,1.000909,1.007846,1.003293
1.010435,1.007262,1.003293,0.989555
0.989377,0.993992,0.989555,0.997587
0.99314,0.98761,0.997587,0.990629
0.995495,1.001224,0.990629,1.002136
1.004525,0.996333,1.002136,0.996346
0.990991,1.002454,0.996346,1.008252
1.005455,1.0,1.008252,0.983025
0.997589,0.991432,0.983025,0.990441
0.986405,0.987654,0.990441,1.001868
0.998469,1.002813,1.001868,1.002486
0.995092,0.990963,1.002486,0.984811
0.998767,0.997484,0.984811,0.998741
0.984568,0.993064,0.998741,0.939174
0.999373,0.944762,0.939174,1.007383
0.955144,1.001344,1.007383,1.023651
1.018062,0.995973,1.023651,1.009762
1.012903,1.027628,1.009762,0.992266
0.986306,1.005902,0.992266,0.99318
0.999354,0.994459,0.99318,0.986266
0.992246,0.980007,0.986266,1.011605
0.996092,1.007358,1.011605,1.002294
1.002615,1.006308,1.002294,0.994114
1.005543,1.0,0.994114,0.99375
0.985409,0.985813,0.99375,1.011917
1.013162,1.010375,1.011917,0.996402
1.002598,1.006293,0.996402,1.006894
1.029478,1.002962,1.006894,0.991849
0.971995,0.988185,0.991849,1.028928
1.027517,1.003321,1.028928,1.030032
1.016383,1.031447,1.030032,1.016749
1.021699,1.025353,1.016749,0.988408
1.011833,1.010955,0.988408,1.022222
1.003898,0.996904,1.022222,0.979469
0.99552,1.006522,0.979469,1.016954
1.008701,1.00216,1.016954,0.982419
0.985128,0.993842,0.982419,0.983956
0.985507,0.986059,0.983956,0.978677
0.980392,0.942821,0.978677,1.025633
1.00375,1.035655,1.025633,1.00125
1.007161,1.021236,1.00125,0.977223
0.994745,0.982357,0.977223,1.011494
0.993474,0.997434,1.011494,1.021465
1.040976,1.036977,1.021465,1.001236
0.986478,0.99845,1.001236,0.998765
0.989948,0.996894,0.998765,1.011434
1.011077,1.005296,1.011434,1.001528
1.007608,1.004338,1.001528,0.997254
0.988825,0.999074,0.997254,0.984705
0.998167,0.9895,0.984705,1.00963
0.994798,0.992509,1.00963,1.016
1.020609,1.022956,1.016,0.996063
1.002411,1.005226,0.996063,0.998784
0.995189,0.996942,0.998784,1.004871
1.014502,1.004601,1.004871,0.98243
0.982728,0.989008,0.98243,1.005859
0.99697,1.003396,1.005859,1.011956
1.006383,0.999077,1.011956,1.008482
1.007249,1.010779,1.008482,0.995194
0.997901,1.004266,0.995194,0.996982
0.998498,0.996966,0.996982,0.990917
0.995787,0.993609,0.990917,1.017721
1.007253,0.995712,1.017721,0.993395
1.0048,1.014765,0.993395,1.000604
0.99791,0.997575,1.000604,1.02537
1.032316,1.00395,1.02537,0.993225
0.992464,1.017554,0.993225,1.013345
1.013143,1.0,1.013345,1.004682
0.990487,1.007733,1.004682,0.989222
1.00291,1.000295,0.989222,1.005595
1.006094,1.003836,1.005595,0.9959
0.984713,0.993239,0.9959,0.985004
1.001757,0.990826,0.985004,1.001194
0.983918,0.99313,1.001194,0.991652
1.005944,0.999098,0.991652,1.005111
0.990842,0.993377,1.005111,1.01047
1.012224,1.012121,1.01047,0.984606
1.0,0.993413,0.984606,0.990379
0.986745,0.98252,0.990379,0.995446
0.986866,1.00092,0.995446,1.000305
1.006655,0.998774,1.000305,0.989939
0.990986,0.982203,0.989939,0.992301
0.985446,1.000625,0.992301,1.011794
1.007385,1.003122,1.011794,1.007975
1.019853,1.011516,1.007975,0.987827
0.986523,0.996923,0.987827,0.986445
0.986035,0.986111,0.986445,0.991568
0.999076,0.984351,0.991568,1.011024
0.989522,0.979014,1.011024,0.999377
1.003114,1.036051,0.999377,1.019327
1.021422,1.005956,1.019327,0.989908
1.010942,1.004363,0.989908,1.044486
1.01834,0.993795,1.044486,0.987873
1.016829,1.040587,0.987873,0.988024
0.977062,0.980498,0.988024,0.994242
0.995245,1.00306,0.994242,0.965254
0.981188,0.961257,0.965254,0.981686
0.975046,0.980006,0.981686,0.982631
0.970662,0.969883,0.982631,0.984615
0.990997,1.001669,0.984615,1.006649
0.992862,1.0,1.006649,0.984808
0.995425,0.991333,0.984808,0.982897
0.992121,0.975118,0.982897,1.002388
0.987426,1.001724,1.002388,1.006807
0.993298,0.998967,1.006807,1.004057
1.003374,1.011371,1.004057,0.982155
1.002017,0.991823,0.982155,0.979431
0.982886,0.979045,0.979431,0.946447
0.97098,0.930175,0.946447,0.951553
0.95218,0.963787,0.951553,0.997668
0.956056,0.990215,0.997668,1.039346
1.037852,1.004743,1.039346,0.983508
0.992929,1.027537,0.983508,1.004192
0.997376,0.980092,1.004192,0.990892
0.991732,1.018359,0.990892,1.012639
1.012505,1.004603,1.012639,1.011725
1.002246,0.994654,1.011725,1.011215
1.020911,1.028407,1.011215,0.984473
0.988296,0.989175,0.984473,0.99662
0.993708,0.999623,0.99662,0.967973
0.990689,0.966402,0.967973,0.966524
0.977444,0.957422,0.966524,1.003625
0.964615,0.990208,1.003625,1.006822
1.008373,1.009477,1.006822,1.02232
1.026097,1.017551,1.02232,0.992982
1.017341,1.018853,0.992982,0.975658
0.969697,0.977559,0.975658,1.010865
0.984766,0.98389,1.010865,1.009952
1.023403,1.028244,1.009952,1.01892
1.006589,1.007962,1.01892,1.01354
1.015017,1.017378,1.01354,1.001908
1.000759,1.002329,1.001908,1.00381
1.005307,1.003873,1.00381,0.958634
0.99359,0.972608,0.958634,1.003959
0.967742,0.992463,1.003959,1.01735
1.021569,1.009992,1.01735,1.028682
1.034549,1.017016,1.028682,1.0211
1.009647,1.025292,1.0211,1.053506
1.095553,1.039848,1.053506,1.001051
0.979537,1.027737,1.001051,0.992302
0.994863,0.999645,0.992302,0.967207
0.983477,0.968739,0.967207,1.012395
0.987049,0.986432,1.012395,0.99964
0.988652,1.018959,0.99964,1.033862
1.03264,1.014228,1.033862,0.98885
0.999305,1.009712,0.98885,0.998943
0.996872,0.997506,0.998943,0.971429
0.98675,0.978571,0.971429,0.999637
0.976325,0.988686,0.999637,1.006538
1.004343,1.007752,1.006538,0.997835
1.000721,1.001465,0.997835,0.990597
0.996759,0.984272,0.990597,0.999635
0.99711,1.001858,0.999635,1.041636
1.091304,1.043398,1.041636,0.986325
0.959163,0.996801,0.986325,0.981159
0.974039,0.970756,0.981159,1.019565
1.003909,1.007348,1.019565,1.002132
1.007434,1.014223,1.002132,0.900355
0.983837,0.912621,0.900355,1.007089
0.917143,0.971237,1.007089,0.99648
0.996885,1.01501,0.99648,1.016484
1.019531,1.010392,1.016484,1.000772
1.003831,1.007911,1.000772,1.029707
1.025191,1.00471,1.029707,0.986137
1.004095,1.023047,0.986137,1.004179
0.987023,0.996945,1.004179,1.025728
1.031555,1.008043,1.025728,0.991147
0.994173,1.014818,0.991147,0.989952
0.996337,0.983152,0.989952,0.990602
0.985662,0.990099,0.990602,0.974194
0.988437,0.981154,0.974194,1.007402
0.981132,1.000784,1.007402,1.043697
1.067692,1.009792,1.043697,0.983698
0.967939,1.019395,0.983698,0.998117
0.997023,0.990487,0.998117,1.004528
0.996641,1.008836,1.004528,0.996995
1.021348,1.009139,0.996995,0.986812
0.991933,0.98566,0.986812,1.011073
0.982625,0.995789,1.011073,1.002644
1.003386,1.011534,1.002644,1.016949
1.018748,1.003421,1.016949,1.037037
1.074715,1.022348,1.037037,0.980357
0.964726,1.013709,0.980357,0.995264
0.984736,0.988304,0.995264,0.989019
0.987383,0.996302,0.989019,1.00037
0.99927,0.998515,1.00037,1.005549
1.0,1.001487,1.005549,0.970199
0.983559,0.964736,0.970199,1.011377
0.998514,1.00808,1.011377,0.983877
0.987723,0.998092,0.983877,1.008384
0.997363,1.000382,1.008384,0.991686
0.996601,0.999618,0.991686,1.009909
1.008715,1.0,1.009909,1.007925
1.00864,1.011472,1.007925,0.986522
0.99702,0.993195,0.986522,1.001518
0.987299,0.994671,1.001518,0.993558
0.999622,1.000765,0.993558,0.999237
0.998107,0.995793,0.999237,1.001527
1.0,0.99808,1.001527,0.993521
0.998104,1.000385,0.993521,1.001151
0.995441,1.000385,1.001151,0.996169
1.000763,0.998847,0.996169,1.011538
1.006102,1.004619,1.011538,0.998859
1.004549,0.996552,0.998859,0.996955
0.994717,1.003076,0.996955,0.999236
0.999621,0.999617,0.999236,0.993886
0.997343,0.996933,0.993886,0.986928
0.99239,0.981923,0.986928,1.014414
1.014571,1.018801,1.014414,0.99616
0.986395,0.988082,0.99616,1.019661
1.015326,1.005837,1.019661,1.00189
1.012075,1.00619,1.00189,1.0
0.993661,1.011918,1.0,1.012453
1.02364,1.015578,1.012453,1.003354
0.988636,0.995511,1.003354,1.0
1.011494,1.007516,1.0,1.015973
1.009897,0.99627,1.015973,0.989762
0.993829,1.007488,0.989762,0.983007
0.998904,0.98848,0.983007,0.985344
0.975503,0.979699,0.985344,1.002288
1.001874,0.998849,1.002288,0.984018
0.984661,0.991932,0.984018,1.007347
0.993541,1.003098,1.007347,1.014587
1.014149,1.005019,1.014587,0.987136
0.996983,0.991932,0.987136,0.999233
0.990923,1.002324,0.999233,0.999616
0.998855,0.998841,0.999616,0.995012
0.998854,0.997679,0.995012,0.962592
0.993497,0.966654,0.962592,1.001202
0.962649,0.987164,1.001202,1.0004
1.0068,1.009346,1.0004,0.994
0.995232,0.993559,0.994,0.994366
0.998004,0.996759,0.994366,1.000809
0.9956,0.995935,1.000809,1.006874
1.003214,1.000408,1.006874,1.002008
1.006007,1.009384,1.002008,1.001603
1.0,1.002829,1.001603,1.014806
1.033439,1.01975,1.014806,1.0
0.989214,0.989723,1.0,1.04653
1.054907,1.018371,1.04653,0.977393
0.991141,1.012549,0.977393,0.991904
0.968715,0.988381,0.991904,0.968131
0.995386,0.973746,0.968131,0.963067
0.949401,0.925956,0.963067,1.008754
0.999186,1.043025,1.008754,1.02562
1.033795,1.0,1.02562,0.989525
0.999606,1.02125,0.989525,0.994707
0.983846,0.995104,0.994707,1.022104
1.035242,0.99631,1.022104,1.010813
0.977176,1.017695,1.010813,1.006339
1.016627,1.003235,1.006339,1.005118
1.011293,1.015316,1.005118,0.998825
0.991144,1.006352,0.998825,0.975294
1.005051,0.979093,0.975294,0.976679
0.981446,0.967768,0.976679,1.013586
0.971642,0.99542,1.013586,1.00528
1.019457,1.022585,1.00528,1.017778
1.013917,1.010225,1.017778,1.004367
1.000392,1.011336,1.004367,1.000791
1.00588,1.01281,1.000791,1.003555
1.0,0.996838,1.003555,0.995277
0.994934,0.995242,0.995277,1.022143
1.01841,1.004382,1.022143,1.004255
1.006538,1.007537,1.004255,0.997689
0.996943,1.011024,0.997689,0.983398
0.994251,0.990654,0.983398,1.006282
0.999229,0.991352,1.006282,0.975029
0.990741,0.984933,0.975029,0.97519
0.977414,0.978261,0.97519,0.996717
0.985259,0.993827,0.996717,0.989296
0.989891,0.992961,0.989296,1.000832
0.992647,0.999583,1.000832,0.998337
1.0,0.971214,0.998337,1.005831
1.003292,1.0189,1.005831,1.014907
1.012305,1.018128,1.014907,0.994288
0.99919,1.006625,0.994288,0.996717
0.991079,0.995475,0.996717,0.990531
0.994272,0.983884,0.990531,0.992519
0.991358,1.00084,0.992519,0.969012
0.995019,0.966429,0.969012,0.998271
0.974969,0.990013,0.998271,0.992208
0.991442,1.004825,0.992208,0.91623
0.994389,0.90048,0.91623,0.966667
0.915799,0.968492,0.966667,0.989655
0.968246,0.982482,0.989655,1.005475
1.011747,1.021396,1.005475,1.010891
1.003387,1.011471,1.010891,1.011263
1.000482,0.984714,1.011263,0.989346
0.994217,1.012519,0.989346,1.008811
0.999515,0.999505,1.008811,1.030568
1.052376,1.02474,1.030568,1.0
0.987097,1.0169,1.0,0.981638
1.002801,0.979107,0.981638,1.008633
0.981844,1.00388,1.008633,0.978602
1.01944,0.990821,0.978602,0.9
0.969302,0.902974,0.9,0.987041
0.9,0.963823,0.987041,0.973195
1.001078,0.991597,0.973195,0.913997
0.95315,0.912429,0.913997,1.001845
0.952542,0.973375,1.001845,1.058932
1.039146,1.03117,1.058932,0.961739
0.994292,1.002468,0.961739,1.025919
0.981056,1.015385,1.025919,1.009401
1.033938,1.034545,1.009401,0.996508
0.976797,0.98594,0.996508,1.008178
1.004056,1.007724,1.008178,1.023754
1.049048,1.008255,1.023754,1.050368
1.034103,1.023977,1.050368,1.031789
1.039894,1.051399,1.031789,0.990601
0.996419,1.022271,0.990601,1.027412
1.001027,0.996812,1.027412,1.027707
1.048718,1.025053,1.027707,1.015976
1.014181,1.040562,1.015976,0.991646
0.985535,0.992004,0.991646,0.980674
0.990215,0.996474,0.980674,0.999495
0.993083,0.993933,0.999495,1.043984
1.038308,1.006104,1.043984,1.009685
1.024916,1.044489,1.009685,1.009113
0.989247,0.999516,1.009113,0.95865
0.996219,0.974818,0.95865,0.991572
0.970588,0.988077,0.991572,1.009
1.001466,1.006536,1.009,1.035679
1.038555,1.007992,1.035679,1.001435
0.993421,1.015857,1.001435,1.031056
1.038789,1.015122,1.031056,1.013438
0.999089,1.018741,1.013438,0.978967
1.019599,0.971698,0.978967,1.046707
1.002235,1.017476,1.046707,1.02722
1.032114,1.055344,1.02722,1.007385
1.023768,1.019439,1.007385,0.959897
0.986914,0.976497,0.959897,1.01752
0.982891,1.008629,1.01752,1.060044
1.046127,1.008555,1.060044,1.025406
1.025374,1.046875,1.025406,0.999188
1.024746,1.021322,0.999188,1.000407
0.989707,1.002505,1.000407,0.977651
0.992,0.987505,0.977651,1.003741
0.977016,0.994517,1.003741,0.972257
1.004127,0.995759,0.972257,1.012777
0.998767,1.004685,1.012777,1.013036
0.995885,0.996609,1.013036,0.960565
1.0,0.978732,0.960565,1.035436
0.997521,0.990874,1.035436,1.053422
1.091964,1.080702,1.053422,1.097068
1.050835,1.063718,1.097068,0.974359
1.036101,1.00496,0.974359,1.01705
0.965505,0.991648,1.01705,1.073615
1.088416,1.026034,1.073615,0.984725
1.011273,1.06903,0.984725,0.955188
0.949836,0.911344,0.955188,0.970408
0.965827,1.009575,0.970408,0.990331
0.957112,0.97041,0.990331,0.982726
1.022778,1.012119,0.982726,1.003439
0.972618,1.002317,1.003439,1.008759
1.076577,1.018112,1.008759,1.001133
0.936192,0.979561,1.001133,0.966817
0.98324,0.978362,0.966817,0.978159
0.98447,0.987757,0.978159,0.971292
0.973451,0.967613,0.971292,1.054598
1.019763,1.002893,1.054598,1.001557
1.026357,1.04656,1.001557,0.987175
0.984894,0.994488,0.987175,1.016929
0.995015,1.002771,1.016929,1.002323
1.01657,1.001974,1.002323,0.993434
0.98787,1.004728,0.993434,1.047434
1.049501,1.01451,1.047434,0.96882
0.983547,1.00116,0.96882,1.037165
1.013755,0.996911,1.037165,0.954932
0.986432,0.984121,0.954932,0.946228
0.958364,0.946478,0.946228,0.969338
0.954228,0.977547,0.969338,0.987769
0.987805,0.982986,0.987769,1.005978
0.998765,0.991778,1.005978,0.982173
0.97981,1.005672,0.982173,1.033708
1.012195,0.997831,1.033708,1.016304
1.019111,1.031739,1.016304,0.962567
0.998369,0.980194,0.962567,0.952137
0.95345,0.911436,0.952137,0.978905
0.966167,1.024057,0.978905,1.005502
0.990691,0.997236,1.005502,0.985408
1.00179,0.987529,0.985408,1.003702
0.979902,1.000935,1.003702,0.950207
1.003191,0.950935,0.950207,0.955361
0.974557,0.938575,0.955361,1.059929
0.987413,1.026178,1.059929,0.967417
1.010387,1.020408,0.967417,1.082219
1.026168,0.9985,1.082219,0.992677
1.027322,1.067601,0.992677,1.020286
0.992908,0.989681,1.020286,1.000452
1.020982,1.038863,1.000452,0.9
0.9,0.9,0.9,1.003511
0.998856,0.987879,1.003511,1.010496
1.021179,1.044785,1.010496,1.025967
0.998879,0.987669,1.025967,0.967379
1.004489,1.019025,0.967379,0.964535
0.965363,0.956826,0.964535,1.013864
1.006366,0.992683,1.013864,1.013674
0.988499,1.034398,1.013674,1.009971
1.005236,1.000594,1.009971,0.962253
0.989005,0.966172,0.962253,1.039228
1.018724,1.018428,1.039228,0.987805
0.994831,1.018697,0.987805,1.032922
1.027136,0.99704,1.032922,1.043825
1.032603,1.032067,1.043825,0.977099
1.015242,1.028769,0.977099,0.960937
0.953351,0.956935,0.960937,1.017422
1.00225,0.99474,1.017422,1.031393
1.035354,1.030552,1.031393,1.034311
1.020054,1.030787,1.034311,0.992509
0.995749,1.013827,0.992509,1.003774
1.01174,1.0,1.003774,1.033298
1.028481,1.023459,1.033298,0.933472
0.992821,0.942431,0.933472,1.010022
0.948347,0.999434,1.010022,0.941014
0.995643,0.962083,0.941014,0.932045
0.919037,0.917647,0.932045,0.980515
0.973214,0.998077,0.980515,0.955128
0.966361,0.950546,0.955128,1.01745
0.961392,0.987162,1.01745,0.94657
0.998025,0.97399,0.94657,1.075958
1.032322,1.004919,1.075958,1.022668
1.014058,1.070629,1.022668,1.032299
1.030876,1.002613,1.032299,0.98773
1.010391,1.038436,0.98773,0.982609
0.996975,0.986198,0.982609,0.994311
0.975121,0.973919,0.994311,1.0089
1.011201,1.030046,1.0089,1.024575
1.005538,0.987952,1.024575,1.00984
1.014076,1.036585,1.00984,0.974421
1.000604,0.989474,0.974421,1.020625
0.996984,0.990613,1.020625,0.974893
0.987901,1.004422,0.974893,1.023869
1.015922,1.006918,1.023869,0.985276
0.994575,0.993129,0.985276,0.988792
0.984242,0.993711,0.988792,0.982368
0.9883,0.972785,0.982368,0.985897
0.981308,1.0,0.985897,1.017555
0.998095,0.982433,1.017555,1.033866
1.03944,1.025166,1.033866,0.99691
1.006732,1.033592,0.99691,1.043397
1.024316,0.99875,1.043397,0.97148
1.005935,1.015019,0.97148,0.965138
0.978171,0.966708,0.965138,1.009506
0.975271,1.005102,1.009506,1.031387
1.029685,1.006345,1.031387,1.009738
1.001802,1.016393,1.009738,0.969259
1.005396,0.993797,0.969259,0.967662
0.9678,0.958801,0.967662,1.019923
0.977819,1.003906,1.019923,1.015753
1.017643,1.020104,1.015753,0.974566
0.995666,0.996186,0.974566,1.008912
0.988184,0.992342,1.008912,1.003155
1.008811,1.010289,1.003155,0.995597
0.999376,0.999363,0.995597,0.97789
0.990637,0.984076,0.97789,0.999354
0.989288,0.999353,0.999354,0.97479
0.973248,0.970207,0.97479,0.977454
1.001309,0.963284,0.977454,1.003392
0.979739,1.009009,1.003392,0.90737
0.963976,0.914148,0.90737,0.983607
0.932872,0.930879,0.983607,0.974242
1.019288,1.023406,0.974242,0.963453
0.958515,0.973975,0.963453,1.015335
0.964313,0.989474,1.015335,0.969793
0.999213,0.994272,0.969793,1.02459
0.997636,0.962963,1.02459,1.064
1.076619,1.082051,1.064,0.978947
1.002201,1.022907,0.978947,1.010753
0.975842,0.998456,1.010753,0.993161
0.986497,0.978345,0.993161,0.986993
1.01673,1.011858,0.986993,0.962791
0.966343,0.964844,0.962791,0.966989
0.96904,0.965182,0.966989,1.030808
1.003195,1.008389,1.030808,1.018578
1.032643,1.039933,1.018578,1.045995
1.02313,1.0264,1.045995,1.1
1.093444,1.1,1.1,1.042729
1.082012,1.009649,1.042729,0.982816
0.973248,0.991126,0.982816,0.969738
0.982984,0.990358,0.969738,0.98613
0.979361,0.985396,0.98613,1.026723
0.997281,0.991531,1.026723,0.99726
1.00818,1.018505,0.99726,1.030907
1.04192,1.004193,1.030907,1.013991
0.996106,1.025748,1.013991,0.996058
1.008469,1.023745,0.996058,0.992084
0.989664,0.978794,0.992084,1.00266
1.020888,0.996615,1.00266,1.007294
0.971228,0.991848,1.007294,1.020408
1.026991,1.036301,1.020408,0.952258
0.982692,0.968936,0.952258,0.996612
0.986301,0.989086,0.996612,1.015636
0.992063,1.00069,1.015636,1.005355
1.006667,0.993108,1.005355,0.97004
1.010596,1.008328,0.97004,1.008236
0.97903,0.992429,1.008236,1.019741
1.021419,1.02982,1.019741,0.987984
0.986894,0.985185,0.987984,0.984459
0.978088,0.984279,0.984459,0.962938
1.000679,0.969444,0.962938,1.008553
0.970149,1.00788,1.008553,0.975265
0.992308,0.959488,0.975265,1.02971
1.002114,1.02,1.02971,0.990148
1.003516,1.012346,0.990148,1.0
0.997197,0.997131,1.0,0.982942
0.997189,0.994245,0.982942,0.997831
0.980973,0.971056,0.997831,1.014493
1.023707,1.014903,1.014493,0.973571
0.985263,0.993392,0.973571,0.991196
0.983618,0.99187,0.991196,0.994819
0.988414,0.995529,0.994819,1.011161
0.998535,0.995509,1.011161,0.987491
0.992663,0.977444,0.987491,0.97839
0.997783,1.004615,0.97839,0.992384
1.007407,0.996937,0.992384,0.987721
0.970588,0.983871,0.987721,0.99223
0.983333,0.981265,0.99223,1.033673
1.052388,1.01432,1.033673,1.028788
0.999268,1.018824,1.028788,1.053756
1.049817,1.04542,1.053756,0.981831
1.008374,1.028719,0.981831,0.990747
0.980623,0.994989,0.990747,0.992816
0.991531,0.982014,0.992816,1.020984
1.0121,1.013187,1.020984,0.991495
1.0,1.007231,0.991495,1.005004
0.993671,0.992821,1.005004,1.002134
1.006369,1.013738,1.002134,0.982257
0.994374,0.984308,0.982257,1.004335
0.988685,0.993478,1.004335,1.020144
1.019313,1.010212,1.020144,0.993653
1.009123,1.011552,0.993653,0.990774
0.980529,0.990721,0.990774,1.025788
1.020567,0.997118,1.025788,0.99581
1.00417,1.024566,0.99581,0.990884
0.997924,0.990832,0.990884,0.948337
0.979889,0.948754,0.948337,1.013433
0.973107,0.997749,1.013433,0.944772
0.975273,0.958647,0.944772,1.035074
0.99478,1.009412,1.035074,1.034639
1.035982,1.033411,1.034639,1.022562
1.027496,1.026316,1.022562,1.018505
1.012676,1.029304,1.018505,1.009085
1.023644,1.010676,1.009085,1.00277
1.007473,1.014789,1.00277,1.027624
1.008766,1.004858,1.027624,1.00672
1.007353,1.008287,1.00672,0.985981
0.993364,1.006849,0.985981,0.991198
1.01002,0.987075,0.991198,1.025956
0.998677,1.000689,1.025956,1.057923
1.064238,1.041322,1.057923,1.002517
1.016179,1.03373,1.002517,0.989328
1.016534,0.994882,0.989328,0.992386
0.993976,0.988424,0.992386,0.991049
0.955758,0.98959,0.991049,1.009032
1.014585,1.013149,1.009032,1.039003
1.01625,1.001298,1.039003,1.004308
1.01476,1.033701,1.004308,1.008578
1.009697,1.013793,1.008578,1.009721
1.053421,0.977118,1.009721,1.045126
0.998291,1.056329,1.045126,1.033967
1.027397,1.019173,1.033967,0.974388
1.023333,1.006467,0.974388,0.966857
0.935396,0.955607,0.966857,1.0
0.995357,1.025061,1.0,1.010047
0.999417,0.980322,1.010047,1.010532
1.030338,1.040146,1.010532,0.984366
0.980181,0.976608,0.984366,1.014706
0.999422,1.00479,1.014706,0.994783
1.0,1.000596,0.994783,1.072844
1.091329,1.012507,1.072844,0.946768
0.993114,1.024706,0.946768,0.997131
0.944,0.964409,0.997131,0.979287
1.00904,1.011905,0.979287,1.068743
1.026316,1.030588,1.068743,1.026388
1.034915,1.044521,1.026388,1.016069
1.052188,1.029508,1.016069,0.994729
0.961423,0.980361,0.994729,1.017488
1.003127,1.007038,1.017488,0.979687
1.028571,0.983871,0.979687,0.989899
0.95303,1.001639,0.989899,0.980129
0.975093,0.98527,0.980129,0.983562
1.002174,0.991141,0.983562,0.991086
0.984816,0.979888,0.991086,0.99213
1.001652,1.002851,0.99213,1.015864
0.987905,0.986924,1.015864,1.002231
1.010017,1.025922,1.002231,1.026155
1.028099,1.0,1.026155,0.99295
1.003751,1.01516,0.99295,0.976516
0.992525,0.987832,0.976516,0.951342
0.966111,0.946249,0.951342,1.013521
0.961581,0.997041,1.013521,0.950696
0.994789,0.97092,0.950696,1.010372
0.979627,0.99022,1.010372,0.955314
0.998812,0.975926,0.955314,0.995575
0.97442,0.973435,0.995575,1.064127
1.056166,0.974659,1.064127,0.954654
0.981503,1.02,0.954654,0.9575
0.929329,0.972549,0.9575,0.996084
0.986058,1.016129,0.996084,1.038663
1.028278,0.997354,1.038663,0.978549
0.991875,1.022546,0.978549,1.0
0.994959,0.991569,1.0,1.014829
1.0019,1.018967,1.014829,1.005718
1.007585,0.998074,1.005718,1.000632
1.052698,1.017363,1.000632,1.020833
0.967819,0.97598,1.020833,1.009895
1.014163,1.036269,1.009895,0.984691
0.999393,0.995625,0.984691,0.995025
0.99271,0.986817,0.995025,0.94375
0.97858,0.956107,0.94375,1.045033
0.987492,1.002661,1.045033,1.011407
1.023433,1.043796,1.011407,1.016291
1.012995,1.00445,1.016291,0.978422
0.989615,1.0,0.978422,0.990548
0.99321,0.981013,0.990548,0.980916
1.006215,0.988387,0.980916,0.973411
0.949969,0.970627,0.973411,0.981346
0.987646,0.98924,0.981346,0.972166
0.971034,0.968729,0.972166,1.007682
0.986441,0.990175,1.007682,1.035343
1.028866,1.014174,1.035343,0.985944
1.0,1.027254,0.985944,1.005431
0.995992,1.00068,1.005431,0.98582
1.012072,0.991842,0.98582,0.989041
0.973492,0.984236,0.989041,0.995152
0.99047,0.99234,0.995152,1.016006
1.015808,1.02386,1.016006,1.020548
1.008119,0.993831,1.020548,1.021477
1.024832,1.027586,1.021477,1.001314
1.001965,1.012752,1.001314,0.994094
0.999346,0.986083,0.994094,1.00396
1.0,1.00336,1.00396,1.015779
1.025507,1.018084,1.015779,0.994175
0.993622,0.998684,0.994175,1.018229
1.010911,1.019763,1.018229,1.007033
1.020952,1.017442,1.007033,1.013333
0.995025,0.986667,1.013333,1.010025
1.02625,1.017375,1.010025,0.998139
1.007308,1.008855,0.998139,0.965196
0.966747,0.957994,0.965196,0.993561
0.974359,0.997382,0.993561,1.009073
1.021823,1.007874,1.009073,0.981374
0.986181,0.989583,0.981374,1.00589
0.984076,1.000658,1.00589,1.019519
1.016181,1.005917,1.019519,1.013401
1.017834,1.018301,1.013401,0.988665
0.998748,1.005777,0.988665,0.970064
0.98183,0.971921,0.970064,0.989494
0.979579,0.986211,0.989494,1.031188
1.024756,0.974035,1.031188,1.0
0.994914,1.045796,1.0,1.004505
1.00639,1.013072,1.004505,1.005125
0.996825,0.99871,1.005125,1.029318
1.029299,1.004522,1.029318,1.009288
1.017327,1.028296,1.009288,0.984049
0.994526,1.000625,0.984049,0.996259
0.988991,0.9925,0.996259,0.993116
0.99196,0.988665,0.993116,0.969754
0.983791,0.971975,0.969754,0.989604
0.990494,0.998034,0.989604,0.9652
0.959693,0.928431,0.9652,0.998639
0.988,1.033239,0.998639,1.004768
1.002024,0.992471,1.004768,0.984407
1.000673,0.99931,0.984407,1.013774
0.990579,0.997239,1.013774,0.985054
0.991168,0.989619,0.985054,1.02069
1.014393,1.02028,1.02069,0.994595
0.99527,0.98355,0.994595,1.001359
1.008147,1.016725,1.001359,1.031208
1.024916,1.010966,1.031208,1.001974
1.018397,1.026441,1.001974,1.017072
1.002581,1.001321,1.017072,1.00581
1.013514,1.01847,1.00581,0.996791
1.027302,1.000648,0.996791,0.984546
0.950556,0.96699,0.984546,1.022891
1.029259,1.024096,1.022891,1.01023
1.015793,1.000654,1.01023,0.987342
0.988806,1.017636,0.987342,1.023077
1.033333,1.004493,1.023077,1.050752
1.030432,1.021086,1.050752,0.995826
0.994684,1.031289,0.995826,1.019162
1.028504,1.01335,1.019162,0.99765
1.023672,1.014371,0.99765,1.004711
0.974619,0.990555,1.004711,1.013482
1.005787,1.015495,1.013482,1.0
1.032796,1.01115,1.0,0.979179
0.959331,0.976785,0.979179,1.004135
0.99187,1.001188,1.004135,0.993529
1.004684,0.998813,0.993529,0.963292
0.984848,0.964349,0.963292,0.987093
0.974556,0.983364,0.987093,1.013076
0.988464,1.003759,1.013076,1.001229
1.006143,1.006866,1.001229,0.99202
0.996947,0.99194,0.99202,1.002475
1.006736,1.005625,1.002475,0.975309
0.989659,0.980733,0.975309,0.974051
0.97603,0.964512,0.974051,0.996101
0.983627,0.99343,0.996101,0.981735
0.989757,0.99537,0.981735,0.982724
0.980595,0.981395,0.982724,1.016903
0.994063,0.993907,1.016903,1.011303
1.011944,1.025204,1.011303,0.996055
1.01377,1.000664,0.996055,1.009901
0.994179,1.005976,1.009901,0.980392
0.994144,0.985479,0.980392,0.996667
0.990838,1.0,0.996667,0.995987
0.995376,0.995981,0.995987,0.990598
1.001327,0.987223,0.990598,1.010847
0.989397,0.987738,1.010847,1.002012
1.002679,1.01931,1.002012,1.017403
1.019372,1.002706,1.017403,0.990132
0.998034,1.005398,0.990132,1.001329
0.992777,0.997315,1.001329,1.006636
1.003307,1.0,1.006636,0.984838
0.999341,1.005384,0.984838,0.980589
0.984169,0.973896,0.980589,0.995222
0.989946,1.0,0.995222,1.002058
0.994584,0.986254,1.002058,1.019165
1.01838,1.01324,1.019165,1.00403
1.014037,1.02132,1.00403,1.004682
1.005274,1.003367,1.004682,1.003995
0.992787,1.002013,1.003995,1.001989
1.000661,1.004019,1.001989,0.962938
0.99802,0.967312,0.962938,0.989003
0.96627,0.973103,0.989003,0.997915
0.989049,1.010631,0.997915,1.0
1.001384,1.002805,1.0,0.995125
0.998618,0.993706,0.995125,1.006298
1.010381,1.004926,1.006298,1.008345
0.99726,1.002101,1.008345,0.989655
0.994505,1.001398,0.989655,0.995819
0.995166,0.994417,0.995819,0.963611
0.994448,0.957895,0.963611,0.980392
0.9679,0.978022,0.980392,0.997778
0.983417,1.0,0.997778,1.003712
0.994868,1.004494,1.003712,0.997781
1.002211,1.003729,0.997781,1.009637
1.002941,1.002972,1.009637,1.001468
1.005132,1.003704,1.001468,1.012463
1.007294,0.994834,1.012463,1.01593
1.017379,1.010386,1.01593,1.005702
1.011388,1.0279,1.005702,1.006378
1.004222,1.005714,1.006378,0.995775
1.011913,0.99929,0.995775,0.991513
0.982687,0.985075,0.991513,0.991441
0.988724,0.997835,0.991441,1.005036
1.009266,1.002892,1.005036,1.005727
0.993644,1.000721,1.005727,1.014947
1.013504,1.002882,1.014947,1.007013
1.014025,1.020115,1.007013,1.013231
1.024896,1.011268,1.013231,1.004811
1.003374,1.009749,1.004811,0.99316
0.989913,0.991724,0.99316,0.999311
1.005435,1.001391,0.999311,1.014473
0.998649,1.0,1.014473,1.0
1.0,1.0,1.0,0.992527
1.014885,1.0,0.992527,0.982204
0.981333,0.970833,0.982204,0.995122
0.983016,1.001431,0.995122,1.004202
