1.076923,1.001705,1.072218,0.991284
0.989907,1.058723,0.991284,1.007194
0.992157,0.984727,1.007194,1.0
0.999209,1.003265,1.0,1.014286
1.029272,1.018714,1.014286,1.026604
1.019216,1.00639,1.026604,0.987805
0.996983,1.010317,0.987805,1.016975
1.007564,1.018853,1.016975,0.974203
0.994745,0.980725,0.974203,1.003894
0.990189,1.001572,1.003894,1.025601
1.022104,1.010989,1.025601,0.941755
0.991051,0.954969,0.941755,1.014458
0.960873,1.012195,1.014458,0.957245
0.985121,0.959036,0.957245,0.980976
0.968203,0.990787,0.980976,0.985666
0.993432,0.979713,0.985666,0.999145
0.980992,0.993097,0.999145,1.013699
1.007582,1.013032,1.013699,0.995777
1.006689,1.001715,0.995777,0.979644
0.973422,0.969178,0.979644,0.991342
1.010239,1.010601,0.991342,1.027074
0.994932,0.961538,1.027074,1.017857
1.03056,1.054545,1.017857,0.976608
0.985173,0.987931,0.976608,1.017109
1.002508,1.013089,1.017109,1.01598
1.014178,1.019811,1.01598,1.001656
1.002467,1.010135,1.001656,0.990083
0.997539,0.995819,0.990083,1.01419
1.004112,1.012594,1.01419,0.987654
1.003276,0.993367,0.987654,0.9825
0.979592,0.961603,0.9825,1.040712
1.028333,1.015625,1.040712,1.008965
1.017018,1.042735,1.008965,1.000808
1.0,1.009836,1.000808,1.026634
1.015936,1.001623,1.026634,0.994497
1.006275,1.012966,0.994497,1.018972
1.017147,1.004,1.018972,1.010861
1.02682,1.01992,1.010861,1.005372
0.998507,1.017187,1.005372,0.996183
0.98281,0.99232,0.996183,0.99387
1.002281,0.989164,0.99387,0.977641
0.993171,0.979656,0.977641,1.006309
0.980138,0.998403,1.006309,0.964734
0.997662,0.984,0.964734,1.001625
0.971875,0.991057,1.001625,1.00811
1.004019,1.010664,1.00811,1.022526
1.019215,1.007305,1.022526,1.00236
1.01414,1.013699,1.00236,0.993721
0.995352,1.00159,0.993721,0.990521
0.994553,0.990476,0.990521,1.00638
1.0,0.998397,1.00638,0.992076
0.989828,1.001605,0.992076,0.966454
0.986561,0.959936,0.966454,1.013223
0.989583,1.007513,1.013223,1.01876
1.019433,1.017399,1.01876,0.989592
0.99444,1.003257,0.989592,1.004854
1.002396,0.995942,1.004854,1.012882
1.007171,1.00815,1.012882,1.00159
1.0,1.010509,1.00159,1.013492
1.011076,1.0048,1.013492,0.986688
1.005477,0.992834,0.986688,1.03254
1.027237,1.018444,1.03254,1.0
0.990909,1.013386,1.0,1.016141
1.014526,1.004662,1.016141,1.008321
1.006029,0.99768,1.008321,1.002251
1.007491,1.020155,1.002251,0.973054
0.994796,0.977204,0.973054,0.988462
0.970852,0.990669,0.988462,0.961868
0.994611,0.969388,0.961868,1.011327
0.979102,0.991903,1.011327,1.0288
1.021344,1.004082,1.0288,0.978227
0.993808,1.017886,0.978227,1.022258
1.003894,1.000799,1.022258,1.017885
1.028704,1.027135,1.017885,0.985485
0.992459,0.98446,0.985485,1.0
1.0,1.0,1.0,0.97907
0.995441,0.990529,0.97907,0.976247
0.98855,0.964143,0.976247,0.99189
0.948263,0.990083,0.99189,1.019624
1.019544,0.980801,1.019624,0.967121
1.001597,1.018723,0.967121,0.980929
0.960925,0.975773,0.980929,0.979713
1.0,0.970034,0.979713,0.962899
0.987552,0.975287,0.962899,1.035842
0.973109,0.978281,1.035842,1.012111
1.019862,1.052729,1.012111,1.0
1.004234,1.014938,1.0,0.952991
0.994098,0.961039,0.952991,0.995516
0.948261,0.972072,0.995516,0.993694
1.001789,1.0,0.993694,0.986401
0.997321,1.007414,0.986401,1.0
1.002686,0.915363,1.0,1.034007
1.008929,1.090452,1.034007,0.956444
0.995575,0.986175,0.956444,0.988848
0.970667,0.985047,0.988848,1.034774
1.012821,1.005693,1.034774,1.021798
1.027125,1.040566,1.021798,0.96
0.984155,0.974615,0.96,0.998148
0.982111,0.979535,0.998148,1.01577
0.998179,1.009497,1.01577,0.980822
1.005474,1.008467,0.980822,0.977654
0.980036,0.960821,0.977654,1.004762
0.985185,0.984466,1.004762,0.976303
0.991541,0.986193,0.976303,1.01068
0.990521,0.98,1.01068,0.976945
0.983732,1.02449,0.976945,0.99705
1.001946,1.008964,0.99705,1.000986
1.0,1.000987,1.000986,0.978325
0.995146,0.978304,0.978325,1.028197
1.0,1.0,1.028197,1.011753
1.011707,1.023185,1.011753,0.992256
1.003857,1.00197,0.992256,0.992195
0.988473,0.9941,0.992195,0.982301
0.984451,0.983185,0.982301,0.980981
0.995064,0.981891,0.980981,0.933673
0.979167,0.935451,0.933673,0.974863
0.931104,0.964951,0.974863,0.9787
0.973885,0.984109,0.9787,0.995418
0.982123,0.971165,0.995418,1.009206
1.015927,1.017815,1.009206,1.017104
1.004479,1.016336,1.017104,1.003363
1.007804,1.010333,1.003363,0.993296
1.001106,1.004545,0.993296,1.033746
1.020994,0.997738,1.033746,1.004353
1.003247,1.03288,1.004353,0.969664
0.987055,0.973655,0.969664,1.032402
1.012022,1.013529,1.032402,0.970779
0.99784,0.995551,0.970779,1.003344
0.97619,0.982123,1.003344,1.024444
1.023282,1.006826,1.024444,1.02603
1.029252,1.039548,1.02603,1.016913
1.029474,1.017391,1.016913,1.004158
0.993865,1.013889,1.004158,0.993789
0.997942,0.997893,0.993789,1.028125
1.019588,1.012672,1.028125,0.983789
0.997978,1.006257,0.983789,1.019567
1.005066,0.994819,1.019567,1.008081
1.008065,1.01875,1.008081,1.019038
1.027,1.026585,1.019038,1.024582
1.022395,1.006972,1.024582,0.988484
1.028571,1.015826,0.988484,1.016505
0.972222,0.974684,1.016505,0.978988
1.0,1.00999,0.978988,1.017561
0.995238,0.995054,1.017561,1.024928
1.026794,1.031809,1.024928,0.949486
0.996272,0.975915,0.949486,1.004926
0.961646,0.996051,1.004926,0.980392
0.992218,0.986125,0.980392,1.038
1.021569,1.00603,1.038,1.026012
1.028791,1.025974,1.026012,1.006573
1.002799,1.027264,1.006573,1.008396
1.023256,1.010427,1.008396,1.0037
0.996364,1.0,1.0037,0.964055
0.980839,0.977486,0.964055,1.00478
0.983256,0.992322,1.00478,1.001903
1.002838,0.995164,1.001903,0.977208
0.989623,0.993197,0.977208,0.998056
0.998093,0.992172,0.998056,1.004869
0.989494,0.999014,1.004869,1.031977
1.030888,1.018756,1.031977,1.005634
1.01779,1.023256,1.005634,0.981326
1.00276,0.979167,0.981326,1.017127
0.986239,1.021277,1.017127,1.021515
1.018605,0.995265,1.021515,1.007326
1.024658,1.037108,1.007326,1.010909
1.002674,1.0,1.010909,1.011691
1.019556,1.001835,1.011691,0.970667
0.986051,0.994505,0.970667,0.989927
0.973475,0.971455,0.989927,1.006475
0.993642,1.010427,1.006475,0.983456
1.003656,0.99531,0.983456,0.984112
0.991803,0.98492,0.984112,0.958215
0.976125,0.956938,0.958215,0.999009
0.964252,1.0,0.999009,0.981151
0.996098,0.985,0.981151,1.0273
1.003918,1.007107,1.0273,1.021654
1.014634,1.019153,1.021654,0.996146
1.008654,1.002967,0.996146,0.996132
0.999047,1.013807,0.996132,1.037864
1.022901,0.998054,1.037864,1.017774
1.026119,1.033138,1.017774,1.044118
1.044545,1.027358,1.044118,1.011444
1.007833,1.02663,1.011444,1.041775
1.043178,1.033989,1.041775,0.978279
1.009934,1.00346,0.978279,1.023057
0.991803,1.000862,1.023057,0.992487
1.032231,1.012059,0.992487,1.014298
1.000801,1.0,1.014298,0.97927
0.9488,0.977872,0.97927,1.00254
1.011804,1.019147,1.00254,0.985642
0.988333,0.982067,0.985642,1.0497
1.033727,1.014783,1.0497,1.00898
1.038336,1.047986,1.00898,0.970065
0.993716,0.973017,0.970065,0.99166
0.958103,0.97563,0.99166,1.011775
1.0033,0.994832,1.011775,1.020781
1.01398,1.027706,1.020781,0.973127
1.001622,1.004212,0.973127,0.9841
0.995142,0.985738,0.9841,1.066327
1.02441,0.987234,1.066327,1.077352
1.094519,1.1,1.077352,1.020725
1.031205,1.04321,1.020725,0.99855
0.986629,0.994083,0.99855,1.002179
1.034237,1.024554,1.002179,0.988406
0.977931,0.980392,0.988406,0.902493
0.955571,0.90963,0.902493,0.995938
0.921033,0.973127,0.995938,0.946166
0.982372,0.956485,0.946166,0.984483
0.966558,0.988626,0.984483,0.999124
0.985654,0.990265,0.999124,1.017528
0.995719,0.987489,1.017528,0.993109
1.007739,1.029864,0.993109,0.959237
0.976109,0.956942,0.959237,1.016275
0.986014,1.002755,1.016275,1.025801
1.032801,1.034799,1.025801,0.980919
0.996567,0.980531,0.980919,0.994695
0.970715,0.994585,0.994695,0.962667
1.001775,0.950998,0.962667,0.99446
0.96457,1.019084,0.99446,1.011142
1.014692,1.014981,1.011142,1.013774
1.002715,1.000923,1.013774,0.990942
1.001805,0.989862,0.990942,1.006399
0.996396,0.990689,1.006399,0.995459
1.0,1.015038,0.995459,0.975365
0.987342,0.987037,0.975365,1.017774
1.000916,0.992495,1.017774,1.034926
1.035682,1.034026,1.034926,1.046181
1.048587,1.027422,1.046181,0.991511
1.004212,1.030249,0.991511,1.0
1.0,1.0,1.0,0.995719
0.985738,0.997409,0.995719,0.988822
1.013617,0.969697,0.988822,1.08
1.057935,1.027679,1.08,0.969404
0.980952,1.039096,0.969404,0.996678
0.991909,0.994147,0.996678,0.976667
0.99429,0.979815,0.976667,0.959044
0.985234,0.957082,0.959044,0.974199
0.938385,0.980269,0.974199,1.015525
0.988465,1.00183,1.015525,1.000899
1.008977,0.987215,1.000899,1.06469
1.064947,1.024977,1.06469,1.011814
1.00919,1.066787,1.011814,1.018349
1.020695,1.001692,1.018349,1.001638
1.009732,1.023649,1.001638,0.977105
0.992771,0.982673,0.977105,1.020084
1.018608,0.993283,1.020084,0.968007
0.963463,0.979713,0.968007,1.013559
0.985985,1.007765,1.013559,0.988294
1.011706,1.009418,0.988294,0.957699
0.971901,0.955895,0.957699,0.979682
0.967687,0.97693,0.979682,1.017133
0.99297,1.0,1.017133,1.04344
1.047788,1.00545,1.04344,0.97791
1.007601,1.030714,0.97791,1.047785
1.0285,1.001753,1.047785,0.989221
1.004075,1.038495,0.989221,0.964795
0.973214,0.953665,0.964795,1.046047
1.00834,1.009717,1.046047,1.037375
1.046319,1.034996,1.037375,0.995196
0.991304,1.032122,0.995196,1.019308
1.033493,1.013104,1.019308,0.985793
0.976852,0.991916,0.985793,1.023219
1.037125,1.007335,1.023219,1.014867
1.012186,1.026699,1.014867,0.994603
0.978179,1.00394,0.994603,1.012403
1.009231,0.989796,1.012403,0.988515
1.01753,1.022998,0.988515,1.008521
0.986517,0.989922,1.008521,1.029186
1.031131,1.008614,1.029186,0.993284
1.022091,1.029503,0.993284,1.013524
0.975504,0.99095,1.013524,0.939956
0.997046,0.964231,0.939956,1.003943
0.954074,0.994475,1.003943,1.000786
1.003882,0.999206,1.000786,0.990581
0.987626,0.99444,0.990581,1.002377
0.991386,0.976837,1.002377,1.007115
1.009479,1.022895,1.007115,1.026688
1.026604,1.019984,1.026688,0.982416
0.998476,1.00627,0.982416,1.00856
0.994656,0.992991,1.00856,1.011574
1.011512,1.014118,1.011574,0.993135
0.991654,0.989946,0.993135,0.99232
0.997705,0.992969,0.99232,0.986068
1.000767,1.001574,0.986068,0.967818
0.97318,0.963079,0.967818,1.001622
0.975591,0.990212,1.001622,0.990283
0.997579,0.971993,0.990283,1.01063
1.008091,1.029661,1.01063,0.992718
1.001605,0.9893,0.992718,1.000815
1.005609,1.020799,1.000815,0.977199
0.979283,0.97718,0.977199,1.006667
0.982913,0.986656,1.006667,1.011589
1.012417,1.01268,1.011589,0.989362
1.001635,1.006678,0.989362,1.0
1.0,1.0,1.0,1.00579
1.010612,1.004146,1.00579,0.973684
0.983037,0.976879,0.973684,1.006757
0.981923,0.995773,1.006757,0.969799
1.000837,0.978778,0.969799,1.012111
0.979097,0.998265,1.012111,1.01453
1.020495,1.011295,1.01453,1.008425
1.006695,1.013746,1.008425,1.0
0.998337,1.001695,1.0,1.007519
1.024147,1.015228,1.007519,1.00995
1.001626,1.0,1.00995,1.0
0.99026,0.995833,1.0,0.969622
0.992623,0.986611,0.969622,0.996613
0.976879,0.975403,0.996613,1.024639
1.022823,1.017391,1.024639,0.975954
0.987603,1.004274,0.975954,0.998301
0.993305,0.994894,0.998301,1.010213
1.001685,1.000855,1.010213,0.978939
1.000841,0.989744,0.978939,0.962995
0.97479,0.96114,0.962995,0.989276
0.975862,0.98832,0.989276,0.990063
0.987633,0.984545,0.990063,0.994526
0.985689,0.987996,0.994526,1.013761
1.011797,1.011215,1.013761,1.039819
1.072646,1.010166,1.039819,0.976501
0.973244,1.012809,0.976501,0.989305
0.958763,0.99729,0.989305,0.994595
0.99552,0.985507,0.994595,1.005435
1.011701,1.011949,1.005435,1.00991
0.998221,0.991826,1.00991,0.999108
1.008913,1.020147,0.999108,0.990179
0.987633,0.98474,0.990179,1.009017
1.000894,1.001823,1.009017,0.989276
1.001787,1.007279,0.989276,1.006323
1.00446,0.993677,1.006323,1.003591
0.996448,1.001818,1.003591,1.003578
1.009804,1.012704,1.003578,0.990196
0.992056,0.990143,0.990196,0.942394
0.982206,0.945701,0.942394,0.992359
0.947464,0.967464,0.992359,0.972089
0.99522,0.998022,0.972089,1.00198
0.990394,1.000991,1.00198,0.993083
0.989331,0.993069,0.993083,0.983085
0.994118,0.983051,0.983085,1.018219
0.994083,1.001014,1.018219,1.003976
1.003968,1.012158,1.003976,0.978218
0.991107,0.981982,0.978218,1.0
1.0,1.0,1.0,1.015182
1.003988,1.009174,1.015182,1.032901
1.034757,1.012121,1.032901,0.992278
0.994242,1.015968,0.992278,0.994163
0.996139,0.994106,0.994163,0.981409
0.984496,0.987154,0.981409,1.012961
1.005906,1.004004,1.012961,0.984252
0.998043,0.997009,0.984252,0.973
0.97451,0.97,0.973,0.986639
0.985915,0.987629,0.986639,0.992708
0.987755,0.989562,0.992708,1.008395
0.994835,1.00211,1.008395,0.998959
1.002077,1.004211,0.998959,1.015625
1.013472,0.98218,1.015625,1.025641
1.031697,1.033084,1.025641,1.006
1.0,1.025826,1.006,0.998012
1.000991,1.001007,0.998012,0.978088
0.99505,0.985915,0.978088,1.017312
1.00199,1.0,1.017312,1.007007
1.010924,1.020408,1.007007,1.022863
1.011788,1.006,1.022863,1.003887
1.01165,1.016899,1.003887,0.996128
0.993282,0.997067,0.996128,0.995141
1.007729,1.003922,0.995141,1.005859
0.997124,0.999023,1.005859,0.999029
0.995192,0.990225,0.999029,0.974733
0.990338,0.98618,0.974733,1.014955
0.996098,1.003003,1.014955,1.015717
1.013712,1.00998,1.015717,1.00677
1.007729,1.013834,1.00677,1.006724
1.017258,1.016569,1.006724,0.98187
0.99246,0.982742,0.98187,1.0
1.0,1.0,1.0,0.971817
0.978158,0.97561,0.971817,1.0
0.983495,0.996,1.0,0.967
0.988154,0.968876,0.967,1.006205
0.984016,1.001036,1.006205,1.011305
1.001015,0.995859,1.011305,1.011179
1.010142,1.010395,1.011179,1.019095
1.024096,1.014403,1.019095,0.987179
1.02451,1.006085,0.987179,1.013986
0.985646,0.976815,1.013986,0.997044
1.024272,1.034056,0.997044,1.0
0.971564,1.005988,1.0,0.959486
0.963902,0.962302,0.959486,0.92688
0.972672,0.907216,0.92688,0.981111
0.925078,0.971591,0.981111,0.998867
1.020247,1.030409,0.998867,1.014739
0.988975,0.976163,1.014739,1.013408
1.020067,1.04186,1.013408,1.009923
1.001093,1.004464,1.009923,0.991266
1.009825,1.002222,0.991266,0.988987
0.983784,0.993348,0.988987,0.989978
0.995604,0.991071,0.989978,0.983127
0.97351,0.970721,0.983127,0.991991
1.003401,1.00232,0.991991,1.020761
1.00113,1.005787,1.020761,1.00226
1.012415,1.01611,1.00226,1.028185
1.020067,1.005663,1.028185,0.994518
0.995628,1.013514,0.994518,0.98677
0.993414,0.993333,0.98677,0.993296
1.00663,0.994407,0.993296,0.988751
0.980241,0.977503,0.988751,0.995449
0.993281,1.002301,0.995449,0.989714
0.988726,0.988519,0.989714,0.973441
0.981756,0.977933,0.973441,0.992883
0.977933,0.985748,0.992883,1.028674
1.030879,1.009639,1.028674,1.001161
0.998848,1.013126,1.001161,0.990719
1.002307,0.996466,0.990719,0.997658
0.980437,0.976359,0.997658,1.025822
1.026995,1.029056,1.025822,0.998856
1.002286,1.009412,0.998856,1.014891
1.037628,1.013986,1.014891,0.995485
0.992308,0.997701,0.995485,0.998866
0.990033,1.0,0.998866,1.035187
1.027964,1.002304,1.035187,0.982456
0.990207,1.012644,0.982456,1.010045
1.018681,0.990919,1.010045,0.981215
0.998921,1.005727,0.981215,0.989865
0.966523,0.987472,0.989865,0.970421
0.987709,0.978085,0.970421,0.977726
0.961538,0.970519,0.977726,0.983213
0.985882,0.989064,0.983213,0.97561
0.9821,0.980344,0.97561,0.98
1.006075,0.969925,0.98,1.033163
0.979469,0.996124,1.033163,1.001235
1.006165,1.044099,1.001235,0.98767
0.997549,0.987578,0.98767,1.002497
0.998771,1.003774,1.002497,0.966376
0.98155,0.967419,0.966376,1.001289
0.984962,1.001295,1.001289,0.963964
0.98855,0.958603,0.963964,0.979973
0.970399,0.989204,0.979973,1.020436
0.994695,0.995907,1.020436,1.020027
1.024,1.019178,1.020027,1.013089
1.018229,1.012097,1.013089,1.00646
1.011509,1.027888,1.00646,1.015404
1.006321,1.010336,1.015404,1.001264
1.006281,1.0,1.001264,0.991162
0.993758,0.997442,0.991162,1.016561
1.003769,0.984615,1.016561,1.015038
1.027534,1.041667,1.015038,1.007407
1.001218,1.0075,1.007407,0.997549
1.014599,1.004963,0.997549,0.990172
0.984412,0.992593,0.990172,1.002481
0.98782,0.985075,1.002481,0.97896
0.988903,0.997475,0.97896,1.010114
1.01995,1.006329,1.010114,1.022528
1.003667,1.010063,1.022528,1.04284
1.046285,1.012453,1.04284,0.987089
1.01397,1.02952,0.987089,0.982164
0.971297,0.982079,0.982164,0.955206
0.972813,0.957421,0.955206,0.992395
0.973269,0.982211,0.992395,1.003831
0.985019,0.994825,1.003831,0.986005
1.001267,1.007802,0.986005,1.002581
0.987342,0.989677,1.002581,0.988417
1.003846,1.001304,0.988417,1.003906
0.993614,0.997396,1.003906,1.024643
1.01928,1.011749,1.024643,0.93038
0.998739,0.935484,0.93038,1.021769
0.973485,1.034483,1.021769,1.001332
0.984436,0.990667,1.001332,0.974734
1.007905,0.985195,0.974734,0.998636
0.969935,0.994536,0.998636,1.001366
0.997305,1.001374,1.001366,1.005457
1.006757,0.972565,1.005457,0.981004
0.989262,1.014104,0.981004,0.970954
0.987788,0.969402,0.970954,0.958689
0.967033,0.964132,0.958689,0.986627
0.96733,0.983631,0.986627,0.974398
0.976505,0.97882,0.974398,1.021638
1.0,0.998454,1.021638,1.012103
1.010526,0.979876,1.012103,0.994021
1.010417,1.044234,0.994021,0.971429
0.997054,0.974281,0.971429,0.989164
0.960118,0.965839,0.989164,1.00626
1.007692,1.0209,1.00626,0.987558
0.989313,0.998425,0.987558,0.987402
0.984568,0.987382,0.987402,1.00638
0.992163,0.990415,1.00638,0.998415
1.011058,1.008065,0.998415,1.014286
1.00625,1.016,1.014286,0.982786
1.007764,0.987402,0.982786,0.988854
0.975347,0.988836,0.988854,1.011272
0.993681,0.991935,1.011272,1.047771
1.046105,1.019512,1.047771,1.045593
1.056231,1.038278,1.045593,1.0
1.008633,1.038402,1.0,0.988372
0.992867,0.998521,0.988372,0.972059
0.981322,0.971852,0.972059,0.984871
0.973646,0.990854,0.984871,1.059908
1.045113,1.004615,1.059908,0.97971
1.004317,1.029096,0.97971,1.032544
1.010029,1.0,1.032544,1.011461
1.01844,1.028274,1.011461,0.968839
0.986072,0.985528,0.968839,0.998538
0.973164,0.994126,0.998538,0.988287
1.0,0.995569,0.988287,1.026667
1.005806,0.998516,1.026667,1.010101
1.012987,1.022288,1.010101,1.001429
1.012821,1.014535,1.001429,0.988588
0.985935,0.974212,0.988588,1.031746
1.034237,1.016176,1.031746,0.997203
1.0,1.028944,0.997203,1.004208
0.997241,0.997187,1.004208,1.011173
1.011065,0.994358,1.011173,0.994475
1.0,1.011348,0.994475,1.0125
1.005472,1.002805,1.0125,0.995885
1.005442,1.004196,0.995885,1.009642
0.998647,1.0,1.009642,1.0
1.00542,1.018106,1.0,1.010914
1.0,0.991792,1.010914,1.044534
1.057951,1.035862,1.044534,1.0
0.992357,1.015979,1.0,1.01938
1.020539,1.011796,1.01938,1.020279
1.050314,1.022021,1.020279,1.009938
0.982036,1.011407,1.009938,0.97909
0.997561,0.996241,0.97909,1.001256
0.981663,0.992453,1.001256,1.020075
1.014944,1.010139,1.020075,0.99262
1.008589,1.006274,0.99262,0.995043
0.991484,0.995012,0.995043,0.976339
0.981595,0.97995,0.976339,1.010204
0.99625,1.005115,1.010204,1.02904
1.025094,1.007634,1.02904,1.007362
1.025704,1.02399,1.007362,1.007308
0.990453,0.997534,1.007308,0.950423
1.00241,0.969098,0.950423,0.978372
0.953125,0.979592,0.978372,1.014304
0.984868,0.984375,1.014304,0.998718
1.0,1.005291,0.998718,0.964056
0.993598,0.986842,0.964056,1.022636
0.993557,1.001333,1.022636,0.988281
0.996109,1.002663,0.988281,0.988142
0.989583,0.989376,0.988142,0.998667
0.994737,0.997315,0.998667,1.001335
1.005291,1.005384,1.001335,0.961333
0.988158,0.959839,0.961333,0.979196
0.958722,0.97629,0.979196,1.0
1.0,1.0,1.0,1.026912
1.008333,1.0,1.026912,1.0
1.001377,1.022857,1.0,0.976552
0.995873,0.986034,0.976552,1.002825
0.986188,0.961756,1.002825,1.004225
1.0,1.020619,1.004225,1.029453
1.061625,1.049062,1.029453,1.012262
0.98153,0.998624,1.012262,0.991925
0.998656,1.008264,0.991925,0.987788
0.998654,0.994536,0.987788,1.027473
1.010782,1.004121,1.027473,1.018717
1.024,1.02052,1.018717,1.007874
1.003906,1.009383,1.007874,1.003906
1.020752,1.015936,1.003906,1.011673
0.998729,0.984314,1.011673,1.002564
1.002545,1.01992,1.002564,1.002558
1.011421,0.996094,1.002558,0.979592
0.97867,1.0,0.979592,1.016927
1.005128,1.002614,1.016927,0.989757
0.997449,1.0,0.989757,1.023286
1.015345,1.0,1.023286,1.007585
1.005038,1.02086,1.007585,1.002509
1.007519,1.006386,1.002509,0.973717
0.983831,0.979695,0.973717,0.994859
0.99115,1.001295,0.994859,0.98062
0.996173,0.980595,0.98062,0.988142
0.980794,0.986807,0.988142,0.986667
0.976501,0.973262,0.986667,0.967568
0.975936,0.982143,0.967568,1.022346
1.00411,1.002797,1.022346,0.979508
0.993179,0.995816,0.979508,1.001395
0.994505,0.998599,1.001395,1.022284
1.016575,1.012623,1.022284,0.990463
0.994565,1.0,0.990463,0.988996
0.993169,0.993075,0.988996,0.980529
0.994498,0.97629,0.980529,1.012766
0.988935,0.992857,1.012766,1.022409
1.027972,1.023022,1.022409,0.993151
0.998639,1.016878,0.993151,1.0
0.991826,0.991701,1.0,0.997241
1.005495,1.004184,0.997241,0.95574
0.974044,0.958333,0.95574,0.995658
0.976157,0.992754,0.995658,0.992733
0.997126,0.991241,0.992733,0.991215
1.0,0.988218,0.991215,1.004431
1.0,1.005961,1.004431,1.022059
1.004323,1.005926,1.022059,0.98705
0.992826,1.007364,0.98705,1.036443
1.028902,1.002924,1.036443,1.060478
1.075843,1.056851,1.060478,0.986737
0.983029,1.011034,0.986737,0.989247
0.996016,1.0,0.989247,0.975543
0.985333,0.968622,0.975543,1.001393
0.983762,1.009859,1.001393,0.976356
0.988996,0.974895,0.976356,0.995726
0.981919,0.995708,0.995726,0.997139
0.998584,0.979885,0.997139,0.992826
0.992908,1.014663,0.992826,0.976879
0.995714,0.971098,0.976879,1.0
1.0,1.0,1.0,1.002959
0.994261,0.995536,1.002959,1.004425
0.988456,1.008969,1.004425,1.005874
1.00438,1.007407,1.005874,0.941606
0.988372,0.942647,0.941606,1.020155
0.970588,1.00312,1.020155,0.965046
0.998485,0.987558,0.965046,1.015748
0.98786,0.993701,1.015748,1.012403
1.00768,1.014263,1.012403,1.001531
1.001524,1.0,1.001531,0.989297
1.001522,1.009375,0.989297,0.979907
0.989362,0.978328,0.979907,1.014196
0.987711,0.998418,1.014196,1.018663
1.018663,1.014263,1.018663,1.007634
1.016794,1.014062,1.007634,0.998485
1.003003,1.001541,0.998485,0.99393
0.989521,0.995385,0.99393,1.0
1.0,1.0,1.0,1.0
1.0,1.0,1.0,0.928244
0.990923,0.931994,0.928244,1.013158
0.940458,1.004975,1.013158,0.99513
1.011364,1.00165,0.99513,0.983687
0.988764,0.991763,0.983687,0.995025
0.99513,0.993355,0.995025,1.005
0.985318,1.0,1.005,1.014925
1.014901,0.998328,1.014925,1.013072
1.014682,1.015075,1.013072,1.003226
1.003215,1.014851,1.003226,0.995177
0.998397,1.001626,0.995177,1.009693
1.004815,0.993506,1.009693,0.9872
0.996805,1.006536,0.9872,0.987034
0.987179,0.987013,0.987034,0.993432
0.988636,0.983553,0.993432,0.993388
0.993432,1.001672,0.993388,1.001664
1.001653,1.001669,1.001664,1.008306
1.006601,1.003333,1.008306,0.995058
0.996721,0.991694,0.995058,1.008278
1.004934,1.0067,1.008278,0.990148
1.001637,0.996672,0.990148,1.006633
0.995098,1.001669,1.006633,0.990115
0.996716,1.0,0.990115,0.971714
0.990115,0.971667,0.971714,1.011986
0.990017,1.003431,1.011986,0.984772
0.991597,0.993162,0.984772,0.998282
0.994915,0.993115,0.998282,0.993115
0.991482,0.994801,0.993115,1.005199
1.012027,0.998258,1.005199,0.994828
0.991511,1.001745,0.994828,1.02253
1.013699,0.994774,1.02253,1.013559
1.011824,1.024518,1.013559,1.028428
1.040067,1.022222,1.028428,1.004878
0.995185,1.021739,1.004878,0.983819
0.991935,0.988543,0.983819,1.021382
1.022764,1.011589,1.021382,0.990338
1.007949,1.00491,0.990338,1.003252
0.988959,0.995114,1.003252,0.974068
0.985646,0.983633,0.974068,0.995008
0.982201,0.991681,0.995008,0.993311
0.99341,0.988255,0.993311,0.974747
0.985075,0.981324,0.974747,1.018998
1.003367,0.99654,1.018998,1.013559
1.006711,1.008681,1.013559,0.976589
0.996667,1.001721,0.976589,0.969178
0.981605,0.97079,0.969178,1.026502
0.996593,1.00177,1.026502,1.018933
1.015385,1.014134,1.018933,0.97973
1.006734,1.001742,0.97973,1.034483
1.010033,1.012174,1.034483,1.006667
1.009934,1.02921,1.006667,0.986755
0.986885,0.993322,0.986755,1.001678
1.003322,0.991597,1.001678,0.984925
0.993377,0.988136,0.984925,0.996599
0.99,1.001715,0.996599,1.0
0.993266,0.994863,1.0,1.015358
1.015254,1.006885,1.015358,1.0
0.998331,1.010256,1.0,1.001681
1.0,0.994924,1.001681,0.989933
0.998328,1.003401,0.989933,1.001695
0.98995,0.989831,1.001695,1.00846
1.013536,1.006849,1.00846,0.966443
0.994992,0.972789,0.966443,0.987847
0.969799,0.993007,0.987847,1.005272
1.0,1.0,1.005272,0.97028
0.980969,0.963028,0.97028,1.01982
1.001764,1.009141,1.01982,1.008834
1.007042,1.021739,1.008834,0.992995
1.001748,1.003546,0.992995,0.992945
0.998255,0.985866,0.992945,1.005329
0.991259,1.003584,1.005329,0.980565
0.992945,0.9875,0.980565,1.001802
0.992895,0.994575,1.001802,1.014388
1.017889,1.003636,1.014388,0.984043
0.99297,1.003623,0.984043,1.003604
0.99115,0.99639,1.003604,0.985637
0.996429,0.994565,0.985637,0.989071
0.987455,0.983607,0.989071,1.001842
0.990926,0.996296,1.001842,0.992647
1.001832,1.0,0.992647,1.012963
1.001828,0.998141,1.012963,0.990859
0.992701,1.003724,0.990859,1.046125
1.049632,1.003711,1.046125,0.982363
0.992995,1.029575,0.982363,1.032316
1.03351,0.989228,1.032316,1.026087
1.008532,1.010889,1.026087,0.957627
1.005076,1.007181,0.957627,0.932743
0.929293,0.907308,0.932743,0.954459
0.947464,0.986248,0.954459,1.023857
0.994264,0.992032,1.023857,1.03301
1.036538,1.02008,1.03301,0.992481
0.992579,1.033465,0.992481,1.011364
1.009346,1.00381,1.011364,1.02809
1.027778,1.001898,1.02809,0.98725
0.992793,1.026515,0.98725,0.998155
0.990926,0.98524,0.998155,0.992606
0.994505,0.998127,0.992606,1.044693
1.036832,1.007505,1.044693,0.996435
1.005329,1.035382,0.996435,0.992844
1.0,0.994604,0.992844,0.998198
0.985866,0.994575,0.998198,0.994585
0.998208,0.990909,0.994585,1.00363
1.005386,1.005505,1.00363,0.998192
0.994643,1.001825,0.998192,1.036232
1.028725,1.003643,1.036232,1.001748
1.001745,1.023593,1.001748,0.991274
1.005226,0.996454,0.991274,1.005282
0.993068,1.005338,1.005282,1.012259
1.017452,1.00708,1.012259,0.980969
1.0,0.994728,0.980969,1.007055
0.979417,0.9947,1.007055,1.008757
1.012259,1.007105,1.008757,1.020833
1.019031,1.008818,1.020833,1.0
1.011885,1.020979,1.0,0.972789
0.994966,0.97774,0.972789,1.026224
0.991568,0.991243,1.026224,1.022147
1.02551,1.038869,1.022147,1.005
1.018242,1.010204,1.005,0.981758
0.986971,0.989899,0.981758,1.011824
0.991749,1.003401,1.011824,1.008347
1.008319,1.008475,1.008347,1.0
1.029703,1.006723,1.0,0.985099
0.959936,0.981636,0.985099,0.981513
1.005008,0.986395,0.981513,0.994863
0.980066,1.0,0.994863,1.018933
1.005085,1.003448,1.018933,1.013514
1.01855,1.013746,1.013514,1.033333
1.044702,1.015254,1.033333,0.998387
0.993661,1.020033,0.998387,1.029079
1.019139,1.00982,1.029079,1.014129
1.014085,1.025932,1.014129,1.001548
1.003086,0.992101,1.001548,1.051005
1.053846,1.020701,1.051005,0.985294
1.008759,1.040562,0.985294,1.031343
1.031838,1.005997,1.031343,0.973951
0.985975,0.997019,0.973951,0.950966
0.960171,0.953662,0.950966,1.023438
0.983704,0.992163,1.023438,0.961832
0.978916,0.985782,0.961832,0.984127
0.983077,0.980769,0.984127,1.025806
0.998435,1.009804,1.025806,0.971698
1.001567,0.996764,0.971698,1.009709
0.989045,1.003247,1.009709,1.016026
1.004747,1.004854,1.016026,0.977918
1.001575,0.982287,0.977918,0.967742
0.965409,0.977049,0.967742,1.011667
0.993485,1.001678,1.011667,1.018122
1.013115,1.0067,1.018122,1.0
1.009709,1.008319,1.0,0.987055
0.990385,1.00495,0.987055,0.996721
0.993528,0.993432,0.996721,0.972039
0.998371,0.971901,0.972039,0.984772
0.964111,0.986395,0.984772,1.008591
0.996616,0.998276,1.008591,1.003407
1.01528,0.998273,1.003407,0.988115
0.993311,1.00519,0.988115,0.987973
0.988215,0.975904,0.987973,1.026087
1.006814,1.005291,1.026087,1.018644
1.037225,1.029825,1.018644,0.993344
0.977162,1.006814,0.993344,1.001675
1.003339,1.005076,1.001675,0.983278
0.996672,0.984848,0.983278,1.006803
0.998331,1.005128,1.006803,0.959459
0.983278,0.964286,0.959459,1.003521
0.97449,0.996473,1.003521,1.007018
1.008726,1.00354,1.007018,0.996516
1.00519,1.001764,0.996516,0.994755
0.991394,0.998239,0.994755,0.982425
0.975694,0.970018,0.982425,1.007156
1.005338,1.001818,1.007156,0.991119
0.99469,1.005445,0.991119,1.005376
1.001779,1.005415,1.005376,0.99287
1.0,0.998205,0.99287,0.980251
0.98579,0.980216,0.980251,1.009158
0.994595,0.988991,1.009158,1.00363
1.007246,1.011132,1.00363,0.98915
0.996403,0.998165,0.98915,1.023766
1.01444,1.003676,1.023766,1.003571
1.003559,1.016484,1.003571,0.97331
1.0,0.981982,0.97331,1.02011
0.991135,1.001835,1.02011,1.005376
1.008945,1.012821,1.005376,0.98574
1.0,0.992767,0.98574,1.003617
0.989362,1.0,1.003617,1.025225
1.026882,1.014572,1.025225,1.012302
1.008726,1.023339,1.012302,0.996528
0.99827,1.0,0.996528,1.008711
1.005199,1.001754,1.008711,0.993092
1.001724,0.996497,0.993092,1.001739
0.991394,0.996485,1.001739,0.986111
1.003472,0.994709,0.986111,0.980634
0.982699,0.984043,0.980634,1.003591
0.984155,1.0,1.003591,1.017889
1.021467,1.001802,1.017889,1.019332
1.019264,1.017986,1.019332,1.012069
1.012027,1.024735,1.012069,1.001704
1.005093,1.006897,1.001704,1.013605
1.015203,1.001712,1.013605,0.978188
0.988353,0.996581,0.978188,1.008576
0.989899,0.993139,1.008576,1.008503
1.013605,1.008636,1.008503,1.020236
1.015101,1.010274,1.020236,1.0
1.013223,1.020339,1.0,1.0
0.988581,0.993355,1.0,0.986777
1.00495,0.994983,0.986777,0.998325
0.996716,0.996639,0.998325,0.979866
0.981878,0.979764,0.979866,1.0
0.984899,0.996558,1.0,0.97774
0.994889,0.982729,0.97774,0.950963
0.955479,0.952548,0.950963,0.957643
0.962366,0.95203,0.957643,1.007692
0.977654,1.007752,1.007692,0.996183
1.0,0.998077,0.996183,1.007663
1.00381,1.003854,1.007663,0.994297
0.994307,0.978887,0.994297,0.978967
0.998092,0.998039,0.978967,0.982422
0.969407,0.980354,0.982422,0.95825
1.003945,0.951904,0.95825,0.985477
0.954813,0.938947,0.985477,1.002105
0.983539,1.049327,1.002105,0.993697
1.031381,1.00641,0.993697,1.010571
0.981744,0.987261,1.010571,1.0
0.995868,1.008602,1.0,1.004184
1.004149,1.014925,1.004184,0.985417
0.993802,0.983193,0.985417,1.023256
1.016632,1.004274,1.023256,1.006198
1.00409,1.023404,1.006198,0.965092
0.985743,0.977131,0.965092,1.004255
0.983471,0.993617,1.004255,1.033898
1.033613,1.002141,1.033898,1.032787
1.036585,1.047009,1.032787,0.992063
1.0,1.012245,0.992063,1.012
1.001961,1.008065,1.012,1.003953
0.998043,1.008,1.003953,0.984252
1.007843,0.990079,0.984252,0.998
0.98249,0.991984,0.998,0.975952
0.99604,0.983838,0.975952,0.99384
0.978131,0.983573,0.99384,1.024793
1.020325,1.012526,1.024793,1.0
0.996016,1.004124,1.0,0.987903
0.996,1.002053,0.987903,1.046939
1.046185,1.0,1.046939,1.099415
1.082534,1.032787,1.099415,0.992908
1.02305,1.083333,0.992908,1.021429
0.998267,1.012821,1.021429,1.0
1.003472,1.018083,1.0,0.98951
1.034602,1.001776,0.98951,1.04417
1.0,0.998227,1.04417,1.011844
1.010033,1.039076,1.011844,0.983278
0.998344,1.001709,0.983278,1.005102
0.995025,0.998294,1.005102,1.042301
1.031667,1.006838,1.042301,1.064935
1.075929,1.039049,1.064935,0.97561
0.989489,1.031046,0.97561,1.00625
0.992413,1.0,1.00625,0.968944
0.992355,0.987322,0.968944,0.951923
0.976888,0.950241,0.951923,1.035354
0.977918,0.989865,1.035354,1.021138
1.016129,1.040956,1.021138,0.996815
0.998413,1.0,0.996815,1.020767
1.052464,1.014754,1.020767,1.046948
1.019637,1.029079,1.046948,1.010463
1.007407,1.036107,1.010463,0.977811
0.997059,0.992424,0.977811,1.054463
1.041298,0.984733,1.054463,0.982783
0.985836,1.051163,0.982783,0.972263
1.031609,0.979351,0.972263,1.001502
0.961003,0.987952,1.001502,1.0
0.981159,0.992378,1.0,0.986507
1.011817,1.00768,0.986507,1.012158
0.986861,0.995427,1.012158,1.01952
1.028107,1.01072,1.01952,0.997054
0.995683,1.019697,0.997054,1.019202
1.007225,1.002972,1.019202,0.963768
1.001435,0.977778,0.963768,1.004511
0.965616,1.00303,1.004511,0.979042
1.005935,0.983384,0.979042,0.966361
0.973451,0.950845,0.966361,0.987342
0.963636,1.004847,0.987342,1.016026
1.0,0.996785,1.016026,1.023659
1.022013,1.020968,1.023659,0.993837
1.003077,1.007899,0.993837,0.992248
1.01227,1.0,0.992248,0.979687
0.966667,0.976489,0.979687,0.995215
0.987461,0.99679,0.995215,1.020833
1.014286,1.00161,1.020833,1.018838
1.025039,1.016077,1.018838,1.003082
1.007634,1.017405,1.003082,0.993856
0.998485,1.001555,0.993856,1.010819
0.996965,0.996894,1.010819,1.025994
1.031963,1.018692,1.025994,0.973174
0.9941,0.990826,0.973174,0.954058
0.968843,0.953704,0.954058,0.99679
0.966309,0.993528,0.99679,0.979066
0.982567,0.990228,0.979066,1.024671
1.020968,1.003289,1.024671,1.009631
1.006319,1.021311,1.009631,0.958665
0.992151,0.961477,0.958665,0.996683
0.960443,0.998331,0.996683,0.981697
1.0,0.979933,0.981697,1.047458
1.023064,1.005119,1.047458,0.961165
0.996779,0.966044,0.961165,1.050505
1.008078,1.029877,1.050505,1.036859
1.067308,1.066553,1.036859,0.996909
0.986486,1.0208,0.996909,1.015504
1.0,1.003135,1.015504,1.029008
1.039574,1.01875,1.029008,0.970326
1.004392,0.995399,0.970326,0.995413
0.965015,0.987673,0.995413,0.960061
0.986405,0.965679,0.960061,1.0304
0.995406,1.022617,1.0304,1.029503
1.023077,0.987362,1.029503,0.969834
1.0,1.0208,0.969834,1.029549
0.998496,1.003135,1.029549,1.02719
1.039157,1.028125,1.02719,1.013235
1.004348,1.024316,1.013235,0.992743
1.002886,1.004451,0.992743,1.00731
1.015827,1.007386,1.00731,0.982583
0.971671,0.978006,0.982583,1.0
1.014577,1.011994,1.0,0.988183
0.989943,0.988148,0.988183,0.979073
0.979681,0.98051,0.979073,1.01374
1.0,0.992355,1.01374,1.004518
1.001481,1.021572,1.004518,1.001499
0.989645,0.99095,1.001499,1.017964
1.025411,0.99239,1.017964,0.967647
0.991254,0.95092,0.967647,1.0
0.986765,1.040323,1.0,0.984802
0.980626,0.99845,0.984802,0.998457
0.990881,0.998447,0.998457,1.003091
1.001534,1.001555,1.003091,1.007704
1.018377,1.007764,1.007704,0.96789
0.980451,0.972265,0.96789,1.037915
1.009202,1.0,1.037915,1.018265
1.021277,1.026941,1.018265,1.011958
1.019345,1.023148,1.011958,1.004431
1.00146,1.013575,1.004431,1.060294
1.072886,1.005952,1.060294,0.980583
0.994565,1.038462,0.980583,0.990099
0.998634,0.990028,0.990099,1.018571
0.989056,0.989928,1.018571,1.029453
1.037344,1.02907,1.029453,0.986376
0.988,1.009887,0.986376,0.972376
0.978408,0.976224,0.972376,1.0625
1.041379,1.005731,1.0625,1.006684
0.998675,1.047009,1.006684,1.009296
1.019894,1.010884,1.009296,1.009211
1.014304,1.010767,1.009211,0.964798
0.982051,0.98269,0.964798,0.963514
0.958225,0.960705,0.963514,1.007013
0.99455,1.00141,1.007013,0.977716
0.991781,0.980282,0.977716,1.007123
0.982044,1.0,1.007123,1.026874
1.036568,1.007184,1.026874,1.028926
1.023066,1.024251,1.028926,1.005355
1.009284,1.030641,1.005355,1.009321
1.017083,1.010811,1.009321,1.002639
0.98708,1.001337,1.002639,0.980263
0.992147,0.982644,0.980263,0.962416
0.985488,0.971467,0.962416,0.991632
0.974565,0.973427,0.991632,1.029536
1.006868,1.015805,1.029536,0.969945
1.002729,1.0,0.969945,1.008451
0.985034,0.992928,1.008451,0.988827
0.993094,1.005698,0.988827,1.009887
0.994437,0.992918,1.009887,1.037762
1.06014,1.022825,1.037762,1.013477
1.002639,1.013947,1.013477,1.00133
0.996053,1.006878,1.00133,1.029216
1.036988,1.036885,1.029216,1.007742
0.998726,1.007905,1.007742,0.984635
1.0,0.992157,0.984635,1.039012
1.026786,0.992095,1.039012,0.997497
1.012422,1.051793,0.997497,0.996236
0.982822,0.984848,0.996236,0.989924
1.007491,1.001282,0.989924,1.049618
1.026022,1.0,1.049618,0.963636
1.012077,1.015365,0.963636,0.96478
0.942721,0.962169,0.96478,1.005215
0.992405,0.996068,1.005215,0.963684
0.998724,0.967105,0.963684,1.013459
0.965517,0.994558,1.013459,1.007968
1.029101,1.019152,1.007968,0.998682
0.98329,0.983893,0.998682,1.032982
1.026144,1.030014,1.032982,0.993614
1.001274,1.007947,0.993614,0.953728
0.993639,0.973719,0.953728,1.004043
0.957746,0.982456,1.004043,0.991946
1.010695,1.010989,0.991946,0.960758
0.972222,0.945652,0.960758,1.0
0.972789,1.00431,1.0,0.987324
0.997203,0.984263,0.987324,1.011412
0.997195,1.018895,1.011412,1.018336
1.033755,1.009986,1.018336,1.001385
0.991837,1.009887,1.001385,0.995851
0.995885,0.995804,0.995851,0.988889
0.990358,0.991573,0.988889,0.988764
1.01669,0.985836,0.988764,1.022727
0.990424,0.99569,1.022727,1.0
1.001381,1.025974,1.0,0.984722
0.993103,0.983122,0.984722,0.997179
0.994444,1.004292,0.997179,1.0
0.988827,0.991453,1.0,0.988685
0.995763,0.987069,0.988685,0.964235
0.992908,0.970888,0.964235,1.037092
1.0,1.002999,1.037092,0.998569
1.004286,1.03139,0.998569,0.992837
1.00569,1.001449,0.992837,1.01443
1.0,0.997106,1.01443,1.009957
1.014144,1.014514,1.009957,1.007042
1.0,1.017167,1.007042,1.005594
1.009763,0.995781,1.005594,0.995828
0.997238,1.004237,0.995828,0.97067
0.976454,0.963432,0.97067,1.008633
0.995745,1.005839,1.008633,1.014265
1.022792,1.011611,1.014265,1.001406
0.993036,1.011478,1.001406,1.014045
1.025245,1.004255,1.014045,1.0
1.0,1.007062,1.0,1.01385
1.002736,0.997195,1.01385,1.0
1.002729,1.018284,1.0,1.012295
1.057143,0.997238,1.012295,0.990553
0.960103,0.990305,0.990553,0.963215
0.977212,0.924476,0.963215,0.967468
0.962963,1.013616,0.967468,0.995614
0.980057,1.01194,0.995614,1.002937
0.997093,0.9941,1.002937,0.994143
1.0,1.0,0.994143,0.970545
0.982507,0.976261,0.970545,0.983308
0.986647,0.981763,0.983308,0.989198
0.981955,0.986068,0.989198,1.031201
1.016845,1.012559,1.031201,0.998487
1.010542,1.020155,0.998487,1.006061
0.992548,1.00304,1.006061,0.971386
0.995495,0.975758,0.971386,1.010853
0.989442,0.995342,1.010853,1.016871
1.010671,1.00156,1.016871,0.996983
1.010558,1.020249,0.996983,1.001513
0.991045,0.996947,1.001513,0.989426
1.006024,1.003063,0.989426,1.006107
0.988024,0.993893,1.006107,1.001517
1.012121,1.004608,1.001517,0.993939
0.992515,1.003058,0.993939,1.006098
1.0,0.992378,1.006098,1.007576
1.006033,1.015361,1.007576,0.989474
0.997001,0.993949,0.989474,0.992401
0.995489,0.993912,0.992401,0.986217
0.986405,0.984686,0.986217,1.01087
1.0,1.0,1.01087,0.990783
1.0,0.99689,0.990783,0.99845
0.993874,0.99844,0.99845,1.004658
1.0,1.0,1.004658,1.003091
1.001541,1.001562,1.003091,1.013867
1.015385,1.00312,1.013867,1.007599
1.019697,1.023328,1.007599,0.980392
0.970282,0.981763,0.980392,0.993846
1.0,0.998452,0.993846,0.987616
0.993874,0.989147,0.987616,0.968652
0.987673,0.967085,0.968652,1.050162
1.015601,0.993517,1.050162,0.984592
0.993856,1.03752,0.984592,1.00626
1.004637,0.995283,1.00626,0.993779
0.992308,1.007899,0.993779,0.99687
0.996899,0.998433,0.99687,1.00471
1.0,0.99843,1.00471,1.00625
1.007776,1.006289,1.00625,1.009317
1.00463,1.001562,1.009317,0.995385
1.009217,1.00156,0.995385,1.0
0.99239,1.0,1.0,1.004637
1.0,1.001558,1.004637,0.996923
1.001534,1.006221,0.996923,1.003086
0.996937,0.993818,1.003086,0.973846
0.998464,0.982893,0.973846,1.004739
0.987692,1.001582,1.004739,1.014151
1.007788,1.00158,1.014151,1.009302
1.007728,1.006309,1.009302,1.023041
1.021472,1.018809,1.023041,1.004505
1.013514,1.015385,1.004505,0.986547
0.992593,0.992424,0.986547,1.006061
1.013433,1.00458,1.006061,0.989458
0.982327,0.992401,0.989458,1.003044
0.995502,0.998469,1.003044,1.007587
1.006024,1.004601,1.007587,1.01506
1.016467,1.010687,1.01506,1.002967
0.998527,1.007553,1.002967,1.019231
1.019174,1.013493,1.019231,1.001451
1.001447,1.010355,1.001451,0.991304
0.99711,0.995608,0.991304,1.00731
1.0,1.001471,1.00731,0.991292
1.011594,1.001468,0.991292,1.040996
1.025788,1.004399,1.040996,1.011252
1.013966,1.027737,1.011252,1.002782
0.995868,1.009943,1.002782,1.012483
1.020747,1.004219,1.012483,1.008219
1.025745,1.019608,1.008219,1.032609
1.006605,1.013736,1.032609,0.997368
1.003937,1.012195,0.997368,0.978892
0.993464,0.981258,0.978892,0.975741
0.981579,0.982265,0.975741,1.009669
0.989276,0.993056,1.009669,1.002736
1.0,1.018182,1.002736,1.015007
1.02168,0.995879,1.015007,0.987903
0.988064,1.012414,0.987903,1.002721
0.994631,0.989101,1.002721,0.991859
0.99865,1.002755,0.991859,1.031464
1.035135,0.995879,1.031464,0.980106
0.992167,1.013793,0.980106,1.027064
1.0,1.002721,1.027064,1.017128
1.018421,1.020353,1.017128,0.979275
0.99354,1.003989,0.979275,0.998677
0.993498,0.988079,0.998677,1.046358
1.036649,1.006702,1.046358,1.001266
1.003788,1.038615,1.001266,0.99115
0.993711,0.994872,0.99115,1.005102
1.005063,1.001289,1.005102,0.989848
0.997481,0.994852,0.989848,0.984615
0.983586,0.981889,0.984615,1.02474
1.016688,1.007905,1.02474,1.0
0.996212,1.013072,1.0,1.027954
1.026616,1.014194,1.027954,0.955501
1.007407,0.980916,0.955501,1.027167
0.988971,0.997406,1.027167,0.992443
0.998761,1.018205,0.992443,1.002538
0.991315,0.99106,1.002538,0.988608
1.001252,1.002577,0.988608,0.976953
0.97625,0.974293,0.976953,1.009174
0.997439,0.989446,1.009174,1.0
1.0,1.018667,1.0,1.002597
1.0,1.002618,1.002597,1.037565
1.029525,1.009138,1.037565,1.002497
1.004988,1.023286,1.002497,1.011208
1.011166,1.0,1.011208,1.0
1.0,1.00885,1.0,0.993842
0.995092,0.997494,0.993842,1.037175
1.040691,1.0,1.037175,1.075269
1.091232,1.04397,1.075269,0.996667
0.986971,1.044525,0.996667,0.959866
0.981298,0.988479,0.959866,1.011614
0.977578,0.974359,1.011614,0.993111
1.008028,1.026316,0.993111,0.979191
0.986348,0.982517,0.979191,0.985832
0.982699,0.982206,0.985832,0.984431
0.985915,0.987923,0.984431,1.007299
0.994048,1.0,1.007299,1.012077
1.007186,1.003667,1.012077,1.029833
1.029727,1.019488,1.029833,1.015064
1.025404,1.027479,1.015064,0.992009
0.996622,1.002326,0.992009,1.020713
1.00904,1.010441,1.020713,0.997745
1.006719,1.004592,0.997745,0.985311
0.987764,0.986286,0.985311,1.099771
1.079955,1.067207,1.099771,0.966632
1.016684,0.975027,0.966632,0.96548
0.949744,0.992205,0.96548,1.014525
0.982721,0.994388,1.014525,0.961454
1.003297,0.975169,0.961454,1.016037
0.973713,1.005787,1.016037,0.984216
1.003375,0.994246,0.984216,1.013746
0.992152,0.998843,1.013746,1.00678
1.016949,1.008111,1.00678,0.993266
0.994444,1.011494,0.993266,0.955932
0.987709,0.957955,0.955932,1.0
0.970588,0.991696,1.0,1.004728
0.991841,1.008373,1.004728,1.027059
1.031727,1.013049,1.027059,1.0126
1.007973,1.007026,1.0126,1.0
1.00452,1.013953,1.0,0.99095
0.998875,0.997706,0.99095,0.98516
0.994369,0.985057,0.98516,1.015064
1.028313,1.010502,1.015064,1.010274
0.977974,0.994226,1.010274,1.023729
1.02027,1.023229,1.023729,1.029801
1.043046,1.023837,1.029801,0.94105
0.991534,0.964523,0.94105,1.017084
0.963714,0.987356,1.017084,0.988802
1.046512,1.022119,0.988802,1.012458
0.94709,0.972665,1.012458,1.011186
1.020112,1.030445,1.011186,1.017699
1.013143,1.021591,1.017699,1.041304
1.050811,1.041157,1.041304,0.98643
0.990741,0.994658,0.98643,1.062434
1.074766,1.001074,1.062434,0.989044
0.981643,1.053648,0.989044,1.076536
1.058071,1.014257,1.076536,1.012161
1.093953,1.075301,1.012161,1.015712
1.0,0.978525,1.015712,0.949955
0.954932,0.968511,0.949955,1.04023
0.975067,1.014778,1.04023,1.003683
1.0,1.023301,1.003683,1.001835
1.050228,1.019924,1.001835,0.93956
0.947826,0.943256,0.93956,1.016569
0.972477,1.005917,1.016569,1.048897
1.05283,1.011765,1.048897,1.012797
1.016129,1.036822,1.012797,0.983755
0.968254,1.002804,0.983755,1.0
1.027322,1.010252,1.0,0.962385
0.971631,0.964022,0.962385,0.953289
0.949818,0.94067,0.953289,0.994
0.965418,1.002035,0.994,0.970825
0.99801,0.95533,0.970825,1.02487
0.987039,1.01594,1.02487,1.008089
1.011111,1.023013,1.008089,0.905717
0.977023,0.917178,0.905717,1.032115
0.958078,1.014493,1.032115,1.035408
1.034152,1.024176,1.035408,1.011399
1.018576,1.022532,1.011399,0.984631
0.991895,1.0,0.984631,1.050989
1.033708,1.0,1.050989,1.010891
1.018775,1.038825,1.010891,0.987267
0.99709,1.015152,0.987267,0.97619
0.979572,0.966169,0.97619,0.995935
0.996028,1.008239,0.995935,1.00102
0.994018,0.983657,1.00102,1.006116
0.998997,1.003115,1.006116,1.0
1.012048,1.012422,1.0,0.968592
1.0,0.974438,0.968592,0.965481
0.947421,0.956978,0.965481,1.004334
0.982199,1.0,1.004334,1.011866
1.001066,1.010965,1.011866,1.008529
1.014909,1.018438,1.008529,0.991543
0.994753,0.985091,0.991543,1.009595
1.012658,1.016216,1.009595,1.036959
1.023958,1.010638,1.036959,1.002037
1.003052,1.022105,1.002037,1.023374
1.053753,1.033986,1.023374,1.024826
0.999038,0.983068,1.024826,0.997093
1.0,1.029382,0.997093,0.993197
0.998073,0.999016,0.993197,0.979452
0.982625,0.983251,0.979452,1.017982
1.005894,1.001002,1.017982,1.035329
1.054688,1.017017,1.035329,0.985782
0.975926,1.011811,0.985782,0.990385
0.98482,0.976654,0.990385,1.026214
1.036609,1.018924,1.026214,0.99527
0.989777,1.010753,0.99527,0.995247
0.994366,1.00677,0.995247,1.005731
1.00661,0.993276,1.005731,1.019943
1.011257,1.014507,1.019943,1.012104
1.014842,1.018112,1.012104,1.019319
1.019196,1.009363,1.019319,1.0
1.015247,1.012059,1.0,0.994585
0.984982,0.999083,0.994585,1.023593
1.021525,1.009174,1.023593,1.052305
1.043898,1.016364,1.052305,1.1
1.098402,1.031306,1.1,0.993109
1.029862,1.098873,0.993109,1.010794
0.980669,1.000789,1.010794,1.002288
1.039424,1.018139,1.002288,0.975647
0.956236,0.977537,0.975647,1.015601
1.001526,1.0,1.015601,1.099846
1.090632,1.022979,1.099846,0.97905
0.997207,1.066615,0.97905,0.994294
0.985994,1.002179,0.994294,0.982066
1.00071,0.982609,0.982066,0.960555
0.982967,0.952065,0.960555,1.01673
0.98917,1.01007,1.01673,1.017203
1.013869,1.02454,1.017203,0.992647
0.99856,0.997754,0.992647,0.959259
0.974766,0.963241,0.959259,1.00695
0.973373,0.97352,1.00695,1.060583
1.083587,1.0512,1.060583,1.010123
1.037868,1.035769,1.010123,1.015748
0.962838,1.0,1.015748,1.036646
1.049825,1.037472,1.036646,0.978926
0.989305,1.005666,0.978926,0.972222
0.969595,0.972535,0.972222,1.074286
1.068293,1.042723,1.074286,0.941489
0.969341,0.970833,0.941489,1.002119
0.974428,0.987124,1.002119,0.966173
0.986878,0.991304,0.966173,1.022611
0.992302,0.983187,1.022611,0.984308
1.045839,1.021561,0.984308,0.983333
0.956844,0.975255,0.983333,0.908622
0.956307,0.91791,0.908622,1.021898
0.941783,0.989431,1.021898,1.031746
1.019562,1.025472,1.031746,1.01
1.009977,1.025641,1.01,0.975628
0.992401,0.992969,0.975628,1.021077
1.014548,1.000787,1.021077,0.973242
0.981132,0.999214,0.973242,0.995287
0.99,0.985838,0.995287,1.047356
1.036519,1.013567,1.047356,1.022607
1.026237,1.033858,1.022607,1.082535
1.084733,1.02818,1.082535,1.031995
1.043098,1.08963,1.031995,1.081135
1.076824,1.042148,1.081135,1.011592
1.034173,1.042401,1.011592,0.991556
0.982609,1.002503,0.991556,0.9118
1.00885,0.931336,0.9118,1.047365
0.952047,0.961796,1.047365,1.073248
1.039926,1.1,1.073248,1.095549
1.092735,1.038125,1.095549,1.010834
1.07027,1.071644,1.010834,1.1
1.036869,1.017416,1.1,1.022893
1.065757,1.1,1.022893,0.977619
0.959781,0.972763,0.977619,1.013151
1.02381,1.014,1.013151,1.091346
1.064186,0.998028,1.091346,1.056388
1.067308,1.097332,1.056388,1.027106
1.027846,1.022062,1.027106,0.982948
1.011952,1.057269,0.982948,0.916563
0.937008,0.909583,0.916563,1.099144
1.02563,0.994045,1.099144,0.99672
1.048751,1.096774,0.99672,0.900452
0.9375,0.919328,0.900452,0.969849
0.952917,0.900366,0.969849,1.01366
0.976826,1.045685,1.01366,0.988848
1.028648,1.001942,0.988848,0.9
0.9,0.92781,0.9,0.900261
0.967412,0.900261,0.900261,1.013921
0.92006,0.900232,1.013921,0.9
0.956284,1.013531,0.9,0.900191
0.9,0.900191,0.900191,0.9
0.937418,0.9,0.9,0.900314
0.98454,0.900314,0.900314,0.9
0.9,0.9,0.9,0.900194
0.911416,0.900194,0.900194,1.1
1.024048,0.991389,1.1,1.086106
1.086106,1.1,1.086106,1.1
1.1,1.1,1.1,1.099918
1.099918,1.059272,1.099918,0.900223
0.967982,0.966427,0.900223,1.02895
0.985385,0.901572,1.02895,1.061093
1.053084,1.1,1.061093,1.066667
1.052632,1.054972,1.066667,1.009233
1.039437,1.034483,1.009233,1.050669
1.039973,1.002222,1.050669,1.010717
1.007166,1.083518,1.010717,0.961564
0.995472,0.967258,0.961564,0.900069
0.940871,0.921016,0.900069,0.92879
0.905387,0.9,0.92879,1.084089
1.017544,0.987234,1.084089,0.95057
1.009745,1.060345,0.95057,0.98
0.942836,0.95935,0.98,0.947755
0.968504,0.940678,0.947755,1.099914
1.038211,1.05045,1.099914,0.972592
1.024276,1.052316,0.972592,1.012077
0.963303,0.963325,1.012077,1.053302
1.053175,1.064298,1.053302,1.099698
1.097212,1.1,1.099698,1.03228
1.06456,1.066378,1.03228,1.060546
1.066452,0.99797,1.060546,1.065245
1.028433,0.989831,1.065245,1.01649
1.047059,1.1,1.01649,1.008111
1.011236,0.976048,1.008111,0.9
0.958333,0.960736,0.9,1.001916
0.93913,0.901022,1.001916,0.9
0.950617,1.000709,0.9,0.923513
0.914286,0.919972,0.923513,0.900307
0.9,0.903772,0.900307,0.900341
0.910194,0.900341,0.900341,1.034059
1.033778,0.970672,1.034059,1.099726
1.033534,1.073099,1.099726,1.084859
1.09401,1.1,1.084859,0.921012
0.971103,0.977905,0.921012,0.900083
0.924041,0.904603,0.900083,0.952821
0.957627,0.911193,0.952821,1.0
0.989381,1.006091,1.0,1.091262
1.010733,0.993946,1.091262,0.986655
1.051327,1.056853,0.986655,1.03697
1.001684,1.013449,1.03697,1.002609
0.973109,1.051185,1.002609,0.939289
1.074266,0.958521,0.939289,0.900277
0.9,0.917215,0.900277,1.1
1.009407,0.986667,1.1,0.953402
1.048462,1.061331,0.953402,1.041056
0.956444,1.003918,1.041056,1.041315
1.033457,1.014634,1.041315,1.012624
1.035072,1.059615,1.012624,0.955476
0.961772,0.958258,0.955476,1.020503
0.99729,1.014205,1.020503,0.952511
1.003623,0.963585,0.952511,1.017258
0.962094,0.995155,1.017258,0.948162
0.9803,0.966894,0.948162,1.018887
0.983732,1.006042,1.018887,1.050732
1.060311,1.053053,1.050732,1.020427
1.014679,1.012357,1.020427,1.048226
1.057866,1.033803,1.048226,1.022569
1.038462,1.02089,1.022569,0.959253
0.966255,1.004448,0.959253,1.048673
1.013629,0.996457,1.048673,1.018565
1.022689,1.024,1.018565,1.063795
1.060805,1.017361,1.063795,1.024922
1.045701,1.056314,1.024922,0.9
0.991111,0.956381,0.9,1.0625
0.952915,0.992399,1.0625,1.008744
1.012549,1.044255,1.008744,0.985028
1.003873,1.008965,0.985028,0.9888
0.964506,0.955574,0.9888,0.963592
1.0,0.997464,0.963592,1.020151
0.9872,1.012712,1.020151,1.0
1.004862,0.995816,1.0,0.954733
0.967742,0.968067,0.954733,1.00431
0.9825,1.000868,1.00431,1.060944
1.049194,1.013877,1.060944,1.010518
1.067906,1.065868,1.010518,1.035228
0.981832,1.001605,1.035228,1.020108
1.046261,1.020032,1.020108,0.982563
0.987472,1.000786,0.982563,1.011574
0.980597,1.005495,1.011574,0.976354
0.998478,0.978923,0.976354,0.975781
0.966463,0.988836,0.975781,1.017614
1.005521,0.984677,1.017614,0.990559
1.027451,1.023751,0.990559,1.002383
0.98855,0.9912,1.002383,1.010301
0.988417,1.004843,1.010301,0.989804
1.004687,1.004016,0.989804,1.004754
0.999222,0.9936,1.004754,0.985016
0.984436,0.991143,0.985016,0.999199
0.989723,1.000812,0.999199,1.018429
1.025559,1.00974,1.018429,0.900079
0.989097,0.919614,0.900079,0.979021
0.909449,0.942308,0.979021,1.001786
0.987879,1.025046,1.001786,1.037433
1.025416,1.006335,1.037433,1.004296
1.011966,1.032374,1.004296,0.968349
0.983108,0.979965,0.968349,1.010601
0.986254,0.992,1.010601,0.960664
0.99216,0.982079,0.960664,1.006369
0.987709,1.001825,1.006369,0.998192
0.999111,0.998179,0.998192,0.991848
0.985765,0.986314,0.991848,1.03379
1.036101,0.990749,1.03379,0.991166
0.990418,1.039216,0.991166,0.991979
1.00088,0.994609,0.991979,1.026056
1.010545,1.009937,1.026056,1.001751
1.026087,1.015206,1.001751,1.020979
0.994068,1.0,1.020979,1.010274
1.01023,1.017621,1.010274,1.011017
1.020253,1.002597,1.011017,0.993294
1.009098,1.011226,0.993294,1.04135
1.020492,0.999146,1.04135,1.004862
1.054618,1.05641,1.004862,1.046774
0.993907,1.003236,1.046774,0.976888
0.998467,1.016129,0.976888,1.010252
1.013047,1.005556,1.010252,0.900078
0.97803,0.910024,0.900078,0.980052
0.9,0.921075,0.980052,1.039823
1.021664,1.059322,1.039823,0.900426
0.972858,0.940444,0.900426,1.031191
0.986922,0.954631,1.031191,0.930339
0.969965,0.980198,0.930339,1.017734
0.955373,1.022222,1.017734,0.981607
1.007626,0.988142,0.981607,1.0
1.0,1.0,1.0,0.99211
1.002838,0.993,0.99211,1.013917
0.982075,0.97281,1.013917,1.039216
1.040346,1.047619,1.039216,0.975472
0.98615,1.018775,0.975472,0.952611
0.975655,0.950533,0.952611,1.017259
0.974088,0.996939,1.017259,1.007984
1.008867,1.026612,1.007984,0.9
0.986328,0.906281,0.9,0.961496
0.90198,0.915292,0.961496,0.902746
0.953897,0.945913,0.902746,1.035488
0.95397,0.997459,1.035488,0.960832
0.985525,0.983439,0.960832,1.050955
1.009792,1.016839,1.050955,1.032727
1.049697,1.025478,1.032727,1.004695
0.997691,1.047205,1.004695,0.975467
0.99537,0.984579,0.975467,1.010778
0.988372,0.945783,1.010778,1.031991
1.030588,1.073885,1.031991,1.004592
1.01484,1.023725,1.004592,1.042286
1.034871,1.002317,1.042286,1.023026
1.020652,1.031214,1.023026,1.018221
1.024494,1.032511,1.018221,1.014737
1.004158,1.004343,1.014737,1.036307
1.043478,1.032432,1.036307,0.9
0.988095,0.941361,0.9,0.989989
0.929719,0.979978,0.989989,0.931461
0.975162,0.920545,0.931461,1.032569
0.96124,1.013564,1.032569,1.082944
1.072581,1.03528,1.082944,1.044229
1.095596,1.1,1.044229,0.953512
0.980392,0.963351,0.953512,1.060672
1.005,1.029348,1.060672,1.003064
0.979104,0.984161,1.003064,0.941955
0.960366,0.973176,0.941955,0.976216
0.991534,0.990077,0.976216,0.998893
0.971185,0.981069,0.998893,1.034368
1.03956,1.028377,1.034368,0.984995
0.985201,0.987859,0.984995,1.022851
1.016094,1.005587,1.022851,1.065957
1.071806,1.035556,1.065957,1.032934
1.04335,1.062232,1.032934,1.084058
1.061379,1.033333,1.084058,0.960784
0.994662,1.050831,0.960784,1.000928
0.977639,0.990698,1.000928,1.0
1.0,1.0,1.0,1.0
1.0,1.0,1.0,0.952734
1.018298,0.955869,0.952734,1.014591
0.97035,1.009823,1.014591,1.033557
1.0,1.01751,1.033557,0.980519
1.006481,1.001912,0.980519,1.000946
0.981601,0.993321,1.000946,1.017958
1.020619,1.008646,1.017958,0.984215
0.988981,1.000952,0.984215,0.975472
0.996286,0.980019,0.975472,0.983559
0.962721,0.974757,0.983559,1.027532
1.029042,1.036853,1.027532,1.000957
0.993415,0.988473,1.000957,1.013384
1.037879,1.028183,1.013384,1.016981
0.984489,0.988658,1.016981,0.975881
0.999073,1.001912,0.975881,0.975285
0.963822,0.96374,0.975285,0.996101
1.0,1.00495,0.996101,0.960861
0.999038,0.919212,0.960861,1.060081
1.028902,1.045016,1.060081,0.967339
0.963483,1.003077,0.967339,0.979146
0.973761,0.99182,0.979146,1.0
0.998004,0.997938,1.0,0.994929
1.024,1.012397,0.994929,0.995923
0.964844,0.969388,0.995923,1.004094
1.0,1.015789,1.004094,1.026504
1.021255,1.006218,1.026504,0.994042
1.001982,1.025747,0.994042,0.993007
0.994065,0.977912,0.993007,0.961771
0.993035,0.977413,0.961771,0.942469
0.951904,0.928571,0.942469,0.99778
0.957895,1.005656,0.99778,0.989989
1.002198,0.99775,0.989989,0.997753
0.974781,0.975197,0.997753,1.003378
1.013498,1.018497,1.003378,0.996633
0.993341,0.990919,0.996633,1.001126
1.004469,1.014891,1.001126,0.973003
0.991101,0.959368,0.973003,0.995376
0.982043,1.011765,0.995376,1.009292
0.994286,0.983721,1.009292,1.013809
1.029885,1.023641,1.013809,0.977299
0.984375,0.987298,0.977299,1.005807
0.992063,1.005848,1.005807,1.001155
0.994286,0.977907,1.001155,1.0
1.0,1.020214,1.0,0.99654
1.0,0.997669,0.99654,1.042824
1.04023,1.004673,1.042824,1.00333
1.01326,1.039535,1.00333,0.998894
0.988004,1.002237,0.998894,1.005537
1.006623,1.003348,1.005537,0.994493
1.003289,1.0,0.994493,0.996678
0.987978,0.989989,0.996678,0.99
0.995575,0.994382,0.99,0.953984
0.981111,0.960452,0.953984,1.002353
0.97735,0.997647,1.002353,1.021127
1.013905,0.992925,1.021127,1.006897
1.017143,1.032067,1.006897,1.013699
1.01236,1.004603,1.013699,0.995495
0.99667,0.994273,0.995495,0.986425
0.998886,0.998848,0.986425,1.006881
0.981048,0.995386,1.006881,0.992027
1.009091,1.002317,0.992027,0.97589
0.987613,0.960694,0.97589,1.02
0.992018,1.024067,1.02,1.038062
1.037931,1.011751,1.038062,0.995556
1.006645,1.037166,0.995556,1.008929
0.9989,0.99888,1.008929,0.997788
1.001101,1.002242,0.997788,1.022173
1.027503,0.989933,1.022173,1.061822
1.085653,1.073446,1.061822,0.991828
0.965483,1.005263,0.991828,1.045314
1.054137,1.00733,1.045314,1.002956
1.031977,1.049896,1.002956,0.992141
0.99061,0.992079,0.992141,1.015842
0.980095,0.978044,1.015842,1.001949
1.008704,1.035714,1.001949,0.983463
0.986577,0.990148,0.983463,1.013848
1.027211,1.00995,1.013848,1.047805
1.033113,1.000985,1.047805,0.970205
0.982601,1.018701,0.970205,0.977927
0.987884,0.978744,0.977927,0.997056
0.975472,0.997038,0.997056,0.985236
0.987427,0.988119,0.985236,1.015984
1.004897,0.98998,1.015984,1.025565
1.038986,1.021255,1.025565,1.0
1.0,1.0,1.0,1.0
1.0,1.0,1.0,1.0
1.0,1.0,1.0,1.0
1.0,1.0,1.0,1.0
1.0,1.0,1.0,1.0
1.0,1.0,1.0,1.0
1.0,1.0,1.0,1.0
1.0,1.0,1.0,1.0
1.0,1.0,1.0,1.0
1.0,1.0,1.0,1.0
1.0,1.0,1.0,1.0
1.0,1.0,1.0,1.0
1.0,1.0,1.0,1.0
1.0,1.0,1.0,1.0
1.0,1.0,1.0,1.0
1.0,1.0,1.0,1.0
1.0,1.0,1.0,1.0
1.0,1.0,1.0,1.0
1.0,1.0,1.0,1.0
1.0,1.0,1.0,1.0
1.0,1.0,1.0,1.0
1.0,1.0,1.0,1.0
1.0,1.0,1.0,0.918504
0.939962,0.940535,0.918504,0.994781
0.963074,0.995785,0.994781,1.009444
0.997927,1.005291,1.009444,0.995842
1.009346,1.006316,0.995842,0.988518
0.99177,0.980126,0.988518,0.99472
0.990664,1.001067,0.99472,1.031847
1.017801,0.995736,1.031847,0.989712
1.006173,1.026767,0.989712,0.994802
0.98773,0.98853,0.994802,0.989551
0.991718,0.99789,0.989551,0.980993
0.983299,0.973573,0.980993,0.995694
0.994692,0.998914,0.995694,0.983784
0.985059,0.984783,0.983784,0.996703
0.991333,0.992274,0.996703,0.997795
0.996721,1.001112,0.997795,0.99558
0.997807,0.998889,0.99558,1.006659
1.002198,1.004449,1.006659,0.99118
0.997807,0.992248,0.99118,0.978865
0.987912,0.982143,0.978865,1.007955
0.989989,0.994318,1.007955,1.016911
1.016854,1.010286,1.016911,1.063193
1.061878,1.022624,1.063193,1.001043
1.006243,1.047566,1.001043,1.009375
1.01241,1.01056,1.009375,1.019608
1.017365,1.003135,1.019608,0.986842
1.002008,1.0,0.986842,0.985641
0.976954,0.988542,0.985641,1.099896
1.084103,1.003161,1.099896,1.016083
1.054872,1.071429,1.016083,1.012104
0.994619,1.039216,1.012104,0.99172
0.987376,0.99434,0.99172,0.980519
0.976256,0.996205,0.980519,0.999054
1.004677,0.988571,0.999054,0.99053
0.995345,1.0,0.99053,1.018164
0.999065,0.982659,1.018164,0.977465
0.992509,1.010784,0.977465,1.01537
1.00566,1.00194,1.01537,0.966887
0.99531,0.988383,0.966887,0.978474
0.964185,0.973555,0.978474,1.01
0.989247,1.003018,1.01,0.990099
1.002964,1.001003,0.990099,1.022
1.019704,0.991984,1.022,0.995108
1.004831,1.022222,0.995108,1.022616
1.009615,0.994071,1.022616,1.006731
1.011429,1.032803,1.006731,0.969436
0.991525,0.974976,0.969436,1.04532
1.010446,1.011846,1.04532,1.047125
1.072368,1.02439,1.047125,0.979298
0.969325,1.025714,0.979298,0.992647
1.01085,0.999071,0.992647,1.043519
1.018784,0.987918,1.043519,1.023957
1.025461,1.039511,1.023957,0.971404
0.999144,1.00543,0.971404,1.020517
1.011997,1.014401,1.020517,0.988636
0.995766,0.998225,0.988636,0.981432
0.969388,0.982222,0.981432,1.044144
1.034211,1.013575,1.044144,0.991372
0.99067,1.004464,0.991372,1.032202
1.039384,1.004444,1.032202,0.975548
0.989292,1.015929,0.975548,0.960242
0.947544,0.960801,0.960242,1.0018
0.990334,1.004533,1.0018,0.962264
1.007098,0.956679,0.962264,0.983193
0.963877,0.986792,0.983193,0.996201
0.982633,1.000956,0.996201,1.024786
1.008372,1.002865,1.024786,1.006512
1.016605,1.02,1.006512,1.024954
1.008167,1.004669,1.024954,0.982867
1.037804,1.005576,0.982867,1.075229
1.029488,0.996303,1.075229,0.993174
1.018534,1.068646,0.993174,1.012887
0.98263,0.994792,1.012887,0.986429
1.0,1.007853,0.986429,1.015477
1.01431,0.987013,1.015477,0.95597
0.977593,0.973684,0.95597,1.08326
1.054329,1.018018,1.08326,1.009812
1.004026,1.055752,1.009812,0.982186
1.001604,1.00922,0.982186,1.0
0.972778,0.972591,1.0,1.000824
1.007407,1.010248,1.000824,0.97117
0.985294,0.989856,0.97117,0.992366
0.986733,0.992314,0.992366,0.996581
1.015126,0.998279,0.996581,1.040309
1.010762,1.005172,1.040309,1.004122
0.999181,1.018868,1.004122,1.020525
1.022131,1.006734,1.020525,1.000805
1.026464,1.023411,1.000805,1.008842
0.989844,1.004902,1.008842,0.971315
1.025257,0.988618,0.971315,1.016407
0.976135,0.985197,1.016407,0.979015
0.985016,1.010017,0.979015,0.954658
0.970376,0.956198,0.954658,1.001727
0.985974,0.960242,1.001727,1.018103
0.989121,1.022502,1.018103,1.000847
1.019459,1.03081,1.000847,0.980541
0.990041,0.98719,0.980541,1.018982
0.997485,0.99654,1.018982,1.003387
1.001681,1.017361,1.003387,1.001688
1.003356,1.004266,1.001688,0.965459
0.991639,0.962617,0.965459,0.967714
0.967116,0.972639,0.967714,0.998197
0.98082,0.999093,0.998197,1.011743
0.996444,1.000908,1.011743,0.975893
0.996432,0.983666,0.975893,1.011894
0.991943,0.994465,1.011894,1.018987
1.018051,1.022263,1.018987,1.011535
1.014184,1.017241,1.011535,1.024561
1.027972,1.017841,1.024561,1.004281
1.010204,1.005259,1.004281,0.982097
0.983165,1.000872,0.982097,1.0
0.997432,0.991289,1.0,1.006076
1.012876,1.006151,1.006076,1.024159
1.007627,1.0,1.024159,1.000842
1.007569,1.027948,1.000842,1.005051
1.018364,1.004248,1.005051,0.981575
0.989344,0.985618,0.981575,0.988908
0.968517,0.976824,0.988908,0.975841
0.991446,0.991213,0.975841,1.006189
0.983607,0.992908,1.006189,1.018453
1.021053,1.007143,1.018453,0.97843
0.998282,1.00266,0.97843,1.0
0.980207,0.992042,1.0,1.014109
1.013169,1.008021,1.014109,0.971304
0.9974,0.983201,0.971304,1.004476
0.983493,0.998201,1.004476,0.99287
0.988516,0.990991,0.99287,0.983842
0.998213,0.989091,0.983842,1.013686
0.995524,0.993566,1.013686,1.0009
1.009892,1.023127,1.0009,0.989209
0.995548,0.994575,0.989209,1.008182
1.0,1.003636,1.008182,0.983769
0.998211,0.983696,0.983769,1.008249
0.986559,0.999079,1.008249,0.995455
0.999092,1.002765,0.995455,0.99726
1.003636,0.993566,0.99726,1.002747
0.998188,1.000925,1.002747,1.03379
1.044465,1.007394,1.03379,0.990283
0.987837,1.025688,0.990283,1.0
0.996482,0.995528,1.0,1.007136
1.006178,1.002695,1.007136,0.963685
0.987719,0.958781,0.963685,1.012868
0.992007,1.02243,1.012868,1.034483
1.025067,0.996344,1.034483,1.012281
1.017467,1.03578,1.012281,1.011265
1.018884,1.021258,1.011265,1.000857
1.023589,0.993929,1.000857,1.024829
0.995885,1.013962,1.024829,0.984962
1.0,1.006885,0.984962,1.036472
1.03719,0.998291,1.036472,0.964812
0.970518,1.005993,0.964812,0.99067
1.0,0.987234,0.99067,1.010274
0.988506,1.002586,1.010274,0.963559
0.980066,0.958727,0.963559,0.996482
0.970339,0.991031,0.996482,0.976169
0.99476,0.997285,0.976169,0.991863
0.982441,0.975499,0.991863,1.006381
0.991957,1.009302,1.006381,1.013587
1.013514,1.006452,1.013587,0.998213
1.001778,0.987179,0.998213,0.991943
0.992014,1.01577,0.991943,1.00361
1.0161,1.004566,1.00361,0.982914
0.976232,0.991818,0.982914,0.982617
0.99459,0.980752,0.982617,0.986965
0.975521,0.981308,0.986965,0.937736
0.989777,0.942857,0.937736,1.040241
0.975587,1.006061,1.040241,0.962282
0.993263,0.988956,0.962282,0.978894
0.957364,0.944162,0.978894,0.99384
0.988866,1.029032,0.99384,0.997934
1.009212,0.991641,0.997934,1.015528
0.997972,0.997893,1.015528,1.035678
1.046748,1.023231,1.035678,0.970472
0.973786,1.009288,0.970472,0.98783
0.987039,0.986708,0.98783,0.98152
0.99596,0.984456,0.98152,0.955021
0.973631,0.957895,0.955021,1.007667
0.964583,0.98022,1.007667,1.006522
1.008639,1.016816,1.006522,1.00108
1.003212,1.020948,1.00108,0.997843
1.003202,0.99784,0.997843,0.966486
0.98617,0.963203,0.966486,1.013423
0.983819,0.996629,1.013423,1.016556
1.025219,1.019166,1.016556,0.996743
0.988235,1.002212,0.996743,1.033769
1.030303,1.00883,1.033769,1.002107
1.004202,1.026258,1.002107,1.018927
1.021967,1.002132,1.018927,0.983488
0.9826,0.995745,0.983488,1.018888
1.014583,1.004274,1.018888,0.99897
0.99692,1.015957,0.99897,0.998969
1.00309,1.006283,0.998969,0.998968
0.995893,0.997919,0.998968,0.998967
1.005155,1.001043,0.998967,1.003102
1.005128,1.003125,1.003102,0.984536
0.992857,0.988577,0.984536,0.98534
0.985612,0.987395,0.98534,0.982997
0.98123,0.959574,0.982997,1.010811
0.994687,1.009978,1.010811,1.005348
1.008547,1.023052,1.005348,1.01383
1.023305,1.002146,1.01383,1.003148
0.996894,1.018201,1.003148,1.0
1.037383,0.974763,1.0,1.019874
0.982983,1.02589,1.019874,0.993846
0.992872,1.010515,0.993846,1.007224
1.008205,1.003122,1.007224,0.994877
0.993896,0.998963,0.994877,1.015448
1.011259,1.004154,1.015448,0.996957
1.006073,1.008273,0.996957,0.983723
0.991952,0.990769,0.983723,1.013444
0.995943,0.991718,1.013444,1.018367
1.026477,1.017745,1.018367,1.002004
1.002976,1.015385,1.002004,0.948
0.98912,0.954545,0.948,1.018987
0.969,0.989418,1.018987,1.068323
1.083591,1.040642,1.068323,1.018411
1.013333,1.048304,1.018411,0.992388
0.985902,1.007843,0.992388,1.003835
1.000953,0.998054,1.003835,0.984718
0.998095,0.996101,0.984718,1.031038
1.016221,1.006849,1.031038,0.988711
1.008451,1.009718,0.988711,0.987631
0.978585,0.995188,0.987631,1.038536
1.033302,0.991296,1.038536,0.992579
0.994475,1.032195,0.992579,0.998131
1.012037,1.004726,0.998131,0.996255
0.981702,0.992474,0.996255,1.014098
1.028891,1.006635,1.014098,1.024096
1.002717,1.020716,1.024096,0.986425
0.999097,0.99631,0.986425,1.020183
1.013562,1.010185,1.020183,0.964029
0.990187,0.981668,0.964029,0.94403
0.954955,0.943978,0.94403,1.018775
0.976415,1.0,1.018775,0.991271
0.999034,1.003956,0.991271,1.002935
0.996132,0.985222,1.002935,1.011707
1.024272,1.034,1.011707,1.041466
1.03128,0.982592,1.041466,1.008333
1.012868,1.05315,1.008333,0.989899
0.988203,0.995327,0.989899,0.985158
0.989899,0.974648,0.985158,0.990584
0.987941,1.008671,0.990584,1.01711
1.010329,0.997135,1.01711,1.003738
1.013011,1.018199,1.003738,1.017691
1.013761,1.006585,1.017691,1.00366
0.99819,1.006542,1.00366,1.0
1.003626,1.0065,1.0,0.989973
0.996387,0.994465,0.989973,0.998158
0.996374,1.0,0.998158,0.969557
0.99454,0.973098,0.969557,1.062797
1.025618,1.00286,1.062797,0.969561
0.991079,1.01711,0.969561,0.982456
0.976598,0.984112,0.982456,0.99812
0.989862,1.001899,0.99812,1.002825
1.004655,1.000948,1.002825,0.991549
0.985171,0.993371,0.991549,1.015152
1.0254,1.011439,1.015152,0.985075
0.981651,0.990575,0.985075,1.0
0.991589,0.992388,1.0,0.988636
1.0,0.997124,0.988636,1.006705
0.993402,0.994231,1.006705,0.987631
1.004744,1.002901,0.987631,1.0
0.991501,0.981678,1.0,0.981696
0.992381,1.0,0.981696,1.010795
0.990403,1.000982,1.010795,1.002913
1.002907,1.005888,1.002913,0.990319
0.999034,0.996098,0.990319,1.002933
1.000967,0.999021,1.002933,1.020468
1.015459,1.012745,1.020468,1.0
1.003806,1.006776,1.0,1.002865
1.000948,1.006731,1.002865,0.992381
0.998106,0.983763,0.992381,1.018234
1.010436,1.004854,1.018234,0.995287
1.0,1.011594,0.995287,0.982008
0.99061,0.987584,0.982008,0.969142
0.989573,0.965184,0.969142,0.974129
0.967433,0.976954,0.974129,1.020429
0.992079,1.004103,1.020429,1.021021
1.037924,1.0143,1.021021,0.99902
0.984615,1.009063,0.99902,1.016683
1.024414,1.00998,1.016683,1.004826
0.993327,1.018775,1.004826,1.0
1.019194,0.99903,1.0,0.972142
0.979284,0.970874,0.972142,0.999012
0.975,0.987,0.999012,0.991098
1.008876,1.011145,0.991098,0.99002
0.977517,0.988978,0.99002,0.992944
0.994,0.993921,0.992944,0.986802
0.995976,0.976555,0.986802,1.00823
0.991919,1.011482,1.00823,1.004082
1.010183,1.006192,1.004082,1.002033
0.998992,1.005128,1.002033,0.988844
0.996973,0.982653,0.988844,1.0
0.992915,1.007269,1.0,0.996923
1.002039,0.998969,0.996923,0.977366
0.990844,0.97936,0.977366,0.996842
0.982546,0.992624,0.996842,0.952482
0.99373,0.952229,0.952482,1.005543
0.955836,0.981048,1.005543,0.997795
1.007701,1.023864,0.997795,1.00221
0.995633,0.99667,1.00221,0.992282
1.013158,0.996659,0.992282,1.011111
0.993506,1.005587,1.011111,0.99011
0.990196,0.997778,0.99011,1.00444
0.9978,0.997773,1.00444,1.009945
1.009923,1.006696,1.009945,0.989059
1.002183,0.997783,0.989059,1.011062
0.998911,0.996667,1.011062,0.989059
1.001091,1.001115,0.989059,0.971239
0.985839,0.969933,0.971239,1.002278
0.974586,0.988519,1.002278,0.981818
1.0,1.001161,0.981818,1.003472
0.986395,0.991879,1.003472,1.004614
1.002299,1.005848,1.004614,0.971297
1.002294,0.981395,0.971297,1.041371
1.048055,1.030806,1.041371,1.00681
0.978166,0.997701,1.00681,0.97407
0.992188,0.990783,0.97407,0.990741
0.974128,0.987209,0.990741,1.002336
0.993072,1.002356,1.002336,0.97669
1.002326,0.976498,0.97669,0.99284
0.976798,0.980746,0.99284,1.012019
1.013064,1.007362,1.012019,0.978622
0.983587,1.002436,0.978622,1.012136
0.996424,0.99757,1.012136,0.997602
1.009569,1.008526,0.997602,1.016827
1.004739,1.0,1.016827,1.0
1.005896,1.013285,1.0,1.018913
1.01524,1.002384,1.018913,1.00116
1.001155,1.017836,1.00116,1.008111
1.008074,1.004673,1.008111,0.996552
0.996568,1.0,0.996552,1.00692
1.003444,1.006977,1.00692,0.979381
0.998856,0.982679,0.979381,0.982456
0.979381,0.983549,0.982456,1.007143
0.992982,1.0,1.007143,0.992908
0.996466,0.997611,0.992908,0.971429
0.995272,0.976048,0.971429,1.014706
0.989311,1.0,1.014706,1.012077
1.009604,1.004908,1.012077,1.015513
1.014269,1.014652,1.015513,0.990599
0.997655,1.009627,0.990599,1.020166
1.016451,0.994041,1.020166,1.0
1.002312,1.02518,1.0,0.998837
0.99308,0.99883,0.998837,1.009313
1.020906,1.003513,1.009313,0.995386
0.989761,1.003501,0.995386,0.977984
0.994253,0.975581,0.977984,1.042654
1.023121,1.009535,1.042654,1.0
1.00565,1.016529,1.0,0.948864
0.993258,0.962834,0.948864,1.002395
0.954751,0.987937,1.002395,0.980884
0.984597,0.97558,0.980884,0.900122
0.965102,0.924906,0.900122,0.99594
0.950125,0.97429,0.99594,1.004076
0.979003,1.018056,1.004076,0.943166
0.965147,0.941337,0.943166,1.014347
0.988889,1.015942,1.014347,1.009901
1.019663,1.011412,1.009901,1.004202
0.991736,1.00141,1.004202,1.030683
1.044444,1.014085,1.030683,1.00406
0.994681,1.020833,1.00406,1.018868
1.013369,1.009524,1.018868,0.996032
0.998681,1.010782,0.996032,1.01328
1.02642,1.0,1.01328,1.002621
0.98713,1.0,1.002621,0.980392
0.994785,0.998667,0.980392,1.005333
0.990826,0.998665,1.005333,1.017241
1.017196,1.005348,1.017241,0.988266
1.006502,1.006649,0.988266,1.001319
0.983204,0.992074,1.001319,1.011858
1.010512,1.006658,1.011858,1.013021
1.016905,1.015873,1.013021,1.003856
1.008951,1.00651,1.003856,0.988476
0.99493,0.994825,0.988476,1.014249
1.017834,0.989597,1.014249,0.99106
0.986233,1.014455,0.99106,0.998711
0.996193,0.997409,0.998711,1.0
0.994904,0.997403,1.0,1.009032
1.020487,1.005208,1.009032,0.991049
0.988708,0.994819,0.991049,0.922581
0.951777,0.919271,0.922581,1.013986
0.970667,0.977337,1.013986,1.015172
1.017857,1.056522,1.015172,0.986413
0.989204,0.989026,0.986413,1.011019
1.002729,1.002774,1.011019,1.002725
1.014966,1.011065,1.002725,0.998641
0.989276,0.998632,0.998641,0.976871
0.982385,0.972603,0.976871,0.997214
1.005517,1.008451,0.997214,1.009777
0.998628,0.99162,1.009777,1.0
1.001374,0.998592,1.0,1.009682
1.009602,1.021157,1.009682,0.991781
0.997283,0.997238,0.991781,0.995856
0.99455,0.99723,0.995856,0.998613
1.006849,0.993056,0.998613,0.997222
0.993197,1.004196,0.997222,1.005571
0.993151,0.981894,1.005571,1.031856
1.042759,1.014184,1.031856,0.962416
0.978836,1.002797,0.962416,0.997211
0.975676,0.983264,0.997211,1.023776
1.01385,1.011348,1.023776,1.0
1.0,1.01122,1.0,0.979508
0.998634,0.991678,0.979508,1.002789
0.987688,0.997203,1.002789,0.988873
1.00277,0.995792,0.988873,1.019691
1.002762,1.001408,1.019691,1.004138
1.004132,1.014065,1.004138,1.016484
1.019204,1.009709,1.016484,1.004054
1.004038,1.012363,1.004054,1.020188
1.038874,1.005427,1.020188,1.021108
1.014194,1.025641,1.021108,0.994832
0.987277,1.007895,0.994832,0.992208
0.998711,0.988251,0.992208,1.0
0.990968,0.992074,1.0,0.992147
1.005208,1.005326,0.992147,1.011873
1.001295,1.001325,1.011873,1.023468
1.023286,1.017196,1.023468,1.04586
1.041719,1.026008,1.04586,0.986602
0.996359,1.015209,0.986602,0.985185
0.996346,0.993758,0.985185,0.989975
0.97555,0.988693,0.989975,0.996203
0.998747,0.998729,0.996203,0.978399
0.994981,0.975827,0.978399,1.016883
0.997478,1.005215,1.016883,0.951469
0.986094,0.964981,0.951469,1.024161
0.979487,1.004032,1.024161,0.992136
1.005236,1.008032,0.992136,1.0
1.002604,1.003984,1.0,1.019815
1.003896,1.005291,1.019815,1.010363
1.010349,1.006579,1.010363,0.983333
1.019206,1.001307,0.983333,0.977836
0.967337,0.972585,0.977836,0.977333
0.972727,0.981208,0.977333,1.0191
1.001335,1.002736,1.0191,0.97992
0.993333,0.995907,0.97992,1.006831
0.997315,1.005479,1.006831,0.981004
0.997308,0.980926,0.981004,0.91148
0.97031,0.904167,0.91148,1.009105
0.938804,0.998464,1.009105,0.996992
1.002963,1.016923,0.996992,1.0181
0.997046,0.983359,1.0181,0.995556
1.014815,1.032308,0.995556,1.011905
1.0,0.985097,1.011905,0.994118
0.989781,1.007564,0.994118,0.989645
1.004425,1.003003,0.989645,1.019432
1.004405,0.997006,1.019432,1.029326
1.076023,1.039039,1.029326,1.01567
0.970109,0.995665,1.01567,0.981767
1.0,1.011611,0.981767,0.96
0.987395,0.95122,0.96,1.0
0.968794,0.984917,1.0,1.02381
1.008785,1.027565,1.02381,1.015988
1.018868,1.026826,1.015988,0.972818
0.98433,0.975327,0.972818,1.029412
1.017366,1.004464,1.029412,1.01
1.007112,1.034074,1.01,0.992928
1.004237,1.0,0.992928,1.008547
1.0,0.992837,1.008547,0.995763
1.018284,1.015873,0.995763,1.0
0.987569,0.991477,1.0,1.014184
1.001399,1.002865,1.014184,1.012587
1.01676,1.011429,1.012587,1.016575
1.01511,1.019774,1.016575,0.993207
1.009472,1.00554,0.993207,0.99316
0.989276,0.995868,0.99316,1.013774
1.009485,1.005533,1.013774,0.972826
0.995973,0.979367,0.972826,1.00419
0.975741,1.0,1.00419,0.984701
1.008287,0.992978,0.984701,0.966102
0.971233,0.949081,0.966102,1.005848
0.980254,1.011923,1.005848,0.978198
0.992806,0.986745,0.978198,1.031204
1.008696,1.004478,1.031204,0.998559
1.017241,1.02526,0.998559,1.025974
1.009887,0.997101,1.025974,0.998594
0.998601,1.024709,0.998594,0.994366
0.992997,0.982979,0.994366,1.0
1.005642,1.010101,1.0,0.985836
0.99439,0.991429,0.985836,0.981322
0.980254,0.975504,0.981322,0.980966
0.998561,0.985229,0.980966,1.004478
0.976945,0.992504,1.004478,1.047548
1.044248,1.010574,1.047548,0.997163
1.001412,1.037369,0.997163,0.98293
0.990127,0.992795,0.98293,0.991317
0.988604,0.98984,0.991317,1.017518
1.007205,1.002933,1.017518,0.995696
1.002861,1.008772,0.995696,0.998559
0.997147,1.001449,0.998559,0.972583
0.995708,0.972504,0.972583,1.011869
0.988506,1.005952,1.011869,1.029326
1.021802,0.998521,1.029326,1.004274
1.00569,1.032593,1.004274,0.987234
0.995757,0.997131,0.987234,0.99569
0.995739,0.995683,0.99569,0.998557
1.008559,0.99711,0.998557,0.99422
0.98727,0.975362,0.99422,1.001453
0.997135,1.016345,1.001453,1.018868
1.014368,1.005848,1.018868,1.005698
1.004249,1.011628,1.005698,1.0
1.008463,1.010057,1.0,0.984419
0.99021,0.97724,0.984419,1.028777
1.014124,1.004367,1.028777,1.004196
1.012535,1.030435,1.004196,1.013928
1.017882,1.009845,1.013928,1.006868
0.995946,1.005571,1.006868,1.008186
1.013569,1.01108,1.008186,0.99594
0.994645,1.00411,0.99594,0.997283
1.004038,1.0,0.997283,1.012262
0.99866,1.001364,1.012262,0.982503
0.990604,0.982289,0.982503,1.006849
1.01084,1.011096,1.006849,1.028571
1.014745,1.005487,1.028571,0.92328
0.977543,0.944065,0.92328,1.017192
0.964865,0.991329,1.017192,0.952113
1.0,0.976676,0.952113,0.983728
0.964986,0.992537,0.983728,1.006015
0.98984,0.986466,1.006015,0.974589
0.979472,0.983232,0.974589,1.030675
1.007485,0.99845,1.030675,1.034226
1.052006,1.049689,1.034226,0.991367
0.987288,1.013314,0.991367,1.001451
0.994278,0.99708,1.001451,0.991304
0.991367,0.97511,0.991304,1.004386
1.008708,1.01952,1.004386,0.985444
0.997122,0.994109,0.985444,1.025111
1.004329,0.997037,1.025111,1.007205
1.022989,1.023774,1.007205,0.988555
0.994382,0.997097,0.988555,1.033285
1.008475,1.0131,1.033285,0.990196
1.004202,1.007184,0.990196,1.005658
0.993026,0.997147,1.005658,0.988748
1.005618,1.005722,0.988748,0.995733
0.993017,0.992888,0.995733,1.001429
0.987342,0.994269,1.001429,1.012839
1.012821,1.0,1.012839,1.007042
1.008439,1.010086,1.007042,0.993007
1.004184,1.011412,0.993007,1.007042
0.994444,0.997179,1.007042,1.008392
1.01676,1.007072,1.008392,1.004161
1.0,1.002809,1.004161,0.972376
0.991758,0.984594,0.972376,0.994318
0.973684,0.984353,0.994318,1.0
1.001422,1.00578,1.0,0.97
0.995739,0.974138,0.97,0.991163
0.971469,0.985251,0.991163,1.001486
1.002937,1.004491,1.001486,1.011869
1.001464,1.0,1.011869,0.978006
1.00731,0.980626,0.978006,1.023988
1.0,1.012158,1.023988,1.026354
1.024673,1.040541,1.026354,1.00428
0.998584,1.004329,1.00428,0.991477
0.995745,0.997126,0.991477,0.985673
0.995726,0.991354,0.985673,1.021802
1.008584,1.0,1.021802,0.991465
1.007092,1.002907,0.991465,1.002869
0.991549,1.007246,1.002869,1.015737
1.025568,1.017266,1.015737,1.043662
1.036011,1.007072,1.043662,0.979757
0.995989,1.015449,0.979757,1.009642
0.993289,1.002766,1.009642,1.006821
1.016216,1.005517,1.006821,0.98645
0.990691,0.987654,0.98645,0.998626
0.985235,0.995833,0.998626,0.990371
0.997275,0.998605,0.990371,1.004167
0.990437,1.002793,1.004167,0.97787
0.988966,0.956825,0.97787,0.980198
0.987448,1.002911,0.980198,0.992785
0.995763,0.998549,0.992785,0.994186
0.982979,0.982558,0.994186,0.959064
0.992785,0.946746,0.959064,1.004573
0.96657,1.021875,1.004573,1.019727
1.015038,1.006116,1.019727,1.011905
1.011852,1.022796,1.011905,0.995588
0.997072,1.001486,0.995588,1.001477
1.01909,1.005935,1.001477,1.0059
0.997118,0.99705,1.0059,1.010264
1.001445,1.004438,1.010264,0.997097
0.998557,1.005891,0.997097,1.011645
1.008671,1.0,1.011645,0.992806
1.0,1.005857,0.992806,0.992754
0.994269,0.994178,0.992754,1.014599
1.001441,1.002928,1.014599,1.008633
1.01295,1.016058,1.008633,0.988588
1.00142,0.991379,0.988588,1.010101
1.001418,0.997101,1.010101,1.004286
1.001416,1.011628,1.004286,0.997155
1.002829,1.005747,0.997155,1.00428
1.00141,1.0,1.00428,0.974432
0.987324,0.964286,0.974432,0.998542
0.987161,1.002963,0.998542,0.989781
0.998555,0.994092,0.989781,1.017699
1.0,1.005944,1.017699,1.023188
1.021708,1.013294,1.023188,1.002833
1.005666,1.023324,1.002833,1.008475
1.009859,1.004274,1.008475,0.997199
0.998605,1.005674,0.997199,0.991573
0.994413,0.990127,0.991573,1.025496
1.021067,1.005698,1.025496,1.01105
1.022008,1.01983,1.01105,0.994536
0.994616,1.002778,0.994536,0.989011
1.001353,0.99446,0.989011,1.018056
0.995946,0.998607,1.018056,1.047749
1.052917,1.032078,1.047749,1.011719
1.039948,1.031081,1.011719,0.98713
0.972739,0.994758,0.98713,1.006519
0.989809,1.007905,1.006519,1.006477
1.002574,0.992157,1.006477,1.0
1.023107,1.01581,1.0,1.029601
1.010038,1.009079,1.029601,1.00375
1.004969,1.017995,1.00375,1.001245
1.00618,1.0,1.001245,0.956468
0.980344,0.968434,0.956468,1.044213
1.006266,1.006519,1.044213,1.003736
1.026152,1.032383,1.003736,0.976427
0.976942,0.986198,0.976427,0.996188
0.990062,0.979644,0.996188,1.006378
1.001255,1.014286,1.006378,1.036755
1.025063,1.006402,1.036755,0.98533
1.008557,1.019084,0.98533,1.004963
0.985455,0.993758,1.004963,1.002469
1.01476,1.007538,1.002469,1.027094
1.015758,1.0,1.027094,0.971223
0.98926,1.008728,0.971223,0.971605
0.984318,0.970334,0.971605,1.001271
0.971814,0.989809,1.001271,0.978426
1.0,0.989704,0.978426,1.029831
1.001261,0.994798,1.029831,1.028967
1.037783,1.043137,1.028967,1.00612
1.009709,1.018797,1.00612,1.020681
1.014423,1.00369,1.020681,1.013111
1.015403,1.026961,1.013111,1.029412
1.073512,1.036993,1.029412,0.980571
0.946739,0.975834,0.980571,0.983683
0.983927,0.978774,0.983683,0.995261
1.010502,1.007229,0.995261,1.005952
0.979215,0.997608,1.005952,0.983432
1.01533,0.995204,0.983432,1.018051
0.982578,0.991566,1.018051,1.039007
1.054374,1.031592,1.039007,0.993174
0.991031,1.020024,0.993174,1.021764
1.023756,1.005774,1.021764,0.9787
1.007735,1.0,0.9787,0.993127
0.966009,0.982778,0.993127,1.0
0.99319,0.995327,1.0,0.956171
0.996571,0.96831,0.956171,0.984318
0.959862,0.986667,0.984318,0.969363
0.986858,0.970516,0.969363,0.998736
0.970944,0.983544,0.998736,0.91519
0.953865,0.917632,0.91519,1.005533
0.95817,0.998597,1.005533,0.98762
0.997271,0.991573,0.98762,0.987465
0.987688,1.001416,0.987465,1.029619
1.012465,0.992928,1.029619,0.986301
0.991792,1.021368,0.986301,0.986111
0.998621,0.988842,0.986111,1.019718
1.004144,1.007052,1.019718,1.020718
1.022008,1.011204,1.020718,0.963464
0.995962,0.981994,0.963464,1.007022
0.968919,0.992948,1.007022,1.018131
1.019526,1.011364,1.018131,1.0
1.008208,1.016854,1.0,0.975342
0.986431,0.982044,0.975342,0.992978
0.986245,0.992968,0.992978,1.022631
1.009763,1.001416,1.022631,0.998617
1.006906,1.018388,0.998617,0.998615
0.994513,0.994444,0.998615,0.987517
0.993103,0.984637,0.987517,0.998596
0.998611,1.007092,0.998596,0.983122
0.994437,0.978873,0.983122,0.985694
0.979021,0.978417,0.985694,1.001451
0.997143,1.013235,1.001451,0.989855
0.995702,0.985486,0.989855,1.011713
1.0,1.002946,1.011713,1.027496
1.023022,1.014684,1.027496,0.994366
1.001406,1.017366,0.994366,1.0
0.995787,0.995733,1.0,0.994334
1.00141,0.998571,0.994334,0.994302
0.991549,0.992847,0.994302,0.998567
0.997159,1.0,0.998567,1.014347
1.01567,1.017291,1.014347,1.014144
1.014025,1.002833,1.014144,1.015342
1.009682,1.014124,1.015342,0.994505
0.99863,1.004178,0.994505,0.991713
0.995885,0.983356,0.991713,1.002786
0.997245,1.005642,1.002786,1.013889
1.012431,1.008415,1.013889,1.023288
1.057299,1.037552,1.023288,1.017403
0.990968,1.006702,1.017403,0.986842
0.988281,0.996005,0.986842,0.990667
0.988142,0.985294,0.990667,1.009421
1.0,1.005427,1.009421,1.0
1.010667,1.004049,1.0,0.9
0.9,0.9,0.9,0.990942
0.976991,0.985375,0.990942,0.992687
1.0,1.001855,0.992687,0.98895
0.994565,0.992593,0.98895,1.044693
1.032787,0.998134,1.044693,1.005348
1.007055,1.039252,1.005348,1.047872
1.045534,0.998201,1.047872,0.99154
1.01005,1.05045,0.99154,0.984642
0.966833,0.979417,0.984642,0.986135
0.996569,0.994746,0.986135,0.977153
0.984509,0.973592,0.977153,1.019784
0.993007,0.998192,1.019784,1.001764
1.012324,1.023551,1.001764,0.985915
0.987826,0.989381,0.985915,0.998214
0.987676,0.987478,0.998214,1.001789
1.003565,1.0,1.001789,1.0
1.003552,1.009058,1.0,1.003571
0.99823,0.994614,1.003571,1.008897
1.030142,1.00361,1.008897,0.971781
0.962134,0.982014,0.971781,0.981851
0.980322,0.985348,0.981851,0.961183
0.974453,0.947955,0.961183,0.996154
0.983146,1.011765,0.996154,1.003861
0.99619,1.003876,1.003861,0.980769
1.001912,0.980695,0.980769,1.009804
0.984733,1.0,1.009804,0.992233
0.996124,0.994094,0.992233,0.990215
1.009728,0.99604,0.990215,0.992095
0.971098,0.978131,0.992095,1.005976
1.005952,0.99187,1.005976,1.025743
1.021696,1.02459,1.025743,0.998069
1.007722,1.028,0.998069,1.003868
0.998084,1.0,1.003868,0.99422
1.001919,0.996109,0.99422,0.998062
0.996169,1.003906,0.998062,0.984466
0.978846,0.972763,0.984466,1.021696
1.02554,1.016,1.021696,1.001931
0.998084,1.01378,1.001931,0.992293
1.0,0.998058,0.992293,0.98835
1.0,0.986381,0.98835,1.02947
1.007678,0.996055,1.02947,1.0
1.005714,1.031683,1.0,1.015267
1.007576,0.996161,1.015267,0.99812
1.018797,1.021195,0.99812,0.998117
0.987085,0.996226,0.998117,1.013208
1.005607,1.003788,1.013208,1.005587
1.005576,1.007547,1.005587,0.994444
1.001848,1.001873,0.994444,1.001862
0.99631,0.998131,1.001862,1.001859
1.011111,1.007491,1.001859,0.977737
0.989011,0.97026,0.977737,1.003795
0.985185,1.0,1.003795,1.00189
1.00188,1.007663,1.00189,0.983019
0.998124,0.988593,0.983019,0.980806
0.983083,0.976923,0.980806,1.0
1.003824,0.998031,1.0,0.978474
0.971429,0.984221,0.978474,1.02
1.009804,0.993988,1.02,0.994118
0.998058,1.014113,0.994118,0.976331
0.990272,0.980119,0.976331,1.0
0.982318,1.004057,1.0,1.00404
0.996,0.99596,1.00404,0.995976
1.01004,1.002028,0.995976,1.006061
0.992048,0.997976,1.006061,1.014056
1.02004,1.014199,1.014056,0.988119
0.994106,0.996,0.988119,0.995992
0.996047,0.995984,0.995992,1.0
0.992063,0.997984,1.0,0.993964
1.002,0.99596,0.993964,1.018219
1.005988,0.993915,1.018219,1.015905
1.015873,1.020408,1.015905,1.005871
1.060547,1.026,1.005871,0.988327
0.94291,0.986355,0.988327,0.998031
0.996094,0.98419,0.998031,1.013807
1.013725,1.012048,1.013807,0.992218
1.001934,1.007937,0.992218,0.984314
0.982625,0.98622,0.984314,1.0
1.001965,0.992016,1.0,1.001992
0.992157,1.002012,1.001992,1.003976
1.003953,1.01004,1.003976,1.005941
1.003937,1.001988,1.005941,0.988189
0.998039,0.992063,0.988189,1.007968
0.996071,1.0,1.007968,0.998024
1.005917,1.008,0.998024,0.978218
0.992157,0.978175,0.978218,1.006073
0.98419,0.997972,1.006073,0.991952
1.0,0.995935,0.991952,1.0
0.995984,1.002041,1.0,0.98783
0.995968,0.985743,0.98783,0.997947
0.987854,0.991736,0.997947,1.014403
1.010246,1.00625,1.014403,1.014199
1.036511,1.014493,1.014199,1.004
0.986301,1.010204,1.004,1.003984
1.011905,1.006061,1.003984,1.009921
1.0,1.008032,1.009921,0.962672
1.001961,0.976096,0.962672,1.030612
0.996086,1.006122,1.030612,0.990099
0.996071,1.014199,0.990099,1.006
0.998028,0.988,1.006,1.0
0.998024,1.012146,1.0,1.001988
0.99802,0.996,1.001988,1.0
1.001984,1.002008,1.0,1.02381
1.023762,1.008016,1.02381,0.998062
1.009671,1.015905,0.998062,1.0
0.992337,1.001957,1.0,0.996117
0.998069,0.998047,0.996117,0.994152
0.994197,0.994129,0.994152,1.001961
0.996109,1.0,1.001961,1.005871
1.007812,1.001969,1.005871,1.005837
1.001938,1.001965,1.005837,1.011605
1.015474,1.007843,1.011605,1.007648
1.020952,1.015564,1.007648,1.0
0.98694,0.996169,1.0,0.986717
0.99811,0.996154,0.986717,0.980769
0.986742,0.984556,0.980769,1.009804
0.992322,0.998039,1.009804,1.01165
1.027079,1.013752,1.01165,1.007678
0.992467,1.001938,1.007678,0.998095
1.005693,1.011605,0.998095,1.01145
1.003774,0.992352,1.01145,1.0
