1.01934,1.038835,1.019767,1.054732
1.065848,1.016355,1.054732,0.972973
1.005236,1.032184,0.972973,1.1
1.03125,1.003341,1.1,1.039394
1.066667,1.073252,1.039394,1.007775
1.001894,1.026887,1.007775,0.961427
0.971645,0.981873,0.961427,1.022066
0.994163,1.007179,1.022066,0.987242
0.997065,1.009165,0.987242,1.039761
1.030422,0.992936,1.039761,0.975143
0.997143,1.035569,0.975143,0.973529
1.015282,0.972522,0.973529,0.983887
0.942615,0.963673,0.983887,0.934493
0.968064,0.937173,0.934493,0.991238
0.961856,1.005587,0.991238,0.99116
1.005359,0.961111,0.99116,0.998885
0.970149,1.0,0.998885,1.072545
1.063736,1.042775,1.072545,1.009365
1.028926,1.037694,1.009365,1.034021
1.026104,1.025641,1.034021,0.995015
0.998043,1.021875,0.995015,1.1
1.076471,1.009174,1.1,1.1
1.1,1.090909,1.1,1.014901
1.086093,1.074074,1.014901,0.984502
0.948933,0.965517,0.984502,0.956089
0.999197,1.019643,0.956089,1.006932
0.945338,0.978984,1.006932,0.962134
0.982143,0.9839,0.962134,1.045617
1.021645,1.01,1.045617,1.1
1.089831,1.033303,1.1,1.053655
1.1,1.1,1.053655,0.982288
0.961131,1.011673,0.982288,1.099925
1.076471,1.01,1.099925,1.030738
1.064891,1.1,1.030738,1.008615
1.016036,0.989145,1.008615,0.999343
1.000631,1.028807,0.999343,0.973044
0.95142,0.958667,0.973044,1.004054
1.025199,1.002782,1.004054,0.975774
0.98771,0.990291,0.975774,1.009655
0.985593,1.009104,1.009655,0.969262
0.963455,0.965302,0.969262,0.992248
1.002069,1.0,0.992248,0.987926
0.972471,0.979152,0.987926,1.040259
1.067233,1.035977,1.040259,0.979267
0.953581,0.97803,0.979267,1.030346
1.022253,1.008696,1.030346,1.04589
1.07551,1.03592,1.04589,0.989522
0.966477,1.02982,0.989522,0.984778
0.999346,0.991246,0.984778,0.995968
0.986902,0.985054,0.995968,1.004723
1.027206,1.005517,1.004723,0.973136
0.966408,0.990398,0.973136,0.956522
0.962567,0.955679,0.956522,1.000722
0.970833,0.964493,1.000722,1.008652
1.014306,1.025545,1.008652,1.022873
1.019041,1.018315,1.022873,0.997904
1.0,1.014388,0.997904,0.995098
0.988235,0.996454,0.995098,0.979592
0.994398,0.985765,0.979592,1.024425
1.00493,1.004332,1.024425,0.989481
1.007008,1.005751,0.989481,1.037562
1.0508,1.011437,1.037562,0.993852
0.978146,1.010601,0.993852,0.97732
0.984428,0.984615,0.97732,0.967651
0.97249,0.958807,0.967651,1.059593
1.053748,1.02,1.059593,0.978052
0.973154,1.016703,0.978052,1.0
1.0,1.0,1.0,0.936886
0.956552,0.946429,0.936886,1.016467
0.990627,0.994717,1.016467,1.027246
1.025473,1.022762,1.027246,1.025806
1.032647,1.014837,1.025806,1.002795
1.011684,1.035819,1.002795,1.008362
1.043478,1.012703,1.008362,0.968901
0.924479,0.954704,0.968901,0.962197
0.98662,0.978102,0.962197,0.919941
0.977159,0.925373,0.919941,0.972603
0.9,0.920161,0.972603,1.019056
1.018669,1.008764,1.019056,1.068293
1.050199,1.05126,1.068293,0.961187
1.012898,1.041322,0.961187,1.002375
0.977528,0.952381,1.002375,0.961295
0.986973,0.985,0.961295,0.943303
0.977484,0.957699,0.943303,0.929443
0.9,0.927562,0.929443,1.018744
0.963685,0.955238,1.018744,1.019319
1.023897,1.055833,1.019319,0.984657
1.030521,1.020774,0.984657,1.088909
1.045296,1.017576,1.088909,1.01431
1.031667,1.063636,1.01431,0.960166
0.99273,0.97265,0.960166,1.1
1.035801,1.018453,1.1,1.099764
1.099764,1.1,1.099764,0.992857
1.01,1.025797,0.992857,0.984173
0.990099,0.983728,0.984173,1.027047
1.025,1.02782,1.027047,0.977224
0.989547,0.997074,0.977224,0.97378
1.004225,0.979457,0.97378,0.9454
0.913043,0.91985,0.9454,1.061709
1.032258,0.997557,1.061709,0.960507
0.997768,1.046531,0.960507,1.003103
0.988069,0.980499,1.003103,0.977572
0.970566,0.989658,0.977572,1.02057
1.027994,1.004823,1.02057,1.016279
0.993949,1.016,1.016279,0.991609
1.018265,1.015748,0.991609,0.985385
0.984305,0.988372,0.985385,0.983607
0.986333,0.986667,0.983607,0.937302
0.970747,0.922893,0.937302,1.030483
0.97383,0.97416,1.030483,1.009039
1.03013,1.061008,1.009039,1.017915
1.013439,1.008333,1.017915,0.9808
0.979719,1.008264,0.9808,0.967374
0.967357,0.968033,0.967374,1.008432
1.020576,1.00508,1.008432,0.925585
0.964516,0.926706,0.925585,0.965673
0.918896,0.954545,0.965673,0.980355
0.992721,0.992381,0.980355,1.025763
1.006416,0.935701,1.025763,0.966512
0.965392,1.044103,0.966512,1.041386
1.035849,1.032417,1.041386,1.048059
1.071949,1.056137,1.048059,0.985009
0.967715,0.984685,0.985009,1.021486
1.018437,1.008234,1.021486,1.014899
1.017241,1.026316,1.014899,0.963731
0.961864,0.981432,0.963731,1.001792
1.001762,1.000901,1.001792,1.00805
1.041337,1.0018,1.00805,0.98669
0.945946,0.96496,0.98669,1.017986
1.014286,1.00838,1.017986,1.029152
1.036092,1.041551,1.029152,1.018026
1.017842,1.019504,1.018026,1.006745
1.008347,1.010435,1.006745,0.987437
0.987583,0.999139,0.987437,1.026293
1.024308,1.004307,1.026293,0.978512
0.986088,1.013722,0.978512,1.032095
1.028216,0.99577,1.032095,1.002455
0.998386,1.023789,1.002455,0.98449
0.989491,0.989212,0.98449,1.007463
1.0,1.004195,1.007463,0.971193
0.996732,0.984127,0.971193,0.994915
0.97541,0.96944,0.994915,1.012777
1.002521,1.015762,1.012777,1.030278
1.031014,1.007759,1.030278,0.996735
1.003252,1.033362,0.996735,0.95905
1.002431,0.968543,0.95905,1.095645
1.039612,1.002564,1.095645,0.976617
0.990669,1.052856,0.976617,0.997606
0.989796,0.985425,0.997606,1.0064
1.005551,1.011504,1.0064,0.999205
1.011041,1.008123,0.999205,0.992045
0.981279,0.995165,0.992045,1.02085
1.014308,0.987854,1.02085,0.963079
0.995298,0.998361,0.963079,1.002447
0.980315,0.996716,1.002447,1.023596
1.032129,1.008237,1.023596,0.963434
0.972763,0.98366,0.963434,1.000825
0.984,0.987542,1.000825,1.011542
1.029268,1.026913,1.011542,1.01467
0.988942,1.0,1.01467,1.011245
1.02476,1.014742,1.011245,1.03336
1.036633,1.004843,1.03336,1.047656
1.05188,1.030522,1.047656,0.979457
0.982845,1.029618,0.979457,0.992509
1.007273,1.0,0.992509,1.003774
0.969675,0.976533,1.003774,0.993985
0.989576,1.007752,0.993985,0.969743
0.999248,0.98,0.969743,1.00546
0.982681,0.993721,1.00546,1.030256
1.062835,1.018957,1.030256,1.001506
0.972603,1.008527,1.001506,0.969925
0.985174,0.989239,0.969925,0.972868
0.989466,0.963481,0.972868,1.003187
0.977186,0.992742,1.003187,0.967434
0.989883,0.984565,0.967434,1.004926
0.977201,1.004125,1.004926,1.019608
1.008045,1.00986,1.019608,0.976763
0.99601,0.989422,0.976763,0.960623
0.980769,0.958059,0.960623,1.007686
0.972222,0.985408,1.007686,1.022881
1.021008,1.028746,1.022881,1.006628
1.0107,1.020322,1.006628,0.995885
0.997557,0.993361,0.995885,1.021488
1.017959,1.01086,1.021488,0.955502
0.994387,0.975207,0.955502,0.989839
0.954839,0.976271,0.989839,0.975192
0.97973,0.957465,0.975192,1.030702
1.013793,1.024479,1.030702,0.982979
0.994048,0.99115,0.982979,1.015584
1.007699,1.017857,1.015584,0.99318
0.993209,1.008772,0.99318,1.027468
1.047863,1.023478,1.027468,1.045948
1.035073,1.010195,1.045948,0.967252
0.981087,1.010934,0.967252,0.982659
0.982329,0.981697,0.982659,1.0
0.980376,0.991525,1.0,1.011765
1.00834,1.000855,1.011765,0.987542
0.995864,1.011956,0.987542,0.976451
0.98588,0.978903,0.976451,1.020672
1.008425,1.0,1.020672,1.038819
1.0401,1.014655,1.038819,1.010561
1.018474,1.04503,1.010561,1.033762
1.032334,0.995935,1.033762,0.982893
1.003056,1.026939,0.982893,0.970728
0.965727,0.971383,0.970728,0.93969
0.985016,0.94108,0.93969,1.020815
0.943955,0.992174,1.020815,0.949873
1.003393,0.973707,0.949873,0.979428
0.953508,0.973897,0.979428,1.013699
0.994681,1.00647,1.013699,1.001802
0.996435,0.990817,1.001802,1.0
1.0,1.0,1.0,0.977518
0.997317,0.973123,0.977518,1.025759
1.003587,1.017143,1.025759,1.009865
1.013405,1.039326,1.009865,0.982238
0.995591,0.991892,0.982238,0.981013
0.976971,0.97911,0.981013,0.964055
0.990934,0.955473,0.964055,1.018164
1.016468,1.000971,1.018164,1.002817
0.979298,1.032978,1.002817,0.996255
0.988051,0.984977,0.996255,1.005639
1.0,1.00286,1.005639,1.005607
1.002791,0.988593,1.005607,0.98513
0.994434,1.013462,0.98513,0.973585
0.982276,0.976281,0.973585,1.007752
0.992403,0.991254,1.007752,1.022115
1.019139,1.019608,1.022115,1.01317
1.018779,1.018269,1.01317,0.987929
0.995392,1.000944,0.987929,1.006579
1.003704,1.000943,1.006579,0.995331
0.988007,0.995287,0.995331,1.0
1.0,1.0,1.0,1.014071
1.020542,0.982008,1.014071,0.975023
0.994511,1.012536,0.975023,0.979127
0.966881,0.980952,0.979127,0.989341
0.988582,0.984466,0.989341,0.958864
0.993263,0.960552,0.958864,0.958121
0.946705,0.959959,0.958121,1.012793
0.98567,0.995722,1.012793,0.977895
0.993769,0.986037,0.977895,1.029064
1.0,1.006536,1.029064,1.020921
1.033438,1.031385,1.020921,1.001025
0.995956,1.012592,1.001025,0.990788
0.994924,0.989637,0.990788,1.015496
1.016327,1.00733,1.015496,0.971516
0.993976,0.990644,0.971516,0.994764
0.965657,0.980063,0.994764,1.036842
1.044979,1.017131,1.036842,0.984772
0.98999,1.017895,0.984772,0.979381
0.988878,0.977249,0.979381,0.961053
0.961145,0.953439,0.961053,0.998905
0.978723,1.005549,0.998905,1.016447
1.008696,1.002208,1.016447,0.957929
0.99569,0.976872,0.957929,1.001126
0.978355,0.992108,1.001126,0.982002
0.993363,0.9875,0.982002,0.982818
0.98441,0.98504,0.982818,1.017483
0.993213,1.005841,1.017483,1.009164
1.009112,0.99187,1.009164,1.003405
1.001129,1.022248,1.003405,1.078054
1.0823,1.013746,1.078054,0.987408
0.992708,1.051977,0.987408,1.041445
1.035677,0.993555,1.041445,1.012245
1.016211,1.037838,1.012245,0.995968
0.992024,1.015625,0.995968,1.01417
1.030151,1.013333,1.01417,0.988024
0.985366,1.002024,0.988024,0.99899
0.980198,0.981818,0.99899,1.003033
1.018182,1.012346,1.003033,0.978831
0.982143,0.984756,0.978831,1.021627
1.00303,0.991744,1.021627,0.998992
1.032226,1.029136,0.998992,1.0444
1.014634,0.978766,1.0444,0.991304
0.998077,1.044421,0.991304,1.022417
1.010597,1.01088,1.022417,1.027645
1.039085,1.022505,1.027645,1.043599
1.072477,1.055502,1.043599,0.985778
0.958939,0.979148,0.985778,0.972047
0.998216,0.996296,0.972047,1.013915
0.982127,0.989777,1.013915,1.029277
1.040036,1.019718,1.029277,1.001778
0.987752,1.015654,1.001778,0.99024
1.007972,1.003626,0.99024,0.996416
0.997364,0.984643,0.996416,0.969424
0.977093,0.986239,0.969424,1.016698
1.008115,0.988837,1.016698,1.00365
0.996422,1.001881,1.00365,1.013636
1.005386,1.023474,1.013636,0.959641
0.986607,0.977064,0.959641,0.999065
0.988235,1.001878,0.999065,0.990645
0.989011,0.989691,0.990645,1.01322
1.005556,0.992424,1.01322,1.014911
1.008287,1.01145,1.014911,0.988062
1.0,1.0,0.988062,1.004647
0.993607,1.000943,1.004647,1.0037
1.020221,1.01508,1.0037,1.066359
1.071171,0.994429,1.066359,0.973207
0.97561,1.028011,0.973207,0.959147
0.974138,0.97911,0.959147,1.00463
0.967257,0.985158,1.00463,0.989862
0.990851,1.003766,0.989862,1.002793
1.012004,0.999062,1.002793,1.001857
0.985401,1.001878,1.001857,0.987952
1.005556,0.998126,0.987952,0.99531
0.991713,0.993427,0.99531,1.020735
1.012071,1.0,1.020735,1.000923
1.001835,1.016068,1.000923,0.991697
0.997253,0.989767,0.991697,0.987907
0.987144,0.993421,0.987907,0.961394
0.983256,0.964995,0.961394,1.0
1.0,1.0,1.0,1.01665
1.001892,1.010784,1.01665,0.975915
0.987724,0.977692,0.975915,0.953603
0.967495,0.952381,0.953603,0.978261
0.962451,0.982292,0.978261,0.990476
0.982546,0.991516,0.990476,0.973291
0.987461,0.968984,0.973291,1.024149
0.98836,1.004415,1.024149,1.010718
1.011777,1.021978,1.010718,0.984093
1.005291,0.993548,0.984093,1.003233
0.981053,0.984848,1.003233,1.013963
1.024678,1.021978,1.013963,1.005297
1.0,1.009677,1.005297,1.007376
1.01466,1.01065,1.007376,0.986402
0.98968,0.99157,0.986402,0.991516
1.0,0.992561,0.991516,0.993583
0.979145,0.975375,0.993583,0.997847
0.99574,1.012075,0.997847,1.001079
0.99893,0.991323,1.001079,1.007543
1.022484,1.010941,1.007543,0.985027
0.981152,0.99026,0.985027,0.9924
0.983991,0.995628,0.9924,0.95733
0.995662,0.960483,0.95733,1.006857
0.961874,0.979429,1.006857,1.00454
1.005663,1.011669,1.00454,1.019209
1.030405,1.00692,1.019209,0.97561
0.987978,0.996564,0.97561,1.0
1.0,1.0,1.0,1.032955
1.015487,1.024138,1.032955,0.992299
0.986928,0.995511,0.992299,1.006652
1.009934,0.975197,1.006652,0.998899
1.0,1.03815,0.998899,0.997795
0.994536,1.003341,0.997795,0.992265
0.996703,0.983352,0.992265,0.971047
0.98677,0.980813,0.971047,1.0
0.982123,0.990794,1.0,0.988532
0.989761,0.995354,0.988532,1.031323
1.041379,1.004667,1.031323,0.975253
0.985651,1.005807,0.975253,0.986159
0.978723,0.984988,0.986159,0.982456
0.988558,0.982415,0.982456,1.029762
1.030093,1.0179,1.029762,1.015029
0.994382,1.008206,1.015029,0.979499
0.99887,0.976744,0.979499,1.011628
0.985294,1.0,1.011628,1.016092
1.022962,1.020238,1.016092,1.012443
1.01908,1.032672,1.012443,0.995531
0.985683,0.988701,0.995531,1.031425
1.055866,1.011429,1.031425,0.998912
0.977778,1.022599,0.998912,0.990196
0.998918,1.00221,0.990196,1.011001
0.997833,1.0,1.011001,1.005441
1.008686,1.009923,1.005441,0.995671
1.011841,0.998908,0.995671,0.98913
0.979787,0.989071,0.98913,0.986813
0.988056,0.990055,0.986813,1.008909
0.997802,0.996652,1.008909,0.969095
0.994493,0.979843,0.969095,1.007973
0.982281,1.0,1.007973,1.00904
1.014656,1.005714,1.00904,1.029115
1.044444,1.003409,1.029115,0.995647
0.980851,1.029445,0.995647,0.981421
0.986985,0.980198,0.981421,1.001114
0.995604,1.0,1.001114,0.98109
0.995585,0.987654,0.98109,0.995465
0.984479,0.995455,0.995465,0.960137
0.98536,0.960046,0.960137,1.00949
0.972571,0.997622,1.00949,1.017626
1.025852,1.007151,1.017626,1.0
0.993127,1.001183,1.0,1.003464
1.018454,1.018913,1.003464,1.040276
1.035108,1.00348,1.040276,1.011062
1.001094,1.009249,1.011062,1.012035
1.018579,1.02291,1.012035,0.975135
1.006438,1.005599,0.975135,0.955654
0.942431,0.946548,0.955654,0.921114
0.966063,0.917647,0.921114,0.978589
0.929742,0.930769,0.978589,0.996139
1.002519,1.061983,0.996139,1.005168
0.979899,0.962387,1.005168,1.014139
1.032051,1.063342,1.014139,1.011407
0.993789,0.996198,1.011407,0.992481
1.00875,1.005089,0.992481,0.994949
0.986369,0.989873,0.994949,0.988579
1.003769,0.994885,0.988579,0.97561
0.956195,0.952442,0.97561,1.1
1.094241,1.070175,1.1,1.051435
1.094498,1.069357,1.051435,1.032992
1.017486,1.011792,1.032992,0.993392
0.977444,1.029138,0.993392,0.995565
1.014286,1.005663,0.995565,1.005568
0.983749,0.98536,1.005568,0.974529
1.011013,0.994286,0.974529,1.0
0.972767,0.994253,1.0,1.0125
1.004479,1.00578,1.0125,0.949495
0.993311,0.970115,0.949495,0.979905
0.949495,0.959716,0.979905,1.013269
0.997636,1.006173,1.013269,1.016667
1.021327,1.028221,1.016667,1.016393
1.025522,1.008353,1.016393,0.964286
0.9819,0.986982,0.964286,0.967742
0.950461,0.966427,0.967742,1.009877
0.995152,0.980149,1.009877,0.991443
1.00609,1.011392,0.991443,1.006165
1.008475,1.018773,1.006165,0.957108
0.960384,0.958231,0.957108,1.008963
0.99,0.996154,1.008963,1.040609
1.040404,1.001287,1.040609,0.953659
0.990291,1.002571,0.953659,1.007673
0.97549,0.974359,1.007673,1.024112
1.028894,1.026316,1.024112,1.0
0.995116,1.008974,1.0,0.995043
0.993865,1.002541,0.995043,0.967621
0.995062,0.956907,0.967621,0.98713
0.980149,0.990728,0.98713,0.985658
0.986076,1.005348,0.985658,0.996032
1.0,0.982713,0.996032,1.023904
0.993582,0.998647,1.023904,1.009079
1.00646,1.036585,1.009079,0.984576
0.998716,0.992157,0.984576,1.002611
0.994859,1.002635,1.002611,1.019531
1.031008,0.994744,1.019531,0.988506
0.986216,1.007926,0.988506,0.935401
0.989835,0.93709,0.935401,0.987569
0.949936,0.986014,0.987569,1.005594
0.974324,0.98156,1.005594,1.019471
1.019417,1.028902,1.019471,0.995907
1.016327,1.008427,0.995907,1.00411
0.986613,1.011142,1.00411,1.013643
1.028494,1.009642,1.013643,1.005384
0.986807,1.004093,1.005384,0.993307
1.0,0.998641,0.993307,1.004043
0.995989,0.978231,1.004043,1.008054
1.025503,1.037552,1.008054,1.029294
1.020942,0.99866,1.029294,0.980595
0.988462,1.016107,0.980595,0.98285
0.989624,0.977543,0.98285,1.024161
1.002621,0.993243,1.024161,0.972477
0.988235,1.009524,0.972477,0.987871
0.989418,0.985175,0.987871,1.020464
1.002674,1.005472,1.020464,1.018717
1.02,1.010884,1.018717,0.980315
0.992157,0.989233,0.980315,0.983936
0.986825,0.993197,0.983936,1.0
0.998665,0.984932,1.0,1.010884
0.998663,1.015299,1.010884,0.986541
0.995984,0.994521,0.986541,1.010914
1.020161,1.012397,1.010914,0.978408
0.968379,0.972789,0.978408,0.994483
1.002721,1.004196,0.994483,1.011096
1.002714,0.998607,1.011096,1.02332
1.010825,1.015342,1.02332,0.965147
1.016064,0.978022,0.965147,1.026389
0.998682,1.025281,1.026389,0.97429
0.973615,0.984932,0.97429,0.95
0.97561,0.947149,0.95,0.980994
0.956944,0.973568,0.980994,1.013413
1.014514,1.003017,1.013413,0.989706
0.979971,1.0,0.989706,0.994056
0.985401,0.993985,0.994056,0.970105
0.992593,0.97882,0.970105,0.930663
0.961194,0.921175,0.930663,0.956954
0.944099,0.966443,0.956954,0.934256
0.953947,0.932292,0.934256,1.027778
0.958621,0.996276,1.027778,0.971171
0.989209,0.970093,0.971171,1.020408
1.016364,1.021195,1.020408,0.96
0.998211,0.99434,0.96,0.973485
0.942652,0.943074,0.973485,1.009728
0.998099,1.026157,1.009728,1.009634
1.00381,1.009804,1.009634,0.982824
0.990512,0.994175,0.982824,1.009709
1.0,0.988281,1.009709,1.026923
1.044061,1.017787,1.026923,1.005618
0.994495,1.029126,1.005618,0.964618
1.023985,0.971698,0.964618,0.984556
0.947748,0.98835,0.984556,1.0
0.971483,0.97053,1.0,1.037255
1.041096,1.026316,1.037255,1.1
1.093985,1.069034,1.1,1.005155
1.039519,1.073801,1.005155,0.986325
0.971901,0.969072,0.986325,1.0
1.0,1.0,1.0,0.939341
0.954082,0.960993,0.939341,1.060886
1.02852,0.994465,1.060886,0.994783
1.032929,1.050093,0.994783,0.996503
0.969799,0.985866,0.996503,1.010526
1.008651,1.021505,1.010526,0.979167
0.998285,0.985965,0.979167,1.012411
0.9811,0.992883,1.012411,0.984238
1.008757,1.005376,0.984238,1.023132
1.005208,0.994652,1.023132,1.022609
1.027634,1.017921,1.022609,0.991497
0.989916,1.012324,0.991497,0.975986
0.98472,0.982609,0.975986,1.033392
1.017241,1.00708,1.033392,1.020408
1.055932,1.02109,1.020408,1.01
1.006421,1.02926,1.01,0.988449
0.961722,0.968227,0.988449,1.015025
1.0199,1.018998,1.015025,1.018092
1.01626,1.013559,1.018092,1.024233
1.016,1.021739,1.024233,0.988959
1.014173,1.01473,0.988959,1.062201
1.040373,1.016129,1.062201,1.012012
1.029851,1.039683,1.012012,0.998516
0.976812,1.001527,0.998516,0.985141
1.0,1.006098,0.985141,1.013575
1.013353,0.992424,1.013575,0.986607
0.991215,1.00916,0.986607,0.983409
0.986706,0.975794,0.983409,0.97546
0.968563,0.984496,0.97546,1.003145
0.995363,1.0,1.003145,1.029781
1.021739,1.007874,1.029781,0.993912
1.007599,1.015625,0.993912,0.987749
0.983409,0.986154,0.987749,0.996899
1.0,0.99064,0.996899,1.024883
1.019939,1.017323,1.024883,1.003035
1.001504,1.010836,1.003035,1.001513
0.998498,1.001531,1.001513,1.0
0.996992,1.003058,1.0,0.950151
1.025641,0.955793,0.950151,0.958665
0.935294,0.950558,0.958665,1.016584
0.966981,1.006711,1.016584,1.039152
1.050407,1.011667,1.039152,1.031397
1.027864,1.029654,1.031397,0.981735
1.003012,1.016,0.981735,0.975194
0.98048,0.987402,0.975194,0.99841
0.987749,0.988836,0.99841,0.979299
0.978295,0.975806,0.979299,0.99187
0.993661,1.004959,0.99187,0.945902
0.979266,0.945724,0.945902,0.963605
0.941368,0.96,0.963605,1.001799
0.982699,1.003623,1.001799,1.034111
1.015845,1.001805,1.034111,1.010417
1.02773,1.027027,1.010417,0.975945
0.988196,0.996491,0.975945,1.012324
0.982935,0.980634,1.012324,1.015652
1.032986,1.016158,1.015652,1.020548
1.005042,1.024735,1.020548,1.015101
1.023411,1.024138,1.015101,1.1
1.088235,1.001684,1.1,0.990991
1.037538,1.1,0.990991,1.007576
0.97974,0.966412,1.007576,0.980451
0.982275,1.015798,0.980451,1.001534
1.0,0.979782,1.001534,0.980092
0.984962,1.007937,0.980092,1.017187
1.003053,0.984252,1.017187,1.026114
1.035008,1.0256,1.026114,1.001497
1.008824,1.031201,1.001497,0.959641
0.969388,0.960666,0.959641,1.004673
0.992481,1.007874,1.004673,1.003101
0.981818,0.992187,1.003101,0.982998
0.998457,0.995276,0.982998,1.009434
0.993818,1.0,1.009434,0.996885
1.001555,1.003165,0.996885,1.0
1.0,1.0,1.0,0.959375
0.978261,0.962145,0.959375,0.986971
0.98254,0.993443,0.986971,0.99835
0.996769,0.993399,0.99835,0.990083
0.975689,0.976744,0.990083,0.996661
1.001661,1.010204,0.996661,1.038526
1.036484,0.998316,1.038526,1.029032
1.0304,1.030354,1.029032,0.96395
0.995342,0.998363,0.96395,1.066667
1.053042,1.019672,1.066667,1.060976
1.063704,1.03537,1.060976,1.018678
0.997214,1.057453,1.018678,0.995769
1.009777,1.013216,0.995769,1.046742
1.04426,1.010145,1.046742,1.010825
0.994702,1.022956,1.010825,0.985274
1.018642,1.025245,0.985274,0.991848
0.977778,0.97948,0.991848,0.989041
0.991979,0.998603,0.989041,0.916898
0.955526,0.923077,0.916898,0.989426
0.944993,0.980303,0.989426,1.006107
0.99403,0.989181,1.006107,0.984825
1.018018,1.001562,0.984825,1.027735
0.99705,1.014041,1.027735,1.023988
1.016272,1.009231,1.023988,0.969253
0.9869,1.006098,0.969253,0.998489
0.980826,0.975758,0.998489,0.95764
0.989474,0.981366,0.95764,1.007899
0.971125,0.981013,1.007899,1.014107
1.026604,1.033871,1.014107,0.972179
0.981707,0.975039,0.972179,0.99841
0.98913,1.0,0.99841,0.992038
1.00471,0.992,0.992038,0.958266
0.973438,0.959677,0.958266,1.005025
0.964687,0.97479,1.005025,0.981667
1.006656,1.013793,0.981667,0.967742
0.986777,0.964286,0.967742,1.007018
0.966499,0.989418,1.007018,1.019164
1.02773,1.033868,1.019164,0.989744
0.991568,0.974138,0.989744,0.98791
0.986395,1.00708,0.98791,0.97028
0.982759,0.973638,0.97028,1.045045
1.022807,1.012635,1.045045,0.958621
0.989708,0.989305,0.958621,0.958633
0.967071,0.958559,0.958633,1.020638
0.985663,1.00188,1.020638,1.012868
1.005455,1.001876,1.012868,0.990926
1.0,1.016854,0.990926,0.928571
0.998192,0.924494,0.928571,1.013807
0.936594,0.998008,1.013807,1.005837
1.003868,1.003992,1.005837,1.01354
1.021195,1.023857,1.01354,1.017176
1.018868,1.009709,1.017176,1.011257
1.027778,0.990385,1.011257,0.996289
0.983784,1.013592,0.996289,0.979516
0.985348,1.001916,0.979516,1.032319
1.040892,1.021033,1.032319,0.987109
0.978571,0.994382,0.987109,0.964552
0.985401,0.962335,0.964552,0.984526
0.962963,0.97456,0.984526,1.027505
1.011538,1.024096,1.027505,0.975143
0.996198,0.994118,0.975143,1.021569
0.994275,1.0,1.021569,1.028791
1.03263,1.013807,1.028791,1.01306
1.011152,1.035019,1.01306,0.992634
1.001838,1.005639,0.992634,1.040816
1.06055,1.001869,1.040816,1.032086
1.017301,1.018657,1.032086,0.972366
0.97449,1.018315,0.972366,0.987567
0.984293,0.973022,0.987567,0.982014
0.985816,1.007394,0.982014,0.990842
0.992806,0.988991,0.990842,1.001848
0.983696,0.992579,1.001848,0.98524
0.990792,0.979439,0.98524,1.014981
1.011152,1.017176,1.014981,0.972325
0.996324,0.984991,0.972325,1.02277
1.00738,1.0,1.02277,0.974026
0.990842,0.998095,0.974026,0.969524
0.97597,0.969466,0.969524,1.007859
0.982955,0.994094,1.007859,0.994152
0.996146,1.005941,0.994152,0.990196
0.996132,0.980315,0.990196,1.009901
0.994175,1.012048,1.009901,1.068627
1.083984,1.011905,1.068627,1.001835
1.018018,1.047059,1.001835,1.007326
1.00354,1.0,1.007326,0.996364
1.0,1.014981,0.996364,1.065693
1.038801,1.02583,1.065693,1.035959
1.035654,1.026978,1.035959,0.963636
0.977049,1.010508,0.963636,0.998285
0.988255,0.984402,0.998285,0.963918
0.986418,0.985915,0.963918,1.00713
0.989673,0.992857,1.00713,0.971681
0.984348,0.982014,0.971681,1.003643
0.987633,0.996337,1.003643,1.00726
1.0,1.011029,1.00726,0.96036
1.001789,0.965455,0.96036,0.986867
0.964286,0.986817,0.986867,1.015209
0.992593,0.984733,1.015209,1.016854
1.039179,1.025194,1.016854,0.968692
0.974865,0.984877,0.968692,1.026616
1.01105,1.005758,1.026616,1.024074
1.01275,1.022901,1.024074,0.990958
1.007194,1.005597,0.990958,1.031022
1.017857,1.014842,1.031022,1.0
0.994737,1.02011,1.0,0.971681
0.996473,0.982079,0.971681,1.007286
0.99115,0.990876,1.007286,0.983725
0.991071,0.992634,0.983725,0.998162
0.989189,1.003711,0.998162,0.994475
0.996357,0.992606,0.994475,1.024074
1.014625,1.009311,1.024074,0.994575
1.009009,1.01476,0.994575,1.003636
0.991071,0.985455,1.003636,1.014493
1.01982,1.016605,1.014493,1.016071
1.014134,0.998185,1.016071,0.982425
1.005226,1.014545,0.982425,0.960644
0.97227,0.956989,0.960644,0.998138
0.962567,0.992509,0.998138,1.003731
1.011111,1.011321,1.003731,0.994424
0.987179,0.98694,0.994424,1.02243
1.03525,1.007561,1.02243,1.032907
1.02509,1.026266,1.032907,0.989381
0.98951,1.009141,0.989381,0.973166
0.989399,0.969203,0.973166,1.005515
0.998214,1.018692,1.005515,1.02011
1.046512,0.981651,1.02011,1.017921
0.989744,1.007477,1.017921,1.014085
1.010363,1.042672,1.014085,0.96875
0.986325,0.991103,0.96875,0.971326
0.965338,0.949731,0.971326,0.979705
0.978456,1.00189,0.979705,0.981168
0.970642,0.971698,0.981168,1.011516
0.996219,1.005825,1.011516,0.990512
1.01518,1.005792,0.990512,1.024904
1.001869,0.992322,1.024904,1.028037
1.052239,1.046422,1.028037,0.98
0.978723,0.994455,0.98,0.979592
0.985507,0.981413,0.979592,0.975379
0.970588,0.967803,0.975379,0.986408
0.979167,0.988258,0.986408,0.992126
0.998066,0.992079,0.992126,1.025794
1.00969,1.005988,1.025794,0.978723
1.001919,1.001984,0.978723,1.0
0.97318,0.962376,1.0,1.057312
1.070866,1.020576,1.057312,1.016822
1.036765,1.060484,1.016822,1.011029
0.991135,1.009506,1.011029,1.016364
1.012522,1.020716,1.016364,1.014311
1.033569,1.01845,1.014311,1.1
1.066667,1.1,1.1,0.972756
1.033654,0.993432,0.972756,1.051071
1.0,0.97686,1.051071,0.981191
1.031008,1.049069,0.981191,0.984026
0.948872,0.985484,0.984026,0.991883
0.979398,0.993453,0.991883,1.00982
1.009709,0.995058,1.00982,0.97731
0.99359,0.991722,0.97731,1.003317
0.977419,0.989983,1.003317,1.026446
1.033003,1.006745,1.026446,0.99839
1.009585,1.025126,0.99839,0.990323
0.996835,1.001634,0.990323,1.008143
0.988889,0.993475,1.008143,1.003231
1.016051,1.014778,1.003231,1.009662
0.99842,0.996764,1.009662,1.009569
1.018987,1.011364,1.009569,0.985782
0.986025,0.985554,0.985782,0.987179
0.984252,0.995114,0.987179,1.006494
1.0,1.00491,1.006494,0.954839
0.992,0.962541,0.954839,1.027027
0.983871,0.993232,1.027027,1.008224
1.008197,1.032368,1.008224,0.995106
1.0,0.990099,0.995106,0.988525
0.996748,0.998333,0.988525,1.011609
1.0,1.003339,1.011609,1.022951
1.019576,1.013311,1.022951,0.983974
0.9984,1.001642,0.983974,1.0
0.996795,0.988525,1.0,0.977199
0.995177,0.991708,0.977199,0.985
0.970921,0.986622,0.985,1.028765
1.011647,1.001695,1.028765,1.014803
1.021382,1.025381,1.014803,1.0
1.00161,1.009901,1.0,0.987034
0.995177,0.990196,0.987034,1.013136
0.998384,0.99835,1.013136,1.025932
1.043689,1.014876,1.025932,1.004739
0.990698,1.013029,1.004739,0.987421
1.004695,1.008039,0.987421,0.995223
0.984424,0.987241,0.995223,1.016
1.015823,1.009693,1.016,1.004724
1.007788,1.0144,1.004724,0.962382
0.98609,0.966877,0.962382,1.004886
0.973354,0.991843,1.004886,0.97893
0.991948,0.990132,0.97893,1.0
0.99026,1.0,1.0,1.011589
1.008197,1.003322,1.011589,0.98527
0.995122,0.993377,0.98527,1.01495
1.0,1.003333,1.01495,1.022913
1.021242,1.011628,1.022913,1.0032
1.008,1.018062,1.0032,0.948963
0.980952,0.948387,0.948963,1.020168
0.983819,1.003401,1.020168,1.01318
1.016447,1.028814,1.01318,0.993496
0.995146,0.98682,0.993496,0.99018
1.0,1.006678,0.99018,0.993388
0.98374,0.988391,0.993388,0.980033
1.0,0.974832,0.980033,0.98472
0.978512,0.991394,0.98472,1.025862
1.021959,1.003472,1.025862,0.984874
0.986777,1.00346,0.984874,0.989761
0.984925,0.993103,0.989761,0.989655
0.993197,0.977431,0.989655,1.022648
1.006849,1.015986,1.022648,1.0
1.006803,1.017483,1.0,1.005111
0.998311,1.003436,1.005111,1.011864
1.027073,1.018836,1.011864,0.984925
0.98682,0.983193,0.984925,1.0
0.994992,1.0,1.0,0.965986
0.986577,0.969231,0.965986,1.035211
1.018707,0.998236,1.035211,0.986395
0.988314,1.022968,0.986395,1.0
0.993243,0.993092,1.0,0.981034
0.991497,0.984348,0.981034,0.97891
0.969125,0.959364,0.97891,1.012567
1.00354,1.025783,1.012567,1.001773
1.014109,1.007181,1.001773,1.00354
0.998261,1.005348,1.00354,0.9806
0.994774,0.98227,0.9806,0.996403
0.984238,0.99639,0.996403,1.019856
1.007117,0.98913,1.019856,1.0
1.003534,1.020147,1.0,0.99646
0.996479,0.996409,0.99646,1.019538
1.014134,1.009009,1.019538,0.987805
1.006969,1.010714,0.987805,0.975309
0.982699,0.973498,0.975309,1.005425
0.987676,1.001815,1.005425,0.971223
0.98574,0.978261,0.971223,0.992593
0.98915,0.990741,0.992593,0.994403
0.987203,0.988785,0.994403,1.016886
1.007407,1.011342,1.016886,1.020295
1.016544,1.014953,1.020295,1.009042
1.01085,1.007366,1.009042,1.028674
1.044723,1.02011,1.028674,1.045296
1.034247,1.019713,1.045296,0.985
0.993377,1.02109,0.985,0.986464
0.99,0.989673,0.986464,1.0
0.993266,1.001739,1.0,1.006861
0.99661,1.003472,1.006861,1.006814
1.006803,1.0,1.006814,1.021997
1.033784,1.015571,1.021997,0.993377
0.986928,1.010221,0.993377,0.991667
0.996689,0.994941,0.991667,1.02521
1.021595,1.00339,1.02521,0.985246
1.004878,1.013514,0.985246,1.014975
0.988673,0.995,1.014975,1.031148
1.036007,1.015075,1.031148,1.00159
1.0,1.023102,1.00159,0.988889
1.00158,0.998387,0.988889,0.977528
0.981073,0.974152,0.977528,1.001642
0.998392,1.001658,1.001642,0.993443
0.983897,0.996689,0.993443,0.971947
1.0,0.973422,0.971947,1.001698
0.973813,0.998294,1.001698,0.984746
1.003361,0.991453,0.984746,0.986231
0.98325,0.982759,0.986231,0.95637
0.972743,0.954386,0.95637,1.009124
0.97373,1.007353,1.009124,1.001808
1.001799,0.989051,1.001808,0.998195
1.0,1.01107,0.998195,0.983725
0.989228,0.965328,0.983725,0.977941
0.981851,1.00189,0.977941,0.986842
0.988909,0.975472,0.986842,0.935238
0.986916,0.924565,0.935238,0.983707
0.933712,0.924686,0.983707,1.004141
0.985801,1.067873,1.004141,0.985567
1.018519,1.010593,0.985567,1.008368
0.99798,0.985325,1.008368,1.010373
0.987854,1.012766,1.010373,0.997947
1.0,1.006303,0.997947,0.979424
0.997951,0.977035,0.979424,1.004202
0.989733,0.987179,1.004202,1.004184
1.010373,1.036797,1.004184,0.9375
0.979466,0.931106,0.9375,1.008889
0.960168,0.997758,1.008889,1.04185
1.034934,1.011236,1.04185,1.023256
1.033755,1.042222,1.023256,1.004132
1.002041,1.01919,1.004132,1.014403
1.00611,1.002092,1.014403,1.016227
1.024291,1.008351,1.016227,0.986028
0.994071,1.012422,0.986028,0.969636
0.988072,0.977505,0.969636,0.951983
0.971831,0.953975,0.951983,1.013158
0.960663,0.993421,1.013158,1.025974
1.023707,1.01766,1.025974,0.99789
1.006316,1.0,0.99789,1.035941
1.058577,1.030369,1.035941,0.997959
0.994071,1.012632,0.997959,0.985685
0.974155,0.997921,0.985685,1.012448
1.012245,0.991667,1.012448,1.0
1.020161,1.018908,1.0,1.014344
0.982213,1.0,1.014344,1.0
1.006036,1.010309,1.0,1.00404
0.996,1.002041,1.00404,0.995976
1.0,0.995927,0.995976,1.00202
1.008032,1.00818,1.00202,1.002016
1.005976,1.004057,1.002016,0.997988
0.988119,0.987879,0.997988,1.020161
1.014028,1.01227,1.020161,1.013834
1.017787,1.022222,1.013834,0.988304
1.021359,0.994071,0.988304,0.974359
0.965779,0.980119,0.974359,0.997976
0.996063,0.993915,0.997976,1.006085
0.980237,0.997959,1.006085,0.989919
1.008065,0.997955,0.989919,1.008147
0.99,0.993852,1.008147,1.014141
1.016162,1.010309,1.014141,0.986056
1.003976,1.0,0.986056,1.036364
1.023762,1.004082,1.036364,1.007797
1.003868,1.03252,1.007797,1.038685
1.05973,1.005906,1.038685,1.035382
1.018182,1.027397,1.035382,1.061151
1.0625,1.038095,1.061151,0.952542
1.006723,1.022018,0.952542,1.003559
0.949917,0.976661,1.003559,1.099291
1.089631,1.005515,1.099291,1.096774
1.1,1.1,1.096774,0.986765
1.045455,1.035032,0.986765,1.005961
0.99439,1.024615,1.005961,1.08
1.043724,0.993994,1.08,0.951989
0.998649,1.042296,0.951989,0.9683
0.94046,0.971014,0.9683,1.026786
1.041727,1.007463,1.026786,1.026087
1.016575,1.023704,1.026087,1.1
1.058424,1.068017,1.1,1.017972
1.028241,1.01897,1.017972,0.996217
1.05618,1.039894,0.996217,0.993671
0.932624,0.960358,0.993671,0.970701
1.010139,1.011984,0.970701,0.96063
0.943538,0.931579,0.96063,0.959016
0.968085,0.980226,0.959016,1.024217
1.009615,1.012968,1.024217,1.025035
1.013605,1.009957,1.025035,1.037992
1.037584,1.014085,1.037992,0.95817
1.002587,1.016667,0.95817,1.031378
0.996129,1.001366,1.031378,0.986772
1.022021,1.010914,0.986772,0.962466
0.936629,0.958165,0.962466,1.006964
1.00406,1.0,1.006964,0.961272
0.981132,0.976056,0.961272,0.971223
0.95467,0.95671,0.971223,1.023704
1.0,1.010558,1.023704,0.998553
1.020144,1.007463,0.998553,0.947826
0.984485,0.965926,0.947826,1.001529
0.954155,0.986196,1.001529,0.984733
1.006006,0.995334,0.984733,1.012403
0.98209,1.001562,1.012403,0.952527
1.0,0.937598,0.952527,1.016077
0.960486,1.021631,1.016077,0.992089
1.017405,1.017915,0.992089,0.988836
0.978227,0.9696,0.988836,1.01129
1.00159,1.019802,1.01129,1.017544
1.01746,0.995146,1.017544,1.0721
1.088924,1.027642,1.0721,0.972222
0.969914,1.028481,0.972222,0.97594
0.980798,0.984615,0.97594,1.026194
1.016566,1.001562,1.026194,1.010511
1.0,1.014041,1.010511,0.939079
0.985185,0.969231,0.939079,0.987342
0.948872,0.968254,0.987342,1.059295
1.085578,1.021311,1.059295,1.062027
1.051095,1.094703,1.062027,1.038462
1.054167,1.055718,1.038462,1.004115
0.97892,0.979167,1.004115,1.02459
1.040377,1.014184,1.02459,1.009333
1.015524,1.041958,1.009333,0.964333
0.97707,0.971812,0.964333,1.012329
0.977836,0.995856,1.012329,1.032476
1.02,1.0,1.032476,1.001311
1.024837,1.037448,1.001311,0.980366
0.993622,0.995989,0.980366,0.902537
0.937099,0.904698,0.902537,1.022189
0.949315,0.998516,1.022189,1.028944
1.04329,1.020802,1.028944,0.995781
0.993084,1.021834,0.995781,0.984463
0.991643,0.988604,0.984463,1.02439
1.008427,1.0,1.02439,0.998599
1.002786,1.01585,0.998599,0.97195
0.984722,0.958865,0.97195,0.992785
0.990127,1.014793,0.992785,1.020349
1.002849,0.985423,1.020349,1.0
1.028409,1.036982,1.0,0.972934
0.975138,0.970043,0.972934,0.989751
0.970255,0.986765,0.989751,0.988166
1.00438,0.991058,0.988166,0.968563
0.982558,0.962406,0.968563,1.004637
0.963018,0.982812,1.004637,0.981538
1.016897,1.011129,0.981538,1.009404
0.975831,0.985849,1.009404,0.964286
0.99226,0.988836,0.964286,1.008052
0.985959,0.995161,1.008052,1.017572
1.022152,1.008104,1.017572,1.0
0.989164,1.006431,1.0,1.0
1.01252,1.01278,1.0,0.978022
0.981453,0.976341,0.978022,0.972713
0.979528,0.972536,0.972713,1.00495
0.987138,0.996678,1.00495,1.003284
1.016287,1.003333,1.003284,0.988543
0.99359,1.001661,0.988543,0.945364
0.970968,0.940299,0.945364,0.989492
0.953488,0.975309,0.989492,1.014159
1.0,1.012658,1.014159,1.001745
1.006969,1.008929,1.001745,1.0
1.00346,1.00177,1.0,0.973868
0.986207,0.977032,0.973868,1.0
0.986014,0.996383,1.0,1.019678
1.01773,1.010889,1.019678,1.036842
1.031359,1.019749,1.036842,0.99154
1.003378,1.028169,0.99154,1.027304
1.021886,0.993151,1.027304,0.980066
0.98682,1.013793,0.980066,1.001695
0.996661,0.993197,1.001695,1.005076
0.998325,1.008562,1.005076,0.991582
0.998322,0.993209,0.991582,1.013582
1.010084,0.991453,1.013582,1.041876
1.036606,1.036207,1.041876,1.027331
1.036918,1.031614,1.027331,1.014085
1.013932,1.016129,1.014085,1.010802
1.064122,1.034921,1.010802,1.006107
0.945481,0.981595,1.006107,1.003035
1.00607,1.014062,1.003035,0.975794
0.993967,0.986133,0.975794,1.032558
1.013657,1.001562,1.032558,0.984985
1.010479,1.01248,0.984985,0.964939
0.973333,0.970724,0.964939,0.981043
0.958904,0.98254,0.981043,0.971014
1.003175,0.961228,0.971014,0.993367
0.958861,0.991597,0.993367,0.974958
1.00165,0.986441,0.974958,1.041096
1.003295,1.003436,1.041096,1.069079
1.091954,1.039384,1.069079,0.993846
0.984962,1.054366,0.993846,1.00774
1.006107,1.004687,1.00774,1.009217
1.007587,0.990669,1.009217,0.964992
1.001506,0.990581,0.964992,0.963722
0.945865,0.957211,0.963722,0.998363
0.984102,0.998344,0.998363,0.991803
0.991922,0.975124,0.991803,1.008264
1.0,1.02551,1.008264,0.981967
0.995114,0.988391,0.981967,1.023372
1.01473,1.018456,1.023372,1.0
0.993548,1.003295,1.0,0.986949
0.99513,0.975369,0.986949,0.981818
0.995106,0.996633,0.981818,1.025253
1.003279,0.981419,1.025253,1.013136
1.01634,1.039587,1.013136,1.019449
1.012862,1.009934,1.019449,0.984102
1.003175,1.013115,0.984102,1.016155
1.012658,0.987055,1.016155,1.022258
1.020312,1.027869,1.022258,1.099533
1.082695,1.036683,1.099533,1.053748
1.087694,1.072308,1.053748,0.997315
0.988296,1.038737,0.997315,1.013459
1.002632,0.997238,1.013459,0.970784
0.973753,0.993075,0.970784,1.004104
0.991914,0.987448,1.004104,0.990463
1.017663,1.008475,0.990463,1.01238
1.052069,1.012605,1.01238,0.949728
0.906091,0.941909,0.949728,1.1
1.077031,1.045521,1.1,1.045514
1.092328,1.1,1.045514,1.099502
1.052381,0.997478,1.099502,0.987557
1.040724,1.094817,0.987557,0.9874
0.965217,0.979215,0.9874,1.0058
1.042793,1.012972,1.0058,1.016148
0.956803,0.944121,1.016148,0.958002
0.995485,1.036991,0.958002,0.946682
0.968254,0.946492,0.946682,0.967459
0.948478,0.962312,0.967459,0.989651
0.979012,0.981723,0.989651,1.1
1.061791,1.041223,1.1,1.02019
1.043943,1.06258,1.02019,0.989523
1.0,0.99399,0.989523,1.061176
1.052332,0.983071,1.061176,0.960089
0.964324,1.04428,0.960089,0.965358
1.024664,0.975265,0.965358,1.0311
0.977024,0.974638,1.0311,1.010441
0.985442,1.035936,1.010441,1.047072
1.054545,1.022727,1.047072,0.982456
0.997845,1.036257,0.982456,1.042411
1.052916,1.002257,1.042411,0.96788
0.96,0.97973,0.96788,0.964602
0.957265,0.986207,0.964602,1.036697
1.024554,1.005828,1.036697,1.013274
1.018519,1.031286,1.013274,0.945415
0.983957,0.967416,0.945415,1.012702
0.976087,0.987224,1.012702,1.055872
1.034521,1.021176,1.055872,1.048596
1.088267,1.049539,1.048596,0.982492
0.972305,1.025247,0.982492,1.005241
1.02238,1.017131,1.005241,0.965589
0.991045,0.952632,0.965589,0.981641
0.933735,0.98011,0.981641,0.974697
0.977419,0.992108,0.974697,1.012415
0.9978,0.998864,1.012415,0.973244
0.994487,0.979522,0.973244,0.953036
0.962306,0.962834,0.953036,1.021635
0.988479,1.003619,1.021635,0.991765
0.994172,0.991587,0.991765,1.036773
1.052755,1.003636,1.036773,0.982838
0.971047,1.028986,0.982838,0.995343
0.993119,1.0,0.995343,0.974269
0.991917,0.974178,0.974269,1.008403
1.0,0.995181,1.008403,0.925
0.981374,0.921308,0.925,1.011583
0.938316,0.998686,1.011583,0.996183
1.005057,1.019737,0.996183,1.006386
1.008805,0.990968,1.006386,1.008883
1.003741,1.005208,1.008883,1.011321
1.014907,1.023316,1.011321,0.996269
0.998776,1.008861,0.996269,1.02372
1.007353,0.984944,1.02372,0.991463
1.004866,1.026752,0.991463,0.99877
0.995157,0.996278,0.99877,1.0
0.998783,1.0,1.0,0.979064
0.99391,0.990037,0.979064,0.986164
0.976716,0.974843,0.986164,0.996173
0.983689,0.990968,0.996173,0.989757
1.020408,1.005208,0.989757,0.988357
0.9725,0.984456,0.988357,1.027487
1.024422,0.998684,1.027487,1.012739
1.002509,1.023715,1.012739,0.98239
1.0,0.998713,0.98239,1.060179
1.045056,1.001289,1.060179,0.981884
0.992814,1.030888,0.981884,0.99754
0.998794,1.002497,0.99754,0.972873
0.979469,0.973848,0.972873,1.007605
0.992602,1.002558,1.007605,0.981132
0.997516,0.98852,0.981132,1.003846
0.98132,0.993548,1.003846,1.020434
1.020305,1.01039,1.020434,1.010013
1.008706,1.017995,1.010013,1.004957
1.009864,1.011364,1.004957,1.022195
1.034188,1.006242,1.022195,0.995175
0.978749,1.011166,0.995175,0.975758
0.992762,0.982822,0.975758,1.024845
1.008505,1.002497,1.024845,1.009697
1.010843,1.016189,1.009697,0.990396
0.990465,1.002451,0.990396,0.992727
1.009627,0.998778,0.992727,1.001221
0.989273,0.996328,1.001221,1.008537
1.001205,1.007371,1.008537,1.010883
1.009627,1.0,1.010883,0.990431
1.009535,1.002439,0.990431,1.020531
1.012987,0.99635,1.020531,1.00355
0.995338,1.021978,1.00355,1.016509
1.012881,1.007168,1.016509,0.99884
1.011561,1.008304,0.99884,0.998839
0.994286,1.008235,0.998839,0.996512
0.997701,0.976663,0.996512,1.004667
0.996544,1.013142,1.004667,0.99187
1.004624,1.005896,0.99187,0.955504
0.976985,0.955451,0.955504,1.003676
0.975265,0.995092,1.003676,1.006105
1.003623,1.003699,1.006105,1.020631
1.020457,1.0086,1.020631,1.016647
1.011792,1.015834,1.016647,1.009357
1.01049,1.021583,1.009357,0.996524
1.009227,1.007042,0.996524,1.027907
1.024,0.996503,1.027907,0.994344
0.993304,1.015205,0.994344,1.017065
1.024719,1.006912,1.017065,1.019016
1.005482,1.012586,1.019016,1.002195
1.008724,1.020339,1.002195,0.991238
0.983784,0.990033,0.991238,0.996685
1.002198,0.998881,0.996685,0.956763
0.987939,0.966405,0.956763,1.016222
0.974473,0.986095,1.016222,1.002281
1.018223,1.027027,1.002281,1.061433
1.076063,0.995423,1.061433,1.0
1.0,1.0,1.0,1.0
1.0,1.0,1.0,0.973205
0.954262,0.995402,0.973205,0.995595
0.993464,1.023095,0.995595,1.036504
1.036184,1.010158,1.036504,1.002134
1.014815,1.037989,1.002134,0.984026
0.984359,0.991389,0.984026,1.010823
0.998941,0.995657,1.010823,1.058887
1.077413,1.014177,1.058887,1.004044
1.01378,1.03871,1.004044,1.003021
0.992233,1.006211,1.003021,0.972892
0.975538,0.987654,0.972892,0.99484
0.978937,0.983333,0.99484,0.961618
0.989754,0.979873,0.961618,0.97411
0.971014,0.96,0.97411,1.017719
0.984009,1.019144,1.017719,0.976061
1.00325,0.987845,0.976061,1.007804
0.990281,0.998881,1.007804,0.949115
0.991276,0.933931,0.949115,1.006993
0.953795,1.005995,1.006993,1.015046
1.026528,1.021454,1.015046,1.019384
1.011236,1.017503,1.019384,1.036913
1.054444,1.018349,1.036913,1.020496
1.030558,1.04955,1.020496,1.013742
0.993865,0.995708,1.013742,1.062565
1.062757,1.034483,1.062565,0.974485
0.99516,1.022917,0.974485,0.988922
0.9893,0.991853,0.988922,1.011202
0.982301,0.968172,1.011202,0.966767
1.016016,1.008484,0.966767,1.098958
1.040394,1.023134,1.098958,0.957346
0.985795,1.017472,0.957346,0.99901
0.972142,0.982828,0.99901,0.990089
1.027668,1.02261,0.990089,0.967968
0.948077,0.954774,0.967968,1.013444
0.998986,1.003158,1.013444,1.008163
1.02132,1.020986,1.008163,0.993927
0.992048,0.994861,0.993927,1.009165
1.001002,1.002066,1.009165,0.994955
0.992993,1.002062,0.994955,1.023327
1.033266,1.018519,1.023327,1.023786
1.009756,1.010101,1.023786,1.013553
1.018357,1.012,1.013553,0.973257
0.993359,0.998024,0.973257,0.979392
0.970392,0.971287,0.979392,1.003006
1.002953,1.007136,1.003006,1.003996
0.999019,1.011134,1.003996,1.021891
1.015717,0.994995,1.021891,0.997079
0.996132,1.017103,0.997079,0.949219
0.992233,0.947577,0.949219,1.082305
1.04501,0.994781,1.082305,0.987643
1.061798,1.070304,0.987643,1.07026
0.985009,1.007843,1.07026,1.024281
1.051925,1.048638,1.024281,0.985075
0.977872,1.023191,0.985075,1.022282
1.008703,1.009066,1.022282,0.970357
0.998274,0.991015,0.970357,0.989218
0.983578,0.981868,0.989218,1.004541
0.99297,0.999077,1.004541,0.984629
0.987611,0.968577,0.984629,0.986226
1.010753,1.009542,0.986226,1.000931
0.992908,1.011342,1.000931,1.009302
0.978571,0.981308,1.009302,1.032258
1.031022,1.02381,1.032258,1.005357
1.012389,1.031628,1.005357,1.060391
1.074301,0.99459,1.060391,0.963149
0.973963,1.033545,0.963149,0.990435
0.967419,0.97807,0.990435,1.009658
1.025043,1.017937,1.009658,0.982609
0.964617,0.981498,0.982609,1.015044
1.008734,1.005386,1.015044,0.955536
0.990476,0.976786,0.955536,0.988139
0.97465,0.989031,0.988139,1.030471
1.002691,0.954713,1.030471,1.018817
1.070662,1.090997,1.018817,0.974494
0.944862,0.97693,0.974494,1.021661
1.002653,1.002725,1.021661,1.015018
1.021164,1.018116,1.015018,0.932115
0.981865,0.935053,0.932115,1.05789
0.99912,1.020932,1.05789,1.015887
1.016725,1.035415,1.015887,1.003475
1.013853,1.018002,1.003475,0.980952
0.997438,0.991158,0.980952,1.017652
0.98887,0.982159,1.017652,0.989592
1.006061,1.018165,0.989592,1.043821
1.054217,1.001784,1.043821,0.960537
0.96898,1.013357,0.960537,0.972902
0.968829,0.974517,0.972902,1.003594
0.981739,0.980162,1.003594,1.004476
0.996457,1.016559,1.004476,0.977718
1.007111,0.988235,0.977718,0.977211
0.985878,0.980769,0.977211,0.978545
0.96598,0.970121,0.978545,0.993327
0.982391,0.990375,0.993327,1.023033
1.009434,1.008746,1.023033,0.989681
1.002804,1.011561,0.989681,1.004739
0.997204,0.992381,1.004739,1.010377
1.01215,1.020154,1.010377,1.030812
1.022161,1.002822,1.030812,0.996377
1.000903,1.02439,0.996377,1.032727
1.035199,1.018315,1.032727,1.020246
1.015693,1.008993,1.020246,0.991372
1.000858,1.015152,0.991372,1.018277
1.010292,1.005268,1.018277,0.964957
0.988115,0.983406,0.964957,1.009743
0.985395,0.997336,1.009743,0.983333
0.989538,0.983972,0.983333,1.029438
1.029956,1.00905,1.029438,1.020797
1.021386,1.005381,1.020797,0.990662
0.985762,1.033006,0.990662,1.026564
1.028037,0.993955,1.026564,0.974958
0.995868,1.012163,0.974958,0.993151
0.974274,0.987124,0.993151,1.041379
1.052811,1.009565,1.041379,1.017384
1.031553,1.037037,1.017384,1.009764
0.984314,1.006645,1.009764,1.02498
1.033466,1.010726,1.02498,1.01022
1.000771,1.020408,1.01022,1.007004
1.001541,1.0168,1.007004,0.976043
0.997692,0.961448,0.976043,1.04038
1.025443,1.013093,1.04038,0.986301
1.015038,1.026656,0.986301,0.996914
0.968889,1.000787,0.996914,1.099845
1.086391,1.080975,1.099845,1.09993
1.09993,1.08,1.09993,1.099808
1.099808,1.035017,1.099808,1.1
1.1,1.1,1.1,0.997356
1.051296,1.045997,0.997356,1.054613
1.043763,1.015201,1.054613,0.954751
0.946506,1.0,0.954751,1.012112
1.035642,0.976471,1.012112,1.024454
0.982301,1.01862,1.024454,1.016252
1.05956,1.038172,1.016252,1.09995
1.039679,1.025375,1.09995,0.993185
1.099955,1.085859,0.993185,0.967521
0.9,0.923721,0.967521,1.069031
1.071429,1.067472,1.069031,1.008846
1.055844,1.061321,1.008846,0.956598
0.905699,0.912444,0.956598,0.986709
0.988683,1.022893,0.986709,0.968416
0.982601,0.98381,0.968416,1.01199
1.000932,0.977735,1.01199,1.005213
1.000466,1.022277,1.005213,0.94248
0.977199,0.96368,0.94248,0.994997
0.96619,0.954774,0.994997,1.030166
1.029078,1.042105,1.030166,0.981942
0.988506,1.004545,0.981942,0.976143
1.001938,0.982906,0.976143,0.953157
0.966151,0.940153,0.953157,0.939637
0.945445,0.935256,0.939637,1.026151
0.956591,1.012216,1.026151,1.046537
1.045932,1.035057,1.046537,1.000529
1.014286,1.027762,1.000529,1.036508
1.03808,1.010265,1.036508,0.962226
0.979899,0.98877,0.962226,0.963395
0.966667,0.97404,0.963395,0.996696
0.986737,0.987785,0.996696,1.032597
1.009677,1.017426,1.032597,1.012841
1.020767,1.024862,1.012841,1.032224
1.026082,1.007547,1.032224,1.0348
1.040671,1.046549,1.0348,1.019782
1.01661,1.030164,1.019782,0.99806
0.997117,0.990074,0.99806,1.051506
1.049639,1.005013,1.051506,0.928835
1.045455,0.976559,0.928835,0.950746
0.9,0.928498,0.950746,1.034537
0.975466,1.045105,1.034537,1.072838
1.081489,1.026842,1.072838,0.963696
0.979535,1.024603,0.963696,0.987769
0.990028,0.933467,0.987769,1.073304
1.045564,1.072347,1.073304,1.006922
1.016055,1.05947,1.006922,0.969294
0.983747,0.97217,0.969294,1.044444
1.032584,0.983988,1.044444,1.035763
1.042222,1.095661,1.035763,0.990822
0.992324,0.990549,0.990822,0.952801
0.981092,0.976829,0.952801,0.926389
0.925099,0.910233,0.926389,1.022989
0.970644,0.990291,1.022989,0.936492
1.007317,0.97936,0.936492,0.9
0.911864,0.908851,0.9,0.995942
0.928306,0.901449,0.995942,1.018044
1.005149,1.083601,1.018044,1.017724
1.064883,1.008902,1.017724,0.9
0.947622,0.942353,0.9,0.900125
0.953187,0.900125,0.900125,1.040915
0.9,0.900139,1.040915,0.900067
1.02108,1.040832,0.900067,0.900074
0.9,0.900074,0.900074,0.9
0.9,0.9,0.9,0.926874
0.978776,0.900366,0.926874,0.900394
0.9,0.926904,0.900394,0.900329
0.9,0.900329,0.900329,1.099757
1.04388,0.907543,1.099757,1.099558
1.099558,1.1,1.099558,1.099598
1.099598,1.1,1.099598,1.019213
1.079597,1.046967,1.019213,0.900359
0.925424,0.937383,0.900359,1.016949
0.970696,0.905284,1.016949,1.065686
1.04434,1.1,1.065686,1.030359
1.034327,1.048924,1.030359,1.0375
1.039301,1.007463,1.0375,1.099828
1.07395,1.056481,1.099828,1.033646
1.087637,1.084137,1.033646,0.963664
0.984892,0.980598,0.963664,0.900236
0.956172,0.944765,0.900236,0.925829
0.9,0.9,0.925829,1.089538
1.000862,1.017459,1.089538,0.991349
1.066322,1.054337,0.991349,1.017452
0.97496,1.015371,1.017452,0.992281
1.017399,0.997329,0.992281,1.077787
1.01873,1.004464,1.077787,1.035285
1.07514,1.082667,1.035285,1.027885
1.003717,1.005747,1.027885,1.030897
1.065926,1.1,1.030897,1.053363
1.018068,0.991858,1.053363,0.969466
0.978157,1.029851,0.969466,0.953472
0.969295,0.963043,0.953472,1.042793
1.007199,0.99699,1.042793,1.034557
1.082202,1.041509,1.034557,1.1
1.044254,1.043478,1.1,0.998735
1.072739,1.043056,0.998735,1.1
1.024175,1.02996,1.1,1.040875
1.1,1.1,1.040875,0.90708
0.978545,0.929714,0.90708,0.9
0.9,0.907191,0.9,0.9
0.9,0.9,0.9,0.9
0.968616,0.9,0.9,1.004184
0.916053,0.900418,1.004184,1.1
1.061093,1.1,1.1,0.979545
1.045455,1.058972,0.979545,0.900232
0.904348,0.926014,0.900232,0.900344
0.950321,0.900344,0.900344,0.93416
0.947723,0.906489,0.93416,1.069459
0.951957,0.927368,1.069459,1.068768
1.076636,1.1,1.068768,1.022341
1.032986,1.039806,1.022341,1.09965
1.057143,1.036415,1.09965,0.900636
1.069952,1.01982,0.900636,1.018535
0.9,0.940813,1.018535,1.099653
1.058382,1.061033,1.099653,0.959023
1.076438,1.072566,0.959023,1.013147
0.926061,0.980198,1.013147,1.060016
1.058498,0.998316,1.060016,1.074216
1.058999,1.079258,1.074216,0.980057
1.022567,1.0625,0.980057,0.985465
0.970345,0.971324,0.985465,0.982301
0.992893,0.984103,0.982301,0.951952
0.937724,0.922308,0.951952,0.959779
0.983206,1.000834,0.959779,0.949877
0.960404,0.958333,0.949877,1.032872
0.982215,1.013043,1.032872,1.024288
1.012346,1.012876,1.024288,1.049877
1.056911,1.027119,1.049877,1.015576
1.006154,1.031353,1.015576,0.955521
1.018349,0.9928,0.955521,1.037721
0.974474,0.982272,1.037721,1.068059
1.087057,1.044299,1.068059,0.964518
0.973069,1.027494,0.964518,1.026276
1.009468,1.003823,1.026276,0.9
0.993506,0.936786,0.9,1.015447
0.914306,0.960163,1.015447,1.007206
1.015091,1.035563,1.007206,1.011924
1.025039,1.022895,1.011924,0.967007
0.961832,0.931255,0.967007,1.017872
1.039683,1.038627,1.017872,0.984038
0.966412,1.001653,0.984038,0.974047
0.971564,0.977723,0.974047,1.010824
1.013008,0.978903,1.010824,0.979407
0.986356,1.008621,0.979407,1.042893
1.014646,1.019658,1.042893,1.019355
1.040898,1.033529,1.019355,1.011076
0.993837,1.012976,1.011076,1.007825
1.014729,0.991994,1.007825,1.029503
1.02521,1.02502,1.029503,1.024133
1.02459,1.014961,1.024133,0.963918
0.987636,1.005431,0.963918,0.967914
0.962445,0.964506,0.967914,1.005525
0.977047,0.9768,1.005525,1.025903
1.057165,1.054054,1.025903,0.973986
0.982963,0.98446,0.973986,1.01414
0.976639,0.995264,1.01414,1.020914
1.033951,1.031721,1.020914,0.979514
0.997015,0.987702,0.979514,0.993803
0.968563,0.972763,0.993803,1.02728
1.025502,1.012,1.02728,1.02352
1.023361,1.031621,1.02352,0.908821
1.011046,0.930268,0.908821,0.959217
0.9,0.914333,0.959217,1.011054
0.986939,1.037838,1.011054,0.990749
0.996691,0.993056,0.990749,1.016978
0.995021,1.022727,1.016978,0.971619
0.997498,0.990598,0.971619,1.005155
0.981605,0.992235,1.005155,0.952137
0.993186,0.966957,0.952137,1.017056
0.975129,0.977518,1.017056,0.988526
1.006157,1.026679,0.988526,0.973214
0.97028,0.969534,0.973214,1.036697
1.027027,0.999076,1.036697,1.0
1.00614,1.037003,1.0,1.00177
1.000872,1.00446,1.00177,1.026502
1.017422,1.006217,1.026502,1.001721
1.014555,1.011474,1.001721,1.011168
1.005907,1.005236,1.011168,1.002549
0.993289,1.009549,1.002549,0.983051
1.021959,0.996561,0.983051,0.976724
0.958678,0.962899,0.976724,1.000883
0.990517,1.010753,1.000883,0.971781
0.995648,0.976064,0.971781,1.018149
0.982517,0.989101,1.018149,0.997326
1.00089,1.014692,0.997326,0.989276
0.998222,0.995475,0.989276,0.9
0.991986,0.905455,0.9,0.955823
0.9,0.909639,0.955823,1.033613
0.99196,1.054084,1.033613,0.900407
0.982776,0.927749,0.900407,1.005643
0.953608,0.936795,1.005643,0.921437
0.989189,0.985542,0.921437,1.009744
0.92459,0.969438,1.009744,0.9807
1.014184,1.02396,0.9807,1.03444
0.982517,0.948276,1.03444,0.94887
1.001186,1.025974,0.94887,1.017544
0.971564,0.981013,1.017544,1.04803
1.04878,1.037419,1.04803,0.985899
0.994186,1.028607,0.985899,1.0
1.047953,0.981862,1.0,1.002384
0.953125,1.0,1.002384,1.015458
1.014052,1.035714,1.015458,0.900468
0.993072,0.914388,0.900468,0.968791
0.905814,0.910273,0.968791,0.90604
0.953787,0.96,0.90604,1.044444
0.962315,1.008929,1.044444,0.998582
1.013986,1.013274,0.998582,1.02983
1.011034,1.026201,1.02983,1.004138
1.002729,1.009929,1.004138,1.023352
1.028571,1.022472,1.023352,0.987919
0.992063,1.006868,0.987919,0.987772
0.974667,0.956344,0.987772,1.049519
1.053352,1.042796,1.049519,1.015727
1.011688,1.032832,1.015727,1.010323
1.033376,1.019868,1.010323,0.994891
0.985093,1.001299,0.994891,1.026958
1.02396,1.020752,1.026958,0.98375
0.990148,0.983482,0.98375,1.035578
1.016169,1.011628,1.035578,0.900613
1.002448,0.93742,0.900613,0.986376
0.913309,0.957766,0.986376,0.926796
0.969251,0.934566,0.926796,1.019374
0.958621,1.015221,1.019374,1.077485
1.061871,1.016492,1.077485,1.033921
1.067751,1.064897,1.033921,0.947507
0.965736,0.979224,0.947507,1.030471
0.986859,1.032532,1.030471,1.099462
1.089214,0.965753,1.099462,0.954768
0.99022,1.089362,0.954768,0.956466
0.966667,0.96224,0.956466,1.037483
1.019157,1.00406,1.037483,1.055484
1.0401,1.026954,1.055484,0.97066
0.975904,1.024934,0.97066,0.967254
0.993827,0.978233,0.967254,1.03125
0.98882,1.001309,1.03125,1.02904
1.036432,1.033987,1.02904,1.047853
1.038788,1.025284,1.047853,0.980094
0.985998,1.023428,0.980094,1.013142
1.004734,1.0,1.013142,0.961085
0.989399,0.980723,0.961085,1.008589
0.988095,0.985258,1.008589,0.979319
1.010843,1.0,0.979319,0.980124
0.964243,0.972569,0.980124,1.04436
1.021014,1.020513,1.04436,1.001214
1.010896,1.027638,1.001214,0.981818
0.985629,0.974328,0.981818,1.02963
1.023086,1.011292,1.02963,1.021583
1.017815,1.023573,1.021583,0.957746
0.992999,0.985455,0.957746,0.990196
0.957697,0.98032,0.990196,1.023515
1.023313,1.017566,1.023515,1.0
1.005995,1.001233,1.0,1.012092
1.013111,1.020936,1.012092,1.013142
1.001176,1.007238,1.013142,0.992925
1.012926,1.002395,0.992925,0.984561
0.968677,0.979689,0.984561,0.998794
1.002395,0.995122,0.998794,0.933575
0.995221,0.920343,0.933575,0.994825
0.948379,1.021305,0.994825,1.007802
0.994937,0.984355,1.007802,0.99871
0.996183,1.006623,0.99871,1.00646
1.001277,1.006579,1.00646,0.991014
1.001276,1.006536,0.991014,0.981865
0.987261,0.961039,0.981865,0.996042
0.985806,1.014865,0.996042,1.031788
1.020942,1.002663,1.031788,0.997433
1.008974,1.025232,0.997433,1.007722
0.996188,0.997409,1.007722,0.943806
1.003827,0.957143,0.943806,0.959405
0.933926,0.953867,0.959405,1.004231
0.97415,1.007112,1.004231,0.990169
1.005587,0.990113,0.990169,1.005674
0.988889,0.977175,1.005674,1.007052
1.032303,1.021898,1.007052,1.004202
0.976871,0.998571,1.004202,0.991632
0.998607,1.007153,0.991632,0.966245
0.986053,0.964489,0.966245,1.001456
0.990099,1.011782,1.001456,1.007267
0.992857,0.985444,1.007267,1.015873
1.018705,1.022157,1.015873,0.991477
0.998588,1.004335,0.991477,0.989971
0.998586,0.992806,0.989971,0.995658
0.985836,0.972464,0.995658,1.002907
0.997126,1.016393,1.002907,1.001449
1.002882,0.998534,1.001449,1.0
1.0,1.0,1.0,1.0
1.0,1.0,1.0,1.0
1.0,1.0,1.0,1.0
1.0,1.0,1.0,1.0
1.0,1.0,1.0,1.0
1.0,1.0,1.0,1.0
1.0,1.0,1.0,1.0
1.0,1.0,1.0,1.0
1.0,1.0,1.0,1.0
1.0,1.0,1.0,1.0
1.0,1.0,1.0,1.0
1.0,1.0,1.0,1.0
1.0,1.0,1.0,1.0
1.0,1.0,1.0,1.0
1.0,1.0,1.0,1.0
1.0,1.0,1.0,1.0
1.0,1.0,1.0,1.0
1.0,1.0,1.0,1.0
1.0,1.0,1.0,1.0
1.0,1.0,1.0,1.0
1.0,1.0,1.0,1.0
1.0,1.0,1.0,1.0
1.0,1.0,1.0,1.0
1.0,1.0,1.0,1.0
1.0,1.0,1.0,1.0
1.0,1.0,1.0,1.0
1.0,1.0,1.0,1.0
1.0,1.0,1.0,1.0
1.0,1.0,1.0,1.0
1.0,1.0,1.0,1.0
1.0,1.0,1.0,1.0
1.0,1.0,1.0,1.0
1.0,1.0,1.0,1.0
1.0,1.0,1.0,1.0
1.0,1.0,1.0,1.0
1.0,1.0,1.0,1.0
1.0,1.0,1.0,1.0
1.0,1.0,1.0,1.0
1.0,1.0,1.0,1.0
1.0,1.0,1.0,1.0
1.0,1.0,1.0,1.0
1.0,1.0,1.0,1.0
1.0,1.0,1.0,1.0
1.0,1.0,1.0,1.0
1.0,1.0,1.0,1.0
1.0,1.0,1.0,1.0
1.0,1.0,1.0,1.0
1.0,1.0,1.0,1.0
1.0,1.0,1.0,1.0
1.0,1.0,1.0,1.0
1.0,1.0,1.0,1.0
1.0,1.0,1.0,1.0
1.0,1.0,1.0,1.0
1.0,1.0,1.0,1.0
1.0,1.0,1.0,1.0
1.0,1.0,1.0,1.0
1.0,1.0,1.0,1.0
1.0,1.0,1.0,1.0
1.0,1.0,1.0,1.0
1.0,1.0,1.0,1.0
1.0,1.0,1.0,1.0
1.0,1.0,1.0,1.0
1.0,1.0,1.0,1.0
1.0,1.0,1.0,1.0
1.0,1.0,1.0,1.0
1.0,1.0,1.0,1.0
1.0,1.0,1.0,1.0
1.0,1.0,1.0,1.0
1.0,1.0,1.0,1.0
1.0,1.0,1.0,1.0
1.0,1.0,1.0,1.0
1.0,1.0,1.0,1.0
1.0,1.0,1.0,1.0
1.0,1.0,1.0,1.0
1.0,1.0,1.0,1.0
1.0,1.0,1.0,1.0
1.0,1.0,1.0,1.0
1.0,1.0,1.0,1.0
1.0,1.0,1.0,1.0
1.0,1.0,1.0,1.0
1.0,1.0,1.0,1.0
1.0,1.0,1.0,1.0
1.0,1.0,1.0,1.0
1.0,1.0,1.0,1.0
1.0,1.0,1.0,1.0
1.0,1.0,1.0,1.0
1.0,1.0,1.0,1.0
1.0,1.0,1.0,1.0
1.0,1.0,1.0,1.0
1.0,1.0,1.0,1.0
1.0,1.0,1.0,1.0
1.0,1.0,1.0,1.0
1.0,1.0,1.0,1.0
1.0,1.0,1.0,1.0
1.0,1.0,1.0,1.0
1.0,1.0,1.0,1.0
1.0,1.0,1.0,1.0
1.0,1.0,1.0,1.0
1.0,1.0,1.0,1.0
1.0,1.0,1.0,1.0
1.0,1.0,1.0,1.0
1.0,1.0,1.0,1.0
1.0,1.0,1.0,1.0
1.0,1.0,1.0,1.0
1.0,1.0,1.0,1.0
1.0,1.0,1.0,1.0
1.0,1.0,1.0,1.0
1.0,1.0,1.0,1.0
1.0,1.0,1.0,1.0
1.0,1.0,1.0,1.0
1.0,1.0,1.0,1.0
1.0,1.0,1.0,1.0
1.0,1.0,1.0,1.0
1.0,1.0,1.0,1.092619
1.08477,1.1,1.092619,1.1
1.1,1.1,1.1,1.09988
1.09988,1.09988,1.09988,1.099562
1.099562,1.099562,1.099562,1.1
1.1,1.1,1.1,1.1
1.1,1.1,1.1,1.073131
1.099425,1.030403,1.073131,0.924196
0.956652,0.948963,0.924196,0.989229
0.955469,0.955462,0.989229,1.005863
1.005724,1.030783,1.005863,1.027477
1.065041,0.991468,1.027477,1.099676
1.035878,1.026678,1.099676,0.965365
1.019897,1.070411,0.965365,1.1
1.041185,1.005482,1.1,1.011797
1.031228,1.07866,1.011797,0.950617
1.002692,0.961733,0.950617,0.9
0.911409,0.936186,0.9,1.011227
0.932253,0.966319,1.011227,1.047581
1.0703,1.009129,1.047581,0.978804
0.99262,1.051809,0.978804,0.980665
1.002974,0.97889,0.980665,1.019716
0.983692,1.01278,1.019716,1.017788
0.993971,0.996057,1.017788,0.930091
1.000758,0.948535,0.930091,0.985294
0.927273,0.979967,0.985294,1.002488
0.995915,1.01448,1.002488,0.990902
0.992617,0.979009,0.990902,1.030885
1.023967,1.012864,1.030885,0.991903
1.010492,1.021169,0.991903,1.00898
1.00639,1.007463,1.00898,0.983819
0.990476,0.979424,0.983819,0.978618
0.981571,0.993277,0.978618,1.006723
0.982857,0.99154,1.006723,0.989983
0.994186,1.006826,0.989983,1.009275
1.006683,0.997458,1.009275,1.04929
1.043983,1.006797,1.04929,0.982484
1.04213,1.034599,0.982484,0.968395
0.92296,0.963295,0.968395,0.991632
0.993388,0.999153,0.991632,0.999156
0.995008,0.994068,0.999156,0.900338
0.98913,0.908781,0.900338,1.014071
0.915469,0.967167,1.014071,1.0037
1.030471,1.032008,1.0037,0.984332
0.989247,0.984962,0.984332,1.042135
1.022645,1.006679,1.042135,0.986523
0.983171,1.033175,0.986523,1.003643
1.025225,1.002752,1.003643,0.978221
0.967487,0.983532,0.978221,0.982375
0.987284,0.983256,0.982375,1.010387
0.99356,0.999054,1.010387,1.011215
1.00463,1.007576,1.011215,1.013863
1.023963,1.015038,1.013863,1.010027
1.0036,0.997222,1.010027,1.1
1.093274,1.022284,1.1,1.0484
1.085316,1.096276,1.0484,0.968701
0.95616,0.997514,0.968701,1.048465
1.065613,1.012458,1.048465,0.953775
0.956231,1.009844,0.953775,1.004039
0.996897,1.0,1.004039,1.011263
0.995331,0.988627,1.011263,1.033413
1.030493,1.016434,1.033413,0.992302
0.989378,1.029911,0.992302,1.013964
1.025307,1.00157,1.013964,0.96863
0.970082,0.970219,0.96863,0.984992
0.976099,1.002423,0.984992,0.989575
0.99763,0.987107,0.989575,1.017828
0.996833,1.003265,1.017828,1.011943
1.031771,1.011391,1.011943,0.974823
0.986913,0.991955,0.974823,0.987086
0.968019,0.986212,0.987086,1.002453
0.993554,1.003289,1.002453,0.987765
0.996756,0.987705,0.987765,1.004955
0.996745,1.004149,1.004955,0.973706
0.992653,0.97438,0.973706,1.002532
0.981908,0.997455,1.002532,0.998316
0.997487,0.994898,0.998316,1.021922
1.02183,1.015385,1.021922,0.985974
0.99507,1.004209,0.985974,1.021757
1.018167,1.003353,1.021757,1.025389
1.038118,1.015873,1.025389,1.047923
1.039062,1.011513,1.047923,0.97561
0.983459,1.029268,0.97561,1.027344
1.029817,1.00316,1.027344,1.035741
1.024499,1.008661,1.035741,1.012482
1.049275,1.045277,1.012482,0.970993
0.970994,0.993279,0.970993,0.994025
0.973684,0.977444,0.994025,1.027047
1.021914,1.014615,1.027047,1.1
1.075054,1.031842,1.1,0.900266
1.030585,0.994857,0.900266,0.962334
0.9,0.909158,0.962334,1.000767
1.022762,1.036556,1.000767,1.001534
0.999258,1.003135,1.001534,1.00536
0.976986,0.992187,1.00536,1.041127
1.047112,1.011811,1.041127,0.953914
0.98984,1.007004,0.953914,0.993098
0.965543,0.989181,0.993098,0.977606
0.985573,0.972656,0.977606,1.011848
1.010786,1.00241,1.011848,1.046058
1.028963,1.014423,1.046058,1.019403
1.035556,1.041864,1.019403,1.00366
0.997854,1.009098,1.00366,0.994165
0.992115,1.006762,0.994165,0.90022
0.971821,0.915672,0.90022,1.00652
0.935316,0.95762,1.00652,0.987045
0.992846,1.033191,0.987045,1.035275
1.026421,0.971993,1.035275,0.992868
0.985179,1.044915,0.992868,1.034318
1.029295,1.020276,1.034318,1.066358
1.096923,1.011924,1.066358,1.040521
1.041374,1.062058,1.040521,0.959666
0.973737,1.017751,0.959666,0.927536
0.99101,0.920785,0.927536,1.016406
0.915562,0.940805,1.016406,0.950038
1.006098,1.036074,0.950038,1.012945
0.961364,0.959514,1.012945,0.995208
1.005516,1.033755,0.995208,0.974318
1.015674,0.981224,0.974318,1.0
0.9375,0.945092,1.0,1.018946
1.045267,1.074824,1.018946,0.96443
0.965354,0.968878,0.96443,0.98575
0.987765,0.986475,0.98575,0.977891
0.979356,0.979434,0.977891,0.906957
0.975548,0.905512,0.906957,0.991371
0.904062,0.935266,0.991371,0.999033
1.005736,1.036157,0.999033,1.001936
0.996198,1.028913,1.001936,1.05314
1.079198,1.00969,1.05314,0.966972
0.980548,1.008637,0.966972,0.995256
0.950406,0.952426,0.995256,1.020019
1.017078,1.04995,1.020019,1.006542
1.040112,1.020932,1.006542,1.027855
0.995516,0.989748,1.027855,0.98645
1.010811,1.024482,0.98645,0.992674
0.980392,0.985294,0.992674,0.988007
0.995455,0.998134,0.988007,1.011204
1.000913,1.004673,1.011204,1.043398
1.036496,1.018605,1.043398,1.09469
1.09419,1.014612,1.09469,0.980598
1.023331,1.063006,0.980598,1.014839
0.985849,1.001693,1.014839,0.964257
0.987241,1.001691,0.964257,1.007582
0.98546,0.997468,1.007582,1.0
1.0,1.0,1.0,1.0
1.0,1.0,1.0,1.0
1.0,1.0,1.0,1.0
1.0,1.0,1.0,1.0
1.0,1.0,1.0,1.0
1.0,1.0,1.0,1.0
1.0,1.0,1.0,1.030936
1.048361,1.032149,1.030936,0.975669
0.964034,0.980328,0.975669,1.001663
0.988646,1.004181,1.001663,0.980913
0.986874,0.982515,0.980913,0.981387
0.987531,0.976271,0.981387,0.997414
0.986532,1.0,0.997414,1.01815
1.017918,1.00434,1.01815,1.000849
0.999162,1.002593,1.000849,1.04665
1.040268,1.009483,1.04665,0.97812
0.990323,1.021349,0.97812,0.913007
1.003257,0.908027,0.913007,1.0
0.909091,0.97698,1.0,1.029038
1.020536,1.027333,1.029038,0.979718
0.994751,1.016514,0.979718,0.9955
0.989446,0.990975,0.9955,0.998192
0.989333,0.996357,0.998192,1.015399
1.021563,1.003656,1.015399,0.980375
0.98241,0.992714,0.980375,0.991811
0.983885,0.990826,0.991811,0.995413
0.99636,1.0,0.995413,1.002765
1.0,1.000926,1.002765,1.002757
1.008219,1.004625,1.002757,0.964253
0.990036,0.965009,0.964253,1.022814
0.988106,0.998092,1.022814,0.980483
0.994444,1.001912,0.980483,0.999052
0.986034,0.994275,0.999052,1.006641
1.003777,1.005758,1.006641,1.021678
1.033866,1.026718,1.021678,0.980627
0.980892,0.977695,0.980627,0.973659
0.986085,0.981939,0.973659,1.019324
0.996237,1.011617,1.019324,1.008531
1.015109,1.002871,1.008531,1.008459
1.008372,1.017176,1.008459,1.013048
1.01107,0.99531,1.013048,1.00184
0.998175,1.01508,1.00184,1.000918
0.999086,1.004643,1.000918,0.983486
1.0,0.981516,0.983486,0.992537
0.988106,0.997175,0.992537,0.990602
0.987037,0.99339,0.990602,1.008539
1.001876,1.000951,1.008539,1.023518
1.026217,1.016144,1.023518,1.006434
1.010036,1.017757,1.006434,0.99726
0.99729,0.996327,0.99726,0.997253
0.995471,0.995392,0.997253,0.985308
0.978162,0.968519,0.985308,1.029823
1.059535,1.017208,1.029823,0.984615
0.973661,1.021617,0.984615,0.999081
0.985573,0.985281,0.999081,1.0
1.014639,1.013072,1.0,1.020239
1.018936,0.993548,1.020239,1.004509
0.995575,1.018553,1.004509,0.979354
0.999111,0.992714,0.979354,1.001833
0.97331,0.989908,1.001833,0.99817
1.013711,1.005561,0.99817,0.992667
0.983769,0.991705,0.992667,1.0
0.995417,1.001859,1.0,0.993536
1.000921,0.996289,0.993536,0.995353
0.98896,0.985102,0.995353,0.983193
0.997209,0.995274,0.983193,1.004748
0.99347,0.99905,1.004748,0.984877
1.001878,0.988593,0.984877,1.024952
1.009372,1.0,1.024952,0.994382
0.989786,1.017308,0.994382,0.980226
0.999062,0.983932,0.980226,1.000961
0.988732,0.999039,1.000961,1.007678
1.004748,1.002885,1.007678,1.006667
1.005671,1.002876,1.006667,1.001892
1.00094,1.00478,1.001892,0.98678
0.997183,0.991437,0.98678,1.004785
0.989642,0.99904,1.004785,1.004762
1.013321,1.004803,1.004762,0.996209
0.998122,1.000956,0.996209,0.973359
0.995296,0.975167,0.973359,0.981427
0.97259,0.978452,0.981427,1.016932
0.998056,0.996997,1.016932,0.999021
0.994158,1.01506,0.999021,0.994118
1.006856,0.999011,0.994118,1.002959
0.991245,1.0,1.002959,1.00295
1.006869,1.00099,1.00295,1.048039
1.074074,1.009891,1.048039,1.01029
1.00726,1.043095,1.01029,0.999074
0.987387,1.001878,0.999074,1.005561
1.010036,1.009372,1.005561,0.98341
0.979223,0.980501,0.98341,1.007498
1.002768,1.004735,1.007498,1.009302
1.00552,1.00377,1.009302,1.011982
1.009149,1.014085,1.011982,0.992714
1.00544,1.003704,0.992714,0.990826
0.989179,0.98893,0.990826,1.013889
1.003646,0.996269,1.013889,1.044749
1.04178,1.021536,1.044749,0.986888
1.013078,1.031164,0.986888,1.0
0.993115,0.996444,1.0,1.008857
0.993068,1.00446,1.008857,0.956102
1.006108,0.959147,0.956102,1.050505
0.993062,0.958333,1.050505,1.000874
1.033188,1.091787,1.000874,0.974672
0.977177,0.980531,0.974672,0.968638
0.979239,0.971119,0.968638,0.988899
0.967314,0.987918,0.988899,0.985033
1.031963,0.983067,0.985033,1.024691
0.960177,0.998086,1.024691,1.015755
1.023963,1.036433,1.015755,0.992701
1.013501,1.002775,0.992701,1.028493
1.001776,1.006458,1.028493,0.995532
1.000887,1.009166,0.995532,0.900359
0.992028,0.91099,0.900359,0.907278
0.9,0.900299,0.907278,1.026374
0.987879,1.019934,1.026374,1.001071
0.96319,0.989142,1.001071,1.011765
1.008493,0.993414,1.011765,1.005285
1.021053,1.030939,1.005285,1.004206
0.995876,1.013934,1.004206,1.018848
1.009317,1.004228,1.018848,1.016444
1.019487,1.014737,1.016444,1.025278
1.030181,1.018672,1.025278,1.005917
1.004883,1.026477,1.005917,0.993137
0.997085,1.002976,0.993137,0.995064
0.997076,0.980218,0.995064,1.015873
1.018573,1.023209,1.015873,1.006836
1.010557,1.001972,1.006836,1.00097
0.983856,0.995079,1.00097,1.0
1.008687,1.006924,1.0,1.047481
1.050718,1.031434,1.047481,1.015726
1.029144,1.011429,1.015726,0.98816
0.971681,1.011299,0.98816,0.98894
0.989982,0.997207,0.98894,0.975769
0.987121,0.969188,0.975769,0.99809
0.986952,0.998073,0.99809,0.998086
0.997167,1.002896,0.998086,1.0
0.995265,1.000962,1.0,1.004794
1.015224,0.983654,1.004794,0.984733
0.98313,1.002933,0.984733,1.005814
0.995234,0.996101,1.005814,0.970135
1.000958,0.968689,0.970135,0.994042
0.973206,1.008081,0.994042,0.984016
0.989184,0.95491,0.984016,1.010152
0.999006,1.026233,1.010152,0.998995
1.0,1.01227,0.998995,1.008048
1.000995,0.990909,1.008048,1.003992
1.005964,1.021407,1.003992,0.987078
0.998024,0.987026,0.987078,1.006042
0.99703,1.001011,1.006042,0.997998
1.007944,1.00202,0.997998,0.988967
0.989163,0.988911,0.988967,0.988844
0.986056,0.989806,0.988844,1.004103
0.99798,1.0,1.004103,0.979571
1.0,0.962925,0.979571,1.016684
1.002024,1.0,1.016684,0.987692
0.985859,1.019251,0.987692,0.956386
0.983607,0.949633,0.956386,1.002172
0.978125,1.00221,1.002172,1.001083
0.992545,1.009923,1.001083,1.001082
1.0,0.982533,1.001082,1.005405
1.013948,1.024444,1.005405,1.062366
1.07619,1.008677,1.062366,1.0
0.983284,1.048387,1.0,1.002024
0.996,1.007179,1.002024,0.990909
0.997992,0.994908,0.990909,1.013252
1.0,1.005118,1.013252,1.008048
1.012072,1.009165,1.008048,0.99002
1.001988,0.994955,0.99002,1.030242
1.02877,0.997972,1.030242,0.985323
0.998071,1.022358,0.985323,1.001986
0.989372,0.994036,1.001986,0.989098
0.986328,0.991,0.989098,0.983968
0.992079,0.989909,0.983968,0.996945
0.987026,0.990826,0.996945,1.009193
1.001011,1.002058,1.009193,1.015182
1.028283,1.020534,1.015182,1.004985
1.016699,0.985915,1.004985,0.973214
0.971014,0.997959,0.973214,0.985729
0.981095,0.977505,0.985729,0.989659
0.981744,0.987448,0.989659,1.00209
0.994835,1.009534,1.00209,0.991658
0.991693,0.98531,0.991658,0.991588
1.002094,0.99574,0.991588,0.989396
0.987461,0.991444,0.989396,0.967846
0.973545,0.961165,0.967846,1.00443
0.990217,0.953984,1.00443,1.016538
1.018661,1.070588,1.016538,0.996746
1.006466,1.0,0.996746,1.002176
0.994647,1.0,1.002176,1.018458
1.027987,1.010989,1.018458,0.997868
0.997906,1.011957,0.997868,0.990385
0.993704,0.984962,0.990385,0.996764
0.98944,1.005453,0.996764,0.971861
0.992529,0.972885,0.971861,1.003341
0.976344,0.992196,1.003341,1.00333
1.003304,1.01236,1.00333,1.0
0.994512,0.990011,1.0,0.996681
1.009934,1.007848,0.996681,0.99889
0.99235,0.992214,0.99889,0.986667
1.004405,0.995516,0.986667,1.004505
0.989035,0.97973,1.004505,1.001121
1.002217,1.018391,1.001121,0.985442
0.987832,0.986456,0.985442,0.988636
0.988802,0.982838,0.988636,1.006897
1.001133,1.006985,1.006897,0.994292
0.989819,1.0,0.994292,0.990815
1.001143,0.991908,0.990815,1.002317
0.995434,1.003497,1.002317,1.002312
0.997706,0.997677,1.002312,0.987313
0.997701,0.990687,0.987313,1.031542
1.017281,1.008226,1.031542,1.007928
1.015855,1.017483,1.007928,1.006742
1.006689,1.013746,1.006742,1.004464
1.00443,1.00904,1.004464,0.996667
0.996692,0.995521,0.996667,0.994426
0.994469,0.996625,0.994426,0.994395
0.994438,1.0,0.994395,1.003382
0.995526,0.995485,1.003382,0.975281
1.001124,0.981859,0.975281,1.024194
0.998878,1.0,1.024194,0.988751
1.001124,1.004619,0.988751,1.009101
1.0,1.013793,1.009101,0.986471
0.996633,0.989796,0.986471,0.992
0.990991,0.993127,0.992,1.0
0.998864,0.994233,1.0,1.002304
0.993174,0.9942,1.002304,0.972414
0.991982,0.980163,0.972414,1.009456
1.003464,1.002381,1.009456,0.98829
0.979287,0.973872,0.98829,1.005924
1.001175,1.006098,1.005924,0.988221
0.994131,1.001212,0.988221,0.992849
0.992916,0.993947,0.992849,1.0012
0.994055,1.001218,1.0012,0.996403
0.997608,1.002433,0.996403,0.99278
1.001199,0.995146,0.99278,0.992727
0.984431,0.97561,0.992727,1.0
1.00365,1.0075,1.0,0.997558
0.995152,0.995037,0.997558,0.984088
0.99391,1.0,0.984088,0.996269
0.990196,0.987531,0.996269,1.021223
1.050743,1.017677,1.021223,0.969438
0.942285,0.913151,0.969438,0.998739
0.99625,1.040761,0.998739,0.981061
0.992472,0.994778,0.981061,1.014157
1.006321,0.990814,1.014157,0.991117
0.98995,1.01457,0.991117,1.00128
0.998731,1.0,1.00128,0.998721
0.998729,1.009138,0.998721,0.994878
0.993639,0.994825,0.994878,1.021879
1.017926,0.993498,1.021879,0.987406
1.005031,1.022251,0.987406,1.002551
0.984981,0.991037,1.002551,0.991094
0.994917,0.992248,0.991094,0.987163
0.997446,0.990885,0.987163,1.003901
0.991037,0.980289,1.003901,1.025907
1.02584,1.02815,1.025907,1.007576
1.011335,1.02086,1.007576,0.984962
0.982565,0.985951,0.984962,1.024173
1.024081,1.010363,1.024173,0.998758
1.0,1.020513,0.998758,0.997512
0.996287,0.997487,0.997512,0.995012
0.998758,0.997481,0.995012,0.996241
0.995025,1.0,0.996241,0.987421
0.9975,0.986111,0.987421,1.017834
1.007519,0.993598,1.017834,1.005006
1.0,1.015464,1.005006,1.011208
1.012438,1.013959,1.011208,0.995074
1.002457,1.007509,0.995074,0.996287
0.995098,0.997516,0.996287,1.012422
1.033251,1.006227,1.012422,0.991411
0.984505,0.996287,0.991411,0.987624
0.975787,0.981366,0.987624,0.987469
1.004963,0.987342,0.987469,0.988579
0.985185,0.953846,0.988579,0.996149
0.986216,1.025538,0.996149,0.993557
0.983482,0.993447,0.993557,1.014267
1.016796,1.006596,1.014267,0.994885
1.0,1.014417,0.994885,1.010283
1.005083,0.988372,1.010283,0.997455
0.998736,1.015686,0.997455,0.998724
0.992405,0.990991,0.998724,0.998723
1.0,1.006494,0.998723,0.98977
1.001276,0.997419,0.98977,0.998708
0.987261,0.98577,0.998708,0.998706
1.00129,1.002625,0.998706,1.009067
1.007732,0.997382,1.009067,1.0
0.998721,1.011811,1.0,0.998716
1.003841,1.001297,0.998716,1.002571
1.0,1.005181,1.002571,1.005128
1.002551,1.002577,1.005128,1.010204
1.017812,1.008997,1.010204,0.994949
0.995,0.998726,0.994949,0.996193
0.991206,0.996173,0.996193,0.987261
0.998733,0.988476,0.987261,1.0
0.983503,0.992228,1.0,1.002581
1.003871,0.997389,1.002581,1.006435
1.006427,1.006545,1.006435,0.992327
0.997446,1.003901,0.992327,0.998711
0.994878,0.996114,0.998711,0.99871
0.996139,0.990897,0.99871,0.997416
0.997416,1.001312,0.997416,1.0
1.001295,1.002621,1.0,0.998705
1.001294,0.998693,0.998705,1.0
1.003876,1.002618,1.0,1.0
0.996139,0.997389,1.0,0.998703
0.994832,1.0,0.998703,1.001299
1.003896,0.997382,1.001299,1.001297
1.0,1.005249,1.001297,1.0
0.998706,1.001305,1.0,1.001295
1.005181,1.001304,1.001295,1.001294
1.002577,1.0,1.001294,0.998708
0.998715,0.989583,0.998708,0.996119
0.996139,1.002632,0.996119,1.0
0.994832,1.003937,1.0,1.0
1.0,0.993464,1.0,0.998701
1.0,1.005263,0.998701,1.0
0.998701,1.001309,1.0,1.0
1.0,0.926797,1.0,1.0
1.0,1.049365,1.0,0.9987
1.0,1.024194,0.9987,1.022135
1.052016,1.001312,1.022135,0.996178
1.033375,1.024902,0.996178,0.983376
0.94378,0.961637,0.983376,1.003901
0.992395,0.99867,1.003901,1.018135
1.020434,1.021305,1.018135,0.980916
0.994994,1.0,0.980916,0.996109
0.972327,0.990874,0.996109,1.002604
1.007762,0.978947,1.002604,0.997403
0.992298,1.028226,0.997403,0.996094
1.003881,0.993464,0.996094,0.993464
0.984536,0.992105,0.993464,1.011842
1.007853,0.998674,1.011842,1.002601
1.007792,1.018592,1.002601,1.009079
1.011598,1.006519,1.009079,0.985861
0.992357,0.990933,0.985861,0.992177
0.984596,0.99085,0.992177,0.990802
0.998696,0.994723,0.990802,1.018568
1.020888,0.996021,1.018568,0.984375
0.982097,1.002663,0.984375,1.015873
1.010417,0.99336,1.015873,0.994792
0.993557,1.016043,0.994792,0.984293
0.997406,0.984211,0.984293,1.00133
0.981795,1.0,1.00133,0.99336
1.002649,0.997326,0.99336,0.997326
0.993395,0.990617,0.997326,0.991957
0.996011,0.997294,0.991957,1.001351
0.990654,0.995929,1.001351,1.036437
1.04717,1.00545,1.036437,0.976562
0.997426,1.01626,0.976562,0.998667
0.980645,0.992,0.998667,1.0
0.992105,1.001344,1.0,1.012016
1.022546,0.993289,1.012016,1.0
1.011673,1.018919,1.0,0.989446
0.975641,0.988064,0.989446,1.002667
1.031537,1.005369,1.002667,1.017287
0.97707,0.995995,1.017287,1.001307
0.998696,1.008043,1.001307,0.981723
0.994778,1.0,0.981723,0.988032
0.989501,0.988032,0.988032,1.002692
0.98939,0.995962,1.002692,0.997315
1.002681,1.0,0.997315,0.998654
0.994652,1.001351,0.998654,1.005391
1.005376,0.99865,1.005391,0.991957
0.997326,0.997297,0.991957,1.001351
1.006702,0.99458,1.001351,1.0
0.993342,1.002725,1.0,1.0
0.997319,0.998641,1.0,0.997301
0.995968,1.0,0.997301,1.001353
0.99865,0.995918,1.001353,1.0
1.001351,1.005464,1.0,0.998649
0.99865,0.985054,0.998649,0.998647
0.998649,1.009655,0.998647,1.0
1.00406,1.004098,1.0,1.00271
1.0,1.002721,1.00271,0.997297
0.997305,0.951153,0.997297,1.0
0.997297,1.028531,1.0,1.0
1.001355,1.011096,1.0,1.009485
1.014885,1.009602,1.009485,1.0
1.005333,1.005435,1.0,0.998658
0.994695,1.002703,0.998658,0.99328
0.989333,0.993261,0.99328,0.998647
0.998652,0.994573,0.998647,1.0
0.997301,0.998636,1.0,1.004065
1.00406,1.004098,1.004065,0.997301
1.0,1.001361,0.997301,0.998647
0.995957,0.997283,0.998647,1.0
1.0,1.0,1.0,1.001355
1.0,1.001362,1.001355,0.998647
0.998647,0.997279,0.998647,1.0
1.0,1.001364,1.0,0.998645
1.0,1.0,0.998645,1.0
0.998645,1.001362,1.0,1.0
1.001357,0.998639,1.0,0.998643
0.99729,0.980926,0.998643,0.998641
0.998641,1.004167,0.998641,0.985034
0.998639,1.001383,0.985034,1.016575
1.012262,0.991713,1.016575,1.0
0.993271,1.016713,1.0,1.0
0.998645,1.00411,1.0,1.002717
1.004071,1.0,1.002717,1.00813
1.006757,1.004093,1.00813,1.034946
1.051007,1.008152,1.034946,1.003896
0.996169,1.028302,1.003896,0.976714
0.994872,0.984273,0.976714,0.996026
0.981959,0.994674,0.996026,0.99734
0.996063,1.004016,0.99734,1.004
0.993412,0.992,1.004,1.02656
1.033156,1.012097,1.02656,0.990944
0.996149,1.014608,0.990944,0.992167
0.996134,0.992147,0.992167,1.027632
1.025873,1.001319,1.027632,0.991037
0.992434,1.009223,0.991037,1.011628
1.02033,1.009138,1.011628,1.020434
1.0,1.009056,1.020434,1.01627
1.011208,1.015385,1.01627,1.007389
1.03202,1.022727,1.007389,0.949878
0.968974,0.959259,0.949878,1.032175
0.991379,0.997426,1.032175,1.008728
1.026087,1.029677,1.008728,0.990111
0.998789,0.998747,0.990111,0.982522
0.975758,0.97867,0.982522,1.022872
1.004969,1.015385,1.022872,1.016149
1.012361,1.016414,1.016149,0.998778
1.010989,1.004969,0.998778,1.064871
1.085749,1.00618,1.064871,0.988506
0.983315,1.046683,0.988506,0.995349
0.9819,0.995305,0.995349,0.970794
0.978111,0.978774,0.970794,0.987966
1.0,0.981928,0.987966,1.01827
0.987044,1.0,1.01827,0.97488
0.995227,0.996319,0.97488,1.019632
0.997602,0.992611,1.019632,1.020457
1.027644,1.031017,1.020457,0.991745
0.99883,1.012034,0.991745,1.001189
0.990632,0.98692,1.001189,1.002375
1.003546,1.0,1.002375,1.010664
1.023557,1.007229,1.010664,1.011723
1.0,0.986842,1.011723,1.00927
1.01496,1.027879,1.00927,0.977038
0.992063,1.002358,0.977038,0.989424
0.973714,0.989412,0.989424,0.995249
1.002347,0.991677,0.995249,1.005967
0.987119,0.977218,1.005967,0.995255
1.00949,1.028221,0.995255,1.0
0.990599,0.99284,1.0,0.97497
0.985765,0.971154,0.97497,0.991443
0.991576,1.002475,0.991443,0.981504
0.989078,0.982716,0.981504,1.007538
0.986503,0.994975,1.007538,0.965087
1.0,0.959596,0.965087,1.015504
0.992537,1.019737,1.015504,0.978372
0.994987,0.985806,0.978372,1.002601
0.986146,0.994764,1.002601,0.937743
0.954023,0.927632,0.937743,1.020747
0.990629,1.001418,1.020747,0.98916
0.989189,1.012748,0.98916,1.0
0.997268,1.001399,1.0,1.023288
1.024658,1.006983,1.023288,0.970549
0.987968,1.005548,0.970549,1.013793
0.994587,0.98069,1.013793,1.002721
1.010884,1.028129,1.002721,1.0
0.997308,0.995896,1.0,0.997286
0.995951,0.982143,0.997286,1.001361
0.99729,1.005594,1.001361,1.002717
1.008152,1.015299,1.002717,0.99729
0.993261,0.99726,0.99729,1.0
1.0,0.987637,1.0,1.0
1.0,1.012517,1.0,1.008152
1.010855,1.004121,1.008152,0.989218
0.998658,1.004104,0.989218,0.993188
0.987903,0.991826,0.993188,1.009602
1.002721,0.986264,1.009602,0.991848
0.997286,1.01532,0.991848,1.008219
1.002721,0.99177,1.008219,0.991848
0.995929,1.006916,0.991848,0.99589
1.001362,0.998626,0.99589,1.01238
1.002721,0.984869,1.01238,0.987772
0.993216,1.01257,0.987772,1.01238
1.006831,0.994483,1.01238,0.986413
0.997286,1.005548,0.986413,0.993113
0.987755,0.993103,0.993113,1.001387
0.997245,0.991667,1.001387,0.99446
0.995856,1.002801,0.99446,0.998607
0.995839,0.99162,0.998607,0.998605
1.011142,1.008451,0.998605,0.998603
0.993113,0.99162,0.998603,1.004196
1.0,1.005634,1.004196,0.998607
1.0,0.995798,0.998607,0.995816
0.993065,0.994374,0.995816,1.0
0.997207,1.001414,1.0,0.998599
1.0,1.002825,0.998599,0.997195
0.997199,0.994366,0.997195,1.008439
1.007022,1.007082,1.008439,0.994421
1.0,1.001406,0.994421,0.990182
0.994421,0.991573,0.990182,0.988669
0.99439,0.988669,0.988669,1.001433
0.988717,0.977077,1.001433,0.964235
0.99572,0.985337,0.964235,0.997033
0.967049,0.983631,0.997033,0.985119
0.995556,1.001513,0.985119,0.981873
0.994048,0.977341,0.981873,1.012308
0.98503,1.0,1.012308,0.99696
1.00152,1.004637,0.99696,1.0
0.995448,1.001538,1.0,1.0
1.001524,0.998464,1.0,0.992378
0.996956,0.986154,0.992378,1.001536
0.996947,1.00468,1.001536,0.998466
0.996937,0.982919,0.998466,1.00768
1.00768,1.018957,1.00768,1.021341
1.032012,1.012403,1.021341,1.0
0.994092,1.02144,1.0,0.998507
1.0,0.998501,0.998507,0.977578
0.985141,0.98048,0.977578,0.998471
0.99095,0.993874,0.998471,0.995406
0.996956,0.990755,0.995406,1.0
0.992366,0.995334,1.0,0.995385
0.995385,0.998437,0.995385,1.0
1.0,1.001565,1.0,0.990726
0.996909,0.982812,0.990726,0.99844
0.993798,1.007949,0.99844,1.0
0.99844,1.003155,1.0,1.0
1.001562,0.998428,1.0,0.996875
0.99844,1.001575,0.996875,0.996865
0.996875,0.992138,0.996865,0.998428
1.003135,1.004754,0.998428,0.995276
0.989062,0.979495,0.995276,1.0
0.99842,1.006441,1.0,1.018987
1.02057,1.0112,1.018987,1.003106
1.006202,1.012658,1.003106,0.993808
0.998459,1.001562,0.993808,0.989097
0.990741,0.98908,0.989097,0.995276
0.990654,0.988959,0.995276,0.996835
0.995283,0.979266,0.996835,0.998413
1.0,1.016287,0.998413,1.0
0.995261,0.998397,1.0,1.0
0.998413,1.0,1.0,0.99841
1.0,1.001605,0.99841,1.011146
1.014308,1.001603,1.011146,1.1
1.095611,1.1,1.1,1.017167
1.071531,1.001431,1.017167,0.978903
0.950601,0.991429,0.978903,0.978448
0.977528,0.978386,0.978448,1.007342
0.989943,1.002946,1.007342,1.010204
1.008708,0.998532,1.010204,0.992785
0.995683,1.005882,0.992785,1.002907
1.0,1.002924,1.002907,1.010145
1.008671,0.997085,1.010145,0.995696
0.995702,0.998538,0.995696,1.027378
1.027338,1.007321,1.027378,1.0
1.009804,1.020349,1.0,0.998597
0.995839,1.002849,0.998597,1.007022
1.001393,0.992898,1.007022,1.0
1.005563,1.018598,1.0,1.004184
1.006916,0.991573,1.004184,1.011111
1.002747,1.005666,1.011111,1.016484
1.020548,1.009859,1.016484,1.001351
1.004027,1.022315,1.001351,1.020243
1.010695,1.0,1.020243,1.058201
1.066138,1.031378,1.058201,0.99125
0.992556,1.018519,0.99125,0.970996
0.98625,0.992208,0.970996,0.988312
0.980989,0.990838,0.988312,0.986859
0.98062,0.959049,0.986859,0.978695
0.988142,1.012397,0.978695,0.993197
0.989333,0.991837,0.993197,0.982192
0.989218,0.983539,0.982192,0.984658
0.980926,0.979079,0.984658,1.011331
0.995833,1.004274,1.011331,0.990196
0.998605,1.002837,0.990196,1.005658
0.997207,0.990099,1.005658,1.0
1.0,1.01,1.0,1.005626
1.005602,1.002829,1.005626,0.965035
0.994429,0.973202,0.965035,0.985507
0.964986,0.956522,0.985507,0.973529
0.98984,1.00303,0.973529,1.001511
0.978006,0.990937,1.001511,1.004525
1.004498,1.010671,1.004525,1.0
0.998507,0.992459,1.0,1.006006
1.023916,1.00304,1.006006,1.001493
0.989781,1.010606,1.001493,1.002981
1.007375,1.004498,1.002981,0.983655
0.98243,0.979104,0.983655,0.980363
0.983607,0.977134,0.980363,0.998459
0.983333,0.98752,0.998459,1.006173
1.004622,1.011058,1.006173,0.986196
1.010736,0.995312,0.986196,0.970451
0.968134,0.976452,0.970451,1.00641
0.987461,1.003215,1.00641,0.993631
0.998413,0.995192,0.993631,0.975962
0.992051,0.979066,0.975962,1.001642
0.980769,0.990132,1.001642,0.990164
0.995098,0.993355,0.990164,0.986755
0.996716,0.98495,0.986755,0.993289
0.983526,1.001698,0.993289,1.011824
1.005025,0.998305,1.011824,0.993322
0.995,1.001698,0.993322,0.998319
1.0,0.994915,0.998319,1.011785
1.008375,1.005111,1.011785,1.003328
1.003322,1.011864,1.003328,1.0
1.004967,1.0,1.0,0.996683
0.995058,1.001675,0.996683,1.0
1.0,1.001672,1.0,0.998336
0.998344,1.0,0.998336,1.005
1.0,1.001669,1.005,1.00995
1.014925,1.0,1.00995,0.996716
1.009804,1.005,0.996716,0.996705
0.988673,0.995025,0.996705,1.009917
1.001637,1.001667,1.009917,1.00491
1.006536,1.013311,1.00491,1.001629
1.0,1.003284,1.001629,1.014634
1.019481,1.006547,1.014634,0.971154
0.992038,0.98374,0.971154,1.008251
0.980738,0.995041,1.008251,0.993453
1.0,1.004983,0.993453,1.0
1.0,1.0,1.0,0.998353
0.998363,1.001653,0.998353,0.99505
0.996721,0.991749,0.99505,1.006633
