1.020408,1.011727,1.018614,1.020305
1.007,1.022129,1.020305,0.978109
1.027805,1.005155,0.978109,1.001017
0.953623,0.969231,1.001017,1.014228
1.021277,1.026455,1.014228,1.0
0.999008,1.013402,1.0,0.963928
0.98709,0.976602,0.963928,1.035343
1.016097,1.0,1.035343,1.001004
1.019802,1.036458,1.001004,1.056169
1.025243,1.009045,1.056169,0.993352
1.005682,1.025896,0.993352,0.941683
1.009416,0.954369,0.941683,0.998985
0.9375,0.983723,0.998985,0.950203
0.966169,0.943123,0.950203,0.992513
0.976313,1.007675,0.992513,0.979526
0.987342,0.96518,0.979526,0.973597
0.974359,0.993236,0.973597,1.010169
0.995614,0.990919,1.010169,1.0
1.007709,1.005727,1.0,0.972036
0.977049,0.944191,0.972036,1.04603
1.029083,1.044632,1.04603,0.9989
0.997826,1.013857,0.9989,1.009912
1.008715,1.013667,1.009912,0.964013
0.983801,0.977528,0.964013,1.010181
0.987925,0.998851,1.010181,1.003359
1.02,1.012658,1.003359,1.010045
0.995643,1.013636,1.010045,0.99779
1.004376,1.008969,0.99779,1.00443
0.991285,0.995556,1.00443,0.985667
0.998901,0.986607,0.985667,1.099553
1.081408,1.024887,1.099553,1.009156
1.010173,1.06181,1.009156,1.004032
1.022155,1.017672,1.004032,1.009036
1.017734,1.003064,1.009036,1.058706
1.06486,1.038697,1.058706,1.0
1.0,1.0,1.0,1.0
1.0,1.0,1.0,1.0
1.0,1.0,1.0,1.0
1.0,1.0,1.0,1.0
1.0,1.0,1.0,0.969925
0.997273,0.979412,0.969925,0.959302
0.931632,0.978979,0.959302,1.009091
0.98728,0.986708,1.009091,0.966967
0.999009,0.994819,0.966967,1.006211
0.965278,0.984375,1.006211,1.003086
1.007194,1.013757,1.003086,1.026667
1.02449,1.016701,1.026667,1.0
1.012948,1.016427,1.0,0.996004
0.99115,0.989899,0.996004,1.016048
1.006944,1.002041,1.016048,0.985192
1.005911,1.013238,0.985192,1.006012
0.995103,0.996985,1.006012,0.964143
0.983268,0.974798,0.964143,1.011364
0.996997,1.001034,1.011364,1.026558
1.052209,1.032025,1.026558,1.00995
0.973282,0.988989,1.00995,1.030542
1.045098,1.018219,1.030542,0.996176
0.994371,1.029821,0.996176,1.004798
1.004717,1.001931,1.004798,0.984718
0.995305,0.979769,0.984718,0.99709
0.984906,1.003933,0.99709,1.027237
1.015326,0.999021,1.027237,1.012311
1.022642,1.026471,1.012311,0.985033
1.005535,1.000955,0.985033,0.984805
0.99633,0.967557,0.984805,1.016393
0.979742,1.015779,1.016393,0.970588
0.99718,0.986408,0.970588,0.99609
0.974552,0.997047,0.99609,0.950932
0.981625,0.95459,0.950932,0.988648
0.966502,0.946225,0.988648,1.019833
0.997961,1.02623,1.019833,1.0
1.0,1.0,1.0,1.013306
1.061287,1.044728,1.013306,1.010101
0.974976,1.005097,1.010101,0.955
0.988154,0.943205,0.955,0.972775
0.966034,0.989247,0.972775,1.048439
1.056877,1.025,1.048439,0.9846
0.966732,0.984093,0.9846,1.072993
1.059717,1.005388,1.072993,1.023324
1.020057,1.082529,1.023324,1.004748
1.039326,1.027723,1.004748,0.971645
0.977477,0.982659,0.971645,1.098249
1.041475,1.019608,1.098249,0.942427
1.0,1.019231,0.942427,0.902256
0.929204,0.903774,0.902256,1.1
1.005714,1.007307,1.1,1.086174
1.1,1.1,1.086174,0.959024
0.979346,0.986111,0.959024,1.010909
0.999121,1.004695,1.010909,1.004496
1.013193,1.006542,1.004496,0.936437
0.967882,0.940576,0.936437,1.021033
0.965022,0.977295,1.021033,1.054307
1.091078,1.080808,1.054307,1.026643
0.994889,1.014953,1.026643,1.027682
1.041952,1.043278,1.027682,1.000842
1.000822,1.019417,1.000842,1.0
1.009852,1.01645,1.0,0.946173
0.961789,0.954003,0.946173,1.0
1.0,1.0,1.0,1.033778
0.990702,0.983929,1.033778,0.967326
1.003413,1.011797,0.967326,0.990222
0.955782,0.963229,0.990222,0.98474
0.991103,1.000931,0.98474,1.006381
1.008977,1.00186,1.006381,1.027174
1.013345,1.027855,1.027174,0.989418
1.001756,1.00271,0.989418,0.968806
0.990359,0.977477,0.968806,1.048758
1.013274,1.004608,1.048758,0.958772
1.019214,0.988991,0.958772,1.018298
0.957155,0.983302,1.018298,0.995508
1.019696,1.040566,0.995508,1.050542
1.027217,1.004533,1.050542,0.987113
0.998291,1.021661,0.987113,0.963446
0.992295,0.971731,0.963446,0.97561
0.968076,0.978182,0.97561,0.939815
0.975936,0.934015,0.939815,0.964532
0.93516,0.945274,0.964532,0.9857
0.969727,1.010526,0.9857,1.005181
0.986908,0.96875,1.005181,1.017526
1.017347,1.011828,1.017526,1.017224
1.008024,1.038257,1.017224,0.986056
1.00398,0.993859,0.986056,0.968687
0.99108,0.975283,0.968687,1.025026
1.0,1.01056,1.025026,1.012208
1.01,1.028213,1.012208,0.971859
0.985149,0.966463,0.971859,1.023785
1.020101,1.016824,1.023785,0.972727
0.989163,0.993795,0.972727,0.974039
0.959163,0.949011,0.974039,1.015991
0.993769,1.004386,1.015991,1.039874
1.052247,1.036026,1.039874,0.993946
0.996028,1.034773,0.993946,1.022335
1.006979,0.98778,1.022335,0.989076
1.0,1.021649,0.989076,1.023092
1.016832,0.996973,1.023092,0.988224
0.994158,1.01417,0.988224,1.015889
1.005877,0.99501,1.015889,1.025415
1.037001,1.023069,1.025415,0.985701
0.984977,1.00098,0.985701,1.010638
1.004766,1.009794,1.010638,1.010526
1.031309,1.008729,1.010526,1.056818
1.039558,1.025962,1.056818,0.984767
0.990265,1.017807,0.984767,1.018198
1.005362,1.0,1.018198,1.016979
1.019556,1.015654,1.016979,0.942882
1.011334,0.968268,0.942882,1.005592
0.936207,0.993446,1.005592,0.97405
0.991713,0.978322,0.97405,1.017127
0.995357,1.010597,1.017127,1.011225
1.01959,1.016206,1.011225,1.012951
1.007319,1.013133,1.012951,0.988128
0.996367,0.990741,0.988128,1.008318
1.005469,0.986916,1.008318,0.972502
0.986401,0.999053,0.972502,1.050895
1.045956,0.995261,1.050895,1.010762
1.017575,1.051429,1.010762,0.976043
0.984456,0.994565,0.976043,1.005455
0.998246,0.992714,1.005455,1.03255
1.017575,1.008257,1.03255,1.007881
1.005181,1.024568,1.007881,0.980017
0.987973,0.976909,0.980017,1.050532
1.032174,1.009091,1.050532,1.013502
1.027801,1.045946,1.013502,0.994172
0.984426,1.003445,0.994172,0.990787
1.009992,1.003433,0.990787,0.967033
0.948063,0.940975,0.967033,0.991259
1.005217,1.022727,0.991259,0.987654
1.0,0.992889,0.987654,0.986607
0.974913,0.962399,0.986607,1.028959
1.015084,1.016744,1.028959,0.983289
0.996503,1.015554,0.983289,0.989267
1.001754,0.992793,0.989267,0.951175
0.981611,0.950998,0.951175,1.001901
0.955397,1.000954,1.001901,1.01518
1.040149,1.00858,1.01518,0.988785
0.971275,0.993384,0.988785,1.02552
1.011091,1.008563,1.02552,0.986175
1.003656,1.007547,0.986175,0.964486
0.983607,0.964419,0.964486,1.054264
1.013889,0.993204,1.054264,1.020221
1.015525,1.066471,1.020221,1.020721
1.035971,1.011916,1.020721,1.001765
0.992188,1.009964,1.001765,0.985903
0.995626,0.992825,0.985903,1.03664
1.041301,1.01355,1.03664,0.983621
0.981435,1.001783,0.983621,0.961437
0.991402,0.965302,0.961437,1.1
1.046834,1.047926,1.1,1.076222
1.1,1.1,1.076222,0.949962
0.953313,0.965024,0.949962,1.0
0.984202,1.003295,1.0,1.019449
1.015249,0.999179,1.019449,1.009539
1.01581,1.009039,1.009539,0.96063
0.984436,0.992671,0.96063,1.022951
0.991304,1.00082,1.022951,1.0
1.004785,1.009016,1.0,1.016827
1.016667,1.007311,1.016827,1.1
1.089774,1.032258,1.1,0.97063
1.012178,1.046875,0.97063,1.028044
1.002831,1.01194,1.028044,0.999282
1.005646,1.016224,0.999282,1.025862
1.045614,1.012337,1.025862,0.976891
0.971812,0.994982,0.976891,0.987814
0.96547,0.978386,0.987814,0.996372
1.027897,1.005891,0.996372,0.951202
0.996521,0.938507,0.951202,1.040582
0.949721,1.0117,1.040582,0.944077
0.996324,0.986893,0.944077,0.960249
0.95203,0.954688,0.960249,1.013799
0.979845,1.002455,1.013799,1.039231
1.031646,1.007347,1.039231,1.033128
1.069018,1.039708,1.033128,0.992543
0.973458,1.009353,0.992543,1.026296
1.007369,1.015444,1.026296,0.990483
1.00951,1.026616,0.990483,1.0
1.0,1.0,1.0,1.039172
1.023913,0.977778,1.039172,0.98293
1.041755,0.99697,0.98293,1.016643
0.95788,1.029635,1.016643,0.994306
1.007801,1.022878,0.994306,0.966356
0.990852,0.963203,0.966356,0.973333
0.960938,0.967041,0.973333,1.003044
0.994826,0.991479,1.003044,0.991654
0.988113,1.007812,0.991654,0.960214
0.988722,0.970543,0.960214,1.031076
0.988593,0.998403,1.031076,1.022411
1.019231,1.0352,1.022411,0.996977
1.006038,1.012365,0.996977,0.988628
0.995499,0.992366,0.988628,0.992331
0.990203,0.993077,0.992331,1.023184
1.009893,0.994578,1.023184,0.98716
1.006029,0.990654,0.98716,1.005356
0.985019,1.014151,1.005356,0.980213
1.0,0.989147,0.980213,0.997671
0.995437,1.001567,0.997671,0.989883
0.981665,0.986698,0.989883,0.951258
1.010117,0.953212,0.951258,0.943802
0.932203,0.946755,0.943802,1.005254
0.965289,0.996485,1.005254,1.002613
1.013699,1.005291,1.002613,1.034752
1.01098,1.013158,1.034752,1.010915
1.006683,1.028571,1.010915,1.012458
1.029046,1.003367,1.012458,0.997539
1.002419,1.006711,0.997539,1.077303
1.059533,1.013333,1.077303,0.982443
0.997722,1.044408,0.982443,0.968143
0.986301,0.972441,0.968143,1.001605
0.987654,0.991093,1.001605,0.970353
0.990625,0.980392,0.970353,0.975227
0.950315,0.975,0.975227,0.965284
0.982573,0.961538,0.965284,1.00614
0.983108,1.005333,1.00614,1.022668
1.011168,1.007073,1.022668,0.977835
1.002549,0.966637,0.977835,1.013949
0.994068,1.008174,1.013949,0.972485
0.998295,1.018018,0.972485,0.991158
0.977797,0.986726,0.991158,1.027654
1.011354,1.011659,1.027654,1.007812
1.015544,1.006206,1.007812,1.0
1.0,1.0,1.0,1.012059
1.009354,1.015859,1.012059,1.010213
1.012637,1.013877,1.010213,1.008425
1.0,0.999145,1.008425,1.006683
1.005824,1.011986,1.006683,1.00166
0.999173,1.007614,1.00166,1.014913
1.028974,1.007557,1.014913,0.99102
1.005632,1.01,0.99102,1.022241
0.9944,0.99505,1.022241,1.006446
1.008045,1.02073,1.006446,0.988791
1.009577,1.002437,0.988791,1.060729
1.037945,0.992707,1.060729,0.980916
1.020564,1.043265,0.980916,1.010117
0.99403,1.005477,1.010117,1.00077
1.005255,1.007004,1.00077,1.00154
0.977595,0.976816,1.00154,1.014604
1.014515,1.025316,1.014604,1.010606
1.013554,1.006944,1.010606,1.022489
1.024517,0.980843,1.022489,0.956745
0.993474,1.015625,0.956745,1.003065
0.963504,0.980769,1.003065,1.016043
1.018182,1.015686,1.016043,1.008271
1.008929,1.010039,1.008271,0.978374
0.991888,0.992355,0.978374,0.97561
0.979926,0.985362,0.97561,0.997656
0.985584,0.992963,0.997656,1.008614
0.99923,0.990551,1.008614,0.979037
0.991525,0.976948,0.979037,1.022998
1.013986,1.016273,1.022998,0.999225
1.019157,1.008807,0.999225,0.982157
0.97594,1.0,0.982157,0.99763
0.98151,0.988095,0.99763,0.998416
0.996075,1.00241,0.998416,1.010309
1.014972,1.010417,1.010309,0.99686
1.0,1.003965,0.99686,1.011024
1.000776,0.99763,1.011024,1.0
1.010861,1.010293,1.0,0.981308
0.986186,0.980408,0.981308,0.998413
0.98677,0.991207,0.998413,0.962639
1.007886,0.960484,0.962639,0.991742
0.953834,0.990764,0.991742,1.016653
1.005742,1.016102,1.016653,0.990172
1.000816,0.993328,0.990172,1.019024
1.013855,1.014274,1.019024,0.981331
0.98955,0.995861,0.981331,1.001654
0.987815,0.995012,1.001654,1.0
1.0,1.0,1.0,1.055326
1.064145,1.00919,1.055326,0.985915
1.001546,1.034768,0.985915,0.975397
0.969136,0.968,0.975397,0.973963
0.978503,0.989256,0.973963,1.032581
1.01546,0.998329,1.032581,1.002427
1.0,1.026778,1.002427,0.968523
0.988782,0.971475,0.968523,0.973333
0.972447,0.977349,0.973333,0.978596
0.985833,0.975966,0.978596,0.970254
0.977177,0.96482,0.970254,0.981064
0.972318,0.985415,0.981064,1.011029
0.983986,1.0,1.011029,1.009091
1.006329,1.014801,1.009091,0.981982
1.04133,0.986326,0.981982,0.981651
0.945643,0.979667,0.981651,1.02243
1.008212,1.010377,1.02243,0.999086
0.995475,1.006536,0.999086,1.005489
1.005455,1.006494,1.005489,1.010919
1.006329,1.002765,1.010919,0.970297
0.997305,0.980699,0.970297,1.025046
0.995495,1.011246,1.025046,1.004525
1.026244,1.026877,1.004525,0.998198
0.985891,0.981949,0.998198,1.01083
1.005367,1.011029,1.01083,0.982143
1.018683,0.995455,0.982143,0.991818
0.964192,0.986301,0.991818,0.947754
0.987319,0.95463,0.947754,0.979691
0.953211,0.970902,0.979691,0.989141
0.989413,0.999001,0.989141,1.01497
1.015564,1.008,1.01497,0.945919
0.978927,0.954365,0.945919,1.0
1.0,1.0,1.0,1.064449
1.007828,1.0,1.064449,1.007812
1.008738,1.047817,1.007812,0.985465
1.00385,0.990079,0.985465,1.017699
1.003835,1.006012,1.017699,1.002899
1.009551,1.0249,1.002899,0.992293
0.983917,0.991254,0.992293,0.96699
0.995192,0.97451,0.96699,0.997992
0.96715,0.981891,0.997992,0.985915
0.991009,0.993852,0.985915,1.021429
1.016129,1.008247,1.021429,0.997003
1.015873,1.018405,0.997003,1.007014
1.003906,0.97992,1.007014,0.962189
0.976654,0.98873,0.962189,0.973113
0.964143,0.969948,0.973113,1.012752
0.989669,1.002137,1.012752,0.990556
1.002088,1.001066,0.990556,1.016949
1.004167,0.985091,1.016949,1.029167
1.03527,1.028108,1.029167,1.002024
1.006012,1.035752,1.002024,0.994949
0.994024,0.990863,0.994949,0.994924
0.987976,0.992828,0.994924,1.009184
1.01217,1.004128,1.009184,1.013145
1.01002,1.017472,1.013145,1.015968
1.011905,1.006061,1.015968,0.996071
1.005882,1.009036,0.996071,1.0
0.991228,0.993035,1.0,1.002959
1.011799,1.006012,1.002959,0.992134
0.990282,0.996016,0.992134,1.010902
1.006869,1.003,1.010902,0.992157
0.992203,0.991027,0.992157,1.013834
1.009823,1.011066,1.013834,1.018519
1.021401,1.016915,1.018519,0.998086
1.007619,1.011742,0.998086,1.001918
0.997164,1.000967,1.001918,0.973206
0.984834,0.980676,0.973206,1.003933
0.989413,0.996059,1.003933,0.981391
0.995136,0.98912,0.981391,1.0
0.990225,1.0,1.0,0.943114
0.988154,0.94,0.943114,1.004233
0.956044,1.002128,1.004233,1.009484
1.001045,0.998938,1.009484,0.988518
0.992693,0.994687,0.988518,0.982049
1.0,0.989316,0.982049,1.007527
0.992639,1.006479,1.007527,0.982924
0.992585,0.974249,0.982924,1.0
0.992529,1.0,1.0,1.02063
1.025806,1.012115,1.02063,0.975532
0.975891,0.989119,0.975532,0.926936
0.978518,0.924092,0.926936,0.98
0.922064,0.938095,0.98,1.010804
1.020238,1.067259,1.010804,1.013064
0.996499,0.960761,1.013064,1.012896
1.022248,1.058168,1.012896,1.011574
1.002291,1.005848,1.011574,0.983982
1.006857,1.0,0.983982,1.017442
0.998865,0.994186,1.017442,1.005714
1.017045,1.011696,1.005714,1.028409
1.015642,0.983815,1.028409,1.025414
1.028603,1.049354,1.025414,0.991379
1.037433,1.020157,0.991379,0.977174
0.956701,0.984632,0.977174,1.025584
1.0,1.00223,1.025584,0.993492
0.99569,1.006674,0.993492,0.969432
0.991342,0.98011,0.969432,0.980856
0.985808,0.981962,0.980856,0.995408
0.977852,0.97589,0.995408,1.071511
1.06795,1.021176,1.071511,1.006459
1.011665,1.043779,1.006459,1.012834
1.024109,1.001104,1.012834,0.967265
0.994882,1.007718,0.967265,1.012009
0.958848,0.982495,1.012009,0.976268
1.001073,1.006682,0.976268,0.976796
0.984995,0.974558,0.976796,0.986425
0.963003,0.971623,0.986425,1.00344
1.00339,0.990654,1.00344,1.004571
0.994369,1.024764,1.004571,1.007964
1.03171,1.013809,1.007964,0.974041
0.980241,0.978434,0.974041,1.005794
0.979843,0.989559,1.005794,1.048387
1.045714,1.018757,1.048387,1.001099
1.020765,1.036824,1.001099,1.006586
0.982869,0.990011,1.006586,0.954198
1.013072,0.977578,0.954198,1.009143
0.974194,1.008028,1.009143,1.06342
1.043046,1.011377,1.06342,0.964856
0.990476,1.012373,0.964856,1.036424
1.040598,1.011111,1.036424,1.021299
0.995893,1.024176,1.021299,1.012513
1.017526,1.01073,1.012513,1.022657
1.016211,0.990446,1.022657,0.991944
0.992024,1.037513,0.991944,0.977665
0.986935,0.985537,0.977665,0.996885
0.994908,1.004193,0.996885,0.959375
0.975435,0.95929,0.959375,1.031488
1.013641,1.005441,1.031488,0.94
0.982402,0.95671,0.94,0.959686
0.946259,0.952489,0.959686,1.015169
0.978842,0.971496,1.015169,1.011494
1.012514,1.04401,1.011494,1.017045
1.032584,1.018735,1.017045,0.987709
0.98803,1.013793,0.987709,1.0181
1.002203,1.00907,1.0181,0.987778
0.994505,0.994382,0.987778,1.051744
1.049724,0.99209,1.051744,1.050267
1.041053,1.045558,1.050267,0.984725
1.047523,1.051198,0.984725,1.018614
0.951737,0.992746,1.018614,1.014213
1.049696,1.029228,1.014213,0.972973
0.964251,0.982759,0.972973,1.030864
1.006012,0.996904,1.030864,0.974052
0.993028,1.006211,0.974052,1.0
0.995988,0.997942,1.0,1.018443
1.009063,1.004124,1.018443,0.988934
0.997006,0.99384,0.988934,0.979654
0.998999,0.980372,0.979654,0.991693
0.972946,0.998946,0.991693,0.97801
0.989701,0.975738,0.97801,0.975375
0.976067,0.977297,0.975375,1.0
0.97548,0.993363,1.0,0.997805
1.013115,1.010022,0.997805,0.976898
0.976268,0.969129,0.976898,0.980856
0.992265,0.98521,0.980856,0.998852
0.977728,0.981524,0.998852,1.016092
1.007973,1.024706,1.016092,0.941176
0.99774,0.952928,0.941176,1.019231
0.98188,1.018072,1.019231,1.005896
0.989619,0.997633,1.005896,0.985932
0.996503,0.984579,0.985932,1.021403
1.005848,0.998795,1.021403,1.031432
1.046512,1.030157,1.031432,1.002257
0.997778,1.014052,1.002257,0.97973
0.987751,0.993072,0.97973,0.968966
0.988726,0.975581,0.968966,1.003559
0.980616,0.954708,1.003559,0.966903
0.998837,1.006242,0.966903,0.937653
0.930151,0.913151,0.937653,0.992177
0.956195,0.987772,0.992177,0.997372
0.997382,1.013755,0.997372,0.998682
1.007874,1.018996,0.998682,1.002639
1.022135,0.988016,1.002639,0.952632
0.95414,0.950135,0.952632,1.0
1.0,1.0,1.0,0.997238
0.971963,1.015603,0.997238,0.951524
0.990385,0.958101,0.951524,0.962154
0.943135,0.925656,0.962154,0.995461
0.976471,1.015748,0.995461,1.007599
1.003012,1.018605,1.007599,0.965309
1.007508,0.971081,0.965309,0.979687
0.965723,0.968652,0.979687,1.009569
1.030864,0.995146,1.009569,1.026856
0.976048,0.964228,1.026856,1.047692
1.046012,1.074199,1.047692,0.992658
1.005865,1.036107,0.992658,0.991124
1.001458,1.009091,0.991124,0.946269
0.979622,0.95045,0.946269,0.960568
0.936107,0.962085,0.960568,1.057471
1.025397,1.0,1.057471,0.982919
1.034056,1.036125,0.982919,1.007899
0.968563,1.00317,1.007899,1.023511
1.010819,1.012638,1.023511,0.990812
1.009174,1.0078,0.990812,1.010819
0.992424,0.996904,1.010819,1.019878
1.032061,1.006211,1.019878,1.011994
1.001479,1.020062,1.011994,1.011852
1.014771,1.013616,1.011852,0.995608
1.004367,1.01194,0.995608,1.005882
0.995652,0.9941,1.005882,1.049708
1.050946,1.0,1.049708,1.002786
1.01662,1.050445,1.002786,1.030556
1.013624,1.007062,1.030556,1.045822
1.06586,1.025245,1.045822,0.984536
0.979823,1.032832,0.984536,1.002618
0.989704,0.997351,1.002618,0.989556
1.005202,1.002656,0.989556,0.990765
1.019405,0.993377,0.990765,0.993342
0.972081,0.993333,0.993342,1.006702
0.981723,0.975839,1.006702,1.015979
1.019947,1.020633,1.015979,0.997379
0.998696,1.016173,0.997379,1.017083
1.011749,1.001326,1.017083,1.001292
1.020645,1.021192,1.001292,0.99871
0.984829,0.990921,0.99871,1.001292
1.025674,1.010471,1.001292,1.016774
0.994994,0.998705,1.016774,1.029188
1.03522,1.020752,1.029188,1.0
1.009721,1.025413,1.0,0.969174
0.972323,0.966543,0.969174,0.997455
0.986386,0.988462,0.997455,1.017857
1.02133,1.018158,1.017857,1.003759
0.990172,1.006369,1.003759,0.991261
1.003722,0.998734,0.991261,1.012594
0.995056,1.001267,1.012594,0.93408
1.008696,0.936709,0.93408,1.002663
0.955665,1.001351,1.002663,1.018592
0.992268,1.017544,1.018592,1.015645
1.014286,1.01061,1.015645,0.961489
1.002561,0.981627,0.961489,0.998665
0.977011,0.990642,0.998665,1.009358
0.988235,1.002699,1.009358,0.969536
0.996032,0.979812,0.969536,0.990437
0.982736,0.98489,0.990437,0.994483
0.993243,1.0,0.994483,0.932039
0.980952,0.92887,0.932039,0.986607
0.933426,0.978979,0.986607,1.012066
1.0,1.009202,1.012066,1.023845
1.032689,1.018237,1.023845,1.0
1.0,1.0,1.0,0.981077
0.992806,1.004478,0.981077,1.011869
0.995652,0.967311,1.011869,1.007331
1.017467,1.036866,1.007331,1.1
1.081545,1.04,1.1,1.018519
1.051587,1.088319,1.018519,0.980519
0.969811,0.971204,0.980519,1.010596
1.015564,1.008086,1.010596,1.018349
0.998723,1.006684,1.018349,0.981982
1.003836,1.005312,0.981982,1.035387
1.054777,1.005284,1.035387,1.008861
0.993961,1.026281,1.008861,1.018821
0.990279,0.982074,1.018821,1.01601
1.039264,1.056063,1.01601,0.980606
0.970484,0.987654,0.980606,1.0
1.014599,1.00875,1.0,1.018541
1.003597,1.007435,1.018541,0.975728
0.988053,0.98278,0.975728,1.003731
0.983071,1.003755,1.003731,1.042131
1.051661,1.006234,1.042131,0.983353
0.981287,1.016109,0.983353,0.970979
0.978546,0.978049,0.970979,1.006227
0.98782,0.990025,1.006227,0.985149
1.001233,1.001259,0.985149,0.991206
0.992611,0.991195,0.991206,1.013942
1.013648,0.989848,1.013942,1.0
1.0,1.0,1.0,1.02
1.002448,1.00641,1.02,0.965686
0.990232,1.002548,0.965686,0.993655
0.976572,0.987294,0.993655,1.031928
1.021465,1.010296,1.031928,0.981436
1.007417,1.005096,0.981436,1.001261
0.988957,1.0,1.001261,0.979849
0.995037,0.984791,0.979849,1.008997
0.98005,0.971686,1.008997,1.030573
1.034351,1.038411,1.030573,1.009889
1.01599,1.017857,1.009889,0.997552
0.996368,1.010025,0.997552,0.992638
0.99514,0.995037,0.992638,0.951792
0.970696,0.9601,0.951792,0.990909
0.977358,0.985714,0.990909,0.997379
0.992278,0.996047,0.997379,0.980289
1.0,0.984127,0.980289,1.00134
0.983139,0.997312,1.00134,1.014726
1.002639,1.004043,1.014726,0.977573
0.993421,0.991946,0.977573,1.025641
1.013245,1.00406,1.025641,0.989474
0.997386,1.010782,0.989474,0.99867
0.994758,0.988,0.99867,1.010652
1.003953,1.016194,1.010652,0.981555
0.996063,0.988048,0.981555,0.995973
0.98946,0.995968,0.995973,0.973046
0.992011,0.968961,0.973046,0.972299
0.966443,0.976323,0.972299,1.002849
0.984722,0.984308,1.002849,0.99858
1.002821,1.013043,0.99858,0.984353
0.998594,0.988555,0.984353,1.020231
0.995775,0.986975,1.020231,0.9
0.9,0.9,0.9,0.993277
0.990083,0.998299,0.993277,0.988156
0.993322,0.993186,0.988156,0.974315
0.981513,0.97084,0.974315,1.024605
1.001712,1.0,1.024605,0.965695
0.991453,0.989399,0.965695,0.994671
0.975862,0.992857,0.994671,1.005357
0.996466,1.0,1.005357,1.021314
1.02305,1.007194,1.021314,0.989565
0.998267,1.0125,0.989565,0.947276
0.987847,0.948854,0.947276,1.005566
0.961336,0.998141,1.005566,1.009225
1.0,0.996276,1.009225,1.054845
1.080439,1.014953,1.054845,1.005199
0.993232,1.042357,1.005199,0.975862
0.97615,0.991166,0.975862,0.996466
0.994764,0.991087,0.996466,0.985816
0.991228,0.994604,0.985816,0.996403
0.99823,0.998192,0.996403,0.99639
0.991135,0.990942,0.99639,0.974638
0.994633,0.97989,0.974638,0.981413
0.978417,0.981343,0.981413,1.028409
1.003676,1.007605,1.028409,0.981584
0.998168,1.0,0.981584,1.033771
1.023853,1.009434,1.033771,1.021779
1.010753,1.013084,1.021779,1.003552
1.003546,1.027675,1.003552,0.99292
1.0,1.0,0.99292,1.005348
0.996466,0.987433,1.005348,0.989362
1.0,1.007273,0.989362,0.967742
0.987589,0.972924,0.967742,1.02037
0.992819,0.985158,1.02037,0.976407
0.992767,1.007533,0.976407,0.988848
0.985428,0.990654,0.988848,1.009398
0.998152,0.998113,1.009398,1.001862
0.998148,0.99811,1.001862,1.027881
1.03525,1.015152,1.027881,0.983725
0.992832,1.009328,0.983725,1.020221
1.016245,1.0,1.020221,0.972973
0.98579,0.998152,0.972973,0.994444
0.985586,0.981481,0.994444,1.011173
1.001828,1.015094,1.011173,1.027624
1.038321,1.013011,1.027624,1.008961
0.991213,1.0,1.008961,0.950266
0.975177,0.968807,0.950266,0.986916
0.972727,0.962121,0.986916,0.982955
0.996262,1.017717,0.982955,1.007707
0.988743,0.992263,1.007707,1.005736
1.005693,1.011696,1.005736,1.036122
1.039623,1.019268,1.036122,1.011009
1.001815,1.024575,1.011009,0.989111
0.990942,0.99262,0.989111,1.009174
1.009141,1.009294,1.009174,0.974545
1.0,0.985267,0.974545,0.996269
0.985507,0.994393,0.996269,0.973783
0.981618,0.975564,0.973783,1.001923
0.981273,0.99422,1.001923,1.007678
1.007634,1.003876,1.007678,0.971429
0.992424,0.982625,0.971429,0.996078
0.979008,0.994106,0.996078,0.998031
0.992203,0.982213,0.998031,0.988166
1.0,1.006036,0.988166,0.974052
0.990177,0.974,0.974052,1.012295
1.0,0.99384,1.012295,1.022267
1.001984,1.008264,1.022267,0.992079
1.011881,1.022541,0.992079,1.025948
1.009785,1.004008,1.025948,1.013619
1.011628,1.017964,1.013619,0.976967
1.0,0.996078,0.976967,1.060904
1.06705,0.988189,1.060904,0.972222
0.967684,1.02988,0.972222,0.986667
0.975881,0.998066,0.986667,1.005792
0.998099,0.998062,1.005792,1.015355
1.019048,1.015534,1.015355,0.994329
0.994393,0.998088,0.994329,1.001901
0.994361,0.994253,1.001901,0.98482
0.996219,0.992293,0.98482,1.0
0.996205,0.996117,1.0,0.980732
0.99619,0.990253,0.980732,0.984283
0.978967,0.974409,0.984283,0.98004
0.972656,0.983838,0.98004,0.99389
0.993976,0.995893,0.99389,1.006148
0.993939,1.004124,1.006148,1.020367
1.020325,1.008214,1.020367,0.998004
1.0,1.008147,0.998004,0.998
1.00996,1.008081,0.998,0.993988
0.988166,0.977956,0.993988,0.993952
0.994012,1.0,0.993952,0.969574
0.983936,0.979508,0.969574,1.0
0.981633,0.98954,1.0,1.004184
1.002079,1.002114,1.004184,0.970833
1.0,0.981013,0.970833,1.012876
0.985477,1.004301,1.012876,0.972458
0.987368,0.980728,0.972458,0.989107
1.0,0.989083,0.989107,1.011013
0.985075,0.993377,1.011013,0.982571
1.002165,1.0,0.982571,1.026608
1.0,0.993333,1.026608,0.991361
1.006479,1.017897,0.991361,1.002179
1.015021,1.004396,1.002179,0.973913
0.972516,0.97593,0.973913,0.948661
0.971739,0.94843,0.948661,0.974118
0.955257,0.969267,0.974118,0.983092
0.978923,0.992683,0.983092,1.009828
0.988038,0.997543,1.009828,0.961071
1.0,0.972906,0.961071,1.020253
0.978208,0.992405,1.020253,1.037221
1.044554,1.012755,1.037221,1.007177
1.007109,1.050378,1.007177,1.021378
1.016471,1.0,1.021378,1.023256
1.020833,1.028777,1.023256,0.986364
0.997732,1.009324,0.986364,0.993088
0.995455,0.981524,0.993088,0.976798
0.986301,0.988235,0.976798,1.049881
1.027778,0.997619,1.049881,1.022624
1.027027,1.047733,1.022624,1.006637
1.024123,1.013667,1.006637,0.991209
0.974304,1.002247,0.991209,0.995565
0.997802,0.991031,0.995565,0.997773
1.002203,1.004525,0.997773,1.015625
1.008791,1.002252,1.015625,1.015385
1.013072,1.006742,1.015385,1.032468
1.051613,1.022321,1.032468,0.97065
0.977505,1.00655,0.97065,1.008639
0.981172,0.997831,1.008639,1.006424
1.01919,1.015217,1.006424,0.991489
0.997908,0.987152,0.991489,0.997854
0.976939,0.989154,0.997854,1.015054
1.019313,1.010965,1.015054,1.004237
1.027368,1.010846,1.004237,1.00211
0.977459,1.004292,1.00211,0.970526
1.018868,0.982906,0.970526,1.0282
0.981481,0.993478,1.0282,1.023207
1.035639,1.035011,1.023207,1.018557
1.002024,1.008457,1.018557,0.977733
0.993939,1.012579,0.977733,1.033126
1.03252,1.0,1.033126,1.006012
1.01378,1.024845,1.006012,0.974104
0.976699,0.981818,0.974104,0.989775
0.978131,0.977366,0.989775,0.96281
1.0,0.964211,0.96281,0.997854
0.955285,1.008734,0.997854,1.030108
1.025532,1.0,1.030108,1.022965
1.022822,1.030303,1.022965,1.002041
1.018256,1.023109,1.002041,1.010183
1.0,1.010267,1.010183,1.028226
1.025896,0.987805,1.028226,0.994118
1.027184,1.039095,0.994118,0.996055
0.958412,0.980198,0.996055,1.025743
1.035503,1.012121,1.025743,0.982625
0.99619,1.00998,0.982625,0.998035
0.98088,0.996047,0.998035,1.001969
1.001949,1.005952,1.001969,0.982318
0.996109,0.980276,0.982318,1.028
1.009766,1.0,1.028,0.961089
0.98646,0.98994,0.961089,0.98583
0.97451,0.987805,0.98583,1.00616
0.98994,0.993827,1.00616,0.973469
0.997967,0.983437,0.973469,1.006289
0.985743,0.987368,1.006289,1.045833
1.03719,1.03838,1.045833,0.998008
1.001992,1.014374,0.998008,0.9501
0.99006,0.961538,0.9501,1.042017
1.0,1.002105,1.042017,1.020161
1.02008,1.031513,1.020161,0.980237
0.996063,1.0,0.980237,0.997984
0.992095,1.004073,0.997984,1.020202
1.007968,0.997972,1.020202,0.968317
1.0,0.977642,0.968317,1.0409
1.023715,0.997921,1.0409,1.015717
1.013514,1.04375,1.015717,1.009671
1.009524,1.015968,1.009671,0.990421
1.022642,1.007859,0.990421,0.988395
0.953875,0.97076,0.988395,1.052838
1.058027,1.012048,1.052838,0.986989
0.987203,1.041667,0.986989,0.998117
1.012963,1.0,0.998117,0.984906
0.981718,0.990476,0.984906,1.003831
0.985102,0.990385,1.003831,1.001908
0.99811,1.003883,1.001908,1.00381
1.00947,0.98646,1.00381,0.99241
0.992495,1.013725,0.99241,1.01912
1.017013,1.001934,1.01912,1.009381
1.018587,1.017375,1.009381,0.966543
0.979927,0.981025,0.966543,1.046154
1.014898,0.978723,1.046154,1.0
1.012844,1.067194,1.0,1.012868
1.018116,1.005556,1.012868,0.985481
0.991103,0.990792,0.985481,0.98895
0.974865,0.988848,0.98895,0.998138
0.994475,0.977444,0.998138,0.998134
0.998148,1.005769,0.998134,0.986916
0.996289,1.003824,0.986916,1.030303
1.014898,0.986667,1.030303,1.009191
1.025688,1.03668,1.009191,1.027322
1.023256,1.001862,1.027322,1.008865
1.008741,1.027881,1.008865,1.047452
1.053726,1.01085,1.047452,0.981544
0.995066,1.0322,0.981544,0.989744
0.97686,0.980936,0.989744,0.993092
0.979695,0.984099,0.993092,1.024348
1.020725,1.025135,1.024348,0.996604
1.011844,1.015762,0.996604,0.984668
0.996656,0.993103,0.984668,0.99827
0.978188,0.980903,0.99827,1.041594
1.03259,1.00354,1.041594,0.996672
1.011628,1.038801,0.996672,0.981636
0.996716,0.998302,0.981636,0.984694
0.975288,0.97619,0.984694,1.018998
1.001689,0.993031,1.018998,0.988136
1.003373,1.021053,0.988136,1.049743
1.040336,0.996564,1.049743,1.03268
1.048465,1.041379,1.03268,1.001582
0.990755,1.033113,1.001582,0.984202
0.993779,0.988782,0.984202,1.032103
1.014085,0.998379,1.032103,1.021773
1.026235,1.032468,1.021773,0.99239
0.998496,1.022013,0.99239,1.0
0.98494,0.976923,1.0,1.019939
1.024465,1.009449,1.019939,0.981955
1.01194,1.00936,0.981955,0.975498
0.966077,0.981453,0.975498,1.015699
1.001527,0.995276,1.015699,0.982998
0.996951,0.993671,0.982998,1.004717
0.987768,1.007962,1.004717,0.953052
0.989164,0.957346,0.953052,0.960591
0.959311,0.953795,0.960591,0.974359
0.946166,0.968858,0.974359,1.024561
1.010345,1.014286,1.024561,0.960616
0.994881,0.987676,0.960616,1.012478
0.979417,0.99287,1.012478,1.008803
1.003503,0.982047,1.008803,0.95288
0.994764,0.994516,0.95288,0.998168
0.966667,0.96875,0.998168,0.906422
0.998185,0.931689,0.906422,1.04251
0.941818,0.95723,1.04251,1.015534
1.015444,1.082979,1.015534,0.963671
1.005703,0.982318,0.963671,1.039683
1.047259,1.04,1.039683,1.017176
0.974729,0.944231,1.017176,0.992495
1.014815,1.052953,0.992495,0.994329
0.974453,0.994197,0.994329,1.013308
1.016854,1.011673,1.013308,0.983114
0.990792,1.005769,0.983114,0.958015
0.962825,0.956023,0.958015,0.992032
0.974903,0.988,0.992032,1.018072
1.007921,0.975709,1.018072,1.027613
1.05501,1.041494,1.027613,0.996161
0.98324,1.025896,0.996161,1.05395
1.081439,1.025243,1.05395,1.001828
0.989492,1.024621,1.001828,0.987226
0.985841,0.990758,0.987226,1.011091
1.008977,1.0,1.011091,1.02925
1.024911,1.020522,1.02925,0.98579
0.967014,0.985375,0.98579,1.012613
1.023339,1.020408,1.012613,0.980427
0.982456,0.989091,0.980427,0.961887
0.9875,0.972426,0.961887,0.990566
0.962025,0.981096,0.990566,0.975238
0.988722,0.986513,0.975238,1.0
0.986692,0.984375,1.0,1.0
1.011561,1.009921,1.0,1.050781
1.041905,0.998035,1.050781,0.988848
0.996344,1.045276,0.988848,1.022556
1.001835,0.988701,1.022556,1.0
1.018315,1.020952,1.0,0.976103
0.980216,0.988806,0.976103,1.001883
0.988991,0.996226,1.001883,0.988722
0.992579,0.981061,0.988722,1.026616
1.013084,1.009653,1.026616,1.003704
1.005535,1.024857,1.003704,0.998155
1.005505,1.005597,0.998155,0.97597
0.992701,0.974026,0.97597,0.975379
1.0,0.979048,0.975379,1.027184
0.977941,0.994163,1.027184,0.988658
1.005639,1.011742,0.988658,1.036329
1.020561,1.005803,1.036329,1.009225
1.031136,1.015385,1.009225,0.978062
0.984014,0.994318,0.978062,1.04486
1.019856,1.011429,1.04486,1.0161
1.040708,1.045198,1.0161,1.044014
1.034014,1.003604,1.044014,0.974705
0.976974,1.012567,0.974705,1.029412
1.043771,1.024823,1.029412,1.015126
1.056452,1.038062,1.015126,1.02649
0.977099,0.99,1.02649,0.995161
0.996875,1.016835,0.995161,1.1
1.064263,1.011589,1.1,0.995582
1.04271,1.072013,0.995582,0.989645
0.978814,1.00458,0.989645,1.044843
1.017316,0.99696,1.044843,0.978541
1.043972,1.021341,0.978541,0.967836
0.934783,0.985075,0.967836,0.996979
1.005814,0.971212,0.996979,0.972727
0.959538,0.99532,0.972727,0.964174
0.96988,0.960815,0.964174,1.006462
0.979814,1.003263,1.006462,1.016051
1.011094,1.006504,1.016051,1.014218
1.023511,1.001616,1.014218,1.014019
1.030628,1.029032,1.014019,0.907834
0.953938,0.920063,0.907834,1.0
0.933022,0.989779,1.0,1.032149
1.040067,1.032702,1.032149,1.008197
0.990369,1.0,1.008197,0.998374
0.998379,1.01,0.998374,1.02443
1.045455,1.006601,1.02443,1.031797
1.023292,1.019672,1.031797,0.992296
0.996965,1.017685,0.992296,1.006211
0.99239,0.995261,1.006211,0.942901
0.992331,0.961905,0.942901,0.996727
0.962906,0.9967,0.996727,1.003284
0.993579,1.001656,1.003284,1.031097
1.027464,1.008264,1.031097,0.97619
0.995283,0.996721,0.97619,0.960976
0.979463,0.970395,0.960976,1.0
0.972581,0.998305,1.0,0.969543
0.986733,0.957555,0.969543,1.0
0.978151,1.008865,1.0,0.965096
0.996564,0.943761,0.965096,1.016275
0.97069,1.026071,1.016275,1.001779
1.026643,1.016334,1.001779,0.992895
0.977509,0.975,0.992895,1.005367
1.0,1.020147,1.005367,1.007117
1.00177,0.987433,1.007117,0.996466
1.014134,1.018182,0.996466,0.978723
0.97561,0.982143,0.978723,0.992754
0.998214,0.994545,0.992754,0.998175
0.991055,0.987203,0.998175,1.009141
0.998195,1.007407,1.009141,0.969203
1.0,0.981618,0.969203,0.998131
0.972875,0.981273,0.998131,1.039326
1.046468,1.015267,1.039326,1.023423
1.010657,1.037594,1.023423,1.001761
1.017575,1.025362,1.001761,1.001757
0.989637,0.991166,1.001757,0.994737
0.994764,0.998217,0.994737,0.994709
1.003509,1.0,0.994709,1.031915
1.045455,0.996429,1.031915,1.013746
0.996656,1.030466,1.013746,0.99661
0.993289,1.005217,0.99661,1.003401
1.008446,1.012111,1.003401,0.99322
0.991625,0.996581,0.99322,0.984642
1.005068,0.960549,0.984642,1.012132
0.983193,1.010714,1.012132,1.030822
1.052991,1.024735,1.030822,0.998339
0.99026,1.027586,0.998339,1.008319
1.011475,1.0,1.008319,1.023102
1.027553,1.016779,1.023102,1.040323
1.053628,1.036304,1.040323,0.979845
0.959581,0.984076,0.979845,0.993671
1.034321,1.012945,0.993671,0.984076
0.945701,0.974441,0.984076,0.970874
1.00319,0.981967,0.970874,0.983333
0.965024,0.976628,0.983333,1.005085
0.99341,1.001709,1.005085,0.984823
0.995025,0.993174,0.984823,0.988014
0.991667,0.989691,0.988014,0.979203
0.97479,0.970486,0.979203,1.00531
0.986207,1.0,1.00531,1.008803
1.003497,1.010733,1.008803,0.972077
0.996516,0.985841,0.972077,1.010772
0.993007,0.994614,1.010772,1.0
1.003521,1.012635,1.0,1.01421
1.005263,1.001783,1.01421,1.024518
1.024433,1.007117,1.024518,0.976068
0.998296,1.007067,0.976068,0.982487
1.001706,0.978947,0.982487,0.998217
0.962521,0.982079,0.998217,1.028571
1.044248,1.009124,1.028571,0.982639
0.994915,1.018083,0.982639,0.962898
0.967632,0.957371,0.962898,0.976147
0.964789,0.972171,0.976147,1.028195
0.998175,1.015267,1.028195,1.038391
1.045704,1.016917,1.038391,0.985915
1.012238,1.029575,0.985915,1.001786
0.982729,0.996409,1.001786,0.969697
0.998243,0.972973,0.969697,1.022059
0.980634,1.009259,1.022059,1.023381
1.025135,1.011009,1.023381,0.994728
1.010508,1.025408,0.994728,1.017668
1.001733,0.99646,1.017668,1.0
1.008651,1.010657,1.0,0.987847
0.996569,0.989455,0.987847,1.012302
0.994836,1.008881,1.012302,1.026042
1.046713,1.007042,1.026042,1.021997
1.001653,1.015734,1.021997,1.009934
1.014851,1.039587,1.009934,1.001639
0.995122,0.995033,1.001639,0.99509
1.003268,1.0,0.99509,0.998355
1.009772,0.990017,0.998355,1.024712
1.01129,1.011765,1.024712,1.009646
1.025518,1.031561,1.009646,1.012739
1.0,1.011272,1.012739,1.031447
1.031104,1.015924,1.031447,0.981707
0.998492,0.99373,0.981707,0.965839
0.980363,0.977918,0.965839,0.998392
0.967643,0.975806,0.998392,0.974235
1.019108,0.98843,0.974235,1.01157
0.960938,0.989967,1.01157,0.986928
1.02439,1.015203,0.986928,1.006623
0.966667,0.980033,1.006623,1.050987
1.064039,1.032258,1.050987,0.992175
0.989198,1.027961,0.992175,0.988959
1.01248,0.9984,0.988959,0.988836
0.966102,0.971154,0.988836,1.085484
1.087719,1.0033,1.085484,0.953938
0.989736,1.052632,0.953938,1.040498
1.02963,1.0,1.040498,1.032934
0.995683,1.017187,1.032934,1.005797
1.020231,1.03533,1.005797,0.959654
0.977337,0.980712,0.959654,1.055556
1.026087,1.0,1.055556,0.987198
1.002825,1.033283,0.987198,0.994236
0.976056,0.989751,0.994236,0.93913
1.011544,0.949704,0.93913,1.018519
0.952924,0.978193,1.018519,1.018182
1.034431,1.041401,1.018182,1.025298
1.023155,1.021407,1.025298,1.005806
1.009901,1.025449,1.005806,1.033189
1.018207,1.005839,1.033189,1.0
1.055021,1.033382,1.0,0.921788
0.926988,0.91573,0.921788,1.027273
0.960619,1.0,1.027273,0.99115
1.004392,1.013804,0.99115,1.005952
0.989796,1.0,1.005952,1.0
1.0,1.0,1.0,1.0
1.0,1.0,1.0,1.0
1.0,1.0,1.0,1.0
1.0,1.0,1.0,1.0
1.0,1.0,1.0,1.0
1.0,1.0,1.0,1.0
1.0,1.0,1.0,1.0
1.0,1.0,1.0,1.0
1.0,1.0,1.0,1.0
1.0,1.0,1.0,1.0
1.0,1.0,1.0,1.0
1.0,1.0,1.0,1.0
1.0,1.0,1.0,1.0
1.0,1.0,1.0,1.0
1.0,1.0,1.0,1.0
1.0,1.0,1.0,1.0
1.0,1.0,1.0,1.0
1.0,1.0,1.0,1.0
1.0,1.0,1.0,1.0
1.0,1.0,1.0,1.0
1.0,1.0,1.0,1.0
1.0,1.0,1.0,1.0
1.0,1.0,1.0,1.0
1.0,1.0,1.0,1.0
1.0,1.0,1.0,1.0
1.0,1.0,1.0,1.0
1.0,1.0,1.0,1.0
1.0,1.0,1.0,1.0
1.0,1.0,1.0,1.0
1.0,1.0,1.0,0.970414
1.079529,0.971256,0.970414,0.960366
0.9,0.97352,0.960366,1.012698
0.984686,1.008,1.012698,1.012539
1.009331,1.009524,1.012539,0.996904
1.006163,1.001572,0.996904,1.006211
0.992343,0.99843,1.006211,0.976852
0.996914,0.990566,0.976852,0.982622
0.986068,0.980952,0.982622,0.991961
0.984301,0.996764,0.991961,0.975689
0.987241,0.967532,0.975689,1.011628
0.98546,0.998322,1.011628,0.993432
1.006557,1.001681,0.993432,0.98843
0.986971,1.001678,0.98843,1.016722
1.008251,1.0,1.016722,1.023026
1.03928,1.01675,1.023026,0.983923
0.977953,1.003295,0.983923,1.003268
0.993559,0.99179,1.003268,1.011401
1.014587,1.016556,1.011401,1.020934
1.023962,1.006515,1.020934,1.026814
1.039002,1.009709,1.026814,1.043011
1.06006,1.059295,1.043011,1.005891
0.985836,0.998487,1.005891,1.062958
1.063218,1.051515,1.062958,0.993113
0.993243,1.027378,0.993113,0.965326
0.976871,0.963534,0.965326,1.017241
0.997214,1.004367,1.017241,1.007062
1.019553,1.007246,1.007062,1.037868
1.030137,1.027338,1.037868,0.986486
1.017287,1.018207,0.986486,1.0
0.964706,0.986245,1.0,1.026027
1.02439,1.002789,1.026027,1.016021
1.022487,1.030598,1.016021,0.977661
1.012937,1.0,0.977661,1.00672
0.96424,0.978408,1.00672,0.954606
1.003974,0.98069,0.954606,1.036364
0.988127,1.002813,1.036364,1.072874
1.077437,1.037868,1.072874,1.0
0.987608,1.048649,1.0,0.957233
1.008783,0.963918,0.957233,1.0
0.965174,0.986631,1.0,0.99343
0.989691,1.009485,0.99343,0.990741
0.992188,1.002685,0.990741,0.967957
0.996063,0.966533,0.967957,1.056552
1.009223,1.0,1.056552,0.983029
1.023499,1.040166,0.983029,0.998672
0.982143,0.984021,0.998672,1.037234
1.020779,1.012179,1.037234,1.005128
1.005089,1.014706,1.005128,0.983418
1.032911,1.01054,0.983418,0.989624
0.947304,0.985658,0.989624,1.014417
1.005175,1.011905,1.014417,0.989664
1.001287,1.0,0.989664,1.0
0.988432,0.989542,1.0,0.997389
1.0,0.996037,0.997389,1.01178
1.010403,1.005305,1.01178,1.002587
1.028314,1.015831,1.002587,1.014194
1.0,0.990909,1.014194,1.005089
0.992491,1.011796,1.005089,1.018987
1.052963,1.028497,1.018987,1.052174
1.020359,1.0,1.052174,0.979929
1.004695,1.042821,0.979929,0.996386
0.992991,0.997585,0.996386,1.003628
0.997647,0.998789,1.003628,1.006024
0.997642,0.996364,1.006024,0.983234
0.989362,0.995134,0.983234,0.989038
0.985663,0.97555,0.989038,0.995074
0.987879,1.005013,0.995074,0.998762
1.001227,0.996259,0.998762,0.987608
0.993873,0.992491,0.987608,0.986198
0.988903,0.98739,0.986198,0.994911
0.986284,0.985951,0.994911,1.01023
1.012642,1.007772,1.01023,1.029114
1.017478,1.008997,1.029114,1.00615
1.006135,1.029299,1.00615,1.0
1.012195,1.003713,1.0,1.01467
1.008434,1.01603,1.01467,0.993976
0.995221,0.995146,0.993976,0.993939
0.995198,0.993902,0.993939,1.014634
1.012063,0.995092,1.014634,1.009615
1.002384,1.01603,1.009615,0.99881
1.004756,1.01335,0.99881,0.997616
0.998817,0.99521,0.997616,1.034648
1.081754,1.009627,1.034648,1.049654
1.002191,1.026222,1.049654,0.9978
1.020765,1.033682,0.9978,0.990077
0.973233,0.994382,0.990077,0.981069
0.987899,0.981921,0.981069,1.003405
0.986637,1.003452,1.003405,1.011312
1.01693,1.008028,1.011312,0.974273
1.00222,0.987486,0.974273,1.001148
0.971207,0.991935,1.001148,1.020642
1.023945,1.013937,1.020642,1.004494
1.006682,1.018328,1.004494,1.024609
1.017699,0.996625,1.024609,1.0
1.002174,1.018059,1.0,1.008734
1.008677,1.002217,1.008734,0.982684
0.986022,0.995575,0.982684,0.980176
0.995638,0.982222,0.980176,0.983146
0.98138,0.975113,0.983146,0.984
0.989955,0.99652,0.984,1.005807
0.981962,0.98021,1.005807,1.025404
1.026406,1.043943,1.025404,0.994369
1.010067,1.003413,0.994369,0.985277
0.985604,0.985261,0.985277,0.994253
0.985393,0.987342,0.994253,1.017341
1.021665,1.008159,1.017341,1.034091
1.015625,1.018497,1.034091,1.00989
1.014286,1.021566,1.00989,1.008705
1.018418,1.014444,1.008705,1.0
1.0,1.0,1.0,1.0
1.0,1.0,1.0,1.0
1.0,1.0,1.0,1.0
1.0,1.0,1.0,1.0
1.0,1.0,1.0,1.042071
1.085106,1.010953,1.042071,0.945135
0.945098,0.980498,0.945135,0.997809
0.959544,0.99337,0.997809,0.964874
0.989189,0.945495,0.964874,1.036405
1.001093,1.017647,1.036405,0.976948
0.99345,1.015029,0.976948,0.985393
0.978022,0.989749,0.985393,1.003421
0.997753,1.004603,1.003421,0.998864
0.996622,0.998855,0.998864,0.998862
0.99661,0.997706,0.998862,1.0
1.0,0.997701,1.0,0.995444
1.001134,0.995392,0.995444,1.020595
1.028313,1.006944,1.020595,1.025785
1.013216,1.028736,1.025785,0.994536
1.0,1.008939,0.994536,1.030769
1.030435,0.998893,1.030769,0.993603
1.018987,1.01663,0.993603,0.950644
0.962733,0.964013,0.950644,1.021445
0.978495,0.987557,1.021445,0.990055
1.004396,1.010309,0.990055,1.050223
1.036105,1.005669,1.050223,1.009564
1.073918,1.024803,1.009564,1.067368
0.998033,1.023102,1.067368,0.900394
1.000985,0.98172,0.900394,1.014239
0.919291,0.974808,1.014239,0.985961
0.988223,1.011236,0.985961,1.002191
0.997833,1.001111,1.002191,1.027322
1.024973,1.00333,1.027322,1.024468
1.022246,1.030973,1.024468,0.964694
0.997927,0.978541,0.964694,0.980624
0.966771,0.996711,0.980624,0.97146
0.993555,0.913091,0.97146,0.938983
0.95027,0.985542,0.938983,0.971119
0.954494,0.952323,0.971119,1.01487
0.977354,1.026958,1.01487,1.007326
1.010976,1.02,1.007326,1.035152
1.034982,0.995098,1.035152,0.966042
0.996503,1.003695,0.966042,0.997576
0.97076,0.996319,0.997576,0.993925
0.993976,0.992611,0.993925,1.00978
1.003636,1.002481,1.00978,1.013317
1.013285,1.009901,1.013317,1.014337
1.028605,1.025735,1.014337,0.987044
0.996524,0.992832,0.987044,0.988067
0.986047,0.993983,0.988067,0.963768
0.971698,0.958838,0.963768,1.007519
0.979369,0.997475,1.007519,1.002488
1.003717,1.007595,1.002488,1.031017
1.034568,1.011307,1.031017,1.001203
1.01074,1.023602,1.001203,0.936298
0.966942,0.929612,0.936298,1.030809
0.982906,1.02611,1.030809,1.041096
1.048447,1.022901,1.041096,1.008373
1.009479,1.027363,1.008373,1.015421
1.025822,1.01937,1.015421,1.037383
1.026316,1.002375,1.037383,1.004505
1.013378,1.03673,1.004505,0.980942
0.973597,0.994286,0.980942,1.034286
1.036158,0.986207,1.034286,1.0
1.0,1.0,1.0,1.039779
1.067612,1.081585,1.039779,1.099894
1.057201,1.018319,1.099894,1.021256
1.078261,1.1,1.021256,1.005676
0.971326,0.982692,1.005676,0.93603
0.967712,0.969667,0.93603,0.969849
0.949476,0.970737,0.969849,1.019689
0.992972,0.994802,1.019689,0.984756
1.017189,1.00418,0.984756,1.021672
0.997018,1.001041,1.021672,1.012121
1.026919,1.033264,1.012121,1.00998
0.995146,0.993964,1.00998,1.01087
1.011707,1.022267,1.01087,0.98436
0.99325,0.982178,0.98436,0.984111
0.980583,0.981855,0.984111,1.041372
1.022772,1.016427,1.041372,1.004845
1.007744,1.028283,1.004845,0.972999
0.991354,0.990177,0.972999,1.049554
1.033915,0.99504,1.049554,0.98678
0.992502,1.031904,0.98678,1.0
1.009443,0.985507,1.0,1.03445
1.015903,1.012745,1.03445,0.992599
1.026703,1.033882,0.992599,1.040075
1.012556,0.993446,1.040075,1.001792
1.009743,1.036758,1.001792,0.992844
0.987719,0.990909,0.992844,1.011712
1.006217,1.019266,1.011712,1.003562
0.999117,0.9991,1.003562,0.994676
0.999117,0.997297,0.994676,1.0
0.992042,0.993677,1.0,1.011597
1.024064,1.01,1.011597,1.03351
1.033072,1.007201,1.03351,0.961604
0.998315,0.984808,0.961604,0.989352
0.95443,0.990926,0.989352,0.997309
0.998232,1.008242,0.997309,1.005396
0.997343,1.000908,1.005396,1.037567
1.031972,1.00363,1.037567,0.974138
1.015491,1.014467,0.974138,1.013274
0.980508,1.0,1.013274,1.048035
1.037165,1.015152,1.048035,0.995
1.0125,1.031607,0.995,1.011725
0.997531,1.002553,1.011725,0.972682
0.9967,0.977929,0.972682,1.081702
1.070364,1.007812,1.081702,1.04642
1.055684,1.067183,1.04642,0.999248
1.008791,1.057304,0.999248,1.021068
1.041394,1.030534,1.021068,0.946942
0.959554,0.942222,0.946942,1.006226
0.955669,0.961478,1.006226,1.0
1.003802,1.046607,1.0,0.969838
0.973485,0.96875,0.969838,1.03748
1.015564,1.008871,1.03748,1.016141
1.029885,1.039169,1.016141,0.994705
0.993304,0.998462,0.994705,0.980228
0.97603,0.973035,0.980228,1.012413
1.024559,1.021378,1.012413,0.977778
0.979026,0.974419,0.977778,1.056426
1.039786,1.003978,1.056426,0.977003
1.015453,1.041204,0.977003,0.985573
0.958696,0.974125,0.985573,0.983821
1.012094,0.992187,0.983821,0.958496
0.970874,0.93622,0.958496,1.019608
0.973077,1.009251,1.019608,1.013622
1.002372,1.03,1.013622,1.028458
1.02918,1.015372,1.028458,1.042275
1.043678,1.032669,1.042275,1.030236
1.071953,1.033951,1.030236,0.990694
0.960274,1.015672,0.990694,1.019509
1.029957,1.01543,1.019509,1.026223
1.033241,1.006512,1.026223,1.024862
0.99866,1.016535,1.024862,1.003369
1.04698,1.036068,1.003369,1.1
1.05,1.057338,1.1,1.032967
1.09768,1.076824,1.032967,1.051418
1.012236,0.992806,1.051418,1.05059
1.037363,1.074879,1.05059,1.1
1.088983,1.053371,1.1,0.9
1.031128,0.986667,0.9,0.992432
0.900943,0.918919,0.992432,1.076797
1.048691,1.069412,1.076797,1.1
1.085871,1.1,1.1,1.1
1.1,1.09,1.1,0.970748
0.98621,0.988073,0.970748,0.978907
1.012288,1.021356,0.978907,0.936675
0.960653,0.959091,0.936675,1.070892
1.006536,1.023697,1.070892,1.084612
1.086147,1.018519,1.084612,1.054568
1.061778,1.092727,1.054568,1.011115
1.056682,1.076123,1.011115,0.940485
0.934281,0.937379,0.940485,0.985893
1.013688,0.988866,0.985893,0.988553
0.937734,0.950792,0.988553,0.964847
1.0,1.016667,0.964847,0.900129
0.92,0.905953,0.900129,1.020952
0.949565,0.907143,1.020952,1.099813
1.07967,1.1,1.099813,1.013571
1.057676,1.051652,1.013571,0.9
0.924218,0.95177,0.9,0.900046
0.976139,0.900046,0.900046,1.0625
0.916,0.9,1.0625,0.9
1.064047,1.062572,0.9,0.900054
0.9,0.900054,0.900054,0.9
0.9,0.9,0.9,0.9006
0.980918,0.9,0.9006,1.0
1.0,1.0,1.0,1.0
1.0,1.0,1.0,1.0
1.0,1.0,1.0,1.1
0.902736,1.083024,1.1,1.1
1.1,1.051335,1.1,1.099755
1.099755,1.1,1.099755,0.9
0.972176,0.951176,0.9,0.951763
0.953062,0.9,0.951763,1.083821
1.016817,1.057732,1.083821,1.030576
1.056113,1.053931,1.030576,1.066899
1.029642,1.033909,1.066899,1.027263
1.0956,1.079308,1.027263,1.069533
1.015369,1.01989,1.069533,0.951365
0.994141,1.023835,0.951365,0.9
0.935658,0.912698,0.9,0.928696
0.907087,0.90029,0.928696,1.054931
0.993056,0.959433,1.054931,0.937278
1.00641,1.053691,0.937278,1.017045
0.955993,0.975159,1.017045,1.022346
0.999394,1.01241,1.022346,1.066788
1.066061,1.056774,1.066788,0.941377
1.013644,0.992063,0.941377,0.957678
0.924285,0.966769,0.957678,1.037247
1.005461,1.03119,1.037247,1.093731
1.090525,1.016049,1.093731,1.042293
1.087438,1.087485,1.042293,1.001602
1.006107,1.03352,1.001602,1.059701
1.007081,0.978919,1.059701,0.966801
1.04219,1.040861,0.966801,1.004162
0.93494,0.961273,1.004162,0.9
0.989691,0.957506,0.9,1.0
0.926042,0.900288,1.0,0.923919
0.967942,1.017286,0.923919,0.922645
0.936665,0.920076,0.922645,0.9
0.9,0.910397,0.9,0.900075
0.9,0.900075,0.900075,0.9
0.999184,0.9,0.9,1.03525
0.942857,0.929499,1.03525,1.099462
1.063203,1.1,1.099462,0.90383
0.982899,1.001812,0.90383,0.9
0.9,0.902351,0.9,0.990982
0.953271,0.9,0.990982,1.016178
1.029412,1.1,1.016178,1.059701
1.031429,0.978809,1.059701,1.050704
1.069252,1.090722,1.050704,0.998213
1.006045,1.02552,0.998213,1.064458
1.030043,1.014747,1.064458,0.9
1.023333,0.971844,0.9,0.9
0.9,0.9,0.9,1.09242
1.022201,0.996885,1.09242,0.957224
1.04627,1.046875,0.957224,1.021847
0.935018,0.995025,1.021847,1.06414
1.063707,1.011,1.06414,0.99726
1.019056,1.058358,0.99726,1.000916
0.996438,1.000935,1.000916,1.011894
1.001787,1.011204,1.011894,0.934901
0.989295,0.933518,0.934901,1.00677
0.946799,1.0,1.00677,0.962536
0.985714,0.981207,0.962536,0.994012
0.98744,1.0,0.994012,1.042169
1.033268,1.035282,1.042169,1.037572
1.026515,1.006816,1.037572,1.1
1.093173,1.055126,1.1,1.03038
1.046414,1.073327,1.03038,0.959869
0.979839,0.999146,0.959869,1.046075
1.018107,0.988034,1.046075,1.04894
1.059014,1.064014,1.04894,1.0
1.0,1.0,1.0,1.0
1.0,1.0,1.0,1.0
1.0,1.0,1.0,1.0
1.0,1.0,1.0,1.0
1.0,1.0,1.0,1.0
1.0,1.0,1.0,1.0
1.0,1.0,1.0,1.0
1.0,1.0,1.0,1.0
1.0,1.0,1.0,1.0
1.0,1.0,1.0,1.0
1.0,1.0,1.0,1.0
1.0,1.0,1.0,1.0
1.0,1.0,1.0,1.0
1.0,1.0,1.0,1.0
1.0,1.0,1.0,1.0
1.0,1.0,1.0,1.0
1.0,1.0,1.0,1.0
1.0,1.0,1.0,1.0
1.0,1.0,1.0,1.0
1.0,1.0,1.0,1.0
1.0,1.0,1.0,1.0
1.0,1.0,1.0,1.0
1.0,1.0,1.0,1.0
1.0,1.0,1.0,1.0
1.0,1.0,1.0,1.0
1.0,1.0,1.0,1.0
1.0,1.0,1.0,1.0
1.0,1.0,1.0,1.0
1.0,1.0,1.0,1.0
1.0,1.0,1.0,1.0
1.0,1.0,1.0,1.0
1.0,1.0,1.0,1.0
1.0,1.0,1.0,1.0
1.0,1.0,1.0,1.0
1.0,1.0,1.0,1.0
1.0,1.0,1.0,1.0
1.0,1.0,1.0,1.0
1.0,1.0,1.0,1.0
1.0,1.0,1.0,1.0
1.0,1.0,1.0,1.0
1.0,1.0,1.0,1.0
1.0,1.0,1.0,1.0
1.0,1.0,1.0,1.0
1.0,1.0,1.0,1.0
1.0,1.0,1.0,1.0
1.0,1.0,1.0,1.0
1.0,1.0,1.0,1.0
1.0,1.0,1.0,1.1
1.080153,1.1,1.1,1.1
1.1,1.1,1.1,0.951188
1.059088,0.947335,0.951188,1.01553
0.915706,0.954576,1.01553,0.96875
0.993377,1.024858,0.96875,1.012354
0.996667,0.995149,1.012354,0.900339
0.983946,0.924791,0.900339,0.934488
0.920462,0.916416,0.934488,1.053989
0.993353,1.028759,1.053989,0.900612
0.943494,0.940096,0.900612,0.978778
0.973995,0.934579,0.978778,0.90026
0.915858,0.943636,0.90026,1.021195
0.966431,0.965318,1.021195,1.1
1.065814,1.1,1.1,1.1
1.1,0.988267,1.1,1.033515
1.099766,1.1,1.033515,1.033183
1.013466,0.952308,1.033183,1.023358
0.987413,1.063005,1.023358,0.971469
1.021955,1.033435,0.971469,0.900147
0.939709,0.901471,0.900147,1.066884
0.987463,0.999184,1.066884,1.05581
1.040329,1.050612,1.05581,0.976828
1.026561,1.028749,0.976828,1.1
1.037762,0.973565,1.1,0.967655
1.050539,1.1,0.967655,0.965877
0.923669,0.909091,0.965877,0.900505
0.958333,0.96,0.900505,1.063251
0.976812,0.971154,1.063251,0.975904
0.977745,1.031353,0.975904,1.1
1.081942,1.0408,1.1,0.956522
1.004909,1.04535,0.956522,1.08651
1.046755,0.963971,1.08651,1.029015
1.026,1.1,1.029015,1.014426
1.052632,1.029492,1.014426,1.051713
1.030247,1.006662,1.051713,0.974186
0.969443,1.031105,0.974186,1.018927
1.013597,1.012837,1.018927,0.973994
0.981707,0.969582,0.973994,1.064209
1.054658,1.014379,1.064209,0.900239
0.977032,0.971005,0.900239,0.972794
0.932489,0.954214,0.972794,0.900409
0.941176,0.917246,0.900409,1.028788
0.951236,0.970432,1.028788,1.054492
1.046209,1.045313,1.054492,0.99581
1.031746,1.053812,0.99581,0.918654
0.956522,0.911348,0.918654,1.026718
0.962238,1.017899,1.026718,0.989591
0.981105,0.936544,0.989591,0.961683
0.982963,1.021224,0.961683,1.003906
0.997739,1.015188,1.003906,0.974319
0.966012,0.965354,0.974319,1.050319
1.04613,1.044046,1.050319,1.001521
1.007474,1.016406,1.001521,0.974184
0.994807,0.978478,0.974184,1.056118
1.018643,1.013354,1.056118,1.04797
1.04978,1.046512,1.04797,1.019014
1.029986,1.044444,1.019014,0.994471
1.002031,1.000709,0.994471,1.034746
1.012838,1.007087,1.034746,0.947616
0.980654,0.992259,0.947616,1.018427
0.978912,0.987943,1.018427,0.975644
1.018763,1.0,0.975644,0.952211
0.965211,0.947595,0.952211,1.035206
0.978799,1.017424,1.035206,1.044139
1.043321,1.029039,1.044139,0.984754
1.013149,1.006512,0.984754,1.035186
1.012978,1.017254,1.035186,0.991842
1.000674,1.019081,0.991842,0.965045
0.992588,0.974341,0.965045,0.975142
0.949084,0.958007,0.975142,1.01311
1.017167,1.026003,1.01311,0.986341
0.984529,0.977552,0.986341,1.014577
1.014286,1.020741,1.014577,1.040948
1.021127,1.017417,1.040948,0.990338
0.998621,1.012839,0.990338,0.965854
0.983425,0.96831,0.965854,1.006494
0.983848,0.996364,1.006494,0.919713
1.004996,0.920438,0.919713,0.978956
0.924006,0.991277,0.978956,1.008758
0.974635,0.9904,1.008758,0.987372
1.0,0.983845,0.987372,1.01199
1.001577,1.022989,1.01199,0.99842
1.016535,1.008828,0.99842,0.980222
0.987607,0.963405,0.980222,0.988701
0.976471,1.006606,0.988701,1.025306
1.009639,0.97703,1.025306,0.988057
1.000796,1.036944,0.988057,1.00967
0.997615,0.996761,1.00967,0.957702
1.024701,0.974005,0.957702,0.921667
0.921462,0.918265,0.921667,0.994575
0.947679,0.985468,0.994575,0.981818
0.994657,0.986175,0.981818,0.980556
0.953447,0.960748,0.980556,0.98678
1.0,1.008755,0.98678,1.036364
1.020657,0.991321,1.036364,0.98338
0.99816,1.024319,0.98338,0.960563
0.971429,0.952517,0.960563,1.002933
0.996205,1.01994,1.002933,1.017544
0.995238,0.985337,1.017544,1.04023
1.043062,1.03373,1.04023,0.970534
0.990826,1.005758,0.970534,0.998102
0.998148,0.994275,0.998102,0.993346
0.987941,0.971209,0.993346,1.003828
0.999061,1.025692,1.003828,1.013346
1.014098,1.010597,1.013346,1.045155
1.031511,1.004766,1.045155,1.0018
1.020665,1.048387,1.0018,1.079964
1.072183,1.006335,1.079964,0.985025
1.002463,1.057554,0.985025,0.991554
1.01638,0.980442,0.991554,0.986371
0.95004,0.99046,0.986371,1.0
0.994063,0.996497,1.0,0.950777
1.0,0.966608,0.950777,0.995459
0.947099,0.978182,0.995459,1.02646
1.022523,0.995353,1.02646,1.023111
1.029956,1.028945,1.023111,1.002606
1.017109,1.03902,1.002606,1.006066
0.98402,0.981659,1.006066,1.006029
1.023932,1.031139,1.006029,1.013699
0.996661,1.000863,1.013699,1.005912
1.012563,1.007759,1.005912,0.979849
0.990074,0.923867,0.979849,1.041131
1.019215,1.062037,1.041131,1.045267
1.04918,1.047951,1.045267,1.020472
1.032812,1.040765,1.020472,0.976852
0.986384,1.007194,0.976852,1.00079
0.986963,0.996825,1.00079,1.017364
1.006216,0.979299,1.017364,0.993018
1.016988,1.034146,0.993018,0.989844
0.97798,0.98978,0.989844,1.015785
1.007764,0.989674,1.015785,1.001554
1.004622,1.023274,1.001554,0.988363
1.005368,0.996863,0.988363,1.00314
0.982456,0.981117,1.00314,1.037559
1.032609,1.024058,1.037559,0.99095
0.998496,1.019577,0.99095,0.991629
0.997741,1.0,0.991629,0.976976
0.988679,0.97235,0.976976,1.003142
0.987786,0.99763,1.003142,1.002349
1.002318,1.007126,1.002349,1.025781
1.023901,1.000786,1.025781,1.019802
1.031627,1.02121,1.019802,1.004481
0.991971,1.007692,1.004481,1.007435
1.006623,1.009924,1.007435,0.948339
0.997807,0.949358,0.948339,0.955642
0.945788,0.949841,0.955642,1.0
0.965918,1.02347,1.0,0.947883
0.987169,0.936118,0.947883,1.036942
0.980504,1.014873,1.036942,1.024855
1.046396,1.025,1.024855,0.993533
0.985748,1.025231,0.993533,0.999186
1.016064,1.004922,0.999186,1.017101
0.999209,0.995102,1.017101,1.007206
1.002373,1.021329,1.007206,0.980922
0.998421,0.988755,0.980922,0.97893
0.978656,0.980504,0.97893,1.011589
0.989499,0.998343,1.011589,1.018003
1.022857,1.005809,1.018003,1.001608
1.003192,1.018977,1.001608,0.997592
0.99284,0.991903,0.997592,1.037007
1.03766,1.011429,1.037007,0.987587
0.993822,1.009685,0.987587,0.972506
0.995338,0.983213,0.972506,1.002423
0.973458,0.996748,1.002423,0.991942
1.007217,0.995106,0.991942,1.0
1.0,1.0,1.0,1.0
1.0,1.0,1.0,1.0
1.0,1.0,1.0,1.0
1.0,1.0,1.0,1.0
1.0,1.0,1.0,1.0
1.0,1.0,1.0,1.0
1.0,1.0,1.0,1.0
1.0,1.0,1.0,1.0
1.0,1.0,1.0,1.0
1.0,1.0,1.0,1.0
1.0,1.0,1.0,1.0
1.0,1.0,1.0,1.0
1.0,1.0,1.0,1.0
1.0,1.0,1.0,1.0
1.0,1.0,1.0,1.0
1.0,1.0,1.0,1.0
1.0,1.0,1.0,1.0
1.0,1.0,1.0,1.0
1.0,1.0,1.0,1.0
1.0,1.0,1.0,0.918765
0.955414,0.921311,0.918765,1.025641
0.970833,0.997331,1.025641,0.977586
1.006009,0.999108,0.977586,1.001764
0.987201,1.008036,1.001764,1.005282
0.996543,1.005314,1.005282,1.02014
1.011275,1.005286,1.02014,1.00515
1.011149,1.015776,1.00515,0.993168
1.000848,0.998274,0.993168,1.00086
0.989831,1.002593,1.00086,1.007732
1.005137,0.994828,1.007732,0.998295
1.026405,1.009532,0.998295,1.00854
0.983402,1.0,1.00854,0.996613
1.0,1.006009,0.996613,1.0
0.997468,0.998294,1.0,0.981308
0.997462,0.982906,0.981308,1.01645
1.0,0.998261,1.01645,1.006814
1.005089,1.017422,1.006814,1.00423
1.004219,1.001712,1.00423,0.994945
1.0,1.001709,0.994945,0.99492
0.998319,0.999147,0.99492,0.994894
0.989057,0.982921,0.994894,1.007699
1.011064,1.015639,1.007699,0.98472
0.996633,0.99059,0.98472,1.001724
0.989865,0.998273,1.001724,0.994836
0.99744,0.99481,0.994836,1.000865
0.993157,1.00087,1.000865,1.035436
1.096469,1.027802,1.035436,0.979132
0.94894,0.98563,0.979132,1.001705
0.988411,1.004288,1.001705,1.006809
0.994137,1.000854,1.006809,1.0
1.001685,1.001706,1.0,1.030431
1.035324,1.011925,1.030431,1.02297
1.030869,1.020202,1.02297,0.988773
0.996848,1.007426,0.988773,1.012976
1.009486,1.007371,1.012976,1.008006
1.000783,1.011382,1.008006,1.017474
1.031299,1.019293,1.017474,0.967994
0.984067,0.973975,0.967994,1.012097
0.982267,1.002429,1.012097,0.994422
0.99529,0.978998,0.994422,0.971154
0.985804,0.990924,0.971154,0.971947
0.9712,0.979184,0.971947,1.001698
0.980231,0.99915,1.001698,0.997458
0.995798,0.993191,0.997458,0.972812
0.993249,0.978578,0.972812,1.003493
0.979609,0.986865,1.003493,0.996519
1.001735,1.01331,0.996519,1.00524
0.996537,0.987741,1.00524,0.983493
1.0,1.001773,0.983493,0.996466
0.990443,0.995575,0.996466,0.932624
0.994737,0.929778,0.932624,1.014259
0.943563,1.0,1.014259,1.000937
1.013084,0.996176,1.000937,1.006554
1.000923,1.007678,1.006554,1.007442
1.010138,1.017143,1.007442,1.007387
1.008212,1.008427,1.007387,0.982585
0.98914,0.984215,0.982585,1.002799
0.989021,1.009434,1.002799,1.022326
1.022202,1.001869,1.022326,0.967243
0.993665,0.988806,0.967243,0.992474
0.962659,0.967925,0.992474,1.001896
1.008515,1.016569,1.001896,0.998108
0.99531,1.002876,0.998108,0.994313
0.998115,1.000956,0.994313,1.003813
0.996223,0.99618,1.003813,1.011396
1.014218,1.008629,1.011396,1.007512
1.004673,1.006654,1.007512,1.001864
1.003721,1.003777,1.001864,1.004651
1.005561,1.002822,1.004651,0.988889
0.991705,0.989681,0.988889,1.013109
1.07342,1.003791,1.013109,0.983364
0.935931,0.997167,0.983364,1.00188
0.999075,1.001894,1.00188,0.965291
0.988889,0.971645,0.965291,0.929057
0.965356,0.900778,0.929057,0.990586
0.926285,0.9946,0.990586,0.995776
0.994764,1.018458,0.995776,1.002121
1.0,0.998934,1.002121,1.012698
1.010526,1.001067,1.012698,1.00209
1.008333,1.018124,1.00209,0.985401
0.992769,0.98534,0.985401,1.002116
0.987513,0.996812,1.002116,1.002112
1.004215,1.009595,1.002112,1.002107
0.998951,0.99472,1.002107,1.02734
1.029412,1.009554,1.02734,0.992835
0.996939,1.010515,0.992835,1.003093
0.996929,0.996878,1.003093,1.003083
1.008214,1.011482,1.003083,0.991803
0.995927,0.996904,0.991803,1.010331
1.005112,1.00207,1.010331,0.998978
1.0,1.002066,0.998978,1.029683
1.039674,1.016495,1.029683,1.012922
1.000978,1.014199,1.012922,0.977429
1.001955,0.994,0.977429,1.013052
0.987317,0.99497,1.013052,1.029732
1.031621,1.012133,1.029732,1.0
1.0,1.0,1.0,1.0
1.0,1.0,1.0,1.006737
1.062261,1.020979,1.006737,0.984704
0.955816,1.006849,0.984704,1.002913
0.977358,0.990282,1.002913,1.013553
1.027992,1.016683,1.013553,1.036294
1.025352,1.008687,1.036294,0.968664
0.986264,1.002871,0.968664,1.0
0.980501,0.990458,1.0,0.988582
1.001894,0.991329,0.988582,0.997113
0.994329,1.001944,0.997113,0.982625
0.984791,0.984481,0.982625,0.999018
0.993243,1.0,0.999018,1.011799
1.003887,0.996059,1.011799,0.990282
1.001936,1.006924,0.990282,1.004907
0.992271,0.994106,1.004907,1.025391
1.033106,1.006917,1.025391,0.986667
0.99246,1.013739,0.986667,1.031853
1.024691,0.999032,1.031853,0.992516
1.0,1.01938,0.992516,0.978322
0.980538,0.977186,0.978322,0.995183
0.987713,0.994163,0.995183,1.007744
0.997129,1.002935,1.007744,1.003842
1.015355,1.011707,1.003842,0.989474
0.991493,0.989392,0.989474,1.01354
1.003813,0.997076,1.01354,0.980916
0.994302,1.0,0.980916,1.004864
0.99809,1.00391,1.004864,1.025169
1.020096,1.010711,1.025169,1.008499
1.007505,1.013487,1.008499,0.996255
1.007449,1.004753,0.996255,1.00188
0.991682,1.002838,1.00188,0.981238
0.996272,0.971698,0.981238,0.989484
0.978485,1.0,0.989484,0.996135
0.991396,0.996117,0.996135,0.976722
0.997107,0.978558,0.976722,0.971202
0.976789,0.967131,0.971202,0.996933
0.986139,1.00309,0.996933,0.974359
0.987952,0.954825,0.974359,1.0
0.972561,1.008602,1.0,1.006316
1.00209,1.011727,1.006316,1.004184
1.01877,0.989463,1.004184,0.986458
0.984647,1.003195,0.986458,0.987328
0.991684,0.989384,0.987328,1.0
0.98218,0.97103,1.0,1.009626
1.009605,1.018785,1.009626,0.900424
0.972516,0.921909,0.900424,0.992941
0.919565,0.970588,0.992941,1.008294
1.021277,1.013333,1.008294,0.982374
0.997685,0.995215,0.982374,0.979665
0.979118,0.980769,0.979665,1.013431
0.994076,1.003676,1.013431,1.03253
1.079857,1.026862,1.03253,0.987165
0.949227,0.976219,0.987165,0.972813
0.987209,0.998782,0.972813,1.009721
0.985866,1.006098,1.009721,1.032491
1.031063,0.998788,1.032491,1.050117
1.077636,1.061893,1.050117,0.988901
0.976344,1.003429,0.988901,0.995511
0.995595,1.003417,0.995511,0.97407
0.998894,0.977299,0.97407,0.96875
0.96567,0.963995,0.96875,1.010753
0.972477,0.986747,1.010753,0.992908
1.002358,1.0,0.992908,0.99881
1.002353,1.017094,0.99881,0.988081
1.007042,0.992797,0.988081,0.92883
0.973193,0.916566,0.92883,1.024675
0.956886,1.009235,1.024675,1.017744
1.017522,1.030065,1.017744,1.007472
1.02091,1.020305,1.007472,1.02225
1.0,0.996269,1.02225,0.997582
1.007229,1.02372,0.997582,1.010909
1.003589,0.99878,1.010909,0.971223
0.991657,0.98779,0.971223,1.009877
0.989183,0.998764,1.009877,0.998778
1.001215,1.003713,0.998778,1.04284
1.053398,1.018496,1.04284,0.983568
0.979263,1.012107,0.983568,1.00716
0.995294,0.992823,1.00716,0.991706
1.0,1.00241,0.991706,1.021505
1.047281,1.004808,1.021505,1.00117
1.019187,1.010766,1.00117,0.98014
0.937984,0.968047,0.98014,1.005959
0.996458,1.018337,1.005959,1.00237
1.013033,1.007203,1.00237,0.98818
0.989474,0.991657,0.98818,1.013158
1.002364,1.003606,1.013158,1.0
1.002358,1.005988,1.0,1.003542
1.009412,1.002381,1.003542,1.042353
1.040793,1.021378,1.042353,0.992099
0.989922,1.015116,0.992099,0.996587
1.006787,1.0,0.996587,1.005708
0.995506,0.997709,1.005708,1.020431
1.024831,1.010333,1.020431,1.011123
1.01652,1.013636,1.011123,0.993399
1.007584,0.995516,0.993399,0.972315
0.986022,0.975225,0.972315,0.990888
0.960742,0.998845,0.990888,0.974713
1.001135,0.960694,0.974713,1.008255
0.97619,1.008424,1.008255,1.02924
1.02439,1.01432,1.02924,0.995455
1.002268,1.023529,0.995455,1.015982
1.00905,1.006897,1.015982,0.997753
1.007848,1.009132,0.997753,0.983108
0.992214,0.9819,0.983108,1.005727
0.98991,1.002304,1.005727,1.026196
1.021518,1.0,1.026196,0.991121
0.998891,1.024138,0.991121,1.021277
1.014428,0.998878,1.021277,0.98136
0.990153,1.0,0.98136,0.991061
1.00221,0.994382,0.991061,1.019166
1.006615,0.99661,1.019166,0.987832
1.0,1.011338,0.987832,1.00224
0.98138,0.992152,1.00224,0.992179
0.998884,0.99774,0.992179,1.001126
0.998883,1.0,1.001126,0.977503
0.993289,0.979615,0.977503,0.98389
0.983108,0.983815,0.98389,1.011696
0.996564,1.0047,1.011696,1.001156
1.001149,1.008187,1.001156,1.010393
1.005741,1.00116,1.010393,1.006857
1.011416,1.006952,1.006857,1.009081
1.011287,1.008055,1.009081,1.00225
1.003348,1.013699,1.00225,1.008979
1.010011,1.0,1.008979,0.975528
0.994493,0.986486,0.975528,0.99886
0.985604,0.995434,0.99886,1.021689
1.008989,1.0,1.021689,1.035754
1.04343,1.037844,1.035754,1.010787
1.018143,1.018785,1.010787,1.020277
1.023061,1.024946,1.020277,0.99477
0.987705,1.001058,0.99477,1.001052
0.995851,0.993658,1.001052,0.990546
0.995833,0.993617,0.990546,1.007423
1.004184,1.009636,1.007423,1.008421
1.003125,0.997879,1.008421,0.983299
0.998962,0.997875,0.983299,0.995754
0.986486,0.98722,0.995754,1.018124
1.007376,1.00863,1.018124,0.984293
0.998954,1.003209,0.984293,1.001064
0.99267,0.992537,1.001064,0.990436
0.994726,0.995704,0.990436,0.992489
0.991516,0.994606,0.992489,1.032432
1.02139,1.004338,1.032432,0.993717
1.008377,1.015119,0.993717,1.004215
0.991693,1.002128,1.004215,0.989507
1.0,1.001062,0.989507,1.015907
1.008377,0.991516,1.015907,0.956159
1.005192,0.976471,0.956159,1.004367
0.952479,0.996714,1.004367,1.003261
1.011931,1.003297,1.003261,1.006501
1.003215,1.010953,1.006501,1.005382
1.002137,1.005417,1.005382,1.033191
1.029851,1.016164,1.033191,1.01658
1.019669,1.018028,1.01658,1.004077
1.032487,1.020833,1.004077,0.992893
0.973451,0.990816,0.992893,1.013292
1.00303,0.993821,1.013292,1.019173
1.054381,1.04456,1.019173,1.020792
0.99809,0.992063,1.020792,0.964113
0.992344,0.991,0.964113,1.035211
0.995178,1.005045,1.035211,1.017493
1.021318,1.021084,1.017493,1.051576
1.049336,1.022616,1.051576,0.999092
1.01085,1.0375,0.999092,1.009091
0.996422,1.003707,1.009091,0.971171
0.991921,0.993536,0.971171,1.033395
1.021719,1.001859,1.033395,0.992819
1.011515,1.012987,0.992819,1.061483
1.050788,1.007326,1.061483,1.001704
0.9875,1.040909,1.001704,1.002551
1.025316,1.011354,1.002551,1.003393
0.983539,0.988774,1.003393,1.000845
1.000837,1.008734,1.000845,0.967905
0.992475,0.987879,0.967905,0.988656
0.987363,0.982472,0.988656,1.019417
0.989761,0.994648,1.019417,0.988745
1.017241,1.019731,0.988745,1.061296
1.029661,1.004398,1.061296,0.924917
1.0,0.978984,0.924917,0.961641
0.916049,0.957961,0.961641,0.974026
0.973944,0.97479,0.974026,0.96381
0.973247,0.965517,0.96381,1.01087
0.974408,0.969246,1.01087,1.036168
1.038911,1.038895,1.036168,1.007547
1.006554,1.029557,1.007547,0.940075
0.993488,0.954067,0.940075,1.027888
0.970974,0.992979,1.027888,0.96124
0.988428,0.993939,0.96124,1.023185
0.993171,1.004065,1.023185,0.996059
1.0,1.007085,0.996059,1.02275
1.034381,1.007035,1.02275,1.017408
1.008547,1.022954,1.017408,0.969582
0.998117,0.990244,0.969582,0.956863
0.965094,0.957635,0.956863,1.022541
0.977517,0.998971,1.022541,0.99499
1.006,1.017508,0.99499,1.028197
1.015905,1.001012,1.028197,1.000979
1.006849,1.021234,1.000979,0.982387
0.998056,0.991089,0.982387,1.005976
0.987342,0.99001,1.005976,0.993069
0.999014,1.005045,0.993069,0.97009
0.992103,0.968876,0.97009,0.994861
0.979104,0.998964,0.994861,1.018595
1.003049,1.004149,1.018595,0.982759
1.001013,0.998967,0.982759,0.97936
0.986842,0.97001,0.97936,0.962065
0.978462,0.972281,0.962065,1.009858
0.974843,1.002193,1.009858,0.981562
0.991398,0.987965,0.981562,0.975691
0.9859,0.968992,0.975691,1.03171
1.015402,1.012571,1.03171,1.004391
1.011918,1.031603,1.004391,1.037158
1.022484,1.003282,1.037158,1.0
0.998953,1.02072,1.0,1.013699
1.009434,1.00641,1.013699,0.987526
0.998962,1.002123,0.987526,1.021053
1.014553,1.001059,1.021053,0.979381
0.991803,1.001058,0.979381,0.996842
0.984504,0.985201,0.996842,1.032735
1.033578,1.008584,1.032735,0.992843
0.994924,1.023404,0.992843,0.969104
0.996939,0.971933,0.969104,0.995749
0.973388,0.997861,0.995749,0.972252
0.98633,0.968917,0.972252,1.007684
0.988273,1.003319,1.007684,1.002179
1.001079,1.005513,1.002179,1.031522
1.02694,1.004386,1.031522,1.007376
1.011542,1.031659,1.007376,1.030335
1.03527,1.01164,1.030335,0.99797
0.992986,1.019874,0.99797,1.039674
1.0444,1.002051,1.039674,0.973581
0.990338,1.0,0.973581,0.98794
0.977561,0.998976,0.98794,0.96236
0.974052,0.946721,0.96236,0.926004
0.976434,0.941558,0.926004,0.980594
0.918153,0.95977,0.980594,1.0
0.995429,1.008383,1.0,0.923166
0.979334,0.938242,0.923166,1.010088
0.960141,0.978481,1.010088,1.033708
1.025641,1.037516,1.033708,0.992754
0.996429,0.985037,0.992754,1.021898
1.015532,1.051899,1.021898,0.995238
1.003529,1.00361,0.995238,1.007177
0.990621,0.991607,1.007177,1.014252
1.013018,1.016929,1.014252,0.996487
0.997664,0.998811,0.996487,1.019976
1.022248,1.011905,1.019976,0.998848
1.002291,1.010588,0.998848,0.995386
0.995429,0.993015,0.995386,1.030127
1.025258,1.004689,1.030127,0.983127
1.0,1.016336,0.983127,1.012586
0.994401,1.0,1.012586,1.00452
1.011261,1.013777,1.00452,1.0
1.006682,1.001133,1.0,1.003375
1.002212,1.002262,1.003375,1.025785
1.012141,1.005643,1.025785,1.031694
1.031625,1.022447,1.031694,1.009534
1.047569,1.031833,1.009534,0.973767
0.952573,0.985106,0.973767,1.007543
1.0,0.991361,1.007543,0.990374
1.011653,1.007625,0.990374,0.979482
0.975916,0.978378,0.979482,1.024256
1.001073,0.977901,1.024256,0.98493
1.006431,1.032768,0.98493,1.009836
0.99787,0.997812,1.009836,0.931818
0.966916,0.914474,0.931818,1.038328
0.986755,1.004796,1.038328,1.029083
1.03915,1.071599,1.029083,0.996739
1.004306,1.004454,0.996739,1.005453
1.003215,1.012195,1.005453,1.007592
0.996795,1.006572,1.007592,0.982777
1.001072,0.992383,0.982777,0.971522
0.963597,0.962719,0.971522,0.985344
0.995556,0.993166,0.985344,1.003432
0.987723,0.977064,1.003432,1.0
1.0,1.0,1.0,1.0
1.0,1.0,1.0,1.0
1.0,1.0,1.0,0.9
0.9,0.926056,0.9,0.9
0.9,0.9,0.9,0.9
0.929577,0.9,0.9,0.974961
0.957576,0.951487,0.974961,1.00321
1.012658,1.019737,1.00321,0.9792
0.982812,0.979032,0.9792,0.985294
0.990461,0.975288,0.985294,1.011609
0.983949,1.013514,1.011609,1.001639
1.001631,1.01,1.001639,0.96563
0.998371,0.971947,0.96563,0.967797
0.97553,0.967742,0.967797,0.97373
0.943144,0.947368,0.97373,1.044964
1.033688,1.025926,1.044964,0.984509
1.017153,1.028881,0.984509,1.01049
0.986509,1.007018,1.01049,1.0
1.003419,1.001742,1.0,0.987889
0.991482,0.972174,0.987889,0.991243
0.991409,1.003578,0.991243,0.9947
0.989601,1.0,0.9947,0.960924
0.987741,0.944742,0.960924,1.009242
0.971631,1.009434,1.009242,1.010989
1.012774,1.005607,1.010989,0.971014
0.994595,0.990706,0.971014,1.007463
0.980072,0.996248,1.007463,1.005556
1.007394,1.011299,1.005556,0.98895
0.99633,0.996276,0.98895,0.994413
0.994475,0.994393,0.994413,0.985019
0.992593,0.984962,0.985019,0.960076
0.981343,0.961832,0.960076,1.009901
0.984791,0.972222,1.009901,0.964706
0.984556,1.002041,0.964706,0.939024
0.94902,0.93279,0.939024,1.034632
1.008264,1.015284,1.034632,1.020921
1.018443,1.012903,1.020921,0.977459
0.987928,1.004246,0.977459,1.012579
0.985743,1.004228,1.012579,0.987578
1.002066,0.993684,0.987578,0.993711
1.010309,0.993644,0.993711,0.995781
0.977551,0.982942,0.995781,0.963983
0.989562,0.978308,0.963983,1.028571
0.995781,1.006652,1.028571,1.00641
1.019068,1.028634,1.00641,0.963907
0.981289,0.972163,0.963907,0.986784
0.970339,0.973568,0.986784,0.9
0.967249,0.911765,0.9,0.967742
0.902935,0.930521,0.967742,0.928205
0.975,0.96,0.928205,1.027624
0.95641,0.961111,1.027624,1.002688
1.032172,1.069364,1.002688,1.040214
1.020779,0.97027,1.040214,1.005155
1.012723,1.075209,1.005155,0.979487
0.987437,0.981865,0.979487,1.020942
0.992366,0.98153,1.020942,0.976923
1.007692,1.016129,0.976923,1.023622
1.0,1.007937,1.023622,0.992308
1.007634,1.010499,0.992308,0.966408
1.002525,0.966234,0.966408,1.010695
0.969773,0.989247,1.010695,1.021164
1.005195,1.027174,1.021164,0.997409
1.01292,1.007937,0.997409,0.948052
0.982143,0.939633,0.948052,1.035616
0.987013,1.013966,1.035616,1.010582
1.028947,1.049587,1.010582,1.013089
1.002558,1.005249,1.013089,0.997416
0.987245,0.994778,0.997416,0.994819
1.015504,1.002625,0.994819,0.976562
0.979644,0.971204,0.976562,1.021333
0.997403,1.002695,1.021333,1.013055
1.013021,1.013441,1.013055,1.023196
1.023136,1.02122,1.023196,1.012594
1.020101,1.020779,1.012594,1.022388
1.064039,1.012723,1.022388,1.099757
1.046296,1.025126,1.099757,1.048673
1.099558,1.1,1.048673,0.92616
0.925553,0.936404,0.92616,0.995444
0.973913,0.985948,0.995444,0.956522
0.966518,0.969121,0.956522,0.901914
0.903002,0.921569,0.901914,0.973475
0.961637,0.960106,0.973475,1.019074
0.99734,1.00554,1.019074,0.97861
1.002667,1.00551,0.97861,1.021858
1.007979,1.00274,1.021858,1.018717
1.010554,1.005464,1.018717,0.986877
0.984334,0.997283,0.986877,0.992021
1.002653,1.010899,0.992021,0.997319
1.002646,1.0,0.997319,0.978495
0.989446,0.973046,0.978495,0.997253
1.005333,1.00277,0.997253,1.0
0.965517,0.972376,1.0,1.022039
1.019231,1.025568,1.022039,0.983827
0.997305,1.00277,0.983827,1.019178
1.027027,1.0,1.019178,0.989247
0.984211,1.002762,0.989247,1.046196
1.032086,1.008264,1.046196,1.028571
1.085492,1.030055,1.028571,0.969697
0.942721,1.013263,0.969697,0.986979
0.987342,0.989529,0.986979,1.0
0.989744,0.986772,1.0,0.978892
0.984456,0.978552,0.978892,1.013477
0.994737,1.005479,1.013477,0.986702
1.010582,1.008174,0.986702,0.989218
0.984293,0.989189,0.989218,1.013624
1.0,1.0,1.013624,0.983871
0.989362,1.0,0.983871,1.008197
1.0,0.991803,1.008197,0.99729
1.005376,1.011019,0.99729,1.013587
1.002674,1.00545,1.013587,0.997319
1.0,1.00271,0.997319,1.021505
1.024,0.991892,1.021505,1.0
1.0,1.021798,1.0,1.005263
1.002604,1.013333,1.005263,1.005236
1.007792,0.992105,1.005236,1.002604
0.997423,1.007958,1.002604,1.005195
1.033592,1.002632,1.005195,0.992248
0.97,1.002625,0.992248,0.981771
0.992268,0.984293,0.981771,1.002653
0.992208,1.0,1.002653,0.97619
0.989529,0.978723,0.97619,1.0
0.994709,0.997283,1.0,1.0
0.994681,0.997275,1.0,0.9
0.975936,0.907104,0.9,0.948795
0.90411,0.912651,0.948795,0.984127
0.972727,1.023102,0.984127,0.970968
0.981308,0.967742,0.970968,1.0299
0.993651,1.01,1.0299,0.980645
0.99361,0.993399,0.980645,1.016447
1.006431,0.986711,1.016447,1.064725
1.073482,1.050505,1.064725,0.981763
0.994048,1.032051,0.981763,1.0
0.98503,1.0,1.0,1.009288
0.990881,0.965839,1.009288,1.0
1.021472,1.045016,1.0,0.993865
0.984985,0.987692,0.993865,1.015432
1.009146,0.993769,1.015432,0.99696
1.009063,0.99373,0.99696,1.021341
1.011976,1.031546,1.021341,1.014925
1.011834,1.027523,1.014925,1.011765
1.023392,1.002976,1.011765,1.034884
1.025714,1.008902,1.034884,0.977528
0.991643,1.020588,0.977528,1.037356
1.073034,1.0,1.037356,0.98892
0.945026,1.017291,0.98892,1.02521
1.01385,1.002833,1.02521,1.032787
1.04918,1.014124,1.032787,1.002646
1.015625,1.044568,1.002646,1.005277
0.984615,0.989333,1.005277,1.041995
1.065104,1.024259,1.041995,1.010076
1.022005,1.042105,1.010076,0.950125
0.952153,0.957071,0.950125,1.020997
0.982412,0.976253,1.020997,0.989717
1.01023,1.02973,0.989717,0.948052
0.977215,0.952756,0.948052,0.986301
0.96114,0.986226,0.986301,1.027778
1.010782,1.013966,1.027778,1.021622
1.013333,1.0,1.021622,0.960317
1.005263,0.997245,0.960317,1.008264
0.958115,0.986188,1.008264,1.027322
1.043716,1.042017,1.027322,1.00266
0.989529,0.994624,1.00266,0.97878
0.992063,0.983784,0.97878,0.97561
0.981333,0.986264,0.97561,1.0
0.991848,0.997214,1.0,0.961111
0.986301,0.955307,0.961111,1.011561
0.980556,1.017544,1.011561,0.994286
1.008499,0.994253,0.994286,1.017241
1.0,1.00289,1.017241,0.966102
0.988764,0.971182,0.966102,1.011696
0.985795,0.985163,1.011696,0.982659
1.0,1.012048,0.982659,0.985294
0.976945,0.994048,0.985294,1.002985
1.0,0.994012,1.002985,1.002976
1.0,1.0,1.002976,1.005935
1.00295,1.009036,1.005935,0.973451
0.988235,0.958209,0.973451,1.006061
0.997024,1.018692,1.006061,0.993976
1.01791,1.009174,0.993976,0.978788
0.967742,0.969697,0.978788,1.0
0.987879,1.00625,1.0,1.009288
1.01227,1.0,1.009288,1.027607
1.021212,1.0,1.027607,1.014925
1.011869,1.034161,1.014925,1.002941
1.008798,1.0,1.002941,1.014663
1.017442,1.018018,1.014663,0.982659
1.0,1.0,0.982659,1.008824
0.988571,1.0,1.008824,0.997085
0.99711,1.00295,0.997085,1.008772
1.0,0.997059,1.008772,0.994203
1.008696,1.0059,0.994203,0.991254
0.988506,0.98827,0.991254,1.011765
1.005814,1.005935,1.011765,0.997093
1.00578,1.00885,0.997093,0.997085
0.994253,0.994152,0.997085,0.98538
0.988439,0.979412,0.98538,1.0
0.994152,1.003003,1.0,0.979228
0.997059,0.98503,0.979228,0.990909
0.99115,0.987842,0.990909,0.984709
0.973214,0.972308,0.984709,0.984472
0.990826,0.993671,0.984472,0.9
0.9,0.907643,0.9,0.929825
0.940351,0.901754,0.929825,1.030189
1.022388,1.015564,1.030189,1.062271
1.072993,1.042146,1.062271,1.0
1.0,1.044118,1.0,1.003448
1.010204,1.014085,1.003448,1.020619
1.040404,1.006944,1.020619,1.053872
1.016181,1.037931,1.053872,1.003195
1.006369,1.013289,1.003195,1.012739
1.037975,1.019672,1.012739,0.984277
0.978659,1.0,0.984277,1.035144
1.028037,0.990354,1.035144,1.098765
1.078788,1.045455,1.098765,1.0
1.089888,1.093168,1.0,1.0
0.940722,0.994318,1.0,1.008427
1.008219,1.008571,1.008427,1.1
1.07337,1.025496,1.1,1.1
1.1,1.1,1.1,1.1
1.1,1.047059,1.1,1.1
1.1,1.1,1.1,1.1
1.1,1.034156,1.1,0.901724
1.044828,0.957798,0.901724,1.045889
0.933993,0.90613,1.045889,1.1
1.063604,1.1,1.1,1.009967
1.098007,1.058601,1.009967,1.024671
0.998487,1.003571,1.024671,1.099518
1.037879,1.1,1.099518,0.938686
1.1,0.90073,0.938686,0.967341
0.9,0.985413,0.967341,0.951768
0.941441,0.939145,0.951768,1.0
0.974482,1.019264,1.0,0.971284
0.97054,0.962199,0.971284,0.965217
0.956155,0.973214,0.965217,0.942342
1.005291,0.946789,0.942342,0.959847
0.924561,0.934109,0.959847,0.952191
0.962049,0.983402,0.952191,1.050209
1.00789,0.964135,1.050209,1.023904
1.029354,1.078775,1.023904,1.033074
1.055133,1.022312,1.033074,1.026365
1.0,1.025794,1.026365,0.985321
1.021622,1.034816,0.985321,0.942272
0.941799,0.930841,0.942272,1.011858
0.966292,1.012048,1.011858,1.0
1.003876,1.0,1.0,0.976562
0.992278,0.986111,0.976562,1.014
1.001946,1.002012,1.014,0.964497
1.0,0.97992,0.964497,1.06135
1.023301,0.985656,1.06135,1.003854
1.037951,1.074844,1.003854,0.976967
0.983547,0.980658,0.976967,1.02947
0.994424,0.998028,1.02947,0.998092
1.013084,1.025692,0.998092,0.961759
0.97048,0.967245,0.961759,1.019881
0.979087,0.996016,1.019881,0.986355
1.054369,1.004,0.986355,0.903162
0.917127,0.906375,0.903162,0.90372
0.913655,0.903297,0.90372,1.024213
0.942857,0.987835,1.024213,0.971631
1.020979,0.992611,0.971631,1.026764
0.977169,1.009926,1.026764,0.978673
0.981308,0.982801,0.978673,0.983051
0.983333,1.01,0.983051,1.029557
1.01937,0.997525,1.029557,1.0
1.009501,1.024814,1.0,0.985646
0.983529,0.990315,0.985646,1.014563
1.0,1.0,1.014563,1.014354
1.026316,1.012225,1.014354,0.926887
0.988345,0.942029,0.926887,0.946565
0.924528,0.917949,0.946565,1.045699
1.020408,1.027933,1.045699,1.007712
1.0025,1.057065,1.007712,0.97449
0.982544,0.96401,0.97449,0.968586
0.974619,0.986667,0.968586,1.032432
1.002604,0.972973,1.032432,1.028796
1.05974,1.063889,1.028796,0.977099
0.960784,0.994778,0.977099,1.007812
1.017857,0.976378,1.007812,0.97416
0.969925,1.008065,0.97416,0.984085
0.98708,0.989333,0.984085,0.97035
0.984293,0.96496,0.97035,1.030556
1.013298,1.01676,1.030556,0.975741
0.992126,0.986264,0.975741,1.016575
1.0,0.988858,1.016575,1.032609
1.013228,1.022535,1.032609,0.965789
0.992167,1.011019,0.965789,1.024523
1.002632,0.986376,1.024523,1.013298
1.013123,1.016575,1.013298,0.981627
0.989637,1.002717,0.981627,0.981283
0.979058,0.98645,0.981283,1.013624
1.013369,1.019231,1.013624,1.010753
1.007916,0.986523,1.010753,1.026596
1.015707,1.030055,1.026596,0.994819
1.018041,1.01061,0.994819,0.992188
0.977215,0.979003,0.992188,0.989501
0.987047,1.0,0.989501,1.007958
1.005249,1.010724,1.007958,0.973684
0.992167,0.970822,0.973684,1.024324
1.005263,1.021858,1.024324,0.994723
1.0,1.005348,0.994723,0.994695
0.989529,0.986702,0.994695,0.930667
0.978836,0.919137,0.930667,0.945559
0.927027,0.929619,0.945559,0.945455
0.947522,0.981073,0.945455,0.99359
0.96,0.977492,0.99359,0.990323
1.009615,1.003289,0.990323,1.035831
1.028571,1.009836,1.035831,0.984277
0.978395,1.003247,0.984277,1.015974
1.009464,0.990291,1.015974,1.006289
1.00625,1.035948,1.006289,0.99375
1.003106,1.003155,0.99375,0.990566
0.987616,0.984277,0.990566,1.0
1.00627,0.99361,1.0,0.95873
0.984424,0.96463,0.95873,1.039735
0.996835,1.01,1.039735,1.009554
1.019048,1.023102,1.009554,0.996845
0.996885,1.012903,0.996845,1.1
1.0875,0.990446,1.1,1.060345
1.074713,1.093248,1.060345,0.96206
0.981283,1.029412,0.96206,0.994366
0.989101,0.997143,0.994366,0.974504
0.969697,0.962751,0.974504,0.959302
0.960227,0.967262,0.959302,0.978788
0.997041,0.972308,0.978788,0.959752
0.940653,0.949367,0.959752,1.003226
1.003155,1.023333,1.003226,0.993569
0.987421,1.003257,0.993569,0.980583
0.996815,0.980519,0.980583,1.019802
0.98722,1.003311,1.019802,0.990291
0.996764,1.0033,0.990291,1.006536
1.016234,1.009868,1.006536,0.996753
0.984026,0.970684,0.996753,1.0
1.006494,1.02349,1.0,1.035831
1.029032,1.009836,1.035831,1.015723
1.043887,1.032468,1.015723,1.099071
1.066066,1.018868,1.099071,1.1
1.1,1.1,1.1,0.925831
1.0,0.959786,0.925831,1.024862
0.959079,0.938547,1.024862,1.09973
1.088,1.077381,1.09973,1.014706
1.093137,1.082873,1.014706,1.028986
0.993274,1.002551,1.028986,0.901408
0.979684,0.974555,0.901408,1.026042
0.930876,0.986945,1.026042,1.005076
1.019802,1.039683,1.005076,0.997475
0.98301,0.992366,0.997475,1.032911
1.044444,1.025641,1.032911,0.970588
0.966903,0.97,0.970588,1.010101
0.987775,1.010309,1.010101,1.03
1.044554,1.007653,1.03,0.992718
0.990521,1.027848,0.992718,1.012225
0.992823,0.995074,1.012225,0.983092
1.00241,1.002475,0.983092,0.980344
0.983173,0.977778,0.980344,1.0401
1.04401,1.002525,1.0401,1.1
1.070258,1.015113,1.1,0.989059
1.045952,1.1,0.989059,1.006637
0.970711,0.977578,1.006637,1.004396
1.0,1.020642,1.004396,1.052516
1.075431,1.026966,1.052516,0.912682
0.955912,0.947484,0.912682,1.01139
0.951782,1.009238,1.01139,0.957207
0.991189,0.97254,0.957207,1.014118
0.975556,0.978824,1.014118,0.974478
0.993166,1.002404,0.974478,1.004762
0.979358,0.978417,1.004762,0.962085
0.985948,0.990196,0.962085,1.022167
0.988124,1.009901,1.022167,0.978313
0.992788,0.992647,0.978313,1.002463
0.995157,1.0,1.002463,1.0
1.0,0.997531,1.0,0.997543
1.0,0.997525,0.997543,0.977833
0.982968,0.955335,0.977833,1.007557
0.997525,1.025974,1.007557,0.9725
0.992556,0.977215,0.9725,0.976864
0.97,0.958549,0.976864,1.034211
1.023196,1.021622,1.034211,1.02799
1.020151,1.013228,1.02799,0.977723
1.004938,1.031332,0.977723,0.979747
0.970516,0.96962,0.979747,1.002584
1.025316,0.997389,1.002584,1.025773
0.992593,1.005236,1.025773,0.982412
1.0,1.015625,0.982412,1.005115
0.982587,0.987179,1.005115,0.997455
1.002532,1.005195,0.997455,0.989796
0.989899,0.997416,0.989796,1.002577
0.994898,0.992228,1.002577,0.966581
0.992308,0.976501,0.966581,0.99734
0.98708,0.981283,0.99734,0.96
0.984293,0.972752,0.96,1.1
1.053191,1.008403,1.1,0.992424
1.032828,1.083333,0.992424,0.984733
0.9511,0.948718,0.984733,1.007752
1.007712,1.037838,1.007752,1.1
1.094388,1.010417,1.1,0.972028
1.027972,1.069588,0.972028,1.028777
0.979592,1.004819,1.028777,1.02331
1.050926,1.004796,1.02331,0.952164
0.964758,0.99284,0.952164,1.011962
0.979452,1.0,1.011962,0.997636
1.011655,1.004808,0.997636,1.014218
1.009217,1.011962,1.014218,1.0
1.0,1.0,1.0,1.0
1.0,1.0,1.0,1.0
1.0,1.0,1.0,1.0
1.0,1.0,1.0,1.0
1.0,1.0,1.0,1.0
1.0,1.0,1.0,1.0
1.0,1.0,1.0,1.0
1.0,1.0,1.0,1.0
1.0,1.0,1.0,1.0
1.0,1.0,1.0,1.1
1.075342,1.1,1.1,1.099788
1.099788,1.080679,1.099788,0.947876
1.030888,0.950884,0.947876,1.01833
0.962547,0.995868,1.01833,0.936
0.955253,0.966805,0.936,0.944444
0.971487,0.929185,0.944444,1.00905
0.93501,1.0,1.00905,1.044843
1.071749,1.011547,1.044843,0.987124
0.993724,1.038813,0.987124,0.971739
0.972632,0.975824,0.971739,0.979866
0.963203,0.963964,0.979866,1.009132
