0.971768,0.970724,0.986154,1.00468
0.992355,1.0,1.00468,1.024845
1.021572,1.012698,1.024845,1.012121
1.007541,1.018809,1.012121,0.974551
0.997006,0.992308,0.974551,1.015361
0.996997,1.0,1.015361,0.963691
0.978916,0.984496,0.963691,1.040816
1.038462,0.99685,1.040816,1.063348
1.059259,1.039494,1.063348,1.001418
1.006993,1.039514,1.001418,0.984419
0.979167,1.00731,0.984419,1.008633
1.019858,0.988389,1.008633,1.007133
0.990264,1.007342,1.007133,0.950425
0.974719,0.947522,0.950425,0.968703
0.971182,0.995385,0.968703,0.946154
0.970326,0.945904,0.946154,1.001626
0.961774,0.996732,1.001626,1.011364
0.995231,1.009836,1.011364,0.99679
1.007987,0.991883,0.99679,1.009662
1.007924,0.978723,1.009662,1.0
0.995283,1.038462,1.0,1.023923
1.022117,1.003221,1.023923,1.009346
1.012365,1.011236,1.009346,0.964506
0.981679,0.980952,0.964506,1.0048
0.990669,1.009709,1.0048,1.003185
1.00314,1.001603,1.003185,1.004762
0.998435,1.0032,1.004762,0.995261
1.003135,1.00319,0.995261,1.001587
0.995312,0.993641,1.001587,0.987322
0.993721,0.9888,0.987322,1.025682
1.011058,1.003236,1.025682,1.010955
1.010937,1.016129,1.010955,1.020124
1.023184,1.020635,1.020124,0.992413
1.006042,1.017107,0.992413,1.004587
0.992492,0.990826,1.004587,1.016743
1.012103,1.00463,1.016743,1.0
1.0,1.013825,1.0,0.956587
1.011958,0.963636,0.956587,1.007825
0.95421,0.984277,1.007825,1.063665
1.075851,1.023962,1.063665,1.00146
1.004317,1.045242,1.00146,0.979592
0.987106,0.986567,0.979592,0.983631
0.986938,0.992436,0.983631,0.983359
0.983824,0.990854,0.983359,0.998462
0.979073,0.976923,0.998462,1.026194
1.018321,1.014173,1.026194,1.012012
1.014993,1.029503,1.012012,1.007418
1.022157,1.010558,1.007418,1.010309
1.0,1.008955,1.010309,1.011662
1.008671,1.004438,1.011662,0.979827
0.991404,0.994109,0.979827,0.997059
0.991329,0.998519,0.997059,0.980826
0.991254,0.98368,0.980826,1.02406
1.014706,1.0,1.02406,1.017621
1.005797,1.027149,1.017621,0.995671
1.005764,0.998532,0.995671,1.005797
1.010029,1.010294,1.005797,1.017291
1.012766,1.005822,1.017291,0.995751
0.994398,1.007236,0.995751,0.998578
0.998592,0.985632,0.998578,0.990028
0.990127,1.005831,0.990028,0.997122
1.0,0.994203,0.997122,1.002886
0.998575,0.995627,1.002886,0.972662
0.991441,0.97511,0.972662,1.001479
0.982734,0.987988,1.001479,0.995569
0.992679,1.012158,0.995569,0.985163
0.99115,0.992492,0.985163,1.0
1.0,1.0,1.0,0.914157
0.971726,0.907716,0.914157,0.967051
0.93415,0.955,0.967051,1.030664
0.995082,1.015707,1.030664,0.981818
0.996705,1.003436,0.981818,1.005051
0.998347,1.010274,1.005051,1.0
1.0,1.00339,1.0,1.025126
1.043046,0.971284,1.025126,1.003268
0.977778,1.027826,1.003268,0.965798
1.00487,0.994924,0.965798,0.962901
0.970921,0.942177,0.962901,0.963222
0.945092,0.983755,0.963222,1.02
0.992958,0.983486,1.02,0.953654
0.992908,0.990672,0.953654,0.975701
0.9625,0.979284,0.975701,1.01341
0.990724,0.992308,1.01341,0.969754
1.016854,0.99031,0.969754,1.025341
0.974217,0.984344,1.025341,1.019011
1.020794,1.017893,1.019011,0.998134
0.996296,1.025391,0.998134,0.93271
0.98513,0.944762,0.93271,1.056112
1.00566,0.977823,1.056112,0.98482
0.992495,1.05567,0.98482,0.980732
0.992439,0.982422,0.980732,1.039293
1.009524,0.984095,1.039293,1.024575
1.035849,1.060606,1.024575,0.998155
0.989071,1.0,0.998155,0.996303
0.998158,0.99619,0.996303,1.018553
1.02583,1.00956,1.018553,1.0
0.996403,1.020833,1.0,0.976321
1.00722,0.992579,0.976321,0.973881
0.956989,0.938318,0.973881,1.015326
0.994382,1.017928,1.015326,0.983019
1.003766,1.017613,0.983019,1.005758
0.990619,0.982692,1.005758,0.982824
0.979167,0.986301,0.982824,1.0
1.0,1.007937,1.0,1.025243
1.029014,1.007874,1.025243,0.979167
0.988722,1.007812,0.979167,1.003868
0.992395,0.996124,1.003868,1.00578
1.005747,1.005837,1.00578,0.980843
1.007619,0.978723,0.980843,1.03125
1.007561,1.001976,1.03125,1.007576
1.009381,1.039448,1.007576,1.003759
0.994424,0.982922,1.003759,0.996255
1.003738,1.019305,0.996255,0.984962
0.988827,0.962121,0.984962,1.032443
1.05838,1.059055,1.032443,0.924214
0.951957,0.923792,0.924214,0.984
0.936449,0.949698,0.984,0.979675
1.0,1.016949,0.979675,1.022822
0.99002,0.979167,1.022822,0.983773
0.993952,1.010638,0.983773,1.0
1.0,1.0,1.0,1.020619
1.022312,1.033684,1.020619,1.1
1.081349,1.028513,1.1,1.00367
1.022018,1.023762,1.00367,1.001828
1.008977,1.034816,1.001828,0.95073
0.960854,0.970093,0.95073,1.023033
1.009259,1.00578,1.023033,1.003752
0.99633,1.005747,1.003752,1.035514
1.022099,1.005714,1.035514,1.01083
1.018018,1.032197,1.01083,1.007143
1.00531,1.014679,1.007143,0.98227
0.992958,0.994575,0.98227,1.025271
1.007092,0.994545,1.025271,0.984155
0.996479,1.007313,0.984155,1.003578
0.996466,1.00363,1.003578,0.989305
1.0,1.001808,0.989305,1.01982
1.008865,0.99639,1.01982,1.003534
1.010545,1.012681,1.003534,1.012324
1.005217,1.003578,1.012324,1.006957
1.00692,1.010695,1.006957,0.996546
1.036082,1.012346,0.996546,1.012132
0.975124,0.980836,1.012132,0.993151
0.993197,1.001776,0.993151,1.005172
1.008562,0.992908,1.005172,1.003431
1.001698,1.026786,1.003431,0.967521
1.030508,0.98087,0.967521,1.014134
0.953947,0.994681,1.014134,0.982578
1.008621,1.001783,0.982578,1.014184
0.982906,0.987544,1.014184,1.01049
1.006957,1.021622,1.01049,1.012111
1.029361,1.015873,1.012111,0.986325
0.986577,0.993056,0.986325,0.984402
0.984694,0.979021,0.984402,0.966549
0.979275,0.978571,0.966549,1.005464
0.982363,1.0,1.005464,1.016304
1.014363,1.007299,1.016304,0.962567
0.99469,0.976449,0.962567,1.0
0.97153,0.996289,1.0,1.007407
1.005495,1.0,1.007407,1.038603
1.030965,1.009311,1.038603,1.014159
1.024735,1.03321,1.014159,0.972077
0.986207,0.991071,0.972077,1.012567
0.996503,0.998198,1.012567,1.012411
1.049123,1.016245,1.012411,1.028021
0.991639,0.912966,1.028021,0.981261
0.984823,1.1,0.981261,0.980903
0.988014,0.977233,0.980903,0.968142
0.984402,0.973118,0.968142,0.994516
0.97007,0.985267,0.994516,1.016544
1.019964,1.013084,1.016544,0.981917
0.989324,0.99262,0.981917,1.003683
0.991007,1.005576,1.003683,0.966972
0.99274,0.963031,0.966972,1.009488
0.97989,1.011516,1.009488,0.988722
0.996269,0.994307,0.988722,1.001901
0.994382,0.998092,1.001901,1.009488
1.00565,0.994264,1.009488,0.977444
0.996255,0.998077,0.977444,0.988462
0.986842,0.980732,0.988462,1.01751
1.007619,1.0,1.01751,1.013384
1.009452,1.017682,1.013384,1.022642
1.037453,1.021236,1.022642,0.998155
0.98917,1.011342,0.998155,1.033272
1.025547,1.007477,1.033272,0.971377
0.996441,1.005566,0.971377,1.009208
0.978571,0.987085,1.009208,1.025547
1.029197,1.018692,1.025547,1.001779
0.998227,1.009174,1.001779,0.937833
0.976909,0.958182,0.937833,1.0
0.970909,0.990512,1.0,1.0
0.996255,1.005747,1.0,1.013258
1.007519,1.005714,1.013258,1.007477
1.016791,1.003788,1.007477,1.001855
1.007339,1.011321,1.001855,1.001852
0.992714,1.0,1.001852,0.979667
0.992661,0.979478,0.979667,1.00566
0.988909,1.0,1.00566,1.0
1.0,0.998095,1.0,1.007505
1.007477,1.005725,1.007505,1.005587
1.005566,1.00759,1.005587,1.014815
1.012915,1.011299,1.014815,1.014599
1.023679,1.024209,1.014599,1.003597
0.994662,0.996364,1.003597,0.978495
0.994633,0.989051,0.978495,1.009158
1.008993,1.005535,1.009158,0.936479
0.996435,0.937615,0.936479,1.015504
0.949911,1.001957,1.015504,1.0
1.0,1.0,1.0,0.979008
0.981168,0.957031,0.979008,1.025341
1.011516,1.044898,1.025341,1.001901
1.009488,0.998047,1.001901,0.998102
0.996241,1.013699,0.998102,0.961977
0.988679,0.96332,0.961977,1.013834
0.980916,1.01002,1.013834,1.011696
1.019455,1.011905,1.011696,0.978805
0.992366,0.988235,0.978805,1.035433
1.013462,1.001984,1.035433,0.984791
0.998102,0.99802,0.984791,1.003861
0.996198,1.019841,1.003861,1.015385
1.015267,1.009728,1.015385,1.003788
1.005639,1.009634,1.003788,1.001887
1.003738,0.984733,1.001887,1.037665
1.039106,1.013566,1.037665,0.998185
1.007168,1.028681,0.998185,0.998182
0.987544,0.990706,0.998182,1.003643
0.996396,1.003752,1.003643,1.001815
1.01085,1.007477,1.001815,0.978261
0.973166,0.992579,0.978261,0.974074
0.992647,0.981308,0.974074,1.001901
0.990741,0.99619,1.001901,0.998102
0.990654,1.001912,0.998102,0.971483
0.998113,0.965649,0.971483,1.035225
1.007561,1.005929,1.035225,0.982987
1.003752,1.019646,0.982987,0.986538
0.973832,0.984586,0.986538,1.003899
1.001919,0.994129,1.003899,0.970874
0.996169,0.980315,0.970874,0.964
0.961538,0.965863,0.964,1.016598
0.982,0.991684,1.016598,0.979592
0.997963,1.004193,0.979592,1.014583
0.993878,1.0,1.014583,1.026694
1.041068,1.012526,1.026694,0.998
1.0,1.016495,0.998,1.0
0.99211,1.004057,1.0,1.006012
1.00994,1.00202,1.006012,0.968127
0.998031,0.977823,0.968127,1.016461
0.978304,0.993814,1.016461,1.022267
1.03629,1.03112,1.022267,0.992079
0.990272,1.004024,0.992079,0.986028
0.986248,0.983968,0.986028,0.959514
0.984064,0.96334,0.959514,0.995781
0.961538,0.985201,0.995781,1.012712
1.006316,1.004292,1.012712,1.0
1.0,1.0,1.0,0.985356
1.012552,0.978632,0.985356,0.980892
0.971074,1.004367,0.980892,0.997835
0.991489,0.993478,0.997835,1.008677
1.0,1.008753,1.008677,0.989247
0.995708,0.976139,0.989247,1.004348
1.006466,1.02,1.004348,1.008658
1.0,1.0,1.008658,1.004292
1.004283,1.004357,1.004292,0.997863
0.997868,1.004338,0.997863,1.017131
1.014957,1.00432,1.017131,1.016842
1.021053,1.010753,1.016842,1.008282
1.006186,1.019149,1.008282,0.995893
1.006148,1.010438,0.995893,1.006186
0.99389,0.995868,1.006186,0.987705
1.002049,0.991701,0.987705,1.006224
1.0,1.004184,1.006224,1.008247
1.002045,0.995833,1.008247,0.969325
1.002041,0.987448,0.969325,1.099156
1.0611,1.0,1.099156,1.017274
1.092131,1.1,1.017274,0.975472
0.917399,0.960076,0.975472,1.038685
1.05364,1.013861,1.038685,0.986965
0.978182,1.011719,0.986965,1.043396
1.072491,1.007722,1.043396,0.9783
0.97747,1.032567,0.9783,1.014787
0.989362,0.998145,1.014787,0.989071
0.991039,1.005576,0.989071,1.003683
1.009042,0.996303,1.003683,0.979817
0.97491,0.983302,0.979817,0.988764
0.987132,0.990566,0.988764,0.994318
0.998138,0.998095,0.994318,1.013333
1.001866,0.998092,1.013333,0.988722
0.990689,0.975143,0.988722,0.998099
0.992481,1.015686,0.998099,0.986667
1.003788,0.994208,0.986667,1.013514
1.0,1.01165,1.013514,1.001905
1.003774,1.0,1.001905,0.994297
1.003759,1.0,0.994297,1.017208
1.007491,0.998081,1.017208,1.003759
1.001859,1.013462,1.003759,1.011236
1.011132,1.005693,1.011236,1.024074
1.033028,1.013208,1.024074,0.987342
0.994671,1.013035,0.987342,0.97619
0.980357,0.972426,0.97619,0.990619
0.976321,0.992439,0.990619,1.013258
1.0,1.0,1.013258,1.016822
1.018657,1.011429,1.016822,1.0
1.007326,1.016949,1.0,1.0
0.990909,0.996296,1.0,1.003676
1.016514,1.003717,1.003676,1.016484
1.009025,1.009259,1.016484,1.001802
0.994633,0.998165,1.001802,0.97482
0.994604,0.990809,0.97482,1.020295
1.001808,1.0,1.020295,1.0
1.01083,1.020408,1.0,0.969259
0.982143,0.972727,0.969259,1.005597
0.987273,1.001869,1.005597,1.003711
1.005525,1.005597,1.003711,1.0
1.0,1.0,1.0,0.992606
1.001832,0.994434,0.992606,0.981378
0.987203,0.977612,0.981378,0.998102
0.985185,0.975191,0.998102,0.965779
0.994361,0.988258,0.965779,1.015748
0.981096,1.005941,1.015748,1.013566
1.009634,1.01378,1.013566,0.978967
1.003817,0.992233,0.978967,1.027344
1.013308,1.003914,1.027344,1.0
0.990619,1.005848,1.0,1.003802
1.007576,1.017442,1.003802,0.998106
0.996241,0.992381,0.998106,1.001898
1.007547,0.998081,1.001898,1.011364
1.02809,1.001923,1.011364,1.041199
1.014572,1.017274,1.041199,1.005396
1.014363,1.037736,1.005396,1.030411
1.056637,0.987273,1.030411,1.0
0.988275,1.040516,1.0,0.980903
1.00678,0.989381,0.980903,1.067257
1.043771,0.994633,1.067257,0.963516
0.974194,1.026978,0.963516,1.039587
1.018212,1.005254,1.039587,1.004967
1.004878,1.012195,1.004967,0.970346
0.988673,1.006885,0.970346,0.9
0.962357,0.905983,0.9,0.924528
0.9,0.911321,0.924528,1.020408
0.967181,1.004141,1.020408,1.012
1.013972,1.004124,1.012,0.972332
0.980315,0.99384,0.972332,1.010163
1.012048,1.008264,1.010163,1.014085
1.001984,1.012295,1.014085,1.011905
1.021782,0.997976,1.011905,0.952941
0.986434,0.983773,0.952941,1.032922
0.998035,1.0,1.032922,1.001992
0.998031,1.012371,1.001992,1.019881
1.045365,1.028513,1.019881,0.984405
0.983019,0.99802,0.984405,0.978218
0.978887,0.97619,0.978218,1.002024
0.994118,0.997967,1.002024,1.012121
1.001972,1.00611,1.012121,1.01996
1.007874,1.01417,1.01996,0.992172
1.003906,1.005988,0.992172,1.005917
1.0,0.994048,1.005917,1.015686
1.011673,1.011976,1.015686,1.001931
1.007692,1.013807,1.001931,0.996146
0.990458,0.994163,0.996146,0.976789
0.998073,0.986301,0.976789,1.013861
0.996139,0.996032,1.013861,1.009766
1.015504,1.015936,1.009766,1.015474
1.013359,1.015686,1.015474,1.019048
1.011299,1.009653,1.019048,0.994393
0.998138,1.003824,0.994393,0.979323
1.0,0.990476,0.979323,1.009597
0.983209,0.996154,1.009597,1.005703
1.009488,1.0,1.005703,0.973535
0.984962,0.990347,0.973535,1.009709
0.996183,1.0,1.009709,1.003846
1.0,1.003899,1.003846,0.994253
0.994253,0.994175,0.994253,1.019268
1.026975,1.009766,1.019268,0.992439
0.992495,1.0,0.992439,0.99619
1.005671,1.005803,0.99619,0.975143
0.984962,0.978846,0.975143,1.017647
0.998092,0.998035,1.017647,0.986513
1.017208,1.003937,0.986513,1.083984
1.052632,0.982353,1.083984,0.989189
1.010714,1.07984,0.989189,0.994536
0.973498,0.987061,0.994536,0.981685
0.99637,0.994382,0.981685,1.0
0.989071,0.998117,1.0,0.975746
0.98895,0.967925,0.975746,0.994264
0.98324,0.994152,0.994264,1.003846
0.994318,1.019608,1.003846,1.028736
1.041905,0.961538,1.028736,0.957169
1.0,1.0,0.957169,0.972763
0.925046,0.94,0.972763,1.02
1.035573,1.068085,1.02,1.029412
1.022901,0.982072,1.029412,1.026667
1.020522,1.058824,1.026667,1.003711
1.014625,1.024904,1.003711,1.02403
1.005405,1.003738,1.02403,0.998195
1.010753,1.009311,0.998195,0.971067
0.985816,0.98524,0.971067,0.970205
0.964029,0.962547,0.970205,0.978887
0.979478,0.990272,0.978887,1.02549
0.998095,1.001965,1.02549,0.978967
1.003817,1.0,0.978967,1.052734
1.039924,1.0,1.052734,1.007421
1.003656,1.043137,1.007421,1.003683
1.007286,1.007519,1.003683,0.968807
0.994575,0.983209,0.968807,0.984848
0.970909,0.971537,0.984848,0.986538
0.986891,0.996094,0.986538,0.988304
0.981025,0.986275,0.988304,0.984221
0.976789,0.986083,0.984221,1.008016
1.0,0.993952,1.008016,1.015905
1.015842,1.01217,1.015905,0.978474
1.0,1.0,0.978474,0.988
0.986355,0.987976,0.988,0.979757
0.968379,0.975659,0.979757,1.014463
1.002041,0.997921,1.014463,1.002037
1.016293,1.016667,1.002037,0.989837
0.993988,0.997951,0.989837,0.969199
0.981855,0.963039,0.969199,1.008475
0.983573,0.995736,1.008475,1.023109
1.018789,1.004283,1.023109,0.963039
0.993852,0.997868,0.963039,0.997868
0.975258,0.961538,0.997868,0.972222
0.991543,1.002222,0.972222,1.006593
0.989339,1.002217,1.006593,0.975983
1.0,0.986726,0.975983,0.96868
0.956897,0.941704,0.96868,0.997691
0.986486,1.016667,0.997691,0.986111
0.997717,0.995316,0.986111,0.988263
1.006865,0.981176,0.988263,1.035629
0.995455,1.002398,1.035629,1.016055
1.011416,1.033493,1.016055,0.993228
1.006772,1.006944,0.993228,1.004545
1.0,1.002299,1.004545,0.957014
0.984305,0.965596,0.957014,0.990544
0.979499,0.990499,0.990544,0.976134
0.993023,0.971223,0.976134,1.00489
0.971897,1.0,1.00489,1.026764
1.016867,1.0,1.026764,1.026066
1.037915,1.02716,1.026066,1.004619
1.006849,1.026442,1.004619,0.986207
0.993197,1.002342,0.986207,1.058275
1.057078,1.016355,1.058275,0.993392
0.984881,1.025287,0.993392,1.011086
1.013158,0.997758,1.011086,1.006579
1.0,0.993258,1.006579,0.986928
1.008658,1.022624,0.986928,0.99117
0.982833,0.988938,0.99117,0.995546
0.989083,0.995526,0.995546,0.977629
0.986755,0.966292,0.977629,1.009153
0.986577,1.0,1.009153,0.965986
0.988662,0.988372,0.965986,1.002347
0.993119,1.0,1.002347,1.023419
1.009238,1.007059,1.023419,1.004577
1.009153,1.014019,1.004577,0.974943
0.995465,0.983871,0.974943,0.995327
0.993166,0.995316,0.995327,0.983568
0.988532,0.983529,0.983568,1.009547
0.990719,1.0,1.009547,1.002364
0.992974,0.992823,1.002364,0.988208
1.0,1.00241,0.988208,1.0
1.011792,0.992788,1.0,0.98568
0.981352,1.0,0.98568,0.997579
0.988124,0.990315,0.997579,1.012136
1.002404,1.007335,1.012136,0.947242
1.0,0.953883,0.947242,1.022785
0.995204,1.017812,1.022785,0.985149
0.968675,0.9775,0.985149,0.962312
0.99005,0.971867,0.962312,1.010444
0.98995,1.007895,1.010444,1.0
0.98731,0.997389,1.0,0.997416
1.002571,0.997382,0.997416,1.002591
1.007692,1.0,1.002591,0.98708
0.989822,1.0,0.98708,0.95288
0.992288,0.950131,0.95288,0.980769
0.950777,0.980663,0.980769,0.983193
0.986376,0.988732,0.983193,1.031339
1.0,1.0,1.031339,0.994475
1.0,0.991453,0.994475,1.016667
1.019337,1.017241,1.016667,0.991803
0.99458,1.011299,0.991803,0.986226
0.986376,0.938547,0.986226,1.011173
1.005525,1.044643,1.011173,0.997238
1.002747,1.014245,0.997238,0.972299
0.986301,0.977528,0.972299,0.997151
0.975,0.977011,0.997151,0.988571
1.002849,1.014706,0.988571,1.026012
1.017045,1.002899,1.026012,0.974648
0.997207,1.0,0.974648,0.976879
0.97479,0.968208,0.976879,1.005917
0.982759,0.991045,1.005917,1.044118
1.040936,1.024096,1.044118,1.039437
1.042135,1.035294,1.039437,0.98916
0.991914,1.025568,0.98916,1.00274
1.019022,1.00277,1.00274,0.969945
0.973333,0.972376,0.969945,0.974648
0.972603,0.980114,0.974648,1.049133
1.025352,0.997101,1.049133,0.977961
1.016484,1.031977,0.977961,1.019718
0.981081,0.985915,1.019718,1.013812
1.022039,1.031429,1.013812,0.983651
0.997305,0.99446,0.983651,1.00831
0.986486,1.0,1.00831,0.986264
1.005479,1.0,0.986264,1.016713
0.997275,0.997214,1.016713,1.016438
1.016393,1.013966,1.016438,1.010782
1.021505,1.011019,1.010782,0.970667
0.976316,0.980926,0.970667,1.021978
1.005391,1.002778,1.021978,1.010753
1.032172,1.024931,1.010753,1.026596
1.015584,1.013514,1.026596,0.984456
0.97954,0.986667,0.984456,1.018421
1.015666,1.008108,1.018421,1.002584
1.005141,1.016086,1.002584,1.0
1.007673,1.007916,1.0,1.005155
1.0,1.002618,1.005155,1.017949
1.01269,1.023499,1.017949,1.005038
1.002506,0.984694,1.005038,1.025063
1.035,1.028497,1.025063,1.0
0.995169,1.015113,1.0,1.056235
1.065534,1.004963,1.056235,0.983796
1.0,1.049383,0.983796,1.0
1.0,1.0,1.0,0.950588
0.947608,0.950588,0.950588,1.00495
0.990385,0.99505,1.00495,1.041872
1.036408,1.014925,1.041872,1.009456
1.023419,1.039216,1.009456,1.039813
1.034325,1.004717,1.039813,0.970721
0.984513,1.004695,0.970721,1.009281
0.986517,1.002336,1.009281,1.0
0.993166,0.995338,1.0,0.986207
0.997706,0.995316,0.986207,1.009324
0.997701,1.004706,1.009324,0.930716
1.009217,0.93911,0.930716,0.960298
0.922374,0.9601,0.960298,1.020672
0.980198,1.005195,1.020672,1.01519
1.015152,1.002584,1.01519,0.997506
1.022388,1.012887,0.997506,1.0
0.980535,0.997455,1.0,1.0175
1.019851,1.015306,1.0175,0.963145
0.990268,0.982412,0.963145,0.997449
0.965602,0.987212,0.997449,1.005115
1.015267,1.010363,1.005115,0.977099
1.025063,0.976923,0.977099,1.052083
0.99511,1.010499,1.052083,0.992574
1.002457,1.020779,0.992574,1.0399
1.029412,1.015267,1.0399,1.01199
1.014286,1.0401,1.01199,0.973934
0.99061,0.985542,0.973934,1.019465
0.995261,0.977995,1.019465,1.023866
1.05,1.025,1.023866,1.02331
1.002268,1.02439,1.02331,1.006834
1.029412,1.035714,1.006834,1.036199
1.024176,0.993103,1.036199,0.947598
1.006438,1.002315,0.947598,1.02765
0.970149,1.002309,1.02765,1.0
0.997802,1.016129,1.0,1.0
1.0,1.0,1.0,1.073991
1.081498,1.029478,1.073991,1.010438
0.98778,0.991189,1.010438,1.045455
1.076289,1.057778,1.045455,0.972332
0.975096,1.02521,0.972332,0.963415
0.97053,0.967213,0.963415,1.025316
0.991903,1.006356,1.025316,0.979424
0.991837,0.991579,0.979424,1.002101
0.985597,0.987261,1.002101,1.008386
1.006263,1.008602,1.008386,0.987526
0.997925,1.006397,0.987526,0.981053
0.983368,0.980932,0.981053,0.993562
0.993658,0.99784,0.993562,1.017279
1.02766,1.008658,1.017279,1.010616
1.018634,1.012876,1.010616,1.004202
0.973577,0.974576,1.004202,0.966527
1.002088,1.002174,0.966527,0.9
0.9,0.9,0.9,0.956298
0.982234,0.968668,0.956298,0.994624
0.971576,0.981132,0.994624,1.027027
1.010638,1.019231,1.027027,1.015789
1.026316,1.013477,1.015789,0.981865
0.994872,1.005319,0.981865,0.989446
0.989691,0.978836,0.989446,1.021333
0.997396,0.981081,1.021333,1.002611
1.013055,1.044077,1.002611,1.015625
1.010309,1.013193,1.015625,0.989744
0.992347,0.994792,0.989744,1.005181
1.002571,1.007853,1.005181,0.951031
0.979487,0.955844,0.951031,1.00542
0.97644,1.0,1.00542,0.986523
1.0,0.98913,0.986523,1.0
1.005362,1.0,1.0,1.008197
1.005333,1.010989,1.008197,1.03252
1.015915,0.997283,1.03252,1.036745
1.039164,1.029973,1.036745,1.007595
1.007538,1.039683,1.007595,0.992462
1.007481,0.992366,0.992462,1.01519
1.00495,0.984615,1.01519,0.992519
1.002463,1.033854,0.992519,0.994975
0.987715,0.974811,0.994975,1.015152
1.002488,1.002584,1.015152,1.002488
1.062035,1.015464,1.002488,0.98263
0.941589,0.98731,0.98263,0.992424
0.985112,0.987147,0.992424,1.010178
1.010076,1.010417,1.010178,0.992443
1.007481,1.010309,0.992443,1.010152
0.992574,0.992347,1.010152,1.0
0.997506,1.010283,1.0,1.020101
1.04,1.005089,1.020101,1.007389
0.987981,1.010127,1.007389,0.987775
0.995134,1.002506,0.987775,1.032178
1.022005,1.0175,1.032178,0.918465
0.985646,0.938575,0.918465,0.968668
0.927184,0.963351,0.968668,0.997305
0.979058,0.991848,0.997305,1.024324
1.02139,1.010959,1.024324,0.992084
1.002618,1.01084,0.992084,0.946809
0.986945,0.951743,0.946809,1.036517
0.981481,1.0,1.036517,0.98916
0.994609,1.0,0.98916,1.008219
1.01626,1.016901,1.008219,1.016304
1.013333,1.01108,1.016304,0.997326
0.989474,1.00274,0.997326,1.002681
1.005319,1.010929,1.002681,0.981283
0.986772,0.986486,0.981283,0.975477
0.989276,0.980822,0.975477,1.013966
0.98645,0.994413,1.013966,0.991736
1.0,1.0,0.991736,0.997222
0.997253,0.997191,0.997222,1.011142
1.00551,1.005634,1.011142,0.961433
1.0,0.971989,0.961433,1.008596
0.969863,0.994236,1.008596,1.03125
1.031073,1.017391,1.03125,1.008264
1.005479,1.025641,1.008264,1.002732
1.008174,1.0,1.002732,1.013624
1.013514,1.011111,1.013624,0.986559
1.0,1.002747,0.986559,0.970027
0.981333,0.967123,0.970027,1.014045
0.980978,0.994334,1.014045,0.98892
1.0,1.014245,0.98892,0.997199
0.99169,0.983146,0.997199,1.008427
1.011173,1.008571,1.008427,0.994429
0.991713,0.991501,0.994429,1.005602
1.008357,1.017143,1.005602,0.991643
0.994475,0.988764,0.991643,1.002809
0.994444,1.0,1.002809,0.988796
1.00838,1.0,0.988796,0.977337
0.975069,0.971591,0.977337,0.991304
0.988636,0.991228,0.991304,1.002924
0.991379,1.00295,1.002924,0.985423
0.994203,0.979412,0.985423,1.002959
0.991254,1.012012,1.002959,1.014749
1.017647,0.997033,1.014749,0.973837
0.99711,0.997024,0.973837,1.014925
0.991304,1.002985,1.014925,1.008824
1.005848,1.005952,1.008824,1.034985
1.05814,1.014793,1.034985,1.005634
0.994505,1.029155,1.005634,0.988796
0.98895,0.991501,0.988796,1.005666
1.0,1.0,1.005666,1.0
1.002793,1.008571,1.0,1.011268
1.002786,0.997167,1.011268,0.963788
1.0,0.977273,0.963788,0.99422
0.972222,0.994186,0.99422,1.0
0.994286,1.0,1.0,0.973837
0.988506,0.976608,0.973837,1.00597
0.988372,0.997006,1.00597,1.002967
0.994118,0.996997,1.002967,1.002959
1.005917,1.009036,1.002959,0.961652
0.997059,0.970149,0.961652,1.033742
1.00295,1.0,1.033742,1.008902
1.002941,1.024615,1.008902,0.985294
0.997067,1.003003,0.985294,1.01791
1.005882,0.997006,1.01791,1.020528
1.017544,1.018018,1.020528,0.977011
0.997126,1.0,0.977011,1.011765
1.008646,1.0059,1.011765,0.994186
0.988571,0.994135,0.994186,1.005848
0.99711,1.0,1.005848,0.994186
0.997101,1.0,0.994186,1.020468
1.031977,1.00885,1.020468,1.037249
1.070423,1.01462,1.037249,1.019337
0.981579,1.002882,1.019337,0.98916
1.02681,1.045977,0.98916,1.010959
0.97389,0.983516,1.010959,0.97832
1.002681,1.0,0.97832,1.0
0.97861,0.988827,1.0,0.977839
0.978142,0.977401,0.977839,1.011331
1.027933,1.011561,1.011331,1.011204
0.983696,1.014286,1.011204,1.052632
1.082873,1.016901,1.052632,1.031579
1.017857,1.038781,1.031579,0.977041
0.982456,1.016,0.977041,0.986945
0.97449,0.963255,0.986945,0.981481
0.986911,1.008174,0.981481,1.013477
1.039788,0.983784,1.013477,0.994681
0.969388,1.013736,0.994681,1.029412
1.015789,1.00542,1.029412,0.932468
0.997409,0.962264,0.932468,1.013928
0.950649,0.991597,1.013928,0.989011
1.008197,1.00565,0.989011,1.0
0.97832,0.985955,1.0,1.005556
1.01385,1.005698,1.005556,0.997238
1.002732,1.016997,0.997238,1.030471
1.019074,0.986072,1.030471,0.986559
1.0,1.028249,0.986559,0.997275
1.0,1.0,0.997275,0.978142
0.981283,0.980769,0.978142,0.955307
0.978202,0.94958,0.955307,0.982456
0.955432,0.979351,0.982456,0.997024
0.997085,1.006024,0.997024,1.050746
1.040936,1.008982,1.050746,0.980114
1.011236,1.023739,0.980114,1.014493
0.983333,0.982609,1.014493,1.04
1.050847,1.032448,1.04,1.005495
1.002688,1.022857,1.005495,1.010929
0.997319,1.011173,1.010929,1.002703
1.016129,1.013812,1.002703,0.997305
0.997354,1.002725,0.997305,1.008108
0.994695,0.991848,1.008108,0.989276
1.010667,1.00274,0.989276,1.051491
1.044855,1.005464,1.051491,0.992268
1.0,1.032609,0.992268,0.981818
0.982323,0.984211,0.981818,1.0
0.982005,0.989305,1.0,0.989418
0.989529,0.997297,0.989418,0.986631
1.005291,0.98916,0.986631,1.00542
0.981579,1.005479,1.00542,1.09973
1.093834,1.002725,1.09973,1.009804
1.026961,1.097826,1.009804,0.995146
1.0358,1.002475,0.995146,1.029268
0.983871,0.995062,1.029268,0.995261
1.04918,1.032258,0.995261,0.983333
0.966518,0.990385,0.983333,1.014528
0.967667,0.98301,1.014528,1.00716
1.02148,1.014815,1.00716,0.990521
0.990654,0.997567,0.990521,1.007177
1.014151,1.009756,1.007177,0.954869
0.986047,0.966184,0.954869,1.034826
0.990566,1.005,1.034826,1.002404
1.0,1.022388,1.002404,1.043165
1.042857,1.007299,1.043165,0.96092
0.979452,1.007246,0.96092,1.021531
1.002331,0.997602,1.021531,1.002342
1.011628,1.021635,1.002342,0.974299
0.983908,0.978824,0.974299,1.016787
0.992991,0.995192,1.016787,0.959906
1.011765,0.975845,0.959906,0.992629
0.953488,0.992574,0.992629,1.037129
1.02439,1.004988,1.037129,1.002387
1.011905,1.037221,1.002387,0.992857
0.997647,0.985646,0.992857,0.983213
0.985849,0.98301,0.983213,1.004878
0.988038,1.002469,1.004878,1.0
1.016949,1.004926,1.0,1.021845
1.014286,0.985294,1.021845,0.988124
0.985915,1.027363,0.988124,1.002404
0.995238,0.997579,1.002404,1.004796
1.004785,1.007282,1.004796,0.99284
1.007143,0.995181,0.99284,0.975962
0.983452,0.973366,0.975962,1.004926
0.980769,1.002488,1.004926,0.963235
0.990196,0.972705,0.963235,1.0
0.985149,0.994898,1.0,1.002545
0.997487,1.0,1.002545,0.974619
0.997481,0.982051,0.974619,1.005208
0.989899,1.002611,1.005208,1.041451
1.035714,1.010417,1.041451,0.995025
0.992611,1.018041,0.995025,0.9125
0.962779,0.911392,0.9125,1.013699
0.958763,1.011111,1.013699,1.008108
1.010753,1.010989,1.008108,0.997319
1.007979,0.997283,0.997319,0.994624
0.986807,1.00545,0.994624,1.010811
1.005348,1.00271,1.010811,0.97861
1.0,0.981081,0.97861,1.002732
0.981383,0.991736,1.002732,0.99455
1.0,1.008333,0.99455,0.989041
1.0,0.983471,0.989041,1.0
0.98645,1.002801,1.0,1.01108
1.010989,1.005587,1.01108,1.019178
1.013587,1.013889,1.019178,0.991935
1.002681,1.008219,0.991935,1.01084
1.0,1.0,1.01084,0.997319
1.002674,1.002717,0.997319,1.013441
1.008,1.00271,1.013441,0.98939
1.0,1.0,0.98939,0.959786
0.978836,0.964865,0.959786,1.005587
0.978378,0.991597,1.005587,1.011111
1.019337,1.014124,1.011111,1.0
1.00271,1.008357,1.0,0.975275
0.986486,0.980663,0.975275,1.008451
0.980822,0.980282,1.008451,1.002793
1.013966,1.020115,1.002793,1.002786
1.0,1.002817,1.002786,1.002778
1.00551,1.011236,1.002778,0.98892
0.991781,0.991667,0.98892,0.988796
0.997238,0.983193,0.988796,1.025496
1.00554,0.991453,1.025496,1.0
1.00551,1.031609,1.0,0.991713
0.994521,0.997214,0.991713,1.016713
1.011019,1.005587,1.016713,0.991781
0.99455,0.994444,0.991781,0.966851
0.986301,0.97486,0.966851,1.011429
0.986111,1.002865,1.011429,0.991525
1.002817,1.0,0.991525,0.994302
0.994382,0.994286,0.994302,1.011461
1.002825,0.997126,1.011461,1.014164
1.011268,1.017291,1.014164,1.00838
1.008357,1.005666,1.00838,1.00277
1.005525,1.008451,1.00277,1.0
1.002747,1.002793,1.0,0.991713
0.991781,0.991643,0.991713,1.022284
1.019337,1.005618,1.022284,0.99455
0.99458,1.013966,0.99455,0.991781
0.997275,0.99449,0.991781,1.027624
1.019126,1.00277,1.027624,1.051075
1.072386,1.066298,1.051075,1.0
0.9875,0.997409,1.0,1.0
0.997468,1.01039,1.0,0.994885
0.989848,0.989717,0.994885,1.005141
1.015385,1.005195,1.005141,0.984655
0.997475,0.989664,0.984655,1.01039
0.987342,1.002611,1.01039,1.0
1.0,1.002604,1.0,1.020566
1.020513,1.005195,1.020566,0.994962
1.027638,1.015504,0.994962,0.979747
0.96577,0.984733,0.979747,1.005168
0.997468,1.002584,1.005168,1.0
1.005076,0.994845,1.0,0.982005
0.992424,0.987047,0.982005,0.994764
0.982188,0.984252,0.994764,0.963158
0.971503,0.976,0.963158,0.97541
0.989333,0.969945,0.97541,0.966387
0.956873,0.96338,0.966387,1.008696
0.985915,1.008772,1.008696,0.997126
1.0,1.0,0.997126,1.008646
1.005714,1.002899,1.008646,0.988571
0.988636,0.985549,0.988571,0.99422
1.0,1.002933,0.99422,1.026163
1.031609,0.997076,1.026163,0.915014
0.980501,0.935484,0.915014,0.978328
0.917614,0.9279,0.978328,0.996835
0.990712,1.050676,0.996835,0.996825
1.00625,1.0,0.996825,1.028662
1.018634,0.996785,1.028662,1.006192
0.993902,1.012903,1.006192,0.990769
0.996933,1.006369,0.990769,0.981366
0.990769,0.981013,0.981366,1.009494
1.0,1.009677,1.009494,1.015674
1.021739,1.01278,1.015674,0.953704
0.975684,0.974763,0.953704,1.009709
0.981308,0.990291,1.009709,1.025641
1.019048,1.009804,1.025641,1.028125
1.040498,1.035599,1.028125,0.978723
0.991018,0.996875,0.978723,1.012422
0.990937,1.00627,1.012422,1.006135
1.003049,1.0,1.006135,1.003049
1.018237,1.009346,1.003049,0.987842
0.98806,1.0,0.987842,0.966154
0.987915,0.966049,0.966154,1.0
0.960245,0.980831,1.0,1.019108
1.031847,1.019544,1.019108,0.990625
0.993827,0.99361,0.990625,0.993691
0.987578,1.003215,0.993691,0.996825
0.990566,0.987179,0.996825,0.987261
0.990476,0.993506,0.987261,1.003226
1.009615,1.003268,1.003226,1.006431
1.028571,1.016287,1.006431,1.015974
0.987654,1.0,1.015974,1.012579
1.01875,1.022436,1.012579,1.0
0.98773,0.99373,1.0,1.006211
1.006211,0.996845,1.006211,1.003086
1.024691,1.015823,1.003086,0.987692
0.978916,0.993769,0.987692,1.009346
1.003077,1.0,1.009346,1.018519
1.018405,1.012539,1.018519,1.006061
1.003012,1.01548,1.006061,1.0
1.015015,1.006098,1.0,0.987952
0.985207,0.990909,0.987952,0.984756
1.009009,0.987768,0.984756,1.009288
0.973214,0.993808,1.009288,0.996933
1.006116,1.006231,0.996933,1.003077
0.990881,0.996904,1.003077,1.015337
1.064417,1.009317,1.015337,0.996979
0.971182,1.006154,0.996979,1.033333
1.017804,1.006116,1.033333,1.029326
1.034985,1.030395,1.029326,1.039886
1.056338,1.00885,1.039886,0.983562
0.970667,1.032164,0.983562,1.02507
1.032967,1.014164,1.02507,0.959239
0.994681,0.96648,0.959239,1.022663
0.975936,1.00578,1.022663,1.00277
1.008219,1.028736,1.00277,1.008287
1.002717,0.997207,1.008287,1.027397
1.03252,1.016807,1.027397,1.002667
1.005249,1.024793,1.002667,1.034574
1.023499,1.005376,1.034574,0.982005
1.020408,1.002674,0.982005,0.997382
0.96,0.994667,0.997382,0.994751
0.992188,1.0,0.994751,0.976253
0.992126,0.989276,0.976253,0.991892
0.986772,0.98103,0.991892,1.010899
1.005362,1.008287,1.010899,1.013477
1.008,1.016438,1.013477,1.023936
1.066138,1.0,1.023936,0.979221
0.962779,1.010782,0.979221,0.949602
0.969072,0.949333,0.949602,0.994413
0.960106,0.997191,0.994413,1.025281
1.01385,1.002817,1.025281,1.019178
1.021858,1.0,1.019178,1.005376
1.010695,1.033708,1.005376,1.008021
1.002646,1.008152,1.008021,1.047745
1.05277,1.013477,1.047745,0.974684
0.987469,1.005319,0.974684,1.0
0.984772,0.994709,1.0,0.966234
0.992268,0.978723,0.966234,1.0
0.981818,1.002717,1.0,0.997312
0.989418,1.00271,0.997312,1.013477
1.008021,0.994595,1.013477,0.986702
0.997347,1.005435,0.986702,0.981132
1.0,0.978378,0.981132,1.0
0.973404,0.997238,1.0,0.980769
0.994536,0.98338,0.980769,1.002801
0.986264,0.994366,1.002801,0.972067
1.002786,0.963173,0.972067,1.008621
0.977778,1.014706,1.008621,0.997151
1.014205,1.014493,0.997151,1.022857
1.014006,0.997143,1.022857,0.994413
0.98895,1.002865,0.994413,0.994382
0.99162,0.997143,0.994382,1.0
1.005634,1.005731,1.0,0.985876
0.988796,0.982906,0.985876,0.997135
0.991501,0.991304,0.997135,0.994253
0.997143,0.991228,0.994253,1.00289
1.0,1.011799,1.00289,0.985591
0.994269,0.997085,0.985591,1.002924
0.991354,0.988304,1.002924,1.017493
1.020349,1.005917,1.017493,1.020057
1.019943,1.023529,1.020057,0.994382
0.994413,1.011494,0.994382,1.014124
1.008427,1.0,1.014124,0.994429
0.997214,0.997159,0.994429,1.019608
1.047486,1.005698,1.019608,0.991758
0.976,1.005666,0.991758,0.99169
0.989071,1.0,0.99169,1.0
0.991713,0.997183,1.0,1.01676
1.02507,1.008475,1.01676,0.986264
0.991848,1.002801,0.986264,0.958217
0.975342,0.958101,0.958217,1.017442
0.988764,1.0,1.017442,1.011429
1.017045,1.017493,1.011429,1.0
0.99162,1.008596,1.0,0.997175
1.005634,1.0,0.997175,1.002833
0.997199,1.0,1.002833,1.008475
1.011236,1.005682,1.008475,0.985994
0.988889,0.983051,0.985994,1.005682
0.997191,1.005747,1.005682,0.997175
1.002817,1.005714,0.997175,0.985836
1.0,0.982955,0.985836,0.988506
0.980337,0.99422,0.988506,0.994186
0.994269,0.988372,0.994186,0.98538
0.991354,0.991176,0.98538,0.985163
0.988372,0.979228,0.985163,0.987952
0.985294,0.978788,0.987952,1.003049
0.991045,1.006192,1.003049,1.00304
0.993976,1.003077,1.00304,0.966667
1.0,0.978528,0.966667,1.012539
0.981818,1.0,1.012539,1.003096
1.006173,1.009404,1.003096,1.0
1.0,1.0,1.0,1.009259
1.006135,1.006211,1.009259,0.996942
0.996951,0.987654,0.996942,0.972393
0.990826,0.98125,0.972393,1.012618
1.009259,0.996815,1.012618,0.981308
0.981651,1.0,0.981308,0.996825
1.0,0.98722,0.996825,0.974522
0.978193,0.983819,0.974522,0.990196
0.980892,0.986842,0.990196,1.016502
1.0,1.003333,1.016502,1.012987
1.016234,1.013289,1.012987,0.990385
0.996805,1.0,0.990385,0.983819
0.983974,0.993443,0.983819,0.996711
0.993485,0.993399,0.996711,1.016502
1.009836,1.006645,1.016502,1.029221
1.032468,1.009901,1.029221,1.0
0.996855,1.022876,1.0,1.0347
1.044164,1.003195,1.0347,0.996951
1.012085,1.019108,0.996951,0.987768
0.98806,1.003125,0.987768,1.0
0.981873,0.993769,1.0,0.996904
0.996923,1.0,0.996904,1.003106
1.0,0.996865,1.003106,1.021672
1.021605,1.015723,1.021672,1.0
1.003021,1.01548,1.0,1.009091
1.003012,1.0,1.009091,0.981982
1.003003,0.990854,0.981982,1.012232
1.0,1.003077,1.012232,1.006042
1.002994,1.015337,1.006042,0.984985
0.99403,0.984894,0.984985,1.006098
1.0,1.003067,1.006098,0.993939
1.0,1.0,0.993939,0.987805
0.993994,0.981651,0.987805,0.950617
0.975831,0.953271,0.950617,0.980519
0.959752,0.98366,0.980519,1.009934
0.987097,1.0,1.009934,0.990164
1.0,1.003322,0.990164,1.006623
0.993464,0.990066,1.006623,1.016447
1.019737,1.010033,1.016447,1.003236
1.006452,1.013245,1.003236,1.0
1.009615,1.006536,1.0,1.009677
1.003175,0.99026,1.009677,0.980831
1.0,1.003279,0.980831,0.980456
0.968354,0.980392,0.980456,1.006645
1.0,0.993333,1.006645,1.039604
1.055556,1.010067,1.039604,1.0
0.987616,1.0299,1.0,0.993651
0.987461,1.0,0.993651,1.00639
1.003175,1.006452,1.00639,0.990476
1.003165,1.0,0.990476,0.996795
0.981073,0.977564,0.996795,0.996785
1.022508,1.016393,0.996785,1.041935
1.022013,0.993548,1.041935,1.037152
1.036923,1.051948,1.037152,1.01194
1.014837,1.018519,1.01194,0.982301
0.997076,1.0,0.982301,0.993994
0.991202,0.993939,0.993994,1.0
1.002959,1.0,1.0,1.009063
1.0,1.003049,1.009063,1.008982
1.0,1.00304,1.008982,1.035608
1.047198,1.021212,1.035608,0.974212
0.991549,1.0,0.974212,1.0
0.971591,0.994065,1.0,1.002941
1.002924,1.002985,1.002941,0.997067
1.002915,1.002976,0.997067,0.985294
0.988372,0.988131,0.985294,0.98806
0.985294,0.987988,0.98806,1.0
0.997015,1.0,1.0,1.018127
1.041916,1.006079,1.018127,1.002967
0.988506,1.006042,1.002967,0.991124
0.988372,1.006006,0.991124,1.0
0.991176,0.98806,1.0,0.985075
0.997033,0.990937,0.985075,0.990909
0.985119,0.981707,0.990909,1.0
0.990937,1.003106,1.0,0.975535
0.990854,0.981424,0.975535,0.984326
0.984615,0.984227,0.984326,0.968153
0.98125,0.974359,0.968153,1.016447
0.987261,1.0,1.016447,1.006472
1.006452,1.009868,1.006472,0.993569
0.996795,0.996743,0.993569,1.003236
1.0,1.006536,1.003236,0.983871
0.996785,0.987013,0.983871,1.009836
1.009677,1.003289,1.009836,0.993506
0.990415,0.996721,0.993506,1.019608
1.012903,1.009868,1.019608,1.003205
1.003185,1.009772,1.003205,1.0
1.009524,1.009677,1.0,0.984026
0.984277,0.977636,0.984026,1.0
0.99361,1.0,1.0,1.0
0.993569,0.996732,1.0,1.0
1.003236,1.003279,1.0,1.012987
1.009677,1.0,1.012987,0.99359
1.003195,1.013072,0.99359,1.009677
1.003185,0.996774,1.009677,1.003195
1.0,1.009709,1.003195,0.996815
0.996825,0.996795,0.996815,1.003195
1.003185,0.996785,1.003195,0.990446
0.996825,1.0,0.990446,0.993569
0.993631,0.996774,0.993569,1.0
1.0,0.993528,1.0,0.987055
0.990385,0.986971,0.987055,1.003279
0.996764,1.0,1.003279,1.0
1.0,1.006601,1.0,1.003268
1.0,1.0,1.003268,1.003257
1.003247,1.0,1.003257,1.0
1.0,1.003279,1.0,0.996753
0.996764,1.0,0.996753,1.009772
1.006494,1.003268,1.009772,1.012903
1.012903,1.009772,1.012903,0.993631
1.0,1.0,0.993631,0.961538
0.968153,0.954839,0.961538,0.97
0.990132,0.97973,0.97,1.006873
0.976744,1.0,1.006873,1.013652
1.013605,1.006897,1.013652,0.993266
1.0,1.010274,0.993266,1.016949
1.013423,0.99661,1.016949,1.01
1.006623,1.010204,1.01,0.9967
1.003289,1.006734,0.9967,1.003311
1.0,1.006689,1.003311,0.9967
0.996721,1.003322,0.9967,1.006623
1.003289,1.0,1.006623,1.006579
1.009836,1.003311,1.006579,1.003268
1.0,1.006601,1.003268,1.003257
1.003247,1.003279,1.003257,0.996753
1.0,0.990196,0.996753,0.977199
0.990291,0.990099,0.977199,1.003333
0.986928,0.996667,1.003333,1.006645
1.009934,1.003344,1.006645,1.013201
1.006557,1.006667,1.013201,1.003257
1.003257,1.006623,1.003257,1.006494
1.029221,1.019737,1.006494,0.990323
0.977918,0.987097,0.990323,1.013029
1.009677,1.0,1.013029,1.0
0.996805,1.009804,1.0,1.003215
1.00641,1.0,1.003215,0.99359
1.0,1.0,0.99359,1.019355
1.022293,1.003236,1.019355,1.006329
0.993769,1.012903,1.006329,1.012579
1.012539,1.012739,1.012579,1.012422
1.012384,1.009434,1.012422,0.990798
0.996942,0.996885,0.990798,1.009288
1.0,1.003125,1.009288,0.984663
1.003067,0.996885,0.984663,1.015576
1.0,1.003125,1.015576,1.006135
1.012232,1.006231,1.006135,1.009146
1.009063,1.009288,1.009146,0.990937
1.002994,1.0,0.990937,1.02439
1.00597,0.996933,1.02439,1.011905
1.029674,1.018462,1.011905,0.994118
0.982709,1.015106,0.994118,1.002959
1.0,0.997024,1.002959,0.99115
1.008798,0.997015,0.99115,1.0
0.985465,1.002994,1.0,1.005952
1.00295,1.0,1.005952,1.008876
1.005882,1.00597,1.008876,1.002933
1.005848,1.005935,1.002933,0.991228
0.994186,0.988201,0.991228,1.0059
1.0,1.00597,1.0059,1.002933
1.011696,0.997033,1.002933,0.97076
0.985549,0.985119,0.97076,0.996988
0.979472,0.996979,0.996988,0.990937
0.997006,0.990909,0.990937,1.012195
1.0,1.003058,1.012195,1.024096
1.027027,1.012195,1.024096,1.005882
1.005848,1.018072,1.005882,1.011696
1.026163,1.011834,1.011696,1.008671
1.011331,1.005848,1.008671,1.0
0.983193,1.002907,1.0,1.005731
1.0,1.005797,1.005731,1.005698
1.008547,1.002882,1.005698,1.0
1.014124,1.005747,1.0,1.025496
1.013928,1.005714,1.025496,1.027624
1.027473,1.025568,1.027624,1.005376
1.07754,1.019391,1.005376,1.09893
1.019851,1.035326,1.09893,1.036496
1.099757,1.091864,1.036496,0.969484
0.949115,0.978365,0.969484,0.98063
0.986014,0.990172,0.98063,1.004938
0.966903,0.990074,1.004938,1.002457
1.0,1.002506,1.002457,1.014706
1.036675,1.01,1.014706,0.987923
0.971698,1.0,0.987923,1.0
1.002427,1.00495,1.0,1.007335
0.997579,0.997537,1.007335,1.012136
1.021845,1.019753,1.012136,1.01199
1.004751,0.997579,1.01199,1.0
1.007092,1.009709,1.0,1.009479
1.002347,1.0,1.009479,1.021127
1.046838,1.019231,1.021127,0.974713
0.970917,0.990566,0.974713,0.974057
0.970046,0.980952,0.974057,0.98063
0.992874,0.970874,0.98063,1.009877
0.980861,1.005,1.009877,0.982885
1.002439,0.997512,0.982885,0.9801
0.982968,0.98005,0.9801,0.964467
0.975248,0.964377,0.964467,1.002632
0.974619,1.0,1.002632,1.0
0.997396,0.984169,1.0,1.031496
1.028721,1.021448,1.031496,1.020356
1.020305,1.026247,1.020356,1.009975
1.00995,1.015345,1.009975,1.022222
1.034483,1.025189,1.022222,1.004831
1.004762,1.004914,1.004831,1.004808
0.992891,1.00489,1.004808,0.997608
1.002387,1.009732,0.997608,0.98801
0.997619,0.978313,0.98801,0.980583
0.990453,0.985222,0.980583,1.014851
0.990361,1.0025,1.014851,0.980488
1.012165,0.992519,0.980488,1.017413
0.985577,0.994975,1.017413,0.99511
1.002439,1.017677,0.99511,1.009828
1.004866,0.995037,1.009828,0.995134
1.002421,1.007481,0.995134,0.997555
0.997585,1.007426,0.997555,1.017157
1.007264,1.0,1.017157,1.00241
1.007212,1.007371,1.00241,1.0
0.995227,1.002439,1.0,1.040865
1.064748,1.036496,1.040865,0.995381
0.97973,0.997653,0.995381,1.027842
1.034483,0.995294,1.027842,1.004515
1.011111,1.028369,1.004515,1.006742
0.991209,1.004598,1.006742,0.984375
1.035477,1.006865,0.984375,1.006803
0.959315,0.997727,1.006803,1.018018
1.029018,1.004556,1.018018,1.013274
0.997831,1.015873,1.013274,0.951965
1.0,0.959821,0.951965,1.011468
0.969565,1.004651,1.011468,0.961451
1.015695,0.974537,0.961451,1.018868
0.95585,0.992874,1.018868,1.053241
1.069284,1.023923,1.053241,0.989011
0.982721,1.042056,0.989011,1.028889
1.026374,1.002242,1.028889,1.017279
1.023555,1.022371,1.017279,0.974522
0.997908,0.993435,0.974522,0.982571
0.966457,0.993392,0.982571,0.993348
0.989154,0.964523,0.993348,0.982143
1.008772,1.002299,0.982143,0.995455
0.984783,0.983945,0.995455,1.011416
0.98234,1.016317,1.011416,1.011287
1.011236,1.011468,1.011287,1.1
1.095556,1.020408,1.1,1.099391
1.099391,1.1,1.099391,1.099631
1.099631,1.087719,1.099631,0.991611
1.073826,0.985663,0.991611,1.005076
0.998437,1.036364,1.005076,0.947811
0.9,0.959649,0.947811,1.015986
1.005245,1.012797,1.015986,0.975524
0.991304,0.99278,0.975524,0.97491
0.991228,0.985455,0.97491,0.946691
0.943363,0.929889,0.946691,1.042718
1.015009,1.005952,1.042718,0.977654
0.992606,1.023669,0.977654,1.028571
1.009311,1.00578,1.028571,0.987037
1.00738,1.0,0.987037,0.904315
0.937729,0.91954,0.904315,1.049793
0.996094,1.014583,1.049793,1.035573
1.052941,1.028747,1.035573,1.007634
0.98324,1.027944,1.007634,0.988636
1.011364,1.005825,0.988636,1.034483
1.029963,0.990347,1.034483,0.990741
1.0,1.019493,0.990741,0.985047
0.970909,0.998088,0.985047,1.009488
0.998127,0.992337,1.009488,0.986842
1.018762,1.007722,0.986842,0.969524
0.955801,0.969349,0.969524,1.011788
0.99422,1.003953,1.011788,0.992233
1.005814,1.003937,0.992233,0.998043
1.025048,0.998039,0.998043,0.972549
0.954887,0.964637,0.972549,0.993952
0.982283,0.991853,0.993952,1.01217
1.004008,1.002053,1.01217,1.004008
1.003992,1.018443,1.004008,1.005988
1.003976,1.002012,1.005988,1.099206
1.09703,1.012048,1.099206,1.01083
1.01444,1.071429,1.01083,0.980357
1.005338,1.007407,0.980357,1.0
0.976991,0.992647,1.0,1.040073
1.061594,1.007407,1.040073,0.987741
0.972696,1.027574,0.987741,1.005319
1.019298,1.008945,1.005319,1.021164
1.025818,0.98227,1.021164,1.008636
0.998322,1.032491,1.008636,0.972603
0.978151,0.984266,0.972603,1.0
0.982818,0.987567,1.0,1.0
0.994755,0.994604,1.0,1.017606
1.031634,1.027125,1.017606,1.00346
1.005111,1.010563,1.00346,1.015517
1.005085,1.003484,1.015517,0.991511
1.006745,1.003472,0.991511,1.017123
1.0,1.00173,1.017123,1.023569
1.030151,1.022453,1.023569,1.019737
1.013008,1.015203,1.019737,0.993548
1.00321,1.009983,0.993548,1.035714
1.04,1.011532,1.035714,1.1
1.08,1.040717,1.1,1.031339
1.081197,1.087637,1.031339,0.983425
0.955204,1.004317,0.983425,0.981742
0.995862,0.992837,0.981742,1.018598
0.99723,1.01443,1.018598,1.051966
1.086111,1.009957,1.051966,0.967957
1.016624,1.019718,0.967957,1.008276
0.927044,0.982044,1.008276,1.004104
0.997286,1.014065,1.004104,1.008174
1.013605,1.005548,1.008174,1.031081
1.04698,1.016552,1.031081,1.003932
0.997436,1.017639,1.003932,0.975196
0.98329,0.958667,0.975196,1.012048
1.0,1.002782,1.012048,1.1
1.087582,1.052705,1.1,1.09976
1.09976,1.083004,1.09976,0.953005
1.017486,1.037713,0.953005,1.034404
0.975295,0.990621,1.034404,1.099778
1.092511,1.053254,1.099778,1.047379
1.056452,1.073034,1.047379,0.974013
1.001908,1.026178,0.974013,1.005929
0.993333,1.020408,1.005929,1.04224
1.025887,0.995,1.04224,0.976437
0.985047,1.017085,0.976437,0.987452
0.982922,0.990119,0.987452,1.032258
1.05888,0.998004,1.032258,1.095644
1.059253,1.002,1.095644,0.989628
1.002582,1.1,0.989628,0.988646
1.0,1.0,0.988646,0.990283
0.982833,0.968468,0.990283,0.919715
0.998253,0.938605,0.919715,0.982541
0.9,0.931615,0.982541,1.078973
1.087255,1.053191,1.078973,1.011894
1.010821,1.085859,1.011894,0.961121
0.999108,0.986047,0.961121,0.960489
0.949107,0.943396,0.960489,1.015671
0.983067,1.011,1.015671,0.962392
0.990431,0.985163,0.962392,0.952906
0.950725,0.952811,0.952906,1.01367
1.012195,1.007376,1.01367,1.042531
1.033133,1.001046,1.042531,0.99602
0.97862,1.029258,0.99602,1.058941
1.0715,1.011168,1.058941,1.008491
1.008341,1.040161,1.008491,1.078578
1.080882,1.013514,1.078578,0.976583
0.982143,1.028571,0.976583,0.9
1.008658,0.937963,0.9,0.953603
0.9,0.901283,0.953603,1.05176
1.011858,1.042716,1.05176,1.059055
1.055664,1.055672,1.059055,1.039033
1.049029,1.057711,1.039033,0.962433
0.985891,0.946378,0.962433,1.039033
1.010733,1.071571,1.039033,1.067979
1.079646,1.037106,1.067979,0.963987
0.998361,1.013417,0.963987,0.989574
0.958949,0.971756,0.989574,1.045654
1.035103,1.02634,1.045654,1.02351
1.048801,1.051327,1.02351,1.006563
0.996845,1.0,1.006563,0.971475
1.012658,0.997475,0.971475,0.97651
0.925,0.926582,0.97651,1.011168
1.054054,1.027322,1.011168,0.9
0.934295,0.93883,0.9,0.982059
0.91681,0.9,0.982059,1.018269
1.01029,1.059811,1.018269,0.983947
1.00463,1.010891,0.983947,0.9
0.926267,0.909892,0.9,0.9
0.963184,0.9,0.9,1.045455
0.919421,0.9,1.045455,0.900458
0.997753,1.046543,0.900458,0.9
0.9,0.9,0.9,0.9
0.9,0.9,0.9,0.901099
0.997147,0.9,0.901099,0.900697
0.9,0.902269,0.900697,0.9
0.9,0.9,0.9,1.1
1.1,0.901075,1.1,1.099609
1.099609,1.1,1.099609,1.099467
1.099467,1.1,1.099467,1.021002
1.088853,1.003448,1.021002,0.900316
0.921365,0.977663,0.900316,1.02109
0.975845,0.924429,1.02109,1.067126
1.036304,1.087452,1.067126,1.004839
1.02707,1.057692,1.004839,1.036918
1.006202,0.996694,1.036918,1.009288
1.032357,1.05141,1.009288,1.047546
1.020896,1.01735,1.047546,0.994143
1.033626,1.024806,0.994143,0.9
0.958982,0.924357,0.9,0.92144
0.9,0.900164,0.92144,1.078153
1.0,1.018182,1.078153,1.008237
1.069079,1.051786,1.008237,1.003268
0.996923,1.016978,1.003268,0.920195
0.941358,0.924875,0.920195,1.065487
0.988525,1.027076,1.065487,0.966777
1.004975,1.010545,0.966777,0.9811
0.960396,0.973913,0.9811,1.036778
1.020619,1.028571,1.036778,1.089527
1.094276,1.032986,1.089527,1.00155
1.04,1.065546,1.00155,1.1
1.051775,0.987382,1.1,1.099859
1.099859,1.1,1.099859,0.97954
1.086957,1.081662,0.97954,1.010444
0.932941,0.966887,1.010444,0.900517
0.970996,0.954795,0.900517,1.020086
0.948052,0.902439,1.020086,0.935302
0.973973,1.052464,0.935302,1.007519
0.988748,0.968278,1.007519,0.9
0.907539,0.940718,0.9,0.900498
0.9,0.900498,0.900498,0.92081
1.021622,0.911602,0.92081,1.032
0.934744,0.939394,1.032,1.098837
1.071698,1.1,1.098837,0.938272
0.994718,1.015444,0.938272,0.917293
0.946903,0.922053,0.917293,0.961066
0.947664,0.940206,0.961066,1.025586
0.982249,1.04386,1.025586,1.068607
1.038153,1.0,1.068607,1.058366
1.06383,1.073529,1.058366,0.954044
0.978182,1.011742,0.954044,1.046243
1.01487,0.996132,1.046243,0.900552
1.016484,0.949515,0.900552,0.90184
0.9,0.9,0.90184,1.095238
1.002066,1.004545,1.095238,0.979296
1.051546,1.049774,0.979296,1.021142
0.964706,1.010776,1.021142,1.037267
1.02439,1.010661,1.037267,1.00998
1.019841,1.050633,1.00998,0.966403
0.98249,0.963855,0.966403,1.03272
1.00198,1.016667,1.03272,0.956436
0.996047,0.973361,0.956436,1.010352
0.970238,0.995789,1.010352,0.985656
0.993865,0.997886,0.985656,0.993763
1.002058,0.985169,0.993763,1.041841
1.043121,1.047312,1.041841,1.014056
0.998031,1.010267,1.014056,1.045545
1.055227,1.026423,1.045545,1.022727
1.018692,1.029703,1.022727,0.983333
1.009174,1.013462,0.983333,1.050847
1.02,0.996205,1.050847,1.012545
1.012478,1.04,1.012545,0.975221
0.994718,0.998168,0.975221,1.010889
0.989381,1.001835,1.010889,0.928187
1.026834,0.932234,0.928187,1.040619
0.940767,1.009823,1.040619,1.070632
1.077778,1.031128,1.070632,1.0
1.008591,1.050943,1.0,1.020833
1.059625,0.965889,1.020833,0.979592
0.96463,1.046468,0.979592,0.980903
0.971667,0.996448,0.980903,0.99469
0.986278,0.982175,0.99469,0.975089
1.010435,0.990926,0.975089,0.99635
0.958692,0.992674,0.99635,1.051282
1.032316,1.009225,1.051282,1.008711
1.01913,1.042048,1.008711,1.022453
1.013652,1.008772,1.022453,1.055743
1.063973,1.001739,1.055743,0.9824
0.993671,1.045139,0.9824,1.009772
1.001592,1.016611,1.009772,0.977419
0.990461,0.978758,0.977419,0.976898
0.975923,0.988314,0.976898,1.015203
0.990132,0.97973,1.015203,1.004992
1.023256,1.034483,1.004992,1.003311
1.030844,1.0,1.003311,1.014851
0.970079,0.995,1.014851,1.039024
1.061688,1.026801,1.039024,1.020344
1.033639,1.035889,1.020344,0.993865
0.961538,1.0,0.993865,1.037037
1.035385,1.014173,1.037037,1.049107
1.084695,1.045031,1.049107,0.92766
0.978082,0.950966,0.92766,1.01682
0.952381,0.978125,1.01682,1.042105
1.058824,1.046326,1.042105,0.988456
0.975,0.996947,0.988456,1.037956
1.031339,1.038285,1.037956,1.028129
1.041436,1.039823,1.028129,1.053352
1.061008,1.034043,1.053352,1.0
0.98375,1.024691,1.0,0.977922
0.986023,0.98929,0.977922,0.965471
0.985825,0.979702,0.965471,0.993122
0.972549,0.970994,0.993122,1.029086
1.0,1.002845,1.029086,1.099596
1.098118,1.058156,1.099596,1.00612
1.01836,1.072386,1.00612,1.019465
1.039663,1.0025,1.019465,0.945107
0.972254,0.985037,0.945107,0.998737
0.94887,0.987342,0.998737,1.003793
1.003759,0.994872,1.003793,0.958438
0.997503,0.969072,0.958438,1.031537
0.982478,1.011968,1.031537,0.991083
1.012739,1.00657,0.991083,0.937018
0.981132,0.949086,0.937018,1.019204
0.955128,0.965612,1.019204,1.049798
1.061745,1.049858,1.049798,0.985897
1.00885,1.017639,0.985897,0.9
0.952381,0.922667,0.9,1.099711
1.001316,0.91474,1.099711,1.022339
1.036794,1.1,1.022339,0.9
0.964512,0.947226,0.9,0.995714
0.96452,0.907143,0.995714,0.9
0.930518,0.987402,0.9,0.931419
0.931186,0.909091,0.931419,0.900685
0.938679,0.922807,0.900685,1.024715
0.917923,0.942966,1.024715,0.93321
0.998175,1.010081,0.93321,1.019881
0.959781,0.988024,1.019881,1.05848
1.045714,1.042424,1.05848,0.992634
1.010929,1.01938,0.992634,0.953618
0.981982,0.971483,0.953618,1.019455
0.968807,0.986301,1.019455,1.009542
1.018939,1.031746,1.009542,0.9
0.973978,0.915385,0.9,0.983193
0.929389,0.909664,0.983193,0.938034
0.963039,1.0,0.938034,1.045558
0.991471,1.006928,1.045558,0.982571
0.993548,1.013761,0.982571,1.04878
1.034632,1.0181,1.04878,1.035941
1.073222,1.051111,1.035941,1.004082
0.964912,1.02537,1.004082,0.98374
1.006061,0.995876,0.98374,0.969008
0.953815,0.908903,0.969008,1.046908
1.037895,1.072893,1.046908,1.016293
1.016227,1.036093,1.016293,1.002004
1.015968,1.018443,1.002004,0.998
0.990177,0.98994,0.998,1.026052
1.027778,1.02439,1.026052,1.052734
1.057915,1.001984,1.052734,1.024119
1.043796,1.043564,1.024119,0.900362
0.949301,0.943074,0.900362,1.032193
0.965009,0.98994,1.032193,0.953216
0.990458,0.95122,0.953216,1.05317
1.001927,1.049145,1.05317,1.075728
1.086538,1.065173,1.075728,0.98917
1.015929,1.040153,0.98917,0.974453
0.984321,0.954044,0.974453,1.005618
0.971681,1.017341,1.005618,0.998138
0.983607,0.952652,0.998138,0.955224
0.966667,1.007952,0.955224,0.972656
0.994253,0.978304,0.972656,0.987952
0.967245,0.979839,0.987952,1.03252
1.023904,1.018519,1.03252,1.0
1.005837,1.016162,1.0,0.98622
0.998066,0.974155,0.98622,1.023952
1.0,1.018367,1.023952,1.05848
1.054264,1.03006,1.05848,1.051565
1.060662,1.044747,1.051565,0.966725
0.97747,1.024209,0.966725,1.016304
0.996454,0.985455,1.016304,0.976827
1.021352,1.001845,0.976827,1.010949
0.970383,0.996317,1.010949,0.972924
1.001795,0.979667,0.972924,0.962894
0.96595,0.975472,0.962894,1.042389
1.009276,1.011605,1.042389,1.016636
1.020221,1.036329,1.016636,0.996364
0.990991,0.987085,0.996364,1.018248
1.027273,1.014953,1.018248,1.003584
1.012389,1.012891,1.003584,0.980357
0.987762,0.996364,0.980357,0.989071
0.969912,0.970803,0.989071,1.036832
1.036496,1.024436,1.036832,0.991119
0.989437,1.007339,0.991119,1.017921
1.017794,1.021858,1.017921,1.005282
1.0,1.005348,1.005282,1.010508
1.034965,1.01773,1.010508,0.980936
0.972973,0.97561,0.980936,1.030035
1.017361,1.008929,1.030035,0.93825
1.0,0.946903,0.93825,0.989031
0.955631,1.0,0.989031,1.0
1.0,1.0,1.0,1.0
1.0,1.0,1.0,1.0
1.0,1.0,1.0,1.0
1.0,1.0,1.0,1.0
1.0,1.0,1.0,1.0
1.0,1.0,1.0,1.0
1.0,1.0,1.0,1.0
1.0,1.0,1.0,1.0
1.0,1.0,1.0,1.0
1.0,1.0,1.0,0.922366
0.9625,0.915888,0.922366,0.967936
0.93321,0.977551,0.967936,0.987578
0.968191,0.991649,0.987578,0.981132
0.967146,0.947368,0.981132,0.991453
1.006369,1.022222,0.991453,1.015086
0.995781,0.997826,1.015086,0.995754
1.004237,1.008715,0.995754,0.968017
0.985232,0.963283,0.968017,1.002203
0.989293,1.011211,1.002203,1.032967
1.032468,0.988914,1.032967,1.002128
0.993711,1.042601,1.002128,0.983015
0.99789,0.989247,0.983015,1.00216
0.991543,0.995652,1.00216,0.99569
0.993603,0.982533,0.99569,1.012987
1.006438,1.015556,1.012987,0.99359
1.002132,1.006565,0.99359,1.073118
1.089362,1.015217,1.073118,0.993988
0.980469,1.049251,0.993988,0.995968
0.988048,1.0,0.995968,1.004049
1.010081,1.004082,1.004049,0.997984
0.996008,0.997967,0.997984,0.989899
0.995992,0.985743,0.989899,0.991837
0.985915,0.997934,0.991837,0.944444
0.981633,0.942029,0.944444,1.0
0.962578,0.995604,1.0,1.030501
1.032397,0.997792,1.030501,0.991543
0.993724,1.026549,0.991543,1.008529
1.008421,1.010776,1.008529,1.010571
1.0,1.0,1.010571,0.98954
1.016701,1.004264,0.98954,1.012685
0.985626,0.997877,1.012685,0.977035
0.985417,0.987234,0.977035,0.985043
0.995772,0.971983,0.985043,1.019523
1.0,1.004435,1.019523,1.010638
1.008493,1.02649,1.010638,1.021053
1.021053,1.021505,1.021053,1.0
1.008247,1.010526,1.0,0.993814
1.002045,1.0,0.993814,1.018672
1.008163,0.991667,1.018672,1.016293
1.012146,1.029412,1.016293,1.008016
1.018,1.012245,1.008016,1.001988
0.998035,1.004032,1.001988,0.982143
0.992126,0.98996,0.982143,1.0
0.996032,1.0,1.0,1.010101
0.998008,0.993915,1.010101,1.012
1.017964,1.016327,1.012,1.009881
1.001961,1.014056,1.009881,0.990215
1.001957,1.0,0.990215,0.996047
0.994141,0.992079,0.996047,0.996032
0.988212,0.992016,0.996032,1.005976
1.013917,1.008048,1.005976,1.00198
1.001961,1.007984,1.00198,0.990119
0.994129,0.988119,0.990119,1.02994
1.051181,0.993988,1.02994,0.996124
0.97191,1.024194,0.996124,0.941634
0.992293,0.94685,0.941634,1.0
0.947573,0.993763,1.0,0.989669
0.997951,1.002092,0.989669,0.989562
0.979466,0.974948,0.989562,1.012658
1.006289,1.008565,1.012658,1.01875
1.027083,1.014862,1.01875,1.014315
1.010142,1.01046,1.014315,1.004032
1.024096,1.016563,1.004032,1.02008
1.003922,1.002037,1.02008,0.998031
1.0,1.022358,0.998031,0.990138
1.0,0.996024,0.990138,0.98008
0.982422,0.982036,0.98008,1.036585
1.013917,1.0,1.036585,1.019608
1.027451,1.034553,1.019608,1.001923
1.0,1.011788,1.001923,1.0
1.015267,0.996117,1.0,1.015355
1.022556,1.011696,1.015355,0.982987
0.977941,0.998073,0.982987,0.994231
0.994361,0.992278,0.994231,1.003868
0.996219,1.001946,1.003868,0.99422
0.990512,0.996117,0.99422,0.99031
0.990421,0.988304,0.99031,1.003914
1.0,1.005917,1.003914,1.015595
1.019342,0.998039,1.015595,1.003839
1.005693,1.015717,1.003839,1.007648
0.996226,1.001934,1.007648,0.969639
1.022727,0.980695,0.969639,1.021526
0.981481,0.998031,1.021526,0.996169
0.990566,1.015779,0.996169,1.005769
0.998095,0.994175,1.005769,1.003824
1.005725,1.015625,1.003824,1.017143
1.018975,1.0,1.017143,0.992509
0.992551,1.011538,0.992509,0.960377
0.992495,0.961977,0.960377,1.013752
0.979206,1.005929,1.013752,1.007752
1.019305,1.003929,1.007752,1.013462
1.007576,1.007828,1.013462,0.994307
0.988722,1.009709,0.994307,1.013359
1.019011,1.007692,1.013359,1.00565
1.016791,1.01145,1.00565,1.001873
0.985321,0.99434,1.001873,1.003738
1.024209,1.005693,1.003738,1.042831
1.045455,1.003774,1.042831,0.975
0.965217,1.016917,0.975,1.001832
0.989189,0.992606,1.001832,0.996344
1.0,1.003724,0.996344,0.968807
0.989071,0.962894,0.968807,1.011364
0.985267,1.009634,1.011364,0.994382
0.998131,1.003817,0.994382,1.007533
1.011236,1.005703,1.007533,1.003738
1.001852,1.003781,1.003738,0.988827
1.0,0.990584,0.988827,1.018832
1.001848,1.003802,1.018832,0.990758
1.009225,1.013258,0.990758,1.0
0.992687,1.0,1.0,0.992537
0.994475,0.986916,0.992537,1.011278
1.0,1.0,1.011278,1.001859
1.003704,1.015152,1.001859,1.012987
1.01107,1.001866,1.012987,0.990842
0.99635,1.001862,0.990842,0.985213
0.990842,0.986989,0.985213,0.984991
0.983364,0.977401,0.984991,1.019048
1.007519,1.011561,1.019048,1.0
1.005597,1.009524,1.0,1.007477
1.005566,1.003774,1.007477,1.005566
1.01476,1.007519,1.005566,0.99262
0.987273,0.996269,0.99262,1.009294
1.001842,1.009363,1.009294,1.005525
1.011029,0.990724,1.005525,1.010989
1.007273,1.022472,1.010989,1.001812
1.001805,1.0,1.001812,1.005425
1.014414,1.007326,1.005425,0.994604
0.991119,0.998182,0.994604,1.007233
1.008961,0.994536,1.007233,1.010772
1.007105,1.007326,1.010772,0.987567
1.014109,1.009091,0.987567,1.017986
0.989565,0.996396,1.017986,1.033569
1.038664,1.025316,1.033569,0.974359
0.986464,0.998236,0.974359,0.991228
0.993139,0.992933,0.991228,0.989381
0.979275,0.980427,0.989381,1.008945
1.001764,1.010889,1.008945,0.978723
0.989437,0.991023,0.978723,0.990942
0.985765,0.985507,0.990942,1.010969
1.00361,1.0,1.010969,0.972875
0.998201,0.985294,0.972875,0.996283
0.976577,0.992537,0.996283,1.005597
1.0,1.009398,1.005597,1.011132
1.009225,1.0,1.011132,0.990826
1.0,1.003724,0.990826,1.0
0.989031,0.992579,1.0,0.940741
0.998152,0.943925,0.940741,1.005906
0.95,0.99604,1.005906,0.994129
1.003899,1.005964,0.994129,1.021654
1.009709,0.998024,1.021654,1.013487
1.015385,1.021782,1.013487,0.988593
0.996212,1.0,0.988593,1.005769
0.998099,1.003876,1.005769,1.017208
1.017143,1.009653,1.017208,0.996241
0.998127,1.007648,0.996241,1.001887
1.005629,0.998102,1.001887,0.996234
0.990672,0.979087,0.996234,1.005671
1.011299,1.025243,1.005671,1.007519
1.009311,1.003788,1.007519,0.990672
0.99262,1.0,0.990672,1.0
1.001859,1.001887,1.0,1.018832
1.009276,1.0,1.018832,1.001848
1.0,1.013183,1.001848,1.009225
1.011029,1.003717,1.009225,0.990859
0.998182,1.001852,0.990859,1.01107
1.0,0.998152,1.01107,0.998175
1.005464,1.007407,0.998175,0.996344
1.003623,0.994485,0.996344,0.981651
0.98917,0.981516,0.981651,0.981308
0.987226,0.984934,0.981308,0.969524
0.97597,0.938815,0.969524,1.003929
0.973485,1.01222,1.003929,1.0
1.001946,1.020121,1.0,0.978474
0.98835,0.980276,0.978474,1.016
1.0,1.0,1.016,1.007874
1.011788,1.016097,1.007874,1.003906
1.0,1.005941,1.003906,0.992218
1.0,0.998031,0.992218,1.005882
1.0,1.005917,1.005882,1.001949
1.0,0.996078,1.001949,1.0
0.998058,0.996063,1.0,1.001946
1.005837,1.011858,1.001946,1.009709
1.007737,0.998047,1.009709,1.005769
1.009597,1.013699,1.005769,1.007648
1.007605,1.007722,1.007648,1.005693
1.001887,1.003831,1.005693,0.990566
1.0,0.996183,0.990566,1.005714
1.001883,1.001916,1.005714,1.043561
1.092105,1.001912,1.043561,0.985481
0.972461,1.024809,0.985481,1.01105
0.975221,1.003724,1.01105,1.0
1.010889,1.011132,1.0,1.010929
1.001795,1.001835,1.010929,0.994595
1.0,1.001832,0.994595,0.998188
0.994624,0.996344,0.998188,0.998185
1.005405,1.00367,0.998185,0.996364
0.989247,0.985375,0.996364,0.994526
0.992754,0.998145,0.994526,0.979817
0.99635,0.986989,0.979817,0.994382
0.978022,0.99435,0.994382,1.011299
1.009363,1.003788,1.011299,1.001862
1.003711,1.009434,1.001862,1.0
1.009242,1.001869,1.0,0.994424
0.987179,0.994403,0.994424,1.009346
1.012987,1.003752,1.009346,1.016667
1.02381,1.020561,1.016667,1.021858
1.005367,1.005495,1.021858,0.996435
1.008897,1.009107,0.996435,1.025045
1.017637,1.009025,1.025045,0.987784
0.998267,1.005367,0.987784,0.991166
0.991319,0.989324,0.991166,1.00713
0.992995,1.003597,1.00713,0.99823
1.012346,0.996416,0.99823,0.989362
0.991289,0.991007,0.989362,1.026882
1.00703,1.005445,1.026882,0.991274
1.020942,1.016245,0.991274,0.985915
0.967521,0.984014,0.985915,1.010714
1.033569,0.99639,1.010714,0.959364
0.97265,0.980072,0.959364,1.005525
0.970123,0.996303,1.005525,1.03663
1.030797,1.016698,1.03663,0.996466
1.0,1.023723,0.996466,1.019504
1.015817,0.998217,1.019504,1.005217
1.012111,1.0125,1.005217,1.00173
0.993162,0.987654,1.00173,1.046632
1.096386,1.019643,1.046632,1.021452
0.981162,1.038529,1.021452,0.954766
0.9824,0.996627,0.954766,0.981387
0.972313,0.967851,0.981387,0.956897
0.969849,0.968531,0.956897,0.971171
0.962003,0.958484,0.971171,1.007421
0.982047,0.998117,1.007421,0.985267
0.998172,1.00566,0.985267,0.936449
0.979853,0.938086,0.936449,1.015968
0.958879,1.002,1.015968,0.994106
0.994152,1.003992,0.994106,1.0
1.0,0.95825,1.0,1.007905
1.003922,1.041494,1.007905,0.988235
0.998047,0.998008,0.988235,0.998016
0.998043,1.0,0.998016,0.984095
0.988235,0.968064,0.984095,0.985859
0.984127,1.002062,0.985859,0.952869
0.97379,0.940329,0.952869,1.008602
0.975155,1.004376,1.008602,0.963753
1.006369,0.982571,0.963753,1.0
0.957806,0.957871,1.0,0.99115
0.995595,1.016204,0.99115,1.026786
1.024336,1.020501,1.026786,1.015217
1.012959,1.006696,1.015217,1.002141
1.017058,1.033259,1.002141,0.995726
0.989518,0.984979,0.995726,0.995708
0.993644,1.006536,0.995708,0.967672
0.995736,0.969697,0.967672,0.96882
0.963597,0.970982,0.96882,1.016092
0.986667,0.977011,1.016092,1.024887
1.024775,1.035294,1.024887,1.0
1.002198,1.022727,1.0,1.011038
1.026316,1.013333,1.011038,0.965066
0.982906,0.958333,0.965066,1.027149
0.993478,1.002288,1.027149,1.011013
1.010941,1.027397,1.011013,1.004357
1.004329,1.013333,1.004357,1.010846
1.010776,1.006579,1.010846,0.993562
1.0,1.006536,0.993562,0.99568
0.987207,0.982684,0.99568,0.976139
0.991361,0.988987,0.976139,1.017778
1.0,1.0,1.017778,1.0
1.004357,1.011136,1.0,1.015284
1.017354,1.0,1.015284,1.008602
1.002132,1.019824,1.008602,1.002132
1.008511,1.008639,1.002132,1.076596
1.086498,1.017131,1.076596,0.980237
0.972816,1.033684,0.980237,0.971774
0.99002,0.97556,0.971774,1.004149
0.983871,0.993737,1.004149,1.033058
1.040984,1.008403,1.033058,1.006
0.994094,1.033333,1.006,0.982107
0.992079,0.989919,0.982107,1.002024
0.992016,1.0,1.002024,1.008081
1.012072,1.0,1.008081,1.014028
1.011928,1.010183,1.014028,0.990119
0.996071,1.006048,0.990119,1.005988
0.998028,1.0,1.005988,1.055556
1.071146,1.016032,1.055556,1.00188
0.994465,1.023669,1.00188,0.977486
0.983302,1.001927,0.977486,0.988484
0.990566,0.984615,0.988484,1.019417
1.001905,0.998047,1.019417,0.986667
0.994297,1.009785,0.986667,1.0
0.994264,0.986434,1.0,0.932432
0.998077,0.941061,0.932432,1.014493
0.949904,1.008351,1.014493,1.002041
1.008114,0.99793,1.002041,1.002037
1.008048,1.012448,1.002037,1.0
0.99002,0.997951,1.0,0.995935
0.997984,1.002053,0.995935,0.985714
0.99798,0.981557,0.985714,1.00207
0.981781,0.993737,1.00207,1.012397
1.012371,1.012605,1.012397,1.0
1.00611,1.012448,1.0,1.010204
1.002024,0.985656,1.010204,1.018182
1.040404,1.02079,1.018182,0.984127
0.98835,1.010183,0.984127,0.997984
0.980354,0.989919,0.997984,0.993939
1.0,0.98778,0.993939,0.997967
0.991984,1.004124,0.997967,0.99389
0.993939,0.995893,0.99389,1.0
0.995935,1.0,1.0,0.987705
1.0,0.987629,0.987705,0.977178
0.981633,0.974948,0.977178,1.021231
1.006237,1.010707,1.021231,0.995842
1.002066,1.008475,0.995842,0.993737
0.991753,0.987395,0.993737,1.012605
1.002079,1.008511,1.012605,1.006224
1.016598,1.006329,1.006224,1.012371
1.004082,1.023061,1.012371,0.98778
0.997967,0.989754,0.98778,1.0
0.99389,0.99793,1.0,1.004124
1.016393,1.008299,1.004124,1.032854
1.018145,0.99177,1.032854,1.0
1.019802,1.037344,1.0,0.996024
0.982524,0.992,0.996024,1.01996
1.05336,1.020161,1.01996,0.994129
0.956848,0.994071,0.994129,1.001969
1.005882,1.005964,1.001969,1.001965
0.998051,0.996047,1.001965,1.003922
1.005859,1.007937,1.003922,0.988281
0.996117,0.994094,0.988281,1.011858
1.009747,1.00396,1.011858,0.990234
0.990347,0.996055,0.990234,1.005917
0.998051,1.00396,1.005917,0.992157
1.001953,0.994083,0.992157,1.0
0.990253,0.994048,1.0,1.003953
1.007874,1.001996,1.003953,1.015748
1.023438,1.011952,1.015748,0.994186
1.001908,1.0,0.994186,1.023392
1.020952,1.007874,1.023392,1.0
0.983209,1.009766,1.0,0.965714
0.998102,0.978723,0.965714,0.996055
0.971483,0.990119,0.996055,0.964356
0.990215,0.968064,0.964356,1.008214
0.978261,0.991753,1.008214,1.00611
1.010101,1.018711,1.00611,0.98583
0.992,0.989796,0.98583,0.985626
0.991935,0.979381,0.985626,1.020833
0.997967,1.016842,1.020833,1.014286
1.014257,1.006211,1.014286,1.002012
1.006024,1.016461,1.002012,0.991968
0.998004,0.993927,0.991968,1.0
0.994,0.997963,1.0,0.979757
0.995976,0.979592,0.979757,1.002066
0.987879,0.997917,1.002066,0.989691
0.993865,0.993737,0.989691,0.970833
0.989712,0.972689,0.970833,1.021459
0.991684,1.006479,1.021459,1.004202
1.004193,1.017167,1.004202,1.002092
1.010438,1.0,1.002092,1.002088
1.0,1.008439,1.002088,0.997917
0.993802,0.983264,0.997917,0.987474
1.0,1.002128,0.987474,0.978858
0.991684,0.976645,0.978858,1.006479
0.979036,1.002174,1.006479,0.995708
1.004283,1.0,0.995708,0.978448
0.991471,0.982646,0.978448,0.986784
0.984946,0.98234,0.986784,1.002232
0.980349,0.986517,1.002232,1.004454
1.004454,1.01139,1.004454,1.004435
1.013304,1.006757,1.004435,1.004415
1.006565,1.011186,1.004415,1.0
0.995652,0.99115,1.0,0.991209
0.99345,1.002232,0.991209,0.995565
1.0,0.991091,0.995565,0.993318
0.991209,0.997753,0.993318,1.0
0.997783,1.0,1.0,0.973094
0.995556,0.972973,0.973094,0.986175
0.96875,0.979167,0.986175,1.007009
1.002304,1.01182,1.007009,0.993039
0.995402,0.995327,0.993039,0.976636
0.993072,0.978873,0.976636,1.007177
0.981395,0.995204,1.007177,0.990499
1.0,1.0,0.990499,1.028777
1.018957,1.00241,1.028777,1.009324
1.011628,1.021635,1.009324,0.993072
1.002299,1.007059,0.993072,1.006977
1.004587,0.997664,1.006977,0.997691
0.990868,1.0,0.997691,0.983796
0.993088,0.990632,0.983796,0.995294
0.988399,0.990544,0.995294,1.002364
1.004695,1.009547,1.002364,1.007075
1.002336,1.0,1.007075,1.004684
1.002331,1.004728,1.004684,0.995338
0.997674,1.002353,0.995338,1.002342
0.997669,0.995305,1.002342,1.0
1.004673,1.0,1.0,0.995327
0.995349,1.0,0.995327,1.0
1.0,0.997642,1.0,1.004695
1.002336,1.002364,1.004695,0.990654
1.0,0.992925,0.990654,1.016509
1.018648,1.0,1.016509,0.990719
0.98627,1.009501,0.990719,0.990632
1.0,0.988235,0.990632,1.002364
0.986079,0.997619,1.002364,0.997642
1.0,1.002387,0.997642,1.002364
1.0,1.002381,1.002364,1.007075
1.007059,1.007126,1.007075,1.023419
1.025701,1.007075,1.023419,1.011442
1.009112,1.014052,1.011442,0.993213
0.995485,1.006928,0.993213,1.031891
1.049887,1.006881,1.031891,1.013245
1.012959,1.013667,1.013245,1.030501
1.017058,1.011236,1.030501,0.980973
0.981132,1.008889,0.980973,0.993534
1.0,0.997797,0.993534,1.019523
1.036325,1.011038,1.019523,0.970213
0.979381,0.9869,0.970213,1.04386
1.004211,1.0,1.04386,0.976891
0.997904,1.015487,0.976891,0.987097
0.976891,0.995643,0.987097,1.002179
1.002151,1.0,1.002179,1.0
0.98927,0.993435,1.0,1.008696
1.013015,1.008811,1.008696,0.99569
0.997859,1.0,0.99569,0.991342
0.995708,0.995633,0.991342,1.010917
1.002155,1.0,1.010917,0.982721
0.995699,0.982456,0.982721,0.995604
0.982721,1.002232,0.995604,0.97351
0.993407,0.971047,0.97351,0.963719
0.980088,0.965596,0.963719,0.976471
0.957111,0.961995,0.976471,1.019277
1.014151,1.004938,1.019277,0.955083
0.972093,0.985258,0.955083,1.002475
0.992823,0.992519,1.002475,1.044444
1.026506,1.012563,1.044444,0.964539
0.981221,1.0,0.964539,1.019608
1.0,1.012407,1.019608,1.002404
1.002392,1.012255,1.002404,1.01199
1.009547,1.002421,1.01199,0.995261
1.01182,1.009662,0.995261,1.009524
0.995327,1.002392,1.009524,1.004717
1.002347,1.004773,1.004717,0.99061
1.0,0.997625,0.99061,1.00237
0.995316,0.995238,1.00237,1.002364
0.997647,1.0,1.002364,0.988208
0.997642,0.997608,0.988208,1.0
0.997636,1.0,1.0,1.019093
1.011848,1.0,1.019093,0.985948
0.997658,1.002398,0.985948,1.007126
1.002347,1.002392,1.007126,1.002358
1.002342,1.00716,1.002358,1.007059
1.002336,1.004739,1.007059,1.004673
1.009324,1.002358,1.004673,0.988372
0.990762,0.997647,0.988372,0.992941
0.990676,0.990566,0.992941,0.99763
0.997647,1.0,0.99763,0.997625
0.995283,0.995238,0.997625,0.997619
0.995261,0.988038,0.997619,1.002387
1.011905,1.012107,1.002387,0.992857
0.990588,0.990431,0.992857,0.94964
0.973872,0.939614,0.94964,1.012626
0.978049,0.994859,1.012626,1.017456
1.024938,1.036176,1.017456,1.0
0.995134,1.004988,1.0,1.019608
1.01956,1.004963,1.019608,0.997596
0.997602,1.017284,0.997596,0.99759
1.012019,1.0,0.99759,0.971014
0.976247,0.970874,0.971014,0.987562
0.985401,0.99,0.987562,0.994962
0.982716,0.989899,0.994962,1.010127
1.005025,1.0,1.010127,1.010025
1.0125,1.012755,1.010025,0.990074
0.992593,1.0,0.990074,0.994987
0.997512,0.994962,0.994987,0.982368
0.992519,0.982278,0.982368,0.989744
0.984925,0.994845,0.989744,1.007772
0.994898,0.992228,1.007772,0.997429
1.002564,1.005222,0.997429,0.974227
0.992327,0.976623,0.974227,0.994709
0.974227,0.992021,0.994709,1.023936
1.021164,1.008043,1.023936,0.994805
0.997409,1.010638,0.994805,0.984334
0.997403,0.992105,0.984334,1.023873
1.007812,1.005305,1.023873,1.036269
1.080103,1.021108,1.036269,1.0025
0.964115,1.007752,1.0025,0.987531
0.992556,1.010256,0.987531,1.012626
1.005,1.007614,1.012626,1.007481
1.00995,1.007557,1.007481,0.990099
0.992611,0.995,0.990099,1.005
1.007444,1.002513,1.005,0.995025
0.995074,0.997494,0.995025,0.995
0.99505,1.0,0.995,1.005025
0.995025,0.994975,1.005025,0.99
1.0,0.997475,0.99,0.997475
0.9975,0.997468,0.997475,1.007595
0.997494,0.994924,1.007595,1.01005
1.01005,1.015306,1.01005,1.0
1.002488,1.002513,1.0,0.99005
0.997519,0.994987,0.99005,1.002513
0.997512,1.0,1.002513,0.987469
0.997506,0.987406,0.987469,0.98731
0.99,0.989796,0.98731,0.997429
0.989899,0.997423,0.997429,0.979381
0.987245,0.976744,0.979381,1.010526
0.994832,1.005291,1.010526,1.0
1.007792,1.0,1.0,1.010417
1.012887,1.010526,1.010417,1.007732
0.997455,1.010417,1.007732,0.992327
1.0,0.994845,0.992327,1.002577
1.0,1.002591,1.002577,0.982005
0.992347,0.981912,0.982005,1.005236
0.994859,1.002632,1.005236,1.002604
1.002584,1.0,1.002604,0.994805
1.0,1.0,0.994805,1.0
1.0,1.0,1.0,1.002611
1.007732,0.997375,1.002611,0.911458
0.982097,0.910526,0.911458,1.031429
0.942708,1.0,1.031429,0.972299
1.005525,1.011561,0.972299,1.017094
0.989011,0.962857,1.017094,0.985994
1.005556,1.041543,0.985994,0.997159
0.975138,0.982906,0.997159,0.988604
0.997167,0.991304,0.988604,0.994236
1.005682,1.005848,0.994236,1.028986
1.002825,1.0,1.028986,0.971831
1.011268,1.0,0.971831,1.014493
0.977716,0.994186,1.014493,0.991429
1.0,1.011696,0.991429,0.985591
0.991453,0.988439,0.985591,0.982456
0.991379,0.967836,0.982456,1.014881
0.994203,1.012085,1.014881,1.005865
1.008746,1.014925,1.005865,0.979592
0.991329,0.979412,0.979592,1.026786
1.008746,1.009009,1.026786,0.997101
1.00578,1.017857,0.997101,0.994186
0.991379,0.997076,0.994186,1.008772
1.0,1.0,1.008772,0.997101
1.002899,1.002933,0.997101,0.985465
0.99711,0.98538,0.985465,1.014749
0.997101,1.0,1.014749,1.008721
1.011628,1.008902,1.008721,1.020173
1.025862,1.017647,1.020173,1.011299
1.016807,1.023121,1.011299,1.011173
1.00551,1.00565,1.011173,0.986188
0.991781,0.997191,0.986188,0.985994
0.997238,0.988732,0.985994,1.017045
1.00554,0.997151,1.017045,0.98324
0.986226,1.005714,0.98324,0.994318
0.986034,0.957386,0.994318,0.982857
0.997167,1.014837,0.982857,0.997093
0.988636,0.994152,0.997093,1.020408
1.008621,0.997059,1.020408,0.997143
1.022792,1.020649,0.997143,1.008596
0.986072,0.99711,1.008596,1.002841
1.014124,1.014493,1.002841,0.991501
0.977716,0.982857,0.991501,0.997143
1.002849,1.008721,0.997143,0.982808
0.997159,0.985591,0.982808,1.034985
1.017094,0.979532,1.034985,0.994366
1.019608,1.053731,0.994366,1.002833
0.978022,0.983003,1.002833,1.00565
1.002809,1.011527,1.00565,1.0
1.008403,1.008547,1.0,0.997191
0.997222,0.997175,0.997191,1.0
0.994429,0.994334,1.0,1.019718
1.014006,1.011396,1.019718,0.994475
1.0,1.002817,0.994475,1.002778
1.0,1.002809,1.002778,0.99169
0.997238,0.991597,0.99169,1.039106
1.063712,1.002825,1.039106,0.994624
0.966146,1.014085,0.994624,0.991892
0.997305,1.013889,0.991892,0.980926
0.989189,0.986301,0.980926,1.002778
0.991803,0.991667,1.002778,1.00277
1.0,1.002801,1.00277,0.994475
1.002755,1.005587,0.994475,0.991667
0.991758,0.983333,0.991667,1.011204
1.0,1.0,1.011204,1.0
1.00554,1.011299,1.0,0.99723
0.997245,1.002793,0.99723,0.983333
0.997238,0.986072,0.983333,1.014124
0.99723,1.0,1.014124,1.019499
1.025,1.008475,1.019499,0.994536
1.0,1.016807,0.994536,1.013736
1.00271,1.002755,1.013736,0.98103
0.989189,0.991758,0.98103,1.002762
0.997268,1.0,1.002762,0.991736
0.994521,0.99446,0.991736,1.0
0.997245,1.0,1.0,0.983333
0.98895,0.980501,0.983333,1.00565
0.994413,1.0,1.00565,1.0
1.002809,1.002841,1.0,0.912921
0.983193,0.906516,0.912921,1.003077
0.945869,0.990625,1.003077,0.98773
0.987952,1.012618,0.98773,0.959627
0.987805,0.953271,0.959627,1.019417
0.975309,1.003268,1.019417,0.977778
0.987342,1.003257,0.977778,1.016234
1.00641,0.980519,1.016234,1.041534
1.050955,1.039735,1.041534,0.978528
0.990909,1.009554,0.978528,1.009404
0.993884,0.996845,1.009404,1.009317
1.006154,0.984177,1.009317,1.027692
1.058104,1.051447,1.027692,0.988024
0.965318,1.0,0.988024,1.012121
1.002994,0.993884,1.012121,1.023952
1.053731,1.04,1.023952,1.005848
0.983003,1.002959,1.005848,1.011628
1.005764,1.011799,1.011628,1.014368
1.014327,1.005831,1.014368,1.03966
1.045198,1.02029,1.03966,0.978202
0.989189,1.011364,0.978202,0.997214
0.986339,1.002809,0.997214,1.00838
1.00831,1.0,1.00838,1.01385
1.010989,1.0,1.01385,1.005464
1.016304,1.011204,1.005464,1.076087
1.082888,1.01385,1.076087,0.957071
0.97284,1.027322,0.957071,1.023747
1.025381,1.023936,1.023747,1.012887
0.985149,0.994805,1.012887,0.956743
0.982412,0.979112,0.956743,1.00266
0.976982,0.976,1.00266,1.023873
1.013089,1.032787,1.023873,0.955959
0.994832,0.973545,0.955959,0.99729
0.966234,0.997283,0.99729,1.0
1.008065,1.0,1.0,1.002717
0.992,0.997275,1.002717,0.98916
1.005376,0.994536,0.98916,0.99726
0.981283,0.983516,0.99726,1.024725
1.021798,1.027933,1.024725,1.0
0.994667,0.997283,1.0,0.986595
0.997319,0.99455,0.986595,0.986413
0.991935,0.989041,0.986413,0.997245
0.98916,1.0,0.997245,0.98895
0.991781,0.98615,0.98895,1.005587
0.997238,1.002809,1.005587,1.0
1.01108,1.008403,1.0,1.016667
1.008219,0.997222,1.016667,0.983607
1.0,1.002786,0.983607,1.0
0.986413,0.991667,1.0,1.002778
1.013774,1.0,1.002778,1.00277
0.98913,1.005602,1.00277,1.002762
0.997253,0.994429,1.002762,0.983471
0.997245,0.991597,0.983471,1.0
0.986188,0.99435,1.0,0.977591
0.991597,0.965909,0.977591,1.0
0.991525,1.023529,1.0,0.991404
1.008547,0.985632,0.991404,0.99422
0.980226,0.991254,0.99422,1.005814
1.005764,1.002941,1.005814,1.0
1.005731,1.005865,1.0,1.040462
1.031339,1.0,1.040462,1.008333
1.01105,1.046647,1.008333,1.002755
1.0,1.002786,1.002755,1.0
1.019126,1.002778,1.0,0.997253
0.991957,1.00277,0.997253,1.019284
1.0,1.005525,1.019284,1.0
1.008108,1.002747,1.0,1.0
1.0,1.00274,1.0,1.005405
1.005362,1.005464,1.005405,0.991935
0.997333,0.997283,0.991935,1.00271
0.997326,1.002725,1.00271,1.010811
1.013405,1.005435,1.010811,0.989305
0.994709,0.989189,0.989305,0.994595
0.992021,1.002732,0.994595,1.002717
1.0,1.002725,1.002717,1.00271
1.005362,1.002717,1.00271,0.986486
1.0,0.98103,0.986486,0.991781
0.984,0.966851,0.991781,0.997238
0.98916,1.022857,0.997238,0.975069
0.994521,0.977654,0.975069,1.028409
1.002755,1.002857,1.028409,1.005525
1.008242,1.025641,1.005525,1.016484
1.008174,1.005556,1.016484,1.016216
1.021622,1.016575,1.016216,1.005319
1.010582,1.016304,1.005319,1.005291
1.005236,1.010695,1.005291,1.013158
1.005208,1.0,1.013158,0.987013
1.018135,1.0,0.987013,1.005263
0.982188,1.005291,1.005263,1.0
1.007772,0.994737,1.0,1.013089
0.994859,1.005291,1.013089,1.033592
1.036176,1.023684,1.033592,0.995
1.007481,1.015424,0.995,1.002513
1.0,1.005063,1.002513,1.002506
1.007426,0.997481,1.002506,1.0075
0.992629,1.0,1.0075,1.022333
1.04703,1.020202,1.022333,1.007282
0.981087,1.002475,1.007282,1.014458
1.019277,1.017284,1.014458,1.014252
1.018913,1.021845,1.014252,0.943794
0.990719,0.950119,0.943794,1.034739
0.978923,1.0025,1.034739,1.026379
1.028708,1.044888,1.026379,0.995327
1.011628,1.004773,0.995327,0.976526
0.995402,0.980998,0.976526,1.038462
1.0,1.007264,1.038462,1.018519
1.016166,1.026442,1.018519,0.995455
1.020455,1.014052,0.995455,1.059361
1.060134,0.990762,1.059361,0.987069
0.97479,1.048951,0.987069,0.991266
0.982759,0.988889,0.991266,0.964758
0.986842,0.982022,0.964758,0.958904
0.982222,0.956522,0.958904,1.021429
0.984163,0.988038,1.021429,0.972028
0.981609,1.007264,0.972028,1.043165
1.025761,1.009615,1.043165,1.034483
1.034247,1.038095,1.034483,0.995556
1.019868,1.016055,0.995556,1.020089
0.991342,1.0,1.020089,1.008753
1.00655,1.020316,1.008753,0.986985
1.006508,0.986726,0.986985,1.017582
1.00431,1.015695,1.017582,1.0
1.006438,1.006623,1.0,0.978402
0.993603,0.993421,0.978402,1.015453
1.0,0.997792,1.015453,0.973913
1.002146,0.99115,0.973913,1.015625
0.976445,0.977679,1.015625,1.004396
1.006579,1.027397,1.004396,0.97593
0.993464,0.988889,0.97593,1.006726
0.989035,0.991011,1.006726,0.979955
0.997783,0.986395,0.979955,0.977273
0.98,0.981609,0.977273,1.0
0.981859,0.992974,1.0,0.955814
0.993072,0.966981,0.955814,1.002433
0.962791,0.987805,1.002433,1.004854
1.014493,1.002469,1.004854,1.02657
1.02381,1.012315,1.02657,0.941176
0.972093,0.970803,0.941176,1.0425
1.004785,0.989975,1.0425,0.978417
0.985714,1.017722,0.978417,0.992647
0.995169,1.007463,0.992647,1.024691
1.012136,0.997531,1.024691,0.990361
0.992806,1.007426,0.990361,0.990268
0.995169,0.997543,0.990268,1.017199
1.012136,1.007389,1.017199,1.004831
1.002398,1.012225,1.004831,0.975962
1.004785,0.978261,0.975962,0.990148
0.97381,0.97037,0.990148,1.0199
1.00978,1.017812,1.0199,0.987805
0.995157,1.005,0.987805,0.985185
0.982968,0.987562,0.985185,0.994987
1.0,0.997481,0.994987,1.012594
1.0,0.994949,1.012594,1.002488
1.007426,1.015228,1.002488,1.007444
1.017199,1.01,1.007444,0.995074
0.980676,0.982673,0.995074,0.997525
1.002463,1.012594,0.997525,0.987593
0.997543,0.99005,0.987593,0.98995
0.982759,0.982412,0.98995,0.997462
0.997494,1.002558,0.997462,0.987277
0.994975,0.989796,0.987277,1.005155
0.994949,1.0,1.005155,1.028205
1.020305,1.007732,1.028205,1.0
1.0,1.015345,1.0,1.0
1.0,1.0,1.0,0.990025
1.007463,0.997481,0.990025,1.010076
0.990123,1.002525,1.010076,1.007481
1.012469,1.002519,1.007481,1.014851
1.012315,1.022613,1.014851,1.017073
1.021898,1.002457,1.017073,0.959233
0.959524,0.973039,0.959233,0.9975
0.997519,1.0,0.9975,0.992481
0.995025,0.982368,0.992481,0.997475
0.995,1.007692,0.997475,1.002532
1.002513,1.002545,1.002532,0.992424
0.989975,0.98731,0.992424,1.015267
1.012658,1.015424,1.015267,0.994987
1.0,1.0,0.994987,1.002519
1.0,1.0,1.002519,1.007538
1.015,1.007595,1.007538,0.992519
0.987685,0.992462,0.992519,0.977387
0.995012,0.979747,0.977387,1.010283
0.989975,0.994832,1.010283,1.0
1.0,1.012987,1.0,0.987277
1.002532,0.994872,0.987277,1.010309
0.994949,0.997423,1.010309,1.010204
1.007614,1.007752,1.010204,0.997475
1.0,1.007692,0.997475,1.005063
1.0,1.0,1.005063,0.982368
1.0,0.992366,0.982368,1.023077
1.040302,1.0,1.023077,0.982456
0.970944,0.994872,0.982456,1.0
0.98005,0.997423,1.0,0.994898
1.002545,1.005168,0.994898,0.994872
0.992386,0.994859,0.994872,0.997423
0.994885,0.997416,0.997423,0.997416
0.997429,0.997409,0.997416,1.005181
1.005155,0.997403,1.005181,0.989691
0.994872,0.997396,0.989691,0.994792
0.989691,0.997389,0.994792,0.968586
0.989583,0.960733,0.968586,0.986486
0.981579,0.99455,0.986486,0.972603
0.983914,0.945205,0.972603,0.991549
0.972752,1.017391,0.991549,1.002841
0.997199,1.002849,1.002841,0.988669
1.002809,0.974432,0.988669,1.028653
1.033613,1.011662,1.028653,0.980501
0.97832,1.014409,0.980501,1.019886
1.00831,1.005682,1.019886,0.997214
0.994505,0.988701,0.997214,1.01676
1.038674,1.02,1.01676,1.019231
0.989362,1.016807,1.019231,0.997305
1.005376,1.013774,0.997305,0.986486
0.989305,0.98913,0.986486,1.005479
0.994595,0.997253,1.005479,1.008174
1.032609,1.0,1.008174,0.962162
0.947368,0.975207,0.962162,1.011236
1.005556,1.011299,1.011236,1.0
0.994475,1.0,1.0,0.994444
1.002778,0.997207,0.994444,0.977654
0.99723,0.977591,0.977654,1.014286
0.988889,1.0,1.014286,0.997183
0.997191,1.008596,0.997183,1.016949
1.014085,1.0,1.016949,1.002778
1.019444,1.019886,1.002778,0.99446
0.989101,0.991643,0.99446,1.013928
1.00551,1.008427,1.013928,0.997253
0.99726,1.002786,0.997253,0.99449
1.002747,1.002778,0.99449,1.01108
1.00274,1.00277,1.01108,1.0
1.005464,1.005525,1.0,0.978082
0.994565,0.964286,0.978082,0.988796
0.97541,1.0,0.988796,1.008499
1.005602,0.997151,1.008499,0.997191
0.994429,1.008571,0.997191,0.988732
0.994398,0.988669,0.988732,0.997151
0.997183,1.002865,0.997151,0.985714
0.991525,0.982857,0.985714,0.985507
0.988604,0.985465,0.985507,1.005882
0.991354,1.0,1.005882,1.002924
1.0,1.00885,1.002924,1.002915
1.008721,1.0,1.002915,1.011628
1.002882,0.997076,1.011628,1.014368
1.017241,1.014663,1.014368,1.0
1.008475,1.011561,1.0,1.005666
1.002801,1.011429,1.005666,0.997183
1.0,0.997175,0.997183,0.997175
0.997207,1.0,0.997175,1.002833
0.994398,0.994334,1.002833,0.974576
1.002817,0.982906,0.974576,0.994203
0.969101,0.985507,0.994203,1.005831
1.002899,1.0,1.005831,0.988406
1.0,0.997059,0.988406,1.014663
1.011561,0.99705,1.014663,1.00578
0.997143,1.011834,1.00578,1.014368
1.022923,1.01462,1.014368,0.994334
0.997199,1.005764,0.994334,0.977208
0.997191,0.979943,0.977208,0.988338
0.966197,0.979532,0.988338,1.0059
1.0,1.0,1.0059,1.002933
1.002915,1.014925,1.002933,0.997076
1.023256,1.0,0.997076,0.991202
0.974432,0.988235,0.991202,1.0
0.991254,1.0,1.0,1.002959
1.008824,1.005952,1.002959,0.979351
0.988338,0.97929,0.979351,1.021084
1.014749,0.996979,1.021084,0.99115
0.988372,1.012121,0.99115,0.997024
0.991176,1.0,0.997024,0.997015
1.0,0.994012,0.997015,0.994012
0.994065,0.993976,0.994012,1.012048
1.008955,1.00303,1.012048,0.997024
1.0,1.003021,0.997024,0.997015
0.991124,0.996988,0.997015,1.0
1.00597,1.003021,1.0,1.011976
1.011869,1.003012,1.011976,0.994083
1.002933,1.006006,0.994083,1.0
0.98538,0.997015,1.0,0.997024
0.997033,0.997006,0.997024,1.0
1.002976,1.0,1.0,1.00597
1.002967,1.0,1.00597,1.011869
1.008876,1.006006,1.011869,1.008798
1.017595,1.008955,1.008798,1.0
1.0,1.005917,1.0,0.994186
0.991354,0.997059,0.994186,0.997076
1.0,1.0,0.997076,1.0
0.994186,1.0,1.0,1.002933
1.005848,1.0059,1.002933,0.997076
0.997093,0.994135,0.997076,1.020528
1.017493,1.00885,1.020528,1.028736
1.074499,1.005848,1.028736,1.002793
0.981333,1.023256,1.002793,0.991643
0.980978,1.008523,0.991643,1.005618
0.99446,1.0,1.005618,0.994413
0.997214,1.0,0.994413,0.977528
0.994413,0.980282,0.977528,1.011494
0.988764,0.991379,1.011494,0.991477
1.002841,1.008696,0.991477,1.014327
1.002833,1.005747,1.014327,0.991525
1.002825,1.002857,0.991525,1.011396
1.0,0.982906,1.011396,1.042254
