1.00252,0.996099,1.005112,0.985378
0.996229,1.010444,0.985378,0.96129
0.976656,0.956072,0.96129,0.995302
0.967054,0.982432,0.995302,1.033041
1.08684,1.04608,1.033041,1.0
0.944683,0.971729,1.0,0.971932
0.990241,1.005413,0.971932,1.028207
1.013798,0.997981,1.028207,1.010451
1.012314,1.028321,1.010451,0.989657
0.985915,0.991475,0.989657,1.029393
1.038961,1.022487,1.029393,0.989213
1.00625,1.0,0.989213,1.023092
0.996273,0.996119,1.023092,0.960502
0.986908,0.969481,0.960502,0.964099
0.967151,0.985265,0.964099,0.957346
0.974526,0.952413,0.957346,0.98727
0.957105,0.983583,0.98727,1.015759
0.993697,1.008708,1.015759,1.012694
1.024665,1.007194,1.012694,1.000696
1.003439,0.99,1.000696,0.983994
0.996573,1.012266,0.983994,1.045969
1.02751,0.994298,1.045969,0.993915
0.997323,1.044444,0.993915,1.0
0.994631,0.975978,1.0,1.012245
1.010796,1.021097,1.012245,1.008065
1.013351,1.013774,1.008065,1.001333
1.003953,1.01087,1.001333,0.988016
0.990814,0.991935,0.988016,1.020216
1.021854,1.003388,1.020216,1.001982
1.029164,1.023633,1.001982,0.985498
0.948992,0.953826,0.985498,1.004682
0.998673,1.016598,1.004682,1.013316
1.013289,1.020408,1.013316,1.015112
1.025574,1.004667,1.015112,1.010356
1.003836,1.020571,1.010356,0.980141
1.006369,0.990247,0.980141,1.005229
0.975949,0.99803,1.005229,0.96749
1.001946,0.976974,0.96749,1.016129
0.999353,1.008754,1.016129,0.998016
0.983808,0.99466,0.998016,1.004639
1.005925,1.008054,1.004639,0.98219
1.003927,0.98735,0.98219,0.991941
0.973924,0.979771,0.991941,0.976303
0.991299,0.989677,0.976303,1.001387
0.982444,0.993046,1.001387,1.012465
1.00756,1.011204,1.012465,1.012996
1.010914,1.01108,1.012996,0.999325
1.018893,1.012329,0.999325,1.003378
0.984768,0.995264,1.003378,1.0
1.014795,1.004759,1.0,0.979798
0.987409,0.982409,0.979798,1.010309
0.996644,1.0,1.010309,1.00068
1.005387,0.991736,1.00068,1.00136
0.993302,1.006944,1.00136,1.017651
1.031018,1.029655,1.017651,0.997332
0.984303,0.995311,0.997332,0.995987
1.003987,0.998654,0.995987,1.010745
0.996691,1.003369,1.010745,1.000664
1.003984,1.002015,1.000664,0.996016
0.996693,0.99933,0.996016,0.992667
1.003318,0.993293,0.992667,0.996642
0.991402,0.997974,0.996642,1.015499
1.006004,1.00203,1.015499,1.020571
1.024536,1.018231,1.020571,1.042263
1.047896,1.024536,1.042263,0.995633
0.998147,1.01877,0.995633,0.997494
1.002475,1.003812,0.997494,0.960427
0.975309,0.949367,0.960427,0.963375
0.96962,0.976667,0.963375,1.000679
0.975849,0.982935,1.000679,1.028494
1.021405,1.01875,1.028494,0.974274
0.990177,1.004772,0.974274,0.983751
0.992063,0.981004,0.983751,1.008259
0.988,1.002766,1.008259,0.963823
0.988529,0.95931,0.963823,1.004958
0.978157,0.997124,1.004958,0.968288
1.004885,0.987743,0.968288,1.014556
0.970833,0.992701,1.014556,1.002869
1.008584,1.005882,1.002869,1.019313
1.012057,1.00731,1.019313,0.958596
0.992292,0.989115,0.958596,0.949488
0.961864,0.95011,0.949488,1.016191
0.979442,0.994595,1.016191,0.979514
1.016492,1.001553,0.979514,1.01007
0.970501,0.984496,1.01007,1.016104
1.009119,1.017323,1.016104,0.998491
1.005271,1.013932,0.998491,0.920635
0.982022,0.929008,0.920635,1.025452
0.957285,0.995892,1.025452,0.995997
1.003984,1.013201,0.995997,0.997588
1.003175,1.001629,0.997588,1.0
1.0,1.0,1.0,1.058824
1.049842,1.034146,1.058824,0.981735
0.987943,1.004717,0.981735,1.000775
0.993898,1.00313,1.000775,1.013943
1.005372,0.99454,1.013943,0.999236
1.019084,1.018824,0.999236,0.966361
0.97603,0.970747,0.966361,0.978639
0.966999,0.968279,0.978639,1.016168
1.0,1.005733,1.016168,0.991249
1.010317,1.012215,0.991249,1.010433
0.996858,0.99115,1.010433,0.986497
0.983452,0.988636,0.986497,1.020129
1.032051,1.027094,1.020129,1.025257
1.009317,1.015188,1.025257,1.053118
1.067692,1.009449,1.053118,1.015351
1.001441,1.060842,1.015351,0.971202
1.006475,0.990441,0.971202,0.971831
0.972838,0.967335,0.971831,1.051106
1.019838,1.027629,1.051106,0.999274
0.997118,1.007468,0.999274,0.985476
0.996387,0.993328,0.985476,1.006632
0.994924,1.007463,1.006632,0.99634
1.003644,0.998519,0.99634,0.97061
0.990559,0.974777,0.97061,0.943982
0.980938,0.947489,0.943982,0.999198
0.95441,0.991165,0.999198,0.980738
0.985121,0.986224,0.980738,0.99509
0.977742,0.962202,0.99509,0.995888
0.995122,1.013664,0.995888,1.02725
1.017157,1.008425,1.02725,1.012058
1.016867,1.040936,1.012058,1.008737
1.011058,1.005618,1.008737,1.035433
1.029687,1.017558,1.035433,1.002281
1.007587,1.023529,1.002281,0.9
0.9,0.9,0.9,0.991294
1.00123,1.0,0.991294,0.968632
0.987715,0.969811,0.968632,0.998705
0.96393,0.970169,0.998705,1.023346
1.020645,1.009358,1.023346,1.026616
1.02402,1.043709,1.026616,0.991358
1.003704,1.011421,0.991358,1.008717
0.99631,0.997491,1.008717,0.997531
1.004938,1.007547,0.997531,1.012376
1.012285,1.003745,1.012376,0.992665
0.997573,1.008706,0.992665,1.028325
1.017032,0.997534,1.028325,1.031138
1.051435,1.018541,1.031138,0.986063
0.972696,1.01699,0.986063,1.008245
1.005848,1.00358,1.008245,0.998832
1.02907,1.011891,0.998832,1.002339
0.975141,0.977673,1.002339,1.002334
0.998841,1.020433,1.002334,1.010477
1.008121,0.996466,1.010477,1.006912
1.006904,1.020095,1.006912,0.948513
1.003429,0.959444,0.948513,1.006031
0.960137,0.997585,1.006031,0.97482
0.99051,0.978208,0.97482,1.01599
0.989222,0.992574,1.01599,1.016949
1.020581,1.021197,1.016949,1.010714
1.016607,1.021978,1.010714,1.001178
1.004667,1.009558,1.001178,0.995294
0.993031,0.991716,0.995294,0.969267
0.984795,0.973747,0.969267,0.99878
0.980998,0.998775,0.99878,1.006105
1.002421,0.993865,1.006105,0.987864
1.009662,1.0,0.987864,1.003686
0.983254,1.0,1.003686,0.997552
0.995134,0.996296,0.997552,1.013497
1.012225,1.004957,1.013497,1.014528
1.014493,1.002466,1.014528,0.972554
0.99881,0.99508,0.972554,1.029448
1.008343,1.007417,1.029448,0.988081
0.990544,1.003681,0.988081,1.024125
1.0179,1.011002,1.024125,0.995289
0.996483,1.009674,0.995289,0.988166
0.989412,0.991617,0.988166,0.976048
0.997622,0.983092,0.976048,1.0
0.982122,0.990172,1.0,1.030675
1.033981,1.022333,1.030675,0.984524
0.991784,0.993932,0.984524,0.98549
0.982249,0.991453,0.98549,0.992638
1.00241,0.988916,0.992638,0.995056
0.980769,0.997509,0.995056,0.976398
0.996324,0.977528,0.976398,1.0
0.97663,0.997446,1.0,1.010178
1.001259,1.00128,1.010178,0.971033
0.996226,0.982097,0.971033,0.989624
0.97601,0.990885,0.989624,1.018349
1.005175,1.0,1.018349,1.019305
1.028314,1.021025,1.019305,1.02904
1.030038,1.019305,1.02904,0.995092
0.990279,1.015152,0.995092,1.01603
1.01227,1.007463,1.01603,0.985437
1.019394,1.0,0.985437,1.033251
1.009512,0.991358,1.033251,1.01907
1.023557,1.023661,1.01907,1.00117
0.987342,1.023114,1.00117,0.992991
1.009324,0.984542,0.992991,0.996471
1.008083,1.016908,0.996471,0.985832
0.97709,0.988124,0.985832,1.019162
1.002345,1.002404,1.019162,1.099882
1.094737,1.017986,1.099882,0.979701
1.025641,1.077739,0.979701,0.971647
0.944792,0.965027,0.971647,0.982043
0.981257,0.979615,0.982043,1.012571
1.001124,1.011561,1.012571,0.978555
0.994388,0.985143,0.978555,0.99308
0.996614,0.99536,0.99308,1.020906
1.001133,1.005828,1.020906,1.018203
1.015837,1.012746,1.018203,1.013408
1.013363,1.018307,1.013408,1.015436
1.025275,1.003371,1.015436,0.97937
0.989282,1.006719,0.97937,0.978936
0.983749,0.978865,0.978936,0.92299
0.976872,0.914773,0.92299,1.02454
0.951522,1.0,1.02454,0.966467
0.991706,0.996273,0.966467,0.978934
0.972521,0.978803,0.978934,1.0
1.0,1.0,1.0,1.021519
0.992629,1.0,1.021519,1.008674
1.018564,1.014013,1.008674,0.964373
0.985419,0.973618,0.964373,1.024204
0.993835,1.002581,1.024204,1.012438
1.011166,1.032175,1.012438,0.976658
0.995092,0.986284,0.976658,1.010063
0.995068,0.994943,1.010063,0.968867
1.002478,0.973316,0.968867,1.006427
0.970334,1.011749,1.006427,1.0
1.012739,1.007742,1.0,0.994891
0.991195,0.985915,0.994891,1.001284
0.993655,1.003896,1.001284,1.0
0.998723,0.989651,1.0,1.003846
1.007673,1.013072,1.003846,1.029374
1.048223,1.020645,1.029374,1.002481
0.98063,0.998736,1.002481,1.008663
1.007407,1.018987,1.008663,1.019632
1.039216,1.024845,1.019632,0.981949
0.982311,0.984242,0.981949,1.001225
0.984394,0.992611,1.001225,1.001224
1.002439,1.004963,1.001224,0.981663
1.006083,0.975309,0.981663,1.012453
0.989117,1.002532,1.012453,1.01353
1.020782,1.025253,1.01353,0.974515
0.983234,0.982759,0.974515,0.992528
0.985384,0.993734,0.992528,0.974906
0.996292,0.973518,0.974906,0.970399
0.976427,0.974093,0.970399,1.0
1.0,1.0,1.0,1.007958
0.974587,1.003989,1.007958,1.025
1.015645,1.007947,1.025,1.020539
1.030809,1.024967,1.020539,1.002516
0.992528,1.007692,1.002516,1.016311
1.022585,1.010178,1.016311,0.981481
0.995092,0.988665,0.981481,1.0
1.003699,1.005096,1.0,0.996226
0.974201,0.977186,0.996226,0.992424
1.001261,1.009079,0.992424,0.987277
0.996222,0.996144,0.987277,0.988402
0.981037,0.981935,0.988402,0.973924
0.987113,0.980289,0.973924,1.005355
0.990862,0.993298,1.005355,1.010652
1.0,1.005398,1.010652,0.963109
1.0,0.979866,0.963109,1.005472
0.97892,0.99726,1.005472,0.985034
0.993271,0.993132,0.985034,0.997238
0.998645,0.991701,0.997238,1.00831
0.989145,1.006974,1.00831,1.013736
1.019204,0.998615,1.013736,1.014905
1.028264,1.036061,1.014905,1.013351
0.997382,0.990629,1.013351,1.002635
1.001312,1.018919,1.002635,0.992116
1.0,0.996021,0.992116,1.015894
1.006553,1.0,1.015894,1.003911
1.007812,1.014647,1.003911,1.022078
1.021964,1.011811,1.022078,1.002541
1.015171,1.01297,1.002541,1.006337
0.991283,1.002561,1.006337,1.005038
1.003769,0.998723,1.005038,1.010025
1.01627,1.001279,1.010025,1.019851
1.01601,1.019157,1.019851,0.961071
1.002424,0.987469,0.961071,1.006329
0.968561,0.996193,1.006329,1.028931
1.022472,1.007643,1.028931,0.991443
0.997558,1.015171,0.991443,1.023428
1.02448,1.009963,1.023428,0.991566
0.995221,1.007398,0.991566,0.989064
0.989196,0.982864,0.989064,1.002457
1.007282,1.004981,1.002457,1.004902
0.990361,1.001239,1.004902,1.020732
1.029197,1.016089,1.020732,1.008363
1.001182,1.004872,1.008363,0.998815
1.007084,1.015758,0.998815,0.995255
1.0,0.990453,0.995255,1.036949
1.051583,1.004819,1.036949,0.996552
0.989967,1.029976,0.996552,1.002307
1.001126,0.975553,1.002307,1.006904
0.991001,1.026253,1.006904,0.954286
0.987514,0.967442,0.954286,0.992814
0.973563,0.992788,0.992814,0.997587
0.994097,0.997579,0.997587,1.0
0.991686,0.995146,1.0,1.012092
1.008383,1.004878,1.012092,0.982079
1.0,0.995146,0.982079,1.012165
0.989311,1.0,1.012165,1.002404
1.014406,1.013415,1.002404,0.995204
0.995266,0.993983,0.995204,0.979518
0.991677,0.98184,0.979518,1.03444
1.028777,0.998767,1.03444,1.002378
0.984848,1.02716,1.002378,1.002372
1.004734,1.0,1.002372,1.009467
1.010601,1.009615,1.009467,0.996483
0.997669,1.007143,0.996483,0.978824
0.996495,0.98227,0.978824,1.028846
1.028136,1.016847,1.028846,1.017523
0.995439,1.005917,1.017523,1.008037
1.02291,1.014118,1.008037,0.996583
0.991041,0.99884,0.996583,1.004571
0.99887,1.002323,1.004571,0.973834
0.987557,0.99073,0.973834,1.004673
0.990836,0.997661,1.004673,1.019767
1.027746,1.014068,1.019767,1.010262
1.00225,1.009249,1.010262,0.967269
0.998878,0.980527,0.967269,0.982497
0.97191,0.976636,0.982497,0.997625
0.987283,0.990431,0.997625,0.989286
1.001171,1.002415,0.989286,1.021661
0.992982,0.998795,1.021661,1.022379
1.023557,1.021713,1.022379,0.967742
0.997699,0.985832,0.967742,1.011905
0.988466,1.001198,1.011905,1.001176
0.997666,1.003589,1.001176,1.014101
1.015205,1.010727,1.014101,1.012746
1.008065,1.007075,1.012746,0.998856
1.006857,1.009368,0.998856,0.996564
1.00454,0.9942,0.996564,1.065517
1.058757,1.009335,1.065517,0.989213
0.995731,1.054335,0.989213,0.989095
1.001072,0.986842,0.989095,1.001103
0.978587,0.986667,1.001103,0.977974
0.998906,0.996622,0.977974,1.0
1.0,1.0,1.0,0.942568
0.969332,0.941243,0.942568,0.995221
0.945763,0.983193,0.995221,0.981993
1.004779,0.998779,0.981993,0.988998
0.98692,0.987775,0.988998,0.965389
0.980723,0.965347,0.965389,0.994878
0.970516,0.991026,0.994878,1.027027
1.010127,1.006468,1.027027,1.003759
1.008772,1.01928,1.003759,0.973783
0.985093,0.967213,0.973783,1.012821
1.001261,1.014342,1.012821,1.005063
1.003778,1.006427,1.005063,1.003778
1.001255,0.998723,1.003778,0.976161
1.008772,0.994885,0.976161,1.008997
0.975155,0.991003,1.008997,1.0
1.0,1.0,1.0,1.020382
1.02293,1.014267,1.020382,0.988764
1.001245,1.011509,0.988764,0.974747
0.981343,0.974716,0.974747,0.98057
0.984791,0.977951,0.98057,0.990753
0.976834,0.982759,0.990753,1.014667
1.003953,1.013495,1.014667,0.992116
1.002625,1.001332,0.992116,1.018543
1.010471,0.988032,1.018543,1.022107
1.029793,1.02961,1.022107,1.01145
1.010063,1.033987,1.01145,1.008805
1.003736,1.0,1.008805,0.988778
0.997519,1.001264,0.988778,1.015132
1.002488,1.002525,1.015132,0.9
0.9,0.9,0.9,1.019576
1.011309,1.001637,1.019576,0.9952
1.003195,1.009804,0.9952,0.993569
0.987261,0.990291,0.993569,0.998382
1.003226,1.003268,0.998382,0.995138
0.995177,0.996743,0.995138,1.003257
0.996769,0.993464,1.003257,0.98539
0.993517,0.996711,0.98539,1.0
1.0,1.0,1.0,1.014827
1.011419,1.009901,1.014827,1.00974
1.009677,1.0,1.00974,0.988746
0.995208,0.995098,0.988746,0.998374
0.988764,0.998358,0.998374,0.996743
1.001623,1.0,0.996743,0.986928
0.995138,0.991776,0.986928,0.996689
0.991857,0.995025,0.996689,0.960133
0.986864,0.958333,0.960133,1.00692
0.97005,0.996522,1.00692,1.008591
1.008576,1.005236,1.008591,0.989779
0.989796,1.001736,0.989779,0.991394
1.0,0.993068,0.991394,0.998264
0.994845,0.99651,0.998264,0.996522
0.996546,0.984238,0.996522,0.991274
0.991334,1.0,0.991274,1.005282
1.005245,1.010676,1.005282,0.971979
0.973913,0.96831,0.971979,0.92973
0.983929,0.92,0.92973,0.998062
0.938294,0.970356,0.998062,1.013592
1.034816,1.059063,1.013592,1.011494
0.988785,0.971154,1.011494,1.00947
1.015123,1.049505,1.00947,1.013133
1.007449,1.003774,1.013133,0.985185
1.0,0.99812,0.985185,1.0
0.992606,0.998117,1.0,0.973684
0.994413,0.975472,0.973684,0.994208
0.966292,0.974855,0.994208,0.998058
1.011628,1.017857,0.998058,1.013619
0.998084,1.003899,1.013619,0.996161
1.013436,1.003883,0.996161,1.025048
1.007576,1.003868,1.025048,1.009398
1.011278,1.021195,1.009398,0.988827
0.994424,0.996226,0.988827,1.00565
1.020561,1.005682,1.00565,0.990637
0.978022,0.979284,0.990637,0.992439
0.998127,1.003846,0.992439,0.984762
0.986867,0.98659,0.984762,0.988395
0.979087,0.986408,0.988395,0.996086
0.992233,0.996063,0.996086,1.017682
1.015656,1.005929,1.017682,0.986486
1.001927,1.001965,0.986486,1.003914
0.994231,0.998039,1.003914,0.982456
0.98646,0.988212,0.982456,1.019841
1.009804,1.0,1.019841,0.992218
1.001942,1.011928,0.992218,0.998039
0.998062,0.998035,0.998039,0.982318
0.98835,0.982283,0.982318,1.0
0.988212,0.991984,1.0,1.028
1.025845,1.006061,1.028,0.98249
1.005814,1.012048,0.98249,1.00198
0.976879,0.986111,1.00198,0.982213
1.003945,1.0,0.982213,1.012072
0.990177,1.002012,1.012072,0.986083
1.005952,0.993976,0.986083,0.979839
0.980276,0.979798,0.979839,1.0
0.985915,0.991753,1.0,0.997942
1.006122,1.006237,0.997942,0.997938
1.014199,0.991736,0.997938,1.035124
1.002,1.0,1.035124,1.003992
1.007984,1.035417,1.003992,0.992048
0.99604,0.991952,0.992048,1.0
1.001988,1.008114,1.0,0.96994
0.986111,0.971831,0.96994,1.002066
0.981891,0.995859,1.002066,0.96701
0.987705,0.972973,0.96701,0.985075
0.979253,0.982906,0.985075,1.017316
0.997881,0.991304,1.017316,1.023404
1.025478,1.02193,1.023404,1.008316
1.016563,1.019313,1.008316,0.995876
0.995927,1.012632,0.995876,1.031056
1.018405,1.014553,1.031056,0.981928
0.993976,0.993852,0.981928,1.018405
1.006061,0.993814,1.018405,1.01004
1.016064,1.006224,1.01004,0.996024
1.003953,1.030928,0.996024,1.005988
1.003937,0.998,1.005988,1.0
1.001961,1.004008,1.0,0.982143
0.988258,0.984032,0.982143,1.00202
0.990099,0.98783,1.00202,0.97379
0.984,0.991786,0.97379,1.0
0.989837,0.995859,1.0,1.020704
1.01232,1.012474,1.020704,1.006085
1.008114,1.004107,1.006085,0.971774
1.0,0.98364,0.971774,0.993776
0.973843,0.993763,0.993776,0.977035
0.985537,0.974895,0.977035,1.002137
0.989518,0.997854,1.002137,1.002132
0.997881,0.991398,1.002132,0.989362
1.002123,1.006508,0.989362,0.995699
0.987288,0.987069,0.995699,0.993521
0.997854,1.002183,0.993521,0.995652
0.995699,0.993464,0.995652,1.0131
1.00216,1.004386,1.0131,0.950431
1.0,0.956332,0.950431,1.022676
0.989224,1.025114,1.022676,0.984479
0.980392,0.979955,0.984479,0.977477
0.991111,0.977273,0.977477,1.0
0.982063,1.004651,1.0,1.004608
1.002283,1.002315,1.004608,1.002294
1.0,0.993072,1.002294,0.993135
0.995444,1.002326,0.993135,0.993088
1.0,0.99536,0.993088,0.958237
0.983982,0.958042,0.958237,0.98063
0.965116,0.985401,0.98063,0.967901
0.978313,0.965432,0.967901,1.022959
0.990148,0.997442,1.022959,0.997506
0.997512,1.005128,0.997506,1.0025
1.012469,1.020408,1.0025,0.98005
1.004926,0.9825,0.98005,0.989822
0.960784,0.964377,0.989822,1.012853
1.012755,1.015831,1.012853,0.997462
1.0,1.012987,0.997462,0.987277
0.989924,0.989744,0.987277,0.989691
0.987277,0.974093,0.989691,0.997396
0.997423,1.013298,0.997396,1.020888
1.01292,1.010499,1.020888,0.987212
1.010204,1.002597,0.987212,0.981865
0.977273,0.979275,0.981865,1.013193
0.992248,0.994709,1.013193,1.036458
1.036458,1.015957,1.036458,1.035176
1.037688,1.031414,1.035176,0.987864
0.997579,1.027919,0.987864,1.004914
1.002427,1.0,1.004914,0.968215
0.990315,0.975309,0.968215,1.027778
1.03912,1.010127,1.027778,1.041769
1.007059,0.997494,1.041769,0.985849
1.011682,1.040201,0.985849,1.004785
0.986143,1.002415,1.004785,1.004762
0.995316,1.00241,1.004762,0.985782
1.0,0.997596,0.985782,1.0
0.985882,0.990361,1.0,0.995192
1.0,1.002433,0.995192,1.0
1.0,1.0,1.0,1.016908
1.011933,1.012136,1.016908,1.009501
1.002358,1.009592,1.009501,0.971765
0.997647,0.980998,0.971765,1.024213
1.0,0.997579,1.024213,1.016548
1.033019,1.021845,1.016548,1.006977
1.011416,1.016627,1.006977,1.0
0.984199,0.988318,1.0,1.025404
1.038991,1.009456,1.025404,1.015766
1.0,1.037471,1.015766,0.991131
0.997792,0.997743,0.991131,0.995526
1.004425,0.995475,0.995526,0.995506
0.993392,1.002273,0.995506,1.004515
0.986696,0.988662,1.004515,1.013483
1.013483,1.016055,1.013483,0.995565
1.004435,1.004515,0.995565,1.024499
1.019868,1.006742,1.024499,0.997826
1.015152,1.020089,0.997826,0.995643
0.98081,0.984683,0.995643,0.973742
0.993478,0.984444,0.973742,1.011236
0.989059,0.997743,1.011236,1.026667
1.022124,1.013575,1.026667,1.015152
1.032468,1.033482,1.015152,0.991471
0.991614,0.993521,0.991471,1.021505
1.023256,0.993478,1.021505,1.033684
1.018595,1.037199,1.033684,1.034623
1.03854,1.031646,1.034623,0.996063
0.996094,1.022495,0.996063,0.998024
0.996078,1.002,0.998024,0.946535
1.005906,0.946108,0.946535,1.020921
0.984344,1.004219,1.020921,1.065574
1.035785,1.021008,1.065574,1.019231
1.03071,1.057613,1.019231,0.958491
0.98324,0.984436,0.958491,1.007874
0.979167,0.976285,1.007874,0.984375
0.990329,1.01417,0.984375,0.974206
0.986328,0.97006,0.974206,1.01833
0.992079,0.997942,1.01833,1.002
1.013972,1.028866,1.002,0.93014
0.998031,0.917836,0.93014,0.982833
0.942801,0.982533,0.982833,1.010917
0.987448,1.004444,1.010917,1.034557
1.021186,1.017699,1.034557,1.002088
1.008299,1.028261,1.002088,0.979167
0.983539,0.991543,0.979167,1.03617
1.020921,0.982942,1.03617,0.997947
1.010246,1.030369,0.997947,1.05144
1.040568,1.016842,1.05144,1.009785
1.044834,1.049689,1.009785,1.040698
1.022388,1.0,1.040698,0.975791
0.983577,1.029586,0.975791,1.028626
1.016698,0.994253,1.028626,0.977737
0.989051,1.011561,0.977737,1.1
1.070111,1.00381,1.1,1.1
1.1,1.1,1.1,0.989028
1.007837,0.965574,0.989028,1.023772
1.076205,1.042445,1.023772,0.993808
0.972543,0.993485,0.993808,0.950156
0.943536,0.985246,0.950156,1.02623
1.007874,1.0,1.02623,1.036741
1.054688,1.019967,1.036741,0.989214
0.968889,1.014682,0.989214,1.009346
1.019878,1.008039,1.009346,0.966049
0.974513,0.992026,0.966049,1.0
1.0,1.0,1.0,0.952077
0.946154,0.950161,0.952077,1.0
0.988618,0.998308,1.0,0.988255
0.998355,0.99661,0.988255,0.98472
0.973641,0.972789,0.98472,0.981034
0.994924,0.993007,0.981034,1.033392
1.017007,1.003521,1.033392,0.952381
0.993311,0.975439,0.952381,0.985714
0.951178,0.983813,0.985714,1.027174
1.00708,1.009141,1.027174,0.998236
1.010545,1.005435,0.998236,0.977032
0.993043,0.990991,0.977032,0.974684
0.975482,0.976364,0.974684,1.040816
1.010772,0.994413,1.040816,1.00713
1.01421,1.035581,1.00713,1.0
1.003503,1.014467,1.0,0.99823
0.99651,0.994652,0.99823,0.97695
0.996497,0.983871,0.97695,0.931034
0.945518,0.930783,0.931034,0.998051
0.962825,0.992172,0.998051,1.011719
1.011583,1.005917,1.011719,1.001931
1.005725,0.994118,1.001931,0.992293
1.00759,1.011834,0.992293,1.040777
1.013183,1.015595,1.040777,0.988806
1.0,1.011516,0.988806,1.032075
1.018587,0.998102,1.032075,0.996344
0.998175,1.022814,0.996344,0.983486
1.0,0.977695,0.983486,0.996269
0.987203,1.011407,0.996269,0.986891
0.994444,0.984962,0.986891,0.99241
0.988827,0.994275,0.99241,0.986616
0.988701,0.976967,0.986616,0.974806
0.984762,0.986248,0.974806,1.003976
0.980658,0.992032,1.003976,0.974257
1.0,0.987952,0.974257,1.002033
0.996055,1.0,1.002033,1.014199
0.992079,0.981707,1.014199,0.992
1.001996,1.018634,0.992,1.020161
1.007968,1.0,1.020161,0.988142
1.013834,1.012195,0.988142,0.948
0.97271,0.945783,0.948,1.023207
0.98998,0.987261,1.023207,0.950515
0.981781,0.984946,0.950515,0.984816
0.960825,0.984716,0.984816,1.008811
0.984979,1.0,1.008811,1.021834
1.023965,1.0,1.021834,0.982906
0.997872,1.017738,0.982906,0.95
0.987207,0.947712,0.95,1.004577
0.963283,0.993103,1.004577,1.027335
1.013453,0.993056,1.027335,1.011086
1.030973,1.025641,1.011086,0.995614
0.987124,1.018182,0.995614,1.0
1.006522,0.982143,1.0,1.035242
1.017279,1.013636,1.035242,0.993617
1.002123,1.033632,0.993617,0.970021
0.995763,0.980477,0.970021,1.013245
0.995745,1.002212,1.013245,0.965142
0.982906,0.975717,0.965142,0.993228
0.971739,0.9819,0.993228,1.013636
1.006711,1.009217,1.013636,0.982063
1.002222,0.984018,0.982063,1.011416
0.984479,1.006961,1.011416,1.024831
1.024775,1.011521,1.024831,1.013216
1.026374,1.034169,1.013216,1.067391
1.068522,1.002203,1.067391,0.98778
0.981964,1.03956,0.98778,1.002062
1.034694,1.02537,1.002062,0.960905
0.954635,0.958763,0.960905,1.0
0.975207,0.972043,1.0,0.976445
0.987288,1.006637,0.976445,1.0
0.98927,0.995604,1.0,1.004386
0.995662,0.995585,1.004386,0.991266
0.995643,0.988914,0.991266,1.013216
1.015317,1.013453,1.013216,0.980435
0.99569,0.99115,0.980435,1.004435
0.989177,1.004464,1.004435,0.975717
0.989059,0.98,0.975717,0.972851
0.984513,0.972789,0.972851,0.995349
0.975281,0.97669,0.995349,0.983645
0.990783,1.002387,0.983645,0.990499
0.986047,0.969048,0.990499,0.997602
0.992925,1.007371,0.997602,1.024038
1.019002,1.019512,1.024038,0.976526
0.995338,0.992823,0.976526,1.002404
0.978923,0.987952,1.002404,1.01199
1.011962,1.012195,1.01199,1.063981
1.066194,1.021687,1.063981,0.997773
1.008869,1.042453,0.997773,0.986607
0.984615,0.99095,0.986607,1.022624
1.008929,1.004566,1.022624,0.986726
1.044248,1.011364,0.986726,0.993274
0.957627,0.98427,0.993274,0.959368
0.980088,0.965753,0.959368,0.990588
0.961625,0.990544,0.990588,1.009501
1.002347,1.00716,1.009501,0.955294
0.995316,0.947867,0.955294,1.0
0.971765,1.005,1.0,0.997537
0.985472,0.99005,0.997537,1.017284
1.046683,1.01005,1.017284,0.970874
0.962441,0.992537,0.970874,1.025
1.009756,0.997494,1.025,1.017073
1.009662,1.022613,1.017073,0.990408
1.002392,1.009828,0.990408,1.029056
1.016706,1.002433,1.029056,1.004706
1.007042,1.021845,1.004706,0.981265
0.995338,0.992874,0.981265,1.009547
1.0,0.995215,1.009547,0.990544
0.992974,1.0,0.990544,1.0
1.0,1.0,1.0,1.002387
0.997642,0.997596,1.002387,1.021429
1.021277,1.004819,1.021429,0.995338
0.99537,1.019185,0.995338,1.002342
0.995349,0.992941,1.002342,0.988318
1.011682,1.0,0.988318,1.002364
0.981524,0.992891,1.002364,0.990566
1.011765,1.0,0.990566,0.971429
0.97907,0.9642,0.971429,0.990196
0.973872,0.990099,0.990196,1.002475
1.0,1.0075,1.002475,1.007407
0.995122,0.997519,1.007407,1.019608
1.026961,1.007463,1.019608,1.021635
1.0358,1.044444,1.021635,1.014118
1.002304,0.995272,1.014118,0.981439
0.990805,0.992874,0.981439,0.990544
0.986079,1.0,0.990544,0.98568
0.992941,0.983254,0.98568,1.0
0.992891,0.997567,1.0,1.014528
1.002387,1.012195,1.014528,0.968974
0.992857,0.975904,0.968974,1.009852
0.983213,1.0,1.009852,0.985366
1.0,0.995062,0.985366,0.99505
0.985366,0.987593,0.99505,1.004975
1.002475,1.002513,1.004975,0.992574
1.004938,1.005013,0.992574,1.012469
0.997543,0.987531,1.012469,0.990148
0.997537,1.010101,0.990148,1.00995
1.009877,1.01,1.00995,0.985222
0.99022,0.987624,0.985222,0.9725
0.990123,0.969925,0.9725,0.976864
0.977556,0.97416,0.976864,0.973684
0.979592,0.97878,0.973684,1.010811
0.979167,0.99458,1.010811,0.983957
0.99734,0.997275,0.983957,1.019022
1.0,0.997268,1.019022,1.032
1.045333,1.019178,1.032,1.031008
1.05102,1.034946,1.031008,1.010025
0.98301,1.023377,1.010025,1.034739
1.037037,1.017766,1.034739,0.985612
0.995238,1.01995,0.985612,0.997567
1.0,0.99022,0.997567,0.990244
0.997608,0.995062,0.990244,1.051724
1.038369,1.004963,1.051724,0.997658
1.0,1.041975,0.997658,0.985915
0.997691,0.990521,0.985915,1.0
0.983796,1.0,1.0,1.007143
1.0,0.992823,1.007143,0.985816
1.002353,1.00241,0.985816,1.0
0.988263,0.997596,1.0,1.028777
1.026128,0.995181,1.028777,1.032634
1.050926,1.031477,1.032634,0.979684
0.984581,1.011737,0.979684,1.013825
0.988814,0.99768,1.013825,1.006818
1.00905,1.016279,1.006818,0.988713
1.008969,0.997712,0.988713,0.997717
0.975556,0.988532,0.997717,1.004577
1.004556,1.006961,1.004577,1.006834
1.00907,1.006912,1.006834,1.011312
1.008989,1.004577,1.011312,0.959732
0.997773,0.974943,0.959732,1.027972
0.986607,0.992991,1.027972,1.011338
1.022624,1.030588,1.011338,1.017937
1.00885,0.993151,1.017937,0.993392
1.037281,1.032184,0.993392,1.008869
0.964059,0.988864,1.008869,1.008791
1.013158,1.013514,1.008791,0.982571
0.991342,0.991111,0.982571,0.995565
0.9869,0.993274,0.995565,0.973274
1.002212,0.979684,0.973274,0.983982
0.966887,0.988479,0.983982,1.027907
1.011416,0.995338,1.027907,1.006787
1.006772,1.030445,1.006787,1.008989
1.017937,1.004545,1.008989,0.982183
0.988987,0.993213,0.982183,1.022676
1.008909,0.993166,1.022676,1.031042
1.041943,1.034404,1.031042,1.002151
1.0,1.006652,1.002151,0.991416
0.993644,1.011013,0.991416,1.006494
1.017058,1.006536,1.006494,1.004301
0.987421,1.004329,1.004301,0.987152
0.997877,0.989224,0.987152,0.9718
0.982979,0.971678,0.9718,1.006696
0.980519,0.993274,1.006696,0.973392
0.988962,0.986456,0.973392,1.006834
0.988839,1.002288,1.006834,0.997738
1.006772,1.004566,0.997738,0.984127
0.995516,0.984091,0.984127,1.013825
1.0,1.002309,1.013825,1.022727
1.015766,1.013825,1.022727,0.993333
1.002217,1.004545,0.993333,0.935123
0.971239,0.938914,0.935123,1.014354
0.965831,1.00241,1.014354,1.007075
1.009434,1.014423,1.007075,0.985948
0.997664,0.990521,0.985948,0.997625
0.990632,1.002392,0.997625,1.002381
1.002364,1.0,1.002381,0.983373
1.0,0.980907,0.983373,1.0
0.988208,1.0,1.0,1.004831
0.997613,1.004866,1.004831,1.021635
1.0311,0.997579,1.021635,0.995294
0.99536,1.01699,0.995294,0.981087
0.990676,0.966587,0.981087,1.024096
1.004706,1.014815,1.024096,0.997647
1.0,1.021898,0.997647,1.011792
1.01171,0.988095,1.011792,0.988345
0.99537,1.012048,0.988345,0.983491
0.981395,0.983333,0.983491,1.002398
1.0,1.004843,1.002398,0.971292
0.983412,0.973494,0.971292,1.004926
0.985542,1.00495,1.004926,1.004902
1.00978,0.995074,1.004902,0.995122
1.002421,1.007426,0.995122,1.019608
1.019324,0.995086,1.019608,0.980769
0.969194,0.992593,0.980769,1.004902
1.012225,1.014925,1.004902,1.0
0.992754,0.995098,1.0,0.992683
1.004866,1.0,0.992683,0.997543
0.992736,0.997537,0.997543,1.0
1.0,0.992593,1.0,1.007389
1.0,0.997512,1.007389,0.997555
1.002439,1.009975,0.997555,1.002451
1.002433,1.0,1.002451,1.01467
1.009709,1.004938,1.01467,0.995181
0.997596,1.004914,0.995181,0.973366
0.992771,0.98044,0.973366,1.00995
0.990291,1.0,1.00995,0.990148
0.997549,0.997506,0.990148,1.0
0.995086,1.0,1.0,1.002488
1.0,1.0,1.002488,1.014888
1.014815,1.0075,1.014888,1.002445
1.002433,1.012407,1.002445,1.002439
1.0,1.002451,1.002439,1.002433
1.004854,1.002445,1.002433,0.992718
1.0,0.992683,0.992718,1.00978
1.002415,0.997543,1.00978,0.992736
0.99759,1.004926,0.992736,0.995122
0.992754,0.992647,0.995122,1.0
0.995134,1.002469,1.0,1.014706
1.01956,1.0,1.014706,1.012077
1.007194,1.017241,1.012077,1.011933
1.02381,1.009685,1.011933,1.0
0.990698,1.01199,1.0,1.016509
1.023474,1.004739,1.016509,0.988399
0.997706,1.002358,0.988399,1.007042
0.995402,0.995294,1.007042,1.0
0.993072,1.0,1.0,1.016317
1.018605,1.002364,1.016317,0.993119
1.002283,1.018868,0.993119,1.032333
1.034169,0.997685,1.032333,0.979866
0.995595,1.011601,0.979866,1.011416
0.988938,1.002294,1.011416,0.972912
0.993289,0.981693,0.972912,0.993039
0.984234,0.993007,0.993039,0.981308
0.981693,0.981221,0.981308,0.985714
0.990676,0.985646,0.985714,0.975845
0.969412,0.970874,0.975845,1.014851
1.004854,1.01,1.014851,1.004878
1.016908,1.012376,1.004878,0.992718
0.997625,0.997555,0.992718,0.99511
0.97619,0.982843,0.99511,0.97543
0.992683,0.990025,0.97543,0.994962
0.980344,0.974811,0.994962,0.941772
0.994987,0.956072,0.941772,0.989247
0.944584,0.905405,0.989247,1.008152
0.994667,1.083582,1.008152,0.991914
1.008043,1.011019,0.991914,1.01087
1.0,0.983651,1.01087,1.005376
0.99734,1.019391,1.005376,1.026738
1.026667,0.997283,1.026738,0.992188
1.005195,1.00545,0.992188,0.992126
0.994832,1.00271,0.992126,0.997354
0.992208,1.013514,0.997354,1.015915
1.034031,0.992,1.015915,0.979112
0.987342,0.994624,0.979112,1.093333
1.058974,1.0,1.093333,1.019512
1.053269,1.1,1.019512,0.961722
0.958621,0.968523,0.961722,1.014925
0.992806,1.0025,1.014925,1.004902
0.995169,0.997506,1.004902,0.980488
1.004854,1.005,0.980488,0.995025
0.980676,0.992537,0.995025,0.9725
1.004926,0.972431,0.9725,1.007712
0.965686,0.981959,1.007712,1.020408
1.020305,1.020997,1.020408,1.01
1.027363,1.017995,1.01,0.975248
0.98063,0.994949,0.975248,1.020305
1.002469,0.997462,1.020305,0.962687
0.977833,0.982188,0.962687,1.020672
1.017632,0.984456,1.020672,0.994937
0.990099,1.028947,0.994937,1.012723
0.9975,1.002558,1.012723,1.0
1.010025,1.015306,1.0,1.007538
1.0,0.994975,1.007538,1.007481
1.004963,1.005051,1.007481,0.992574
1.002469,1.005025,0.992574,1.027431
1.024631,0.995,1.027431,0.995146
1.007212,1.017588,0.995146,1.019512
1.0,1.009877,1.019512,0.995215
1.0,1.01467,0.995215,0.997596
1.01432,0.99759,0.997596,0.980723
0.978824,0.980676,0.980723,0.995086
1.007212,0.990148,0.995086,1.004938
0.973747,0.997512,1.004938,1.009828
1.014706,1.007481,1.009828,0.992701
0.995169,1.002475,0.992701,1.019608
1.019417,1.007407,1.019608,0.990385
1.007143,0.997549,0.990385,1.067961
1.052009,1.014742,1.067961,1.022727
1.049438,1.058111,1.022727,1.062222
1.057816,1.009153,1.062222,1.01046
1.008097,1.061224,1.01046,1.099379
1.066265,1.061966,1.099379,0.960452
1.05838,1.016097,0.960452,0.964706
0.9,0.950495,0.964706,1.026423
1.025845,1.016667,1.026423,0.990099
0.988372,0.989754,0.990099,0.982
0.992157,0.995859,0.982,1.004073
1.0,0.997921,1.004073,1.048682
1.023715,1.002083,1.048682,0.961315
1.003861,1.024948,0.961315,0.991952
0.967308,0.989858,0.991952,1.004057
0.998012,0.997951,1.004057,1.006061
1.007968,1.010267,1.006061,1.052209
1.075099,0.987805,1.052209,0.969466
0.950368,1.041152,0.969466,1.005906
0.994197,0.992095,1.005906,0.980431
0.996109,0.992032,0.980431,0.984032
0.994141,0.987952,0.984032,0.951318
0.964637,0.95122,0.951318,0.985075
0.965377,0.982906,0.985075,1.030303
1.006329,1.004348,1.030303,1.018908
1.023061,1.021645,1.018908,1.1
1.094262,1.016949,1.1,1.054307
1.099251,1.1,1.054307,1.003552
0.971039,1.005556,1.003552,1.00177
1.014035,1.014733,1.00177,0.985866
0.99481,0.990926,0.985866,0.939068
0.970435,0.948718,0.939068,0.98855
0.960573,0.992278,0.98855,1.005792
0.988806,1.003891,1.005792,1.034549
1.024528,1.00969,1.034549,1.005566
1.029466,1.026871,1.005566,0.953875
0.973166,0.964486,0.953875,1.005803
0.966912,0.998062,1.005803,0.976923
0.996198,0.980583,0.976923,0.996063
0.977099,0.988119,0.996063,1.005929
1.023438,0.983968,1.005929,1.041257
1.024809,1.032587,1.041257,0.979245
0.998138,1.019724,0.979245,0.992293
0.970149,0.974855,0.992293,1.005825
1.005769,1.015873,1.005825,1.003861
0.996176,0.982422,1.003861,0.973077
0.998081,1.003976,0.973077,0.974308
0.969231,0.974257,0.974308,0.995943
0.992063,0.989837,0.995943,1.00611
0.994,1.008214,1.00611,0.953441
0.991952,0.94501,0.953441,1.031847
1.032454,1.006466,1.031847,1.020576
0.982318,1.019272,1.020576,1.006048
1.014,1.027311,1.006048,1.026052
1.013807,1.018405,1.026052,1.003906
1.035019,1.028112,1.003906,1.058366
1.048872,0.986328,1.058366,1.016544
1.041219,1.045545,1.016544,0.981917
0.989673,1.026515,0.981917,1.007366
0.965217,0.98524,1.007366,1.005484
1.045045,1.026217,1.005484,0.990909
0.953448,0.972628,0.990909,1.042202
1.028933,1.015009,1.042202,0.978873
0.998243,1.02403,0.978873,0.940647
0.966549,0.927798,0.940647,1.028681
0.98725,1.019455,1.028681,1.020446
1.031365,1.017176,1.020446,0.98725
0.994633,1.015009,0.98725,0.994465
0.989209,0.992606,0.994465,1.0
0.989091,0.996276,1.0,1.005566
0.998162,1.001869,1.005566,0.976015
0.996317,0.975746,0.976015,0.988658
0.981516,0.996176,0.988658,1.005736
0.992467,0.994242,1.005736,0.980989
1.001898,0.992278,0.980989,0.986434
0.981061,0.980545,0.986434,1.0
0.992278,1.005952,1.0,1.011788
1.003891,0.994083,1.011788,0.990291
1.003876,1.0,0.990291,0.980392
0.988417,0.980159,0.980392,1.008
0.996094,1.010121,1.008,1.001984
0.994118,1.004008,1.001984,0.970297
0.996055,0.976048,0.970297,1.014286
0.986139,0.997955,1.014286,1.1
1.098394,1.067623,1.1,0.992687
1.014625,1.028791,0.992687,0.98895
0.976577,0.98694,0.98895,0.973929
0.994465,0.984877,0.973929,0.959847
0.96475,0.955854,0.959847,1.015936
0.988462,0.993976,1.015936,0.986275
0.994163,1.014141,0.986275,0.986083
0.992172,0.984064,0.986083,0.997984
0.988166,0.98583,0.997984,1.040404
1.03992,1.00616,1.040404,0.998058
0.994242,1.032653,0.998058,1.0
1.003861,1.005929,1.0,1.005837
1.009615,0.996071,1.005837,0.998066
1.007619,1.015779,0.998066,0.98062
0.973535,0.976699,0.98062,1.009881
0.996117,1.001988,1.009881,1.027397
1.023392,1.013889,1.027397,0.992381
1.0,1.009785,0.992381,1.005758
1.005714,1.003876,1.005758,0.98855
0.992424,0.998069,0.98855,0.996139
1.0,0.990329,0.996139,1.0
0.998092,1.003906,1.0,0.986434
0.99044,0.986381,0.986434,1.005894
0.990347,0.990138,1.005894,1.03125
1.031189,1.01992,1.03125,1.028409
1.032136,1.025391,1.028409,0.998158
1.007326,1.022857,0.998158,1.031365
1.067273,0.994413,1.031365,1.005367
0.982964,1.039326,1.005367,1.012456
0.993068,1.005405,1.012456,1.003515
1.006981,0.991039,1.003515,1.033275
1.046794,1.025316,1.033275,0.959322
0.985099,0.992945,0.959322,0.982332
0.963025,0.969805,0.982332,0.996403
0.970332,0.987179,0.996403,0.960289
1.003597,0.975881,0.960289,0.996241
0.953405,0.980989,0.996241,0.990566
1.007519,1.013566,0.990566,1.015238
0.996269,0.996176,1.015238,1.016886
1.022472,1.011516,1.016886,1.02583
1.043956,0.996205,1.02583,0.98741
0.985965,1.04,0.98741,1.003643
0.991103,0.994505,1.003643,0.970962
0.991023,0.981584,0.970962,0.947664
0.96558,0.949343,0.947664,1.00789
0.966229,0.994071,1.00789,1.001957
1.003883,1.005964,1.001957,1.009766
1.003868,1.011858,1.009766,0.98646
0.992293,0.990234,0.98646,1.017647
1.009709,1.00789,1.017647,1.013487
1.017308,1.011742,1.013487,0.988593
0.988658,0.988395,0.988593,0.980769
1.001912,0.992172,0.980769,1.021569
1.0,0.996055,1.021569,1.015355
1.015267,1.027723,1.015355,0.99811
1.003759,1.007707,0.99811,0.998106
1.001873,1.001912,0.998106,0.98482
0.979439,0.979008,0.98482,0.992293
1.0,0.996101,0.992293,0.992233
0.984733,0.994129,0.992233,1.015656
1.00969,1.001969,1.015656,1.00578
1.007678,1.013752,1.00578,0.990421
0.998095,0.998062,0.990421,1.007737
0.996183,0.994175,1.007737,1.013436
1.015326,1.009766,1.013436,1.001894
1.007547,1.015474,1.001894,1.003781
1.0,1.00381,1.003781,1.026365
1.029963,1.003795,1.026365,1.034862
1.054545,1.026465,1.034862,0.975177
0.977586,1.003683,0.975177,1.007273
1.001764,0.99633,1.007273,0.981949
0.975352,0.996317,0.981949,1.003676
0.987365,0.996303,1.003676,0.97619
0.998172,0.987013,0.97619,1.043152
1.025641,1.007519,1.043152,0.991007
0.992857,1.022388,0.991007,0.976407
0.98741,0.981752,0.976407,1.001859
1.007286,0.992565,1.001859,0.970315
0.980108,0.973783,0.970315,1.011472
0.97786,1.0,1.011472,1.009452
1.007547,1.007692,1.009452,0.986891
0.994382,0.984733,0.986891,0.998102
0.996234,1.007752,0.998102,1.007605
1.003781,1.0,1.007605,1.009434
1.013183,1.009615,1.009434,0.979439
0.988848,0.99619,0.979439,1.019084
1.011278,1.003824,1.019084,0.992509
0.998141,1.00381,0.992509,0.99434
0.992551,0.998102,0.99434,0.98482
0.992495,0.984791,0.98482,1.00578
0.988658,0.994208,1.00578,1.001916
1.001912,1.001942,1.001916,1.001912
1.007634,1.011628,1.001912,1.005725
0.998106,0.992337,1.005725,1.003795
1.009488,1.015444,1.003795,0.962193
0.958647,0.960076,0.962193,1.0
1.001961,1.00198,1.0,0.990177
0.996086,0.994071,0.990177,1.007937
1.0,0.996024,1.007937,0.994094
1.001965,1.003992,0.994094,0.994059
0.992157,0.992048,0.994059,0.996016
0.996047,1.002004,0.996016,0.98
0.992063,0.97,0.98,1.006122
0.988,1.004124,1.006122,0.993915
1.0,1.002053,0.993915,0.995918
0.997976,0.997951,0.995918,1.008197
0.997972,0.995893,1.008197,1.0
1.002033,1.006186,1.0,1.00813
1.01217,1.004098,1.00813,1.012097
1.006012,1.008163,1.012097,0.992032
1.001992,1.004049,0.992032,0.991968
0.992048,0.993952,0.991968,0.983806
0.997996,0.983773,0.983806,0.969136
0.97992,0.962887,0.969136,1.082803
1.057377,1.008565,1.082803,0.962745
0.978682,1.038217,0.962745,0.98778
0.988119,0.985685,0.98778,1.016495
1.006012,0.991701,1.016495,0.983773
0.988048,1.012552,0.983773,1.0
1.0,1.0,1.0,1.0
1.0,1.0,1.0,1.0
1.0,1.0,1.0,1.0
1.0,1.0,1.0,1.0
1.0,1.0,1.0,1.0
1.0,1.0,1.0,0.96701
0.955645,0.966942,0.96701,1.002132
0.993671,0.991453,1.002132,0.980851
0.997877,0.991379,0.980851,1.004338
0.991489,1.002174,1.004338,1.021598
1.019313,1.0,1.021598,1.012685
1.014737,1.019523,1.012685,0.991649
0.993776,1.004255,0.991649,0.993684
0.989562,0.995763,0.993684,1.008475
1.027426,1.0,1.008475,1.018908
0.997947,1.002128,1.018908,1.0
1.018519,1.027601,1.0,1.045361
1.036364,1.0,1.045361,0.986193
1.003899,1.022727,0.986193,1.016
1.001942,0.987879,1.016,1.001969
0.994186,1.02863,1.001969,1.001965
0.998051,1.001988,1.001965,1.033333
1.054688,1.017857,1.033333,0.996205
0.992593,1.013645,0.996205,1.0
0.979478,0.994231,1.0,0.990476
1.013333,1.001934,0.990476,1.013462
0.992481,0.996139,1.013462,0.994307
1.0,1.007752,0.994307,0.992366
0.99053,0.988462,0.992366,0.980769
0.994264,0.990272,0.980769,1.009804
0.992308,0.998035,1.009804,1.007767
1.011628,1.011811,1.007767,1.0
0.998084,1.003891,1.0,1.030829
1.026871,1.0,1.030829,0.983178
1.013084,1.015504,0.983178,1.009506
0.987085,0.994275,1.009506,1.003766
1.003738,1.013436,1.003766,0.996248
0.996276,0.994318,0.996248,1.00565
1.0,1.00381,1.00565,0.986891
0.994393,0.99241,0.986891,1.001898
0.996241,1.001912,1.001898,0.998106
1.0,1.0,0.998106,0.986717
1.011321,0.98855,0.986717,0.994231
0.973881,0.994208,0.994231,0.984526
0.990421,0.982524,0.984526,1.007859
0.994197,1.003953,1.007859,1.011696
1.009728,1.009843,1.011696,1.019268
1.023121,1.007797,1.019268,1.003781
1.001883,1.01354,1.003781,1.015066
1.018797,1.009542,1.015066,1.009276
1.035055,1.020794,1.009276,1.049632
1.02139,1.007407,1.049632,0.984238
0.994764,1.025735,0.984238,0.989324
1.001754,0.989247,0.989324,1.007194
0.991243,0.992754,1.007194,0.998214
0.989399,1.007299,0.998214,0.966011
1.007143,0.974638,0.966011,1.027778
0.984043,0.996283,1.027778,1.018018
1.032432,1.037313,1.018018,0.989381
0.987784,0.998201,0.989381,0.9839
0.987633,0.989189,0.9839,1.02
1.005367,1.0,1.02,1.005348
1.010676,1.010929,1.005348,0.991135
1.001761,1.005405,0.991135,1.035778
1.035149,0.994624,1.035778,1.032815
1.023769,1.041441,1.032815,1.003344
1.011609,1.020761,1.003344,0.998333
0.991803,1.0,0.998333,1.010017
1.016529,1.010169,1.010017,0.971901
0.977236,0.983221,0.971901,1.005102
0.986689,0.991468,1.005102,1.005076
1.010118,1.008606,1.005076,1.001684
0.994992,0.996587,1.001684,0.969748
0.996644,0.988014,0.969748,0.979203
0.981481,0.965338,0.979203,1.061947
1.037736,1.017953,1.061947,0.991667
1.006612,1.038801,0.991667,0.973109
0.998358,0.977929,0.973109,1.0
0.975329,0.991319,1.0,1.1
1.074199,1.010508,1.1,1.034537
1.072214,1.1,1.034537,1.033384
1.010249,1.013932,1.033384,1.099853
1.085507,1.018321,1.099853,1.038718
1.076101,1.1,1.038718,1.028278
1.031017,1.005222,1.028278,1.1
1.058965,1.064935,1.1,0.943182
0.982955,1.0,0.943182,0.998795
0.978035,0.978049,0.998795,1.007238
0.997636,1.009975,1.007238,0.962874
0.995261,0.987654,0.962874,1.027363
0.994048,0.99875,1.027363,0.933414
0.985629,0.938673,0.933414,1.02594
0.964763,1.010667,1.02594,1.059418
1.085642,1.01715,1.059418,0.970167
0.968677,1.041505,0.970167,1.03936
1.038323,1.021171,1.03936,1.1
1.072664,1.021951,1.1,0.975269
1.062366,1.070406,0.975269,1.093716
1.010121,0.992196,1.093716,1.018145
1.0501,1.08427,1.018145,1.057426
1.046756,1.022798,1.057426,0.988764
0.997265,1.059777,0.988764,1.035985
1.032907,0.979924,1.035985,0.983547
0.989381,1.042927,0.983547,0.966543
0.99195,0.945744,0.966543,0.986538
0.956718,0.972305,0.986538,1.011696
1.002828,1.02645,1.011696,0.979769
0.979323,0.99108,0.979769,1.070796
1.064299,1.008,1.070796,1.060606
1.064022,1.050595,1.060606,1.1
1.077119,1.1,1.1,0.974036
1.099921,0.972081,0.974036,1.1
0.974249,1.072237,1.1,1.082966
1.092511,1.1,1.082966,0.922712
0.971102,0.989011,0.922712,0.964732
1.00346,0.957037,0.964732,1.009901
0.926207,0.9613,1.009901,1.017345
1.041698,1.039452,1.017345,0.962936
0.957112,1.0,0.962936,0.961509
0.979836,0.953524,0.961509,0.918335
0.945122,0.914703,0.918335,0.984307
0.951613,0.994671,0.984307,1.069088
1.025424,1.000893,1.069088,1.004143
1.014876,1.054416,1.004143,1.026403
1.026059,1.009306,1.026403,0.963826
1.003175,0.994132,0.963826,0.929942
0.939082,0.937605,0.929942,1.013453
0.964617,0.980216,1.013453,1.006195
1.001747,1.023853,1.006195,1.011434
1.003487,0.996416,1.011434,1.006957
1.019983,1.021583,1.006957,0.97323
0.994889,0.976232,0.97323,0.985803
0.973459,1.000902,0.985803,1.042304
1.05365,1.036036,1.042304,0.982729
0.965776,0.976522,0.982729,0.989455
0.983578,0.984862,0.989455,1.015098
1.007909,1.001808,1.015098,1.031496
1.034874,1.018051,1.031496,0.994911
1.038753,0.992908,0.994911,1.094629
1.042174,1.038393,1.094629,1.003894
1.032685,1.084265,1.003894,1.034911
1.006029,1.021412,1.034911,0.961019
1.003745,0.986801,0.961019,1.018721
0.989552,0.985051,1.018721,0.976263
0.994721,0.999201,0.976263,1.017255
0.997726,1.004796,1.017255,0.961449
0.977964,0.986476,0.961449,0.971933
0.983683,0.975806,0.971933,0.945545
0.936019,0.942149,0.945545,1.024433
0.992405,1.008772,1.024433,0.984668
1.014456,1.00087,0.984668,1.002595
0.993294,0.993918,1.002595,0.963762
0.986498,0.962413,0.963762,1.016115
0.971771,1.006358,1.016115,1.007048
1.007042,1.011733,1.007048,1.067367
1.074301,1.020517,1.067367,0.993443
0.996745,1.04021,0.993443,0.985974
1.002449,1.002521,0.985974,1.000837
0.982899,0.989941,1.000837,1.04097
1.034797,1.012701,1.04097,0.987952
1.016813,1.024247,0.987952,1.020325
1.014961,1.012245,1.020325,0.988048
0.972847,0.985484,0.988048,1.005645
1.003987,1.010638,1.005645,0.983962
1.00556,0.987854,0.983962,0.99674
0.973934,0.994262,0.99674,1.008994
1.004055,1.006595,1.008994,0.986224
1.005654,0.995086,0.986224,0.99507
0.973494,0.969547,0.99507,1.0545
1.062706,1.029711,1.0545,0.98982
0.993789,1.026381,0.98982,0.988924
0.992187,0.991968,0.988924,1.0072
0.998425,1.009717,1.0072,1.036537
1.037855,1.012831,1.036537,1.03908
1.058511,1.024545,1.03908,0.998525
0.980617,1.026275,0.998525,1.039882
1.04246,1.000753,1.039882,0.995739
0.99368,1.03988,0.995739,1.005706
1.037456,1.014472,1.005706,0.975887
0.96049,0.949358,0.975887,1.013808
1.05461,1.043576,1.013808,0.989247
0.95427,0.959683,0.989247,1.001449
0.985906,1.022506,1.001449,1.02822
1.050036,1.035216,1.02822,0.975369
0.986385,0.979447,0.975369,1.012266
0.983437,0.992764,1.012266,0.997149
0.995088,1.009475,0.997149,0.992852
0.980959,0.990614,0.992852,1.054716
1.060388,1.012391,1.054716,0.972014
0.989831,1.006479,0.972014,1.044242
1.025342,0.98927,1.044242,1.02152
1.037408,1.054953,1.02152,1.002633
0.998068,1.018506,1.002633,1.012475
1.031613,1.014805,1.012475,0.937743
0.970607,0.948276,0.937743,1.001383
0.95232,0.98042,1.001383,1.037983
1.027064,1.029244,1.037983,1.040585
1.045455,1.042966,1.040585,0.987852
1.023945,0.997342,0.987852,1.052427
1.011692,1.018654,1.052427,0.969865
0.989051,1.020929,0.969865,0.957514
0.944034,0.953235,0.957514,0.993377
0.996743,0.997984,0.993377,0.947333
0.984967,0.949495,0.947333,1.004222
0.958859,0.968085,1.004222,1.025929
1.032526,1.025641,1.025929,0.976093
0.984584,1.014286,0.976093,0.937019
0.96324,0.941549,0.937019,0.956684
0.958304,0.942408,0.956684,0.943794
0.94469,0.955556,0.943794,1.02895
0.9758,1.011628,1.02895,1.040193
1.0376,1.022167,1.040193,1.008501
1.014649,1.028916,1.008501,0.990038
1.00076,1.005464,0.990038,0.981424
0.983295,0.978261,0.981424,1.003943
0.996911,0.972222,1.003943,0.998429
1.002324,1.018776,0.998429,1.033045
1.01932,1.020032,1.033045,0.99543
1.014405,1.023566,0.99543,1.077276
1.056801,1.001535,1.077276,0.992188
1.007072,1.050575,0.992188,1.028633
1.024579,1.001459,1.028633,1.008351
0.993831,1.025492,1.008351,1.066253
1.084828,1.027699,1.066253,0.900324
0.993007,0.961299,0.900324,0.964774
0.90717,0.920201,0.964774,1.042474
0.998589,1.048437,1.042474,1.038599
1.029682,1.043219,1.038599,0.975912
1.012354,0.997143,0.975912,0.983075
0.967458,0.934814,0.983075,1.03802
1.023125,1.075096,1.03802,1.040774
1.047945,1.032074,1.040774,1.001328
1.002614,1.018646,1.001328,1.1
1.081486,0.99661,1.1,0.98252
1.024111,1.085034,0.98252,1.039877
1.017069,0.992476,1.039877,0.938053
0.994213,1.001263,0.938053,0.925157
0.912689,0.916088,0.925157,1.052345
0.999362,0.998623,1.052345,0.943798
0.988513,1.004138,0.943798,0.924709
0.957392,0.914148,0.924709,0.991118
0.928523,0.913599,0.991118,1.038088
1.031954,1.1,1.038088,0.948201
0.996481,0.962853,0.948201,0.9
0.908192,0.915123,0.9,0.9
0.958787,0.9,0.9,1.053421
0.916464,0.9,1.053421,0.900356
1.00354,1.054167,0.900356,0.900198
0.910053,0.900198,0.900198,0.90011
0.9,0.90011,0.90011,1.071951
0.975135,0.915854,1.071951,0.9
0.972284,1.053262,0.9,0.907712
0.9,0.900126,0.907712,1.1
1.023316,0.983146,1.1,1.1
1.1,1.1,1.1,1.1
1.1,1.1,1.1,1.01569
1.072176,1.039823,1.01569,0.900103
0.930732,0.929787,0.900103,1.042334
0.969602,0.938215,1.042334,1.068057
1.068108,1.1,1.068057,1.005139
1.022267,1.053787,1.005139,1.005112
0.989109,0.989583,1.005112,1.017294
1.017017,0.997895,1.017294,1.025
1.018701,1.041139,1.025,0.96878
1.023188,0.990881,0.96878,0.900302
0.934844,0.91411,0.900302,0.96868
0.90404,0.901566,0.96868,1.076212
1.042458,1.062035,1.076212,1.049356
1.095391,1.064252,1.049356,1.022495
0.986301,1.013172,1.022495,0.934
1.00496,1.0,0.934,1.073876
0.994077,1.006501,1.073876,0.966102
0.997021,1.038751,0.966102,0.976264
0.966135,0.967876,0.976264,1.04334
1.028866,1.018201,1.04334,1.043566
1.041082,1.031546,1.043566,1.041748
1.079885,1.0316,1.041748,0.963653
0.952763,1.018775,0.963653,1.026112
1.0,0.971872,1.026112,1.05278
1.085126,1.07485,1.05278,1.013429
0.981034,1.004643,1.013429,0.900177
1.006151,0.941774,0.900177,1.004907
0.904803,0.901865,1.004907,0.941406
0.985521,1.044614,0.941406,0.93361
0.942214,0.927083,0.93361,0.9
0.904366,0.910112,0.9,0.9
0.9,0.9,0.9,0.917695
1.011952,0.909465,0.917695,1.076233
0.946194,1.013575,1.076233,1.075
1.080444,1.072917,1.075,0.958656
0.984596,1.019417,0.958656,0.93531
0.959583,0.926531,0.93531,1.036023
1.001359,0.954479,1.036023,1.012517
1.035278,1.1,1.012517,1.038462
1.001311,0.980636,1.038462,1.041005
1.043194,1.074753,1.041005,1.038119
1.056462,1.014436,1.038119,0.977968
0.970309,1.007762,0.977968,0.9
0.988984,0.922978,0.9,0.922114
0.9,0.917942,0.922114,1.096531
1.016736,1.010606,1.096531,0.979367
1.053498,1.061469,0.979367,1.030899
0.97526,1.007062,1.030899,1.02861
1.012016,1.004208,1.02861,1.025166
1.058047,1.047486,1.025166,0.959948
0.950125,0.984,0.959948,1.018843
1.003937,1.006775,1.018843,0.952444
0.99085,0.962315,0.952444,1.011096
0.963061,0.994406,1.011096,0.971193
0.99589,0.991561,0.971193,1.007062
0.993122,1.007092,1.007062,1.037868
1.033241,1.028169,1.037868,1.017568
1.017426,1.009589,1.017568,1.057105
1.063241,1.018996,1.057105,1.006281
1.001239,1.039947,1.006281,0.967541
0.993812,0.989757,0.967541,1.042581
1.008717,0.998706,1.042581,1.05198
1.051852,1.044041,1.05198,0.997647
1.015258,1.027295,0.997647,1.03066
1.023121,1.013285,1.03066,0.909611
0.99435,0.938021,0.909611,1.030189
0.9375,1.003812,1.030189,1.028083
1.042424,1.029114,1.028083,1.014252
1.00814,1.03444,1.014252,0.984778
0.979239,0.954816,0.984778,0.963139
1.0,0.996264,0.963139,1.016049
0.982332,1.01375,1.016049,0.989064
0.995204,0.985203,0.989064,0.9914
0.99759,1.002503,0.9914,0.997522
0.990338,0.992509,0.997522,1.1
1.080488,1.1,1.1,1.080135
1.1,1.06772,1.080135,1.064786
1.074872,0.952431,1.064786,0.949951
0.953244,1.063263,0.949951,1.003099
0.994995,1.002088,1.003099,0.989701
0.971831,0.9875,0.989701,0.970864
0.998965,0.970464,0.970864,1.003215
0.992746,0.998913,1.003215,1.010684
0.988518,0.992383,1.010684,0.986258
1.011616,1.01864,0.986258,0.969989
0.973904,0.968784,0.969989,1.018785
0.990354,1.003333,1.018785,1.001085
1.005411,1.009967,1.001085,0.991333
1.004306,1.001096,0.991333,1.027322
1.009646,0.996714,1.027322,1.007447
1.015924,1.017582,1.007447,0.973601
0.991641,0.991361,0.973601,0.908894
0.968388,0.904139,0.908894,1.0
0.926007,0.951807,1.0,1.022673
1.017626,1.063291,1.022673,1.007001
0.998845,0.991667,1.007001,1.01854
1.017341,1.032413,1.01854,0.996587
1.009091,1.004651,0.996587,0.992009
0.98536,0.993056,0.992009,0.980437
1.0,0.984848,0.980437,1.003521
1.001143,0.997633,1.003521,0.974269
0.979452,0.982206,0.974269,0.983193
0.972028,0.981884,0.983193,1.02442
1.010791,0.99385,1.02442,1.015495
1.010676,1.037129,1.015495,1.0
1.012911,1.01432,1.0,1.023474
1.017381,1.008235,1.023474,1.010321
1.01139,1.007001,1.010321,1.030647
1.036036,1.00927,1.030647,0.991189
0.983696,1.019518,0.991189,1.002222
1.012155,1.004505,1.002222,0.986696
0.982533,0.985426,0.986696,1.013483
1.012222,1.010239,1.013483,0.967849
1.001098,0.980856,0.967849,1.010309
0.968202,0.991963,1.010309,1.028345
1.03171,1.030093,1.028345,1.027563
1.059276,1.040449,1.027563,0.94206
0.970984,0.920086,0.94206,0.929385
0.900747,0.92723,0.929385,1.009804
0.978673,1.013924,1.009804,0.901699
0.984262,0.926342,0.901699,1.001346
0.942189,0.95283,1.001346,0.908602
0.962141,0.953324,0.908602,1.002959
0.933514,0.988131,1.002959,0.974926
1.00436,0.986486,0.974926,1.027231
0.995658,0.951294,1.027231,0.936672
0.986919,1.0112,0.936672,1.006289
0.954345,0.982595,1.006289,1.040625
1.033951,1.024155,1.040625,0.987988
0.997015,1.023585,0.987988,0.966565
0.994012,0.975422,0.966565,1.012579
0.975904,0.992126,1.012579,1.013975
1.018519,1.026984,1.013975,0.903522
0.980303,0.90881,0.903522,0.988136
0.924266,0.94898,0.988136,0.950257
0.978261,0.989247,0.950257,1.039711
0.991453,0.98913,1.039711,1.0
1.006897,1.027473,1.0,1.052083
1.041096,1.023173,1.052083,1.00165
1.0,1.034843,1.00165,1.016474
1.027961,1.021886,1.016474,0.97731
0.9904,0.991763,0.97731,0.985075
0.972536,0.963455,0.985075,1.043771
1.033223,1.02931,1.043771,1.014516
1.012862,1.030151,1.014516,1.0
1.02381,1.011382,1.0,0.993641
0.981395,0.995177,0.993641,1.0512
1.050553,1.017771,1.0512,1.003044
0.993985,1.012698,1.003044,1.007587
1.006051,1.015674,1.007587,0.908133
0.995489,0.92284,0.908133,1.008292
0.932024,0.996656,1.008292,0.947368
0.993517,0.939597,0.947368,1.034722
0.977162,1.030357,1.034722,1.057047
1.056761,1.036395,1.057047,1.001587
1.018957,1.048495,1.001587,0.987322
0.987597,0.969697,0.987322,1.027287
1.009419,1.029605,1.027287,1.0
1.0,0.98722,1.0,0.960938
0.979782,0.988673,0.960938,0.986992
0.988889,0.993453,0.986992,1.003295
0.982343,0.985173,1.003295,1.027915
1.035948,1.028428,1.027915,0.988818
0.990536,1.0,0.988818,0.987076
0.993631,0.986992,0.987076,1.02455
1.011218,1.008237,1.02455,1.028754
1.023772,1.02451,1.028754,1.023292
1.026316,1.027113,1.023292,0.990895
0.995475,1.007764,0.990895,1.006126
0.99697,0.998459,1.006126,0.981735
1.0,0.992284,0.981735,1.003101
0.987842,0.998445,1.003101,0.993818
1.009231,0.998442,0.993818,0.976672
0.981707,0.968799,0.976672,1.038217
1.013975,1.016103,1.038217,1.001534
1.007657,1.030111,1.001534,1.012251
1.012158,0.993846,1.012251,1.024206
1.024024,1.010836,1.024206,1.1
1.092375,1.026034,1.1,0.994631
1.042953,1.1,0.994631,0.985155
0.956242,0.964722,0.985155,1.016438
1.028264,1.026723,1.016438,0.971698
0.963351,0.975342,0.971698,1.01387
1.012228,1.011236,1.01387,1.008208
1.010738,1.015278,1.008208,0.995929
0.98672,0.994528,0.995929,0.970027
0.979812,0.977992,0.970027,1.004213
0.990385,1.0,1.004213,0.93986
1.001387,0.925457,0.93986,1.099702
1.023546,1.022796,1.099702,0.960758
0.975643,1.034175,0.960758,1.014085
1.018031,0.984195,1.014085,1.033333
1.014986,1.040876,1.033333,0.979839
1.004027,1.021038,0.979839,1.034294
1.010695,0.98489,1.034294,0.984085
1.0,1.026499,0.984085,1.056604
1.051587,1.005435,1.056604,0.991071
0.987421,1.032432,0.991071,1.033462
1.038217,1.006545,1.033462,0.941469
0.993865,0.979194,0.941469,0.989418
0.959259,0.970784,0.989418,1.009358
0.978121,1.005472,1.009358,0.981457
1.007895,1.0,0.981457,0.994602
0.966057,0.959184,0.994602,0.997286
1.014865,1.028369,0.997286,1.028571
1.007989,0.993103,1.028571,0.982804
1.002642,1.019444,0.982804,0.966353
0.972332,0.964578,0.966353,0.995822
0.98916,1.008475,0.995822,1.026573
1.009589,0.990196,1.026573,1.0
1.006784,1.026874,1.0,0.979564
0.987871,0.987603,0.979564,0.997218
1.0,0.993026,0.997218,1.002789
0.986357,0.990169,1.002789,1.005563
1.016598,1.012766,1.005563,0.990318
0.991837,0.995798,0.990318,1.1
1.080933,1.015471,1.1,1.027919
1.049492,1.084488,1.027919,0.996296
0.990326,1.016603,0.996296,1.004957
1.023199,1.011307,1.004957,1.004932
0.995227,0.998758,1.004932,0.991411
0.980815,1.001244,0.991411,0.976485
0.991443,0.967702,0.976485,0.953105
0.961776,0.964056,0.953105,1.011968
0.979487,0.998668,1.011968,1.036794
1.054974,1.0,1.036794,0.99493
0.987593,1.037333,0.99493,1.012739
1.016332,1.010283,1.012739,1.011321
1.001236,1.003817,1.011321,0.962687
0.992593,0.968314,0.962687,1.020672
0.985075,1.002618,1.020672,0.983544
1.001263,1.009138,0.983544,0.976834
0.989912,0.971539,0.976834,1.014493
0.983439,1.003995,1.014493,1.015584
1.014249,1.007958,1.015584,1.024297
1.034483,1.026316,1.024297,0.992509
1.017284,1.015385,0.992509,1.0
0.978155,0.993687,1.0,1.042767
1.033499,1.006353,1.042767,0.995175
1.0012,1.030303,0.995175,0.987879
0.986811,0.990196,0.987879,1.0
0.99514,0.998762,1.0,1.0
1.003663,0.995043,1.0,0.990184
0.99635,1.0,0.990184,1.01487
1.002442,0.986301,1.01487,1.017094
1.017052,1.030303,1.017094,1.036014
1.035928,1.01348,1.036014,0.989571
1.003468,1.020556,0.989571,1.003513
1.009217,1.001185,1.003513,1.003501
1.002283,1.0,1.003501,0.983721
0.981777,0.995266,0.983721,1.009456
1.00348,1.003567,1.009456,1.0
0.997688,1.005924,1.0,1.035129
1.033604,1.01649,1.035129,0.998869
1.014574,1.013905,0.998869,0.964892
0.992265,0.957714,0.964892,1.055164
1.018931,1.01432,1.055164,1.0
0.995628,1.04,1.0,0.979978
0.996707,0.973982,0.979978,1.011351
0.984581,1.010453,1.011351,1.021324
1.034676,1.013793,1.021324,1.004396
0.989189,1.011338,1.004396,0.983589
1.009836,1.006726,0.983589,1.021135
0.997835,0.978842,1.021135,0.996732
0.998915,1.030717,0.996732,1.008743
1.018458,1.0,1.008743,0.973998
0.986141,0.99117,0.973998,1.024472
0.998919,0.992205,1.024472,1.019544
1.027056,1.028058,1.019544,0.996805
1.010537,1.018559,0.996805,1.066239
1.058394,0.997856,1.066239,0.983968
0.989163,1.04189,0.983968,1.026477
1.01992,1.005155,1.026477,0.991071
0.994141,1.01641,0.991071,0.982983
0.986248,0.979818,0.982983,1.004073
1.0,1.005149,1.004073,0.975659
0.972112,0.968238,0.975659,0.989605
0.997951,0.998942,0.989605,1.023109
1.001027,1.001059,1.023109,0.989733
1.002051,1.017989,0.989733,0.998963
0.989765,0.989605,0.998963,0.944964
1.003102,0.953782,0.944964,0.985714
0.945361,0.97467,0.985714,0.998885
0.990185,1.00565,0.998885,1.018973
1.008811,1.002247,1.018973,0.984666
1.008734,1.003363,0.984666,1.004449
0.980519,1.001117,1.004449,0.990033
1.003311,0.997768,0.990033,0.96085
0.968097,0.954139,0.96085,1.009313
0.9875,1.009379,1.009313,0.985006
0.997699,0.988386,0.985006,1.029274
1.018454,1.001175,1.029274,0.996587
1.0,1.0223,0.996587,1.015982
1.01359,1.004592,1.015982,1.01236
1.023464,1.024,1.01236,0.988901
0.992358,0.993304,0.988901,0.970819
0.985699,0.970787,0.970819,1.009249
0.975446,0.99537,1.009249,1.005727
1.012586,1.010465,1.005727,0.995444
0.99774,1.001151,0.995444,1.003432
0.998867,1.003448,1.003432,1.018244
1.014739,0.989691,1.018244,1.011198
1.017877,1.021991,1.011198,0.996678
0.996707,1.01359,0.996678,0.986667
0.995595,0.988827,0.986667,1.031532
1.018805,1.00904,1.031532,0.995633
1.0,1.017917,0.995633,1.009868
1.001086,1.0033,1.009868,1.003257
1.005423,1.0,1.003257,0.989177
0.993528,0.997807,0.989177,0.990153
0.997828,0.989011,0.990153,1.00663
0.995647,1.0,1.00663,0.998902
1.0,1.006667,0.998902,0.995604
0.996721,0.993377,0.995604,1.013245
1.007675,1.002222,1.013245,0.972767
0.995647,0.987805,0.972767,0.986562
0.972678,0.98541,0.986562,1.003405
0.998876,0.998861,1.003405,0.994344
0.998875,1.0,0.994344,1.004551
0.998874,1.0,1.004551,1.003398
1.005637,1.006842,1.003398,1.001129
0.996637,0.997735,1.001129,0.998873
1.00225,1.001135,0.998873,0.981941
0.996633,0.975057,0.981941,1.010345
0.994369,1.017442,1.010345,1.005688
1.003398,1.001143,1.005688,1.012443
1.019187,1.007991,1.012443,0.998883
0.994463,1.010193,0.998883,0.997763
0.998886,0.998879,0.997763,1.001121
1.0,0.996633,1.001121,0.987682
0.998885,0.97973,0.987682,1.001134
0.989955,1.005747,1.001134,1.0
0.997745,1.003429,1.0,0.996602
1.00113,1.001139,0.996602,1.001136
1.0,0.998862,1.001136,1.023837
1.020316,0.998861,1.023837,1.005543
1.012168,1.025086,1.005543,0.982359
0.990164,0.988877,0.982359,0.993266
0.986755,0.993251,0.993266,1.00452
1.002237,1.001133,1.00452,0.975253
0.995536,0.979638,0.975253,1.0
0.9787,0.990762,1.0,1.002307
0.998855,1.005828,1.002307,1.008055
1.005734,1.003476,1.008055,0.996575
1.0,0.990762,0.996575,0.997709
1.0,1.012821,0.997709,0.958668
1.0,0.959724,0.958668,1.0
0.957811,0.994005,1.0,0.97485
0.996429,0.978287,0.97485,1.001229
0.982079,0.993835,1.001229,1.009816
1.007299,1.011166,1.009816,1.003645
1.007246,1.011043,1.003645,1.002421
1.005995,0.985437,1.002421,1.014493
1.013111,1.01601,1.014493,0.995238
0.987059,1.003636,0.995238,0.98445
0.997616,0.985507,0.98445,1.00486
0.988053,0.992647,1.00486,0.993954
1.007255,1.01358,0.993954,0.998783
0.991597,0.998782,0.998783,1.003654
1.003632,0.997561,1.003654,0.995146
0.995175,1.0,0.995146,1.023171
1.01697,1.003667,1.023171,1.010727
1.015495,1.01218,1.010727,0.989387
0.991784,1.004813,0.989387,0.992849
0.99645,0.997605,0.992849,1.030012
1.024941,1.007203,1.030012,0.990676
0.998841,1.009535,0.990676,0.998824
0.990719,0.992916,0.998824,0.976443
1.0,0.984542,0.976443,1.004825
0.98829,0.987923,1.004825,0.966387
0.982227,0.953545,0.966387,1.013665
0.986731,1.025641,1.013665,1.009804
1.02445,1.0125,1.009804,0.992718
0.990453,1.008642,0.992718,1.02445
1.014458,0.995104,1.02445,1.004773
1.004751,1.02706,1.004773,0.997625
0.995272,0.997605,0.997625,1.00119
1.0,0.996399,1.00119,1.002378
1.004751,1.009639,1.002378,0.989324
0.997636,0.994033,0.989324,1.017986
1.010664,1.0012,1.017986,0.994111
0.997655,1.005995,0.994111,1.003555
0.996475,0.998808,1.003555,1.009445
1.012972,1.01074,1.009445,1.017544
1.029104,1.005903,1.017544,0.998851
1.0,1.011737,0.998851,0.995397
0.984163,0.9942,0.995397,0.995376
0.997701,1.001167,0.995376,1.017422
1.028802,0.998834,1.017422,0.993151
1.003359,1.012835,0.993151,1.022989
0.99442,0.997696,1.022989,1.002247
1.013468,1.020785,1.002247,1.013453
1.008859,1.004525,1.013453,0.981195
0.992316,0.992117,0.981195,0.997745
0.990044,1.0,0.997745,0.986441
0.995531,0.988649,0.986441,1.008018
0.987654,1.002296,1.008018,0.996591
1.004545,0.998855,0.996591,0.99886
0.997738,1.0,0.99886,1.0
0.995465,0.998853,1.0,1.003425
1.003417,1.002296,1.003425,0.995449
0.99773,0.996564,0.995449,0.992
0.994312,0.994253,0.992,0.981567
0.995423,0.982659,0.981567,1.003521
0.983908,1.001176,1.003521,1.010526
1.009346,1.0,1.010526,0.996528
1.002315,1.011751,0.996528,1.003484
1.001155,0.995354,1.003484,1.018519
1.019608,1.008168,1.018519,0.984091
0.998869,0.998843,0.984091,1.003464
0.98641,0.997683,1.003464,1.01611
1.01837,1.004646,1.01611,1.006795
1.011274,1.009249,1.006795,0.996625
0.995541,0.993127,0.996625,1.012415
1.010078,1.014994,1.012415,1.013378
1.028825,1.022727,1.013378,0.9967
0.991379,1.002222,0.9967,1.00883
1.008696,0.986696,1.00883,1.002188
1.011853,1.020225,1.002188,0.992358
0.994675,0.982379,0.992358,1.013201
0.988223,1.008969,1.013201,0.998914
1.002167,1.013333,0.998914,0.981522
0.992432,0.989035,0.981522,0.991141
0.989107,0.986696,0.991141,1.052514
1.048458,1.002247,1.052514,0.995754
1.017857,1.038117,0.995754,0.997868
0.972136,0.99784,0.997868,0.967949
0.991507,0.97619,0.967949,1.001104
0.989293,0.995565,1.001104,1.007718
0.998918,1.005568,1.007718,0.982495
0.986999,0.985604,0.982495,1.034521
1.021954,1.010112,1.034521,1.002153
1.006445,1.024472,1.002153,0.970999
0.993597,0.968512,0.970999,0.984513
0.978518,0.992152,0.984513,1.010112
0.997805,1.00565,1.010112,1.010011
1.0011,0.983146,1.010011,1.009912
1.014286,1.032,1.009912,1.011996
1.014085,1.009967,1.011996,1.006466
1.002137,1.005482,1.006466,0.992505
1.003198,1.006543,0.992505,0.977346
0.981934,0.980498,0.977346,0.993377
0.988095,0.98895,0.993377,1.006667
0.994524,1.001117,1.006667,0.948124
1.001101,0.948661,0.948124,1.006985
0.953795,0.989412,1.006985,1.004624
1.010381,1.019025,1.004624,1.001151
1.0,1.011669,1.001151,1.013793
1.007991,0.987313,1.013793,0.995465
1.002265,1.022196,0.995465,0.992027
0.99209,0.990857,0.992027,0.988519
0.995444,0.987313,0.988519,0.970964
0.982838,0.968458,0.970964,0.976077
0.975553,0.9807,0.976077,1.014706
0.99284,0.99877,1.014706,1.022947
1.019231,1.017241,1.022947,0.992916
1.003538,1.016949,0.992916,1.001189
1.0047,1.0,1.001189,0.988124
0.985965,0.985714,0.988124,1.007212
0.998814,0.995169,1.007212,1.01432
1.016627,1.01699,1.01432,0.997647
0.996495,1.008353,0.997647,1.017689
1.011723,1.002367,1.017689,1.001159
1.003476,1.014168,1.001159,1.001157
1.001155,1.002328,1.001157,1.0
1.012687,1.002323,1.0,1.009249
0.998861,0.997683,1.009249,0.993127
1.002281,1.005807,0.993127,1.009227
1.0,0.997691,1.009227,1.017143
1.021615,1.015046,1.017143,0.996629
0.991091,1.005701,0.996629,1.006764
1.013483,1.004535,1.006764,1.00224
0.994457,1.004515,1.00224,0.985475
1.00223,0.986517,0.985475,1.001134
0.985539,0.984055,1.001134,1.023783
1.022573,1.017361,1.023783,0.997788
1.001104,1.018203,0.997788,1.004435
1.014333,1.0,1.004435,1.011038
1.001087,1.008939,1.011038,0.995633
1.001086,1.006645,0.995633,1.004386
0.994577,0.9967,1.004386,0.990175
1.003272,0.998896,0.990175,0.974642
0.96087,0.962431,0.974642,0.998869
1.004525,1.001148,0.998869,0.997735
0.994369,1.001147,0.997735,0.955732
0.961495,0.927835,0.955732,0.998812
1.002356,1.028395,0.998812,0.995244
0.992949,0.991597,0.995244,0.994026
0.989349,1.0,0.994026,0.99399
0.996411,0.997579,0.99399,0.974607
0.992797,0.970874,0.974607,1.028536
1.002418,1.0075,1.028536,1.00965
1.010856,1.01737,1.00965,1.010753
1.020286,1.017073,1.010753,1.1
1.088889,1.044365,1.1,1.074114
1.099893,1.1,1.074114,1.028
1.021484,1.029167,1.028,1.1
1.081262,1.02834,1.1,1.007073
1.028294,1.082677,1.007073,1.006146
0.995701,1.015455,1.006146,1.014834
1.016408,1.003581,1.014834,0.959587
0.980459,0.981267,0.959587,1.040323
1.017331,1.002727,1.040323,0.971576
0.983816,1.014506,0.971576,1.001773
1.05974,1.0,1.001773,1.007965
0.956699,0.992851,1.007965,0.986831
0.982067,1.0018,0.986831,0.941281
0.973913,0.929021,0.941281,1.011342
0.959821,1.008704,1.011342,0.973832
0.990698,0.974113,0.973832,1.027831
1.015962,1.018701,1.027831,1.003735
1.010166,1.026087,1.003735,0.987907
1.000915,0.989642,0.987907,1.074388
1.064899,0.992388,1.074388,1.032428
1.024034,1.081496,1.032428,0.993209
0.995809,1.014184,0.993209,1.002564
1.005892,1.007867,1.002564,0.971867
0.992469,0.984389,0.971867,1.004386
0.989882,0.993833,1.004386,0.947598
0.942078,0.947695,0.947598,1.039631
1.027125,1.013096,1.039631,1.1
1.09243,1.061865,1.1,0.987107
1.023368,1.033043,0.987107,0.977959
0.959843,0.995791,0.977959,0.979132
0.983593,0.976331,0.979132,0.978687
0.986656,0.984416,0.978687,1.003484
0.978022,0.996482,1.003484,0.965278
0.990493,0.970874,0.965278,0.988309
0.97993,0.997273,0.988309,0.99636
0.993767,0.989061,0.99636,1.018265
1.001792,1.004608,1.018265,0.967713
0.998211,0.988073,0.967713,1.003707
0.977599,0.9935,1.003707,0.996307
0.999083,1.001869,0.996307,0.977757
0.995413,0.979478,0.977757,1.015166
0.993548,1.011429,1.015166,1.004669
1.004638,0.99435,1.004669,0.996283
0.99446,1.003788,0.996283,1.013993
1.02507,1.001887,1.013993,0.974241
0.980978,0.995292,0.974241,0.939566
0.977839,0.939451,0.939566,1.005025
0.949008,0.996979,1.005025,0.998
1.000995,1.00303,0.998,0.973948
0.994036,0.977845,0.973948,1.004115
0.981,1.0,1.004115,1.033811
1.034659,1.017508,1.033811,1.085233
1.092611,1.055668,1.085233,0.998174
0.995491,1.030681,0.998174,0.999085
1.003623,1.00093,0.999085,0.989011
0.990975,1.000929,0.989011,0.977778
0.996357,0.977716,0.977778,1.03125
1.003656,0.99905,1.03125,0.992654
1.000911,1.022814,0.992654,0.985199
0.986351,0.982342,0.985199,1.033803
1.027675,1.027436,1.033803,0.985468
0.992819,0.994475,0.985468,1.003687
0.988246,0.984259,1.003687,1.011019
1.018298,1.018815,1.011019,1.025431
1.018868,1.010157,1.025431,0.963685
0.992063,0.992687,0.963685,0.965074
0.964444,0.961326,0.965074,1.02381
0.999078,1.006705,1.02381,0.99907
1.0,1.011418,0.99907,0.982309
0.989852,0.98683,0.982309,0.979147
0.986952,0.972355,0.979147,1.018393
0.996223,0.998039,1.018393,1.006654
1.008531,1.022593,1.006654,1.008499
1.016917,1.012488,1.008499,0.996255
0.992606,1.004744,0.996255,0.988722
0.996276,0.989613,0.988722,1.01711
1.008411,1.01145,1.01711,0.981308
0.991659,0.983019,0.981308,0.990476
0.978505,0.991363,0.990476,0.996154
1.002865,1.0,0.996154,1.007722
1.013333,0.998064,1.007722,0.98659
0.984962,0.981571,0.98659,1.015534
0.999046,1.013834,1.015534,0.983748
1.00382,0.997076,0.983748,0.972789
0.992388,0.977517,0.972789,1.000999
0.971237,0.993,1.000999,0.977046
0.990128,0.980866,0.977046,1.025536
1.003988,1.00308,1.025536,1.00996
1.008937,1.019447,1.00996,0.99211
1.001969,1.006024,0.99211,1.001988
0.997053,0.994012,1.001988,0.999008
1.006897,1.01004,0.999008,0.979146
0.983366,0.972167,0.979146,1.006085
0.99005,1.0,1.006085,0.980847
0.996985,0.992843,0.980847,1.017472
0.997984,0.99897,1.017472,1.005051
1.007071,1.016495,1.005051,1.001005
1.01003,0.997972,1.001005,1.01506
1.010924,1.01626,1.01506,0.990109
0.991159,0.992,0.990109,0.986014
0.994054,0.989919,0.986014,1.001013
0.987039,0.99389,1.001013,1.003036
1.00303,1.009221,1.003036,0.983855
0.996979,0.986802,0.983855,0.996923
0.987879,0.980453,0.996923,1.0
1.0,1.01469,1.0,0.981481
0.990798,0.985522,0.981481,1.015723
1.002064,1.002099,1.015723,1.002064
1.008239,1.008377,1.002064,1.029866
1.029622,1.007269,1.029866,1.01
1.009921,1.027835,1.01,1.010891
1.006876,1.006018,1.010891,1.0
1.0,1.010967,1.0,1.0
1.0,1.0,1.0,1.033301
1.049756,1.003945,1.033301,1.007583
0.999071,1.021611,1.007583,1.001881
1.010233,1.015385,1.001881,0.988732
0.984346,0.981061,0.988732,1.002849
0.994387,1.008687,1.002849,1.001894
1.009407,1.001914,1.001894,1.0
1.017707,1.004776,1.0,1.011342
0.981685,0.980989,1.011342,0.998131
1.011194,1.020349,0.998131,1.002809
0.999077,1.011396,1.002809,1.023343
1.024007,0.999061,1.023343,1.002737
0.998197,1.020677,1.002737,0.990901
1.000903,0.998158,0.990901,0.990817
0.987365,0.98893,0.990817,0.994439
0.994516,0.999067,0.994439,1.010252
1.003676,0.998133,1.010252,0.995387
1.017399,1.002806,0.995387,0.981464
0.976598,0.98694,0.981464,0.991501
0.979724,0.985822,0.991501,0.965714
1.000941,0.966443,0.965714,1.006903
0.962406,0.990079,1.006903,1.013712
1.011719,1.001002,1.013712,0.948792
0.989382,0.980981,0.948792,1.011202
0.993171,0.993878,1.011202,1.007049
0.98723,1.014374,1.007049,0.92
0.977114,0.910931,0.92,1.021739
0.97556,1.041111,1.021739,1.006383
1.003132,1.005336,1.006383,1.006342
0.994797,1.002123,1.006342,1.019958
1.021967,1.014831,1.019958,1.005149
1.004094,1.009395,1.005149,1.015369
1.011213,1.005171,1.015369,0.9889
1.0,1.007202,0.9889,0.990816
0.985887,0.980592,0.990816,1.011329
1.005112,1.002083,1.011329,0.983707
0.992879,1.003119,0.983707,0.99793
0.995902,0.992746,0.99793,1.024896
1.01749,1.003132,1.024896,0.993927
1.0091,1.019771,0.993927,1.005092
0.990982,0.996939,1.005092,1.004053
1.003033,1.004094,1.004053,1.024218
1.03125,1.013252,1.024218,0.999015
0.997067,1.013078,0.999015,0.976331
0.995098,0.980139,0.976331,0.99596
0.974384,0.990881,0.99596,1.010142
1.020222,1.005112,1.010142,1.028112
1.015857,1.009156,1.028112,0.99707
1.016585,1.025202,0.99707,0.988247
0.993282,0.988201,0.988247,1.003964
0.990338,0.997015,1.003964,0.909181
0.952195,0.91018,0.909181,1.003257
0.94877,0.987939,1.003257,1.046537
1.051836,1.034406,1.046537,0.961737
0.975359,0.994635,0.961737,1.021505
1.002105,1.0,1.021505,0.998947
1.014706,1.014024,0.998947,0.981033
0.983437,0.988298,0.981033,1.008593
1.0,0.979548,1.008593,0.980831
0.988421,1.010989,0.980831,1.005429
0.992545,0.990217,1.005429,1.0054
0.998927,1.006586,1.0054,1.003222
1.01826,1.017448,1.003222,0.982869
0.987342,0.982851,0.982869,1.001089
0.990385,0.998909,1.001089,1.0
1.006472,0.997817,1.0,0.967356
0.986066,0.968271,0.967356,0.991001
0.976087,0.971751,0.991001,0.998865
0.993318,1.022093,0.998865,0.938636
0.986547,0.936291,0.938636,1.012107
0.9625,1.001215,1.012107,1.019139
1.010626,1.014563,1.019139,0.99061
0.994159,1.004785,0.99061,0.978673
1.005875,0.979762,0.978673,1.008475
0.975467,0.998785,1.008475,1.002401
1.011976,1.009732,1.002401,1.003593
0.992899,0.990361,1.003593,0.997613
1.002384,1.012165,0.997613,1.021531
1.016647,1.00601,1.021531,1.002342
1.003509,1.016726,1.002342,1.002336
1.008159,1.003525,1.002336,1.002331
0.996532,1.001171,1.002331,0.988372
1.00232,0.991813,0.988372,1.003529
0.991898,1.002358,1.003529,1.001172
0.997666,0.990588,1.001172,0.98829
0.996491,1.001188,0.98829,1.029621
1.024648,1.001186,1.029621,0.996548
0.995418,1.016588,0.996548,1.013857
1.029919,1.020979,1.013857,1.009112
0.991061,0.995434,1.009112,0.977427
1.0,0.991972,0.977427,1.008083
1.0,1.0,1.008083,1.009164
1.005637,1.010405,1.009164,0.986379
0.986547,0.987414,0.986379,0.989643
0.994318,0.995365,0.989643,0.955814
0.961143,0.955763,0.955814,1.010949
0.991677,0.998782,1.010949,1.00361
1.009592,1.003659,1.00361,1.001199
1.0,1.009721,1.001199,1.007186
1.0,0.995187,1.007186,1.005945
1.005938,1.009674,1.005945,0.992908
1.009445,1.00479,0.992908,0.97381
0.983626,0.969011,0.97381,0.98533
0.97503,0.98893,0.98533,1.008685
0.996341,1.002488,1.008685,0.98647
0.998776,0.993797,0.98647,0.996259
0.992647,0.995006,0.996259,0.981227
0.991358,0.968632,0.981227,0.906888
0.958904,0.914508,0.906888,1.019691
0.95974,0.992918,1.019691,0.983448
1.005413,1.012839,0.983448,1.012623
0.97712,0.973239,1.012623,1.009695
1.033058,1.053546,1.009695,1.001372
0.978667,0.978022,1.001372,0.982192
1.0,0.997191,0.982192,0.988842
0.985014,0.997183,0.988842,1.028209
1.012448,1.001412,1.028209,0.97668
1.004098,0.991537,0.97668,1.021067
0.995918,1.009957,1.021067,0.983494
0.994536,1.001408,0.983494,0.973427
0.987637,0.97609,0.973427,1.015805
0.991655,0.989914,1.015805,0.988685
0.981767,1.005822,0.988685,1.012876
1.018571,1.011577,1.012876,0.975989
0.980365,0.979971,0.975989,1.026049
1.017167,1.008759,1.026049,0.99859
1.0,1.017366,0.99859,1.001412
1.0,1.001422,1.001412,1.018336
1.042194,0.991477,1.018336,0.98892
0.977058,1.02149,0.98892,0.992997
0.98895,0.987377,0.992997,1.015515
1.009777,1.00142,1.015515,1.038889
1.037344,1.015603,1.038889,1.008021
1.013333,1.034916,1.008021,0.990716
0.997368,1.006748,0.990716,0.997323
1.001319,0.997319,0.997323,0.991946
0.98419,0.989247,0.991946,1.0
0.998661,0.997283,1.0,1.005413
1.00134,1.001362,1.005413,0.991925
1.009371,1.0,0.991925,0.962008
0.969496,0.952381,0.962008,0.992948
0.974008,1.002857,0.992948,0.987216
0.991573,0.982906,0.987216,1.02446
1.009915,1.007246,1.02446,0.985955
1.004208,1.005755,0.985955,1.014245
1.0,0.997139,1.014245,1.0
1.0,1.014347,1.0,0.997191
0.99162,0.990099,0.997191,0.995775
1.0,1.005714,0.995775,0.980198
0.997183,0.981534,0.980198,0.998557
0.985876,0.98987,0.998557,0.991329
1.001433,1.001462,0.991329,1.005831
0.989986,0.991241,1.005831,1.005797
1.007225,1.004418,1.005797,0.997118
0.998565,1.004399,0.997118,1.00289
1.0,1.00146,1.00289,0.997118
1.0,0.998542,0.997118,1.015896
1.011494,1.010219,1.015896,1.00569
1.004261,1.013006,1.00569,1.004243
1.009901,1.005706,1.004243,0.991549
0.995798,0.997163,0.991549,1.0
0.998594,0.998578,1.0,0.988636
0.991549,0.975783,0.988636,1.012931
1.002841,1.011679,1.012931,0.992908
1.009915,1.010101,0.992908,0.988571
0.985975,0.987143,0.988571,1.007225
0.998578,1.0,1.007225,0.984218
0.994302,0.991317,0.984218,1.002915
0.989971,0.992701,1.002915,0.998547
1.001447,1.004412,0.998547,1.011645
1.024566,1.010249,1.011645,1.007194
0.992948,1.002899,1.007194,0.987143
0.991477,0.99711,0.987143,1.013025
1.007163,0.992754,1.013025,1.01
1.009957,1.016058,1.01,0.994342
0.997183,1.008621,0.994342,1.018492
1.011299,1.001425,1.018492,0.997207
0.998603,1.009957,0.997207,1.008403
1.01958,1.011268,1.008403,0.994444
0.998628,0.995822,0.994444,1.00838
0.995879,1.002797,1.00838,0.968144
0.986207,0.973501,0.968144,1.002861
0.987413,1.001433,1.002861,0.998573
1.0,0.995708,0.998573,0.911429
0.974504,0.905172,0.911429,0.990596
0.930233,0.961905,0.990596,0.973101
0.996875,1.014851,0.973101,0.982114
0.978056,0.977236,0.982114,1.013245
1.0,1.001664,1.013245,0.982026
0.980769,0.990033,0.982026,1.026622
1.009804,0.991611,1.026622,1.063209
1.085761,1.050761,1.063209,0.971037
0.979136,1.020934,0.971037,1.00157
0.986301,0.993691,1.00157,1.004702
0.992284,0.97619,1.004702,1.00156
1.018663,1.04065,1.00156,0.996885
0.987786,0.99375,0.996885,1.007812
1.001546,0.988994,1.007812,1.013953
1.015432,1.020668,1.013953,0.993884
1.010638,1.012461,0.993884,1.041538
1.027068,1.013846,1.041538,1.005908
0.998536,1.01214,1.005908,1.007342
1.02346,1.010495,1.007342,0.983965
0.985673,1.0,0.983965,0.988148
0.994186,0.989614,0.988148,0.998501
0.983918,0.997001,0.998501,1.037538
1.028232,1.007519,1.037538,1.028944
1.040462,1.019403,1.028944,0.985935
0.990278,1.021962,0.985935,1.012839
0.995792,0.992837,1.012839,1.029577
1.04507,1.018759,1.029577,1.010944
1.01752,1.024079,1.010944,0.968877
0.98543,0.987552,0.968877,1.015363
0.981183,0.988796,1.015363,1.006878
1.028767,1.029745,1.006878,0.954918
0.970706,0.94773,0.954918,1.025751
1.024691,1.039187,1.025751,0.988842
0.967871,0.984637,0.988842,1.005642
0.988935,0.990071,1.005642,0.973352
1.005594,0.989971,0.973352,1.004323
0.979138,0.98987,1.004323,1.064562
1.089489,1.081871,1.064562,0.991914
0.968709,0.982432,0.991914,0.978261
0.981157,0.983494,0.978261,0.973611
0.986283,0.98042,0.973611,1.002853
0.984701,0.998573,1.002853,0.981508
0.990113,0.982857,0.981508,1.007246
0.998573,1.005814,1.007246,1.001439
1.004286,1.001445,1.001439,1.012931
1.009957,1.001443,1.012931,0.97305
0.991549,0.987032,0.97305,0.998542
0.978693,0.979562,0.998542,0.989781
0.994194,1.004471,0.989781,0.988201
0.99562,0.991098,0.988201,1.004478
0.98827,0.995509,1.004478,0.994056
0.995549,0.998496,0.994056,1.020927
1.020864,1.003012,1.020927,0.985359
0.988321,0.983483,0.985359,1.013373
1.022157,1.019847,1.013373,1.0
1.010116,1.020958,1.0,1.02346
1.008584,1.001466,1.02346,1.0
1.011348,1.019034,1.0,0.992837
0.995792,0.991379,0.992837,1.036075
1.014085,0.989855,1.036075,1.0
1.0,1.039531,1.0,0.986072
0.993056,0.995775,0.986072,0.998588
1.006993,1.0,0.998588,0.991513
0.9875,0.988685,0.991513,1.009986
0.995781,0.998569,1.009986,0.992938
1.008475,1.002865,0.992938,1.009957
0.994398,0.997143,1.009957,0.987324
1.0,1.002865,0.987324,0.997147
0.994366,0.997143,0.997147,1.012876
1.002833,1.001433,1.012876,1.004237
1.011299,1.007153,1.004237,0.981716
0.993017,0.991477,0.981716,1.0
0.987342,0.995702,1.0,0.998567
1.001425,1.0,0.998567,1.001435
1.004267,1.001439,1.001435,0.995702
0.995751,0.997126,0.995702,0.979856
0.987198,0.9683,0.979856,1.014684
1.012968,1.013393,1.014684,0.998553
0.992888,1.005874,0.998553,1.02029
1.008596,1.011679,1.02029,1.012784
1.014205,1.01443,1.012784,1.001403
1.005602,1.009957,1.001403,1.019608
1.020891,1.002817,1.019608,1.0
1.002729,1.008427,1.0,0.990385
0.991837,1.001393,0.990385,1.022191
1.010974,1.005563,1.022191,1.001357
1.017639,1.009682,1.001357,0.99729
0.984,0.994521,0.99729,0.991848
1.00813,1.0,0.991848,1.057534
1.038978,1.001377,1.057534,1.049223
1.056921,1.063274,1.049223,0.979012
1.0,1.020699,0.979012,1.015132
1.011016,1.007605,1.015132,0.998758
0.997579,1.006289,0.998758,0.997512
0.978155,0.985,0.997512,1.006234
1.022333,1.017766,1.006234,1.003717
0.984223,0.993766,1.003717,1.025926
1.024661,1.013802,1.025926,1.070999
1.080626,1.003713,1.070999,0.917978
0.977728,1.004932,0.917978,1.051408
0.985194,1.001227,1.051408,0.998836
1.008092,1.029412,0.998836,0.984848
0.99656,1.00119,0.984848,1.005917
1.029919,1.001189,1.005917,1.011765
0.981006,1.0,1.011765,1.02907
1.012528,1.016627,1.02907,1.037288
1.077615,1.024533,1.037288,1.01634
0.985386,1.029647,1.01634,0.991426
0.997881,1.016611,0.991426,1.033514
1.023355,1.003268,1.033514,0.962343
0.985477,0.994571,0.962343,0.96087
0.98,0.962882,0.96087,1.016968
0.968851,0.992063,1.016968,0.973304
0.996674,0.996571,0.973304,1.050286
1.030033,1.00344,1.050286,1.022851
1.028078,1.051429,1.022851,0.988298
0.989496,1.002174,0.988298,1.050592
1.045648,0.997831,1.050592,0.989754
0.994924,1.042391,0.989754,0.975155
0.991837,0.970803,0.975155,1.0
0.979424,0.997852,1.0,0.992569
0.991597,0.992465,0.992569,0.983957
0.997881,0.994577,0.983957,0.996739
0.985138,0.986914,0.996739,0.985823
1.009698,0.996685,0.985823,1.021018
0.989328,0.981153,1.021018,1.023835
1.038835,1.036158,1.023835,0.992593
1.005192,1.02072,0.992593,0.981876
0.965909,0.967949,0.981876,1.001086
1.035294,1.013245,1.001086,0.983731
0.94938,0.970588,0.983731,0.996692
0.989119,0.997755,0.996692,0.956858
1.0022,0.970754,0.956858,0.987283
0.95719,0.986095,0.987283,0.976581
0.986239,0.972973,0.976581,1.058753
1.039535,1.035024,1.058753,0.964892
0.993289,0.98133,0.964892,1.049296
1.016892,1.021403,1.049296,0.980984
0.99557,1.010477,0.980984,0.965792
0.969967,0.97235,0.965792,1.025974
1.001147,0.973934,1.025974,0.971231
0.991982,1.024331,0.971231,0.977488
0.976905,0.977435,0.977488,1.019394
0.998818,1.006075,1.019394,1.007134
1.007101,1.009662,1.007134,0.959858
0.9953,0.9689,0.959858,0.98893
0.961039,0.97284,0.98893,1.017413
1.0086,1.017766,1.017413,0.984108
0.998782,0.997506,0.984108,1.014907
1.034146,0.995,1.014907,0.988984
0.965802,1.006281,0.988984,1.018564
1.007326,1.001248,1.018564,0.996355
1.012121,1.017456,0.996355,1.013415
1.00479,0.995098,1.013415,0.98917
0.984505,1.001232,0.98917,1.008516
1.01937,1.01599,1.008516,0.996381
0.990499,0.993947,0.996381,0.986683
0.991607,0.989038,0.986683,1.009816
1.007255,1.012315,1.009816,0.99514
0.995198,0.993917,0.99514,1.013431
1.003619,0.998776,1.013431,1.027711
1.02524,1.01348,1.027711,0.996483
1.0,1.019347,0.996483,1.001176
1.002345,0.995255,1.001176,0.984724
0.997661,0.997616,0.984724,1.00716
0.989449,0.998805,1.00716,0.998815
1.001185,1.001196,0.998815,1.010676
1.027219,1.015532,1.010676,1.0223
1.014977,0.997647,1.0223,1.005741
1.00227,1.024764,1.005741,0.989726
0.994337,0.993096,0.989726,0.981546
0.989749,0.973349,0.981546,1.005875
0.997699,1.005952,1.005875,1.010514
1.008074,1.015385,1.010514,0.997688
0.995423,0.997669,0.997688,1.026651
1.01954,1.023364,1.026651,0.997743
1.001127,1.002283,0.997743,1.003394
1.005631,1.003417,1.003394,1.0
1.003359,1.0,1.0,0.998873
0.995536,1.00227,0.998873,0.975169
0.995516,0.967157,0.975169,1.0
0.980856,1.001171,1.0,0.946759
0.966705,0.954386,0.946759,0.993888
0.985748,0.990196,0.993888,1.00984
0.991566,1.006188,1.00984,1.017052
1.024301,0.99631,1.017052,1.002395
1.002372,1.02963,1.002395,0.995221
0.995266,0.997602,0.995221,0.984394
0.989298,0.985577,0.984394,1.003659
1.004808,1.002439,1.003659,0.985419
0.992823,0.984185,0.985419,1.006165
0.984337,1.0,1.006165,1.004902
1.01224,1.008653,1.004902,0.995122
0.993954,0.996324,0.995122,1.0
0.995134,0.99754,1.0,0.993873
0.998778,0.996301,0.993873,1.006165
1.007344,1.002475,1.006165,0.995098
0.99271,1.0,0.995098,0.988916
0.995104,0.987654,0.988916,0.968867
0.96925,0.96375,0.968867,0.970437
0.982234,0.976654,0.970437,0.978808
0.963824,0.960159,0.978808,0.994587
0.997319,1.015214,0.994587,1.013605
1.005376,1.002725,1.013605,0.981208
1.001337,0.98913,0.981208,1.01368
0.991989,1.005495,1.01368,1.00135
1.006729,0.998634,1.00135,1.006739
1.012032,1.02052,1.006739,1.004016
0.990753,0.979893,1.004016,1.0
1.009333,1.023256,1.0,1.028
1.018494,1.009358,1.028,0.997406
1.005188,1.01457,0.997406,1.002601
1.002581,1.001305,1.002601,0.994812
1.0,0.997392,0.994812,0.996089
0.992278,0.997386,0.996089,0.98822
0.984436,0.976409,0.98822,1.02649
1.025033,1.020134,1.02649,0.990968
0.996144,1.009211,0.990968,0.990885
0.996129,0.98957,0.990885,0.982917
0.994819,0.980237,0.982917,1.018717
0.996094,1.002688,1.018717,1.006562
1.005229,1.014745,1.006562,1.014342
1.011704,1.006605,1.014342,1.006427
1.024422,1.023622,1.006427,0.998723
0.989962,0.992308,0.998723,1.011509
1.00507,1.010336,1.011509,0.994943
0.997478,0.998721,0.994943,0.998729
1.001264,1.002561,0.998729,1.003817
0.997475,1.001277,1.003817,0.993663
1.002532,0.997449,0.993663,0.975765
0.989899,0.975703,0.975765,1.002614
0.983418,1.0,1.002614,1.001304
0.997406,0.998689,1.001304,0.996094
1.003901,0.998688,0.996094,0.976471
0.989637,0.975033,0.976471,0.997323
0.984293,1.002695,0.997323,0.994631
0.994681,0.990591,0.994631,0.995951
0.995989,0.998643,0.995951,0.998645
1.001342,1.001359,0.998645,0.995929
0.991957,0.993216,0.995929,1.002725
0.998649,1.002732,1.002725,1.006793
1.00406,0.995913,1.006793,1.008097
1.006739,1.010944,1.008097,1.001339
1.006693,0.998647,1.001339,1.024064
1.029255,1.025745,1.024064,0.994778
0.992248,1.002642,0.994778,1.002625
1.002604,1.002635,1.002625,0.98822
0.994805,0.990802,0.98822,0.977483
0.990862,0.974801,0.977483,0.99458
0.972332,0.985034,0.99458,1.004087
1.00271,1.009669,1.004087,0.994573
1.0,1.001368,0.994573,0.997271
0.993243,0.989071,0.997271,1.005472
1.002721,1.0,1.005472,1.020408
1.037992,1.013812,1.020408,0.984
0.979085,1.00545,0.984,0.98916
0.987984,0.985095,0.98916,0.993151
0.989189,0.995873,0.993151,1.005517
1.001366,0.995856,1.005517,0.997257
1.002729,1.008322,0.997257,1.006878
1.002721,0.997249,1.006878,0.990437
0.995929,0.998621,0.990437,1.001379
0.99455,0.998619,1.001379,1.00551
1.013699,1.006916,1.00551,0.967123
0.982432,0.968407,0.967123,1.0
0.975241,0.992908,1.0,1.001416
1.002821,1.002857,1.001416,1.0
0.997187,1.002849,1.0,0.983027
0.99859,0.987216,0.983027,1.004317
0.990113,0.997122,1.004317,1.012894
1.008559,1.007215,1.012894,0.98727
1.0,0.997135,0.98727,1.0
0.98727,0.99569,1.0,0.998567
1.010029,1.0,0.998567,1.012912
1.007092,1.004329,1.012912,0.998584
0.997183,1.008621,0.998584,0.994326
0.998588,0.995726,0.994326,0.992867
0.994342,0.994278,0.992867,1.002874
0.998578,0.998561,1.002874,1.001433
1.0,1.002882,1.001433,1.0
0.997151,0.997126,1.0,0.995708
1.0,1.001441,0.995708,1.008621
1.005714,1.001439,1.008621,1.005698
1.004261,1.005747,1.005698,1.0
1.005658,1.004286,1.0,1.001416
0.997187,1.0,1.001416,1.008487
1.009873,1.004267,1.008487,0.990182
0.99581,0.998584,0.990182,1.021246
1.01122,1.007092,1.021246,1.009709
1.009709,1.009859,1.009709,1.016484
1.021978,1.011158,1.016484,0.991892
1.0,1.009655,0.991892,1.002725
0.991935,1.0,1.002725,0.993207
1.001355,0.995902,0.993207,0.976744
0.987821,0.97668,0.976744,1.005602
0.986301,1.001404,1.005602,0.995822
1.0,1.0,0.995822,1.00979
1.004167,1.002805,1.00979,0.99723
1.011065,1.005594,0.99723,1.020833
1.008208,0.994437,1.020833,0.998639
