1.012403,1.019417,1.007862,1.00936
1.01072,1.001587,1.00936,0.952087
0.975758,0.969889,0.952087,1.0
1.0,1.0,1.0,1.1
1.052795,1.017974,1.1,1.036873
1.054572,1.094703,1.036873,1.008535
1.020979,1.004399,1.008535,1.011283
0.99589,1.023358,1.011283,0.986053
0.990371,0.994294,0.986053,0.995757
0.984722,0.989957,0.995757,1.0
0.99859,0.998551,1.0,0.960227
1.024011,0.973875,0.960227,0.991124
0.94069,0.989568,0.991124,0.949254
0.973607,0.935241,0.949254,0.990566
0.971386,1.00161,0.990566,0.957143
0.986047,0.961415,0.957143,1.004975
0.971698,1.003344,1.004975,1.013201
1.003236,1.003333,1.013201,1.001629
1.012903,1.009967,1.001629,0.952846
0.982484,0.944079,0.952846,1.013652
0.985413,1.017422,1.013652,1.020202
0.998355,0.972603,1.020202,1.0
1.01318,1.045775,1.0,0.981848
0.996748,0.983165,0.981848,1.020168
1.0,1.010274,1.020168,1.003295
0.996737,1.016949,1.003295,1.004926
1.008183,1.008333,1.004926,0.995098
1.001623,1.001653,0.995098,1.009852
1.003241,1.0033,1.009852,0.990244
0.991922,0.998355,0.990244,1.032841
1.029316,0.978583,1.032841,1.007949
1.004747,1.042088,1.007949,1.006309
1.012598,1.019386,1.006309,1.001567
1.023328,1.012678,1.001567,1.014085
0.987842,0.992175,1.014085,1.012346
1.02,1.01735,1.012346,1.009146
1.003017,1.003101,1.009146,0.950151
0.998496,0.962906,0.950151,1.012719
0.96988,1.00321,1.012719,1.020408
1.017081,1.016,1.020408,1.012308
1.010687,1.00315,1.012308,0.978723
1.006042,1.00157,0.978723,0.979814
0.96997,0.979624,0.979814,0.969889
0.979876,0.9744,0.969889,0.995098
0.974724,0.986864,0.995098,1.006568
0.996759,1.001664,1.006568,1.035889
1.034146,1.013289,1.035889,1.018898
1.050314,1.045902,1.018898,1.006182
0.989521,1.001567,1.006182,1.02765
1.02118,1.010955,1.02765,0.976084
0.991111,1.009288,0.976084,1.013783
1.008969,0.990798,1.013783,1.010574
1.013333,0.998452,1.010574,1.008969
0.997076,1.017054,1.008969,1.005926
1.010264,1.01372,1.005926,1.001473
0.991292,1.007519,1.001473,1.025
1.035139,1.001493,1.025,0.998565
1.007072,1.022355,0.998565,1.007184
1.007022,1.0,1.007184,0.992867
0.981869,1.0,0.992867,0.998563
0.99858,1.002915,0.998563,0.976978
0.987198,0.982558,0.976978,1.045655
1.043228,1.013314,1.045655,1.009859
1.004144,1.026277,1.009859,0.966527
0.983494,0.961593,0.966527,1.002886
0.981818,1.007396,1.002886,0.966906
0.995726,0.983847,0.966906,0.998512
0.97711,0.98806,0.998512,0.962742
1.001464,0.969789,0.962742,1.041796
0.983918,1.006231,1.041796,1.026746
1.032689,1.034056,1.026746,0.998553
1.015827,1.019461,0.998553,0.971014
0.985836,0.976505,0.971014,1.013433
0.989943,1.001504,1.013433,0.964654
0.981132,0.942943,0.964654,0.972519
0.976331,0.998408,0.972519,0.974882
0.983333,0.988836,0.974882,0.967794
0.969183,0.956452,0.967794,1.004992
0.966614,0.986509,1.004992,1.031457
1.027961,1.022222,1.031457,0.963082
1.0032,1.001672,0.963082,0.985
0.969697,0.978297,0.985,0.988156
0.990132,0.969283,0.988156,0.984589
1.004983,1.005282,0.984589,0.970435
0.960331,0.95972,0.970435,1.019713
0.979346,0.99635,1.019713,0.996485
1.008787,1.021978,0.996485,0.910053
0.97561,0.922939,0.910053,1.0
1.0,1.0,1.0,1.023256
0.955357,1.001942,1.023256,0.952652
0.992523,0.972868,0.952652,1.007952
0.958569,0.958167,1.007952,1.04142
1.053045,1.060291,1.04142,0.981061
1.003731,1.001961,0.981061,1.030888
0.996283,1.009785,1.030888,1.014981
1.022388,1.005814,1.014981,1.0
1.005474,1.030829,1.0,0.98524
1.001815,0.990654,0.98524,0.964419
0.960145,0.950943,0.964419,1.042718
1.016981,0.992063,1.042718,0.970205
1.005566,1.04,0.970205,1.009597
0.98893,0.984615,1.009597,0.984791
0.977612,0.996094,0.984791,1.017375
1.020992,1.015686,1.017375,1.024668
1.013084,1.017375,1.024668,1.003704
1.012915,1.011385,1.003704,0.98524
0.994536,0.998124,0.98524,0.992509
0.996337,0.994361,0.992509,0.960377
0.974265,0.952741,0.960377,1.035363
0.996226,1.007937,1.035363,1.02277
1.032197,1.029528,1.02277,0.981447
0.990826,0.994264,0.981447,1.007561
0.992593,1.009615,1.007561,0.981238
0.994403,0.980952,0.981238,0.984704
0.984991,0.992233,0.984704,0.939806
0.988571,0.941292,0.939806,0.97314
0.928709,0.975052,0.97314,0.974522
0.991701,0.976546,0.974522,0.997821
0.966527,0.960699,0.997821,1.0
1.0,1.013636,1.0,1.024017
1.019481,1.026906,1.024017,1.031983
1.067941,1.017467,1.031983,0.985537
0.974155,1.019313,0.985537,1.020964
1.004082,1.0,1.020964,1.00616
1.002033,1.021053,1.00616,0.987755
0.989858,0.973196,0.987755,1.004132
1.014344,1.019068,1.004132,0.960905
0.987879,0.966736,0.960905,1.004283
0.965235,0.987097,1.004283,1.021322
1.019068,1.002179,1.021322,1.025052
1.022869,1.043478,1.025052,1.008147
1.022358,1.014583,1.008147,1.018182
1.021869,1.024641,1.018182,1.001984
0.988327,0.991984,1.001984,1.007921
1.003937,1.010101,1.007921,0.988212
0.994118,1.0,0.988212,1.017893
1.013807,1.0,1.017893,1.013672
1.011673,1.018,1.013672,0.990366
1.001923,0.996071,0.990366,1.01751
1.003839,1.005917,1.01751,0.98088
1.013384,1.001961,0.98088,1.013645
0.983019,0.984344,1.013645,1.017308
1.021113,1.023857,1.017308,1.011342
1.011278,1.007767,1.011342,1.009346
1.013011,1.021195,1.009346,0.953704
0.990826,0.969811,0.953704,1.009709
0.974074,1.001946,1.009709,0.996154
1.015209,0.992233,0.996154,1.015444
0.986891,1.003914,1.015444,1.013308
1.013283,1.015595,1.013308,1.011257
1.009363,1.017274,1.011257,0.992579
0.998145,0.996226,0.992579,1.0
1.003717,1.001894,1.0,0.968224
0.988889,0.973535,0.968224,1.015444
0.986891,1.0,1.015444,1.028517
1.034156,1.005825,1.028517,0.970425
1.001835,1.009653,0.970425,1.04
1.001832,0.996176,1.04,0.989011
0.994516,1.019194,0.989011,1.014815
1.009191,1.015066,1.014815,1.007299
1.014572,1.001855,1.007299,0.976449
1.012567,0.983333,0.976449,1.025974
0.985816,1.003766,1.025974,0.998192
1.007194,1.009381,0.998192,1.005435
1.0,1.007435,1.005435,1.027027
1.019643,1.016605,1.027027,0.992982
0.996497,1.014519,0.992982,0.964664
1.0,0.974955,0.964664,1.005495
0.968366,0.979817,1.005495,1.016393
1.014519,1.018727,1.016393,1.001792
1.008945,1.011029,1.001792,0.989267
1.001773,1.001818,0.989267,0.954792
0.980531,0.941924,0.954792,0.986742
0.960289,1.001927,0.986742,0.990403
0.988722,0.992308,0.990403,1.003876
0.992395,0.996124,1.003876,1.015444
1.011494,1.009728,1.015444,1.0
1.007576,1.007707,1.0,0.98289
0.996241,0.984704,0.98289,1.009671
0.986792,0.998058,1.009671,1.017241
1.01912,1.015564,1.017241,1.011299
1.016886,1.01341,1.011299,1.005587
1.00369,1.011342,1.005587,1.011111
1.003676,1.001869,1.011111,0.96337
1.003663,0.979478,0.96337,1.026616
0.994526,0.984762,1.026616,1.02037
1.045872,1.040619,1.02037,1.019964
0.989474,1.011152,1.019964,0.980427
0.991135,1.003676,0.980427,0.987296
0.989267,0.987179,0.987296,1.018382
1.005425,1.011132,1.018382,1.01083
1.014388,1.018349,1.01083,1.017857
1.012411,0.990991,1.017857,0.985965
1.02627,1.018182,0.985965,0.992883
0.96587,0.989286,0.992883,1.021505
1.031802,1.00361,1.021505,1.026316
1.008562,1.023381,1.026316,0.969231
0.994907,0.994728,0.969231,1.015873
1.039249,1.014134,1.015873,1.012153
0.965517,0.993031,1.012153,1.003431
1.010204,1.015789,1.003431,1.023932
1.010101,1.005181,1.023932,0.993322
1.0,1.010309,0.993322,1.005042
1.006667,1.001701,1.005042,0.971572
0.993377,0.98472,0.971572,0.924269
0.976667,0.918966,0.924269,1.018622
0.935154,1.003752,1.018622,1.040219
1.05292,1.013084,1.040219,0.980668
1.051993,1.01476,0.980668,0.978495
0.904448,0.96,0.978495,1.053114
1.063752,1.024621,1.053114,1.1
1.083904,1.044362,1.1,0.957346
0.984202,1.040708,0.957346,1.036304
1.009631,1.008503,1.036304,0.982484
1.011129,1.033727,0.982484,0.983793
0.971698,0.970636,0.983793,1.011532
0.998382,1.003361,1.011532,0.936482
1.008104,0.934673,0.936482,1.003478
0.950161,1.019713,1.003478,1.001733
1.010152,1.01406,1.001733,0.984429
0.974874,0.970537,0.984429,0.980668
0.984536,0.9875,0.980668,1.012545
0.993019,0.994575,1.012545,0.99115
1.003515,1.018182,0.99115,0.983929
0.984238,0.973214,0.983929,1.016334
0.996441,0.994495,1.016334,1.041071
1.0625,1.035055,1.041071,1.005146
0.993277,1.033868,1.005146,0.976109
0.989848,0.984483,0.976109,1.005245
0.994872,0.994746,1.005245,0.994783
0.991409,0.998239,0.994783,0.966783
1.003466,0.954145,0.966783,1.009042
0.967185,1.009242,1.009042,0.989247
1.0,1.007326,0.989247,0.987319
0.989286,0.985455,0.987319,0.983486
0.98556,0.97786,0.983486,0.960821
0.996337,0.971698,0.960821,0.982524
0.948529,0.974757,0.982524,1.017787
0.998062,1.005976,1.017787,1.001942
1.007767,1.015842,1.001942,1.00969
1.00578,1.001949,1.00969,1.026871
1.02682,1.007782,1.026871,1.1
1.098881,1.025097,1.1,1.1
1.1,1.1,1.1,1.024691
1.049383,1.099145,1.024691,1.0
1.0,1.0,1.0,0.947289
0.960294,0.947123,0.947289,0.993641
0.967841,0.996716,0.993641,0.9888
0.992089,0.995058,0.9888,0.980583
0.992026,0.993377,0.980583,0.919142
0.983923,0.913333,0.919142,1.005386
0.921569,0.998175,1.005386,1.032143
1.037234,1.009141,1.032143,0.951557
0.984615,0.978261,0.951557,1.041818
1.024306,1.009259,1.041818,1.099476
1.067797,1.047706,1.099476,0.973016
0.987302,1.036778,0.973016,1.013051
1.053055,1.02027,1.013051,1.027375
0.983206,0.980132,1.027375,0.992163
1.007764,1.040541,0.992163,1.007899
0.986133,0.99026,1.007899,1.04232
1.096875,1.034426,1.04232,1.1
1.042735,1.064976,1.1,1.099727
1.099727,1.1,1.099727,0.971429
1.018634,1.036193,0.971429,0.994885
0.957317,0.984476,0.994885,1.007712
1.040764,1.00657,1.007712,1.014031
0.997552,0.98564,1.014031,0.996226
1.003681,1.031788,0.996226,0.974747
0.964548,0.978177,0.974747,1.072539
1.062104,1.010499,1.072539,0.948068
0.994033,1.001299,0.948068,1.014013
0.978391,0.993515,1.014013,1.0
0.977914,1.009138,1.0,1.055276
1.08532,1.020699,1.055276,1.029762
1.017341,1.041825,1.029762,0.997688
1.001136,1.021898,0.997688,0.967555
0.978434,0.985714,0.967555,0.953293
0.991879,0.949275,0.953293,1.008794
0.94269,0.989822,1.008794,0.992528
1.007444,1.010283,0.992528,1.008783
0.993842,0.992366,1.008783,1.011194
1.012392,1.010256,1.011194,1.00615
1.044064,1.021574,1.00615,0.98044
0.981243,0.995031,0.98044,0.973815
0.9546,0.965044,0.973815,0.96927
0.98373,0.958603,0.96927,1.011889
0.986005,1.005398,1.011889,0.960836
0.976774,0.986577,0.960836,1.019022
1.003963,1.006803,1.019022,1.070667
1.075,1.008108,1.070667,0.990037
0.982864,1.038874,0.990037,1.016352
1.011208,1.010323,1.016352,1.00495
1.014778,1.022989,1.00495,0.982759
0.993932,0.985019,0.982759,0.994987
0.984127,0.988593,0.994987,0.963476
0.985112,0.969231,0.963476,0.992157
0.972292,0.996032,0.992157,1.002635
1.006477,1.003984,1.002635,1.010512
0.996139,0.997354,1.010512,1.023407
1.028424,1.005305,1.023407,1.017789
1.015075,1.025066,1.017789,0.997503
0.993812,1.010296,0.997503,0.979975
1.011208,0.993631,0.979975,1.020434
0.993842,0.935897,1.020434,0.989987
0.98513,1.065753,0.989987,1.077118
1.09434,1.015424,1.077118,0.982394
0.973563,1.032911,0.982394,1.013142
1.005903,1.006127,1.013142,0.949292
0.984742,0.980512,0.949292,1.0
1.0,1.0,1.0,0.987578
0.973778,0.975155,0.987578,0.996226
0.977968,0.991083,0.996226,0.998737
1.012516,1.002571,0.998737,1.018963
1.003708,1.003846,1.018963,1.01861
1.04064,1.020434,1.01861,1.032887
1.065089,1.030038,1.032887,1.040094
0.988889,0.974484,1.040094,1.095238
1.089888,1.0798,1.095238,0.961698
0.987629,1.054273,0.961698,0.993541
0.996868,1.003286,0.993541,0.983749
0.964398,0.949782,0.983749,1.046256
1.053203,1.034483,1.046256,0.988421
0.985567,1.022222,0.988421,1.1
1.080544,1.005435,1.1,0.945789
1.021297,1.054054,0.945789,1.013306
0.945972,0.977436,1.013306,1.017172
1.054108,1.028332,1.017172,0.9
0.951521,0.92449,0.9,0.994481
0.924076,0.962472,0.994481,1.005549
0.997838,1.03211,1.005549,0.958057
0.995666,0.931111,0.958057,0.930876
0.934712,0.960621,0.930876,1.011139
0.954598,0.980124,1.011139,0.959608
0.997561,0.988593,0.959608,1.0
0.987775,1.001282,1.0,0.913265
0.962871,0.912932,0.913265,0.972067
0.917738,0.970547,0.972067,1.045977
1.022409,1.00578,1.045977,1.001374
1.010959,1.028736,1.001374,1.012346
1.039295,0.984637,1.012346,1.006775
0.973924,1.029787,1.006775,1.016151
1.022758,1.012397,1.016151,1.006623
1.001309,0.990476,1.006623,0.943421
0.989542,0.982143,0.943421,1.005579
0.964333,0.972028,1.005579,1.016644
1.006849,1.017266,1.016644,1.0191
1.034014,1.039604,1.0191,0.98929
0.994737,1.001361,0.98929,1.012179
0.997354,0.978261,1.012179,0.969251
1.029178,1.0,0.969251,0.910345
0.908505,0.906944,0.910345,1.012121
0.947518,0.98928,1.012121,1.004491
1.022455,1.021672,1.004491,1.016393
1.004392,0.992424,1.016393,1.02346
1.027697,1.029008,1.02346,1.027221
1.028369,1.029674,1.027221,1.002789
1.012414,1.023055,1.002789,0.974965
0.989101,0.985915,0.974965,1.024251
0.997245,1.0,1.024251,1.005571
1.009669,1.011429,1.005571,1.022161
1.016416,1.018362,1.022161,1.00271
1.0,1.008322,1.00271,0.991892
0.993271,0.998624,0.991892,1.006812
1.023035,1.0,1.006812,1.014885
1.018543,1.006887,1.014885,1.037333
1.013004,1.019152,1.037333,0.975578
0.998716,1.012081,0.975578,1.001318
0.988432,1.0,1.001318,1.0
0.994798,0.990716,1.0,1.002632
1.006536,1.009371,1.002632,1.030184
1.036364,1.009284,1.030184,0.964331
0.981203,0.988173,0.964331,0.989432
0.979566,0.986702,0.989432,0.978638
0.984355,0.985175,0.978638,1.002729
0.98543,1.0,1.002729,0.930612
0.987903,0.923393,0.930612,1.010234
0.941497,1.001481,1.010234,1.013025
1.020231,1.010355,1.013025,0.984286
0.984419,0.995608,0.984286,0.981132
0.997122,0.983824,0.981132,1.002959
0.98557,1.001495,1.002959,0.992625
0.989751,0.974627,0.992625,0.995542
1.001479,1.012251,0.995542,1.014925
1.007386,1.012103,1.014925,0.960294
0.969208,0.926756,0.960294,0.906585
0.975794,0.948387,0.906585,0.989865
0.924031,0.928571,0.989865,1.015358
1.011745,1.080586,1.015358,1.020168
1.011609,0.962712,1.020168,1.014827
1.032787,1.066901,1.014827,1.019481
1.003175,1.011551,1.019481,1.082803
1.093354,1.040783,1.082803,0.970588
0.973951,1.021944,0.970588,0.959091
0.998514,0.969325,0.959091,0.982622
0.927083,0.96519,0.982622,1.003215
1.017657,1.011475,1.003215,1.027244
1.025237,1.009724,1.027244,0.99844
1.007692,1.022472,0.99844,1.0375
1.029008,1.006279,1.0375,0.99247
0.982196,1.01248,0.99247,0.972686
0.992447,0.986133,0.972686,0.973479
0.99239,0.96875,0.973479,0.991987
0.964724,0.956452,0.991987,1.004847
1.007949,1.038786,1.004847,0.980707
0.984227,0.982143,0.980707,0.97377
0.969551,0.980165,0.97377,1.0
1.003306,0.994941,1.0,1.026936
1.004942,1.00339,1.026936,0.980328
1.006557,1.010135,0.980328,0.988294
0.985342,0.9699,0.988294,0.979695
0.965289,0.991379,0.979695,1.022453
1.013699,1.003478,1.022453,1.0
1.011824,1.020797,1.0,0.998311
0.998331,1.0,0.998311,0.964467
0.983278,0.966044,0.964467,1.003509
0.981293,0.99297,1.003509,1.038462
1.034662,1.00531,1.038462,0.976431
1.001675,1.021127,0.976431,0.987931
0.976589,0.97069,0.987931,0.982548
0.986301,1.0,0.982548,0.996448
0.994792,0.969805,0.996448,0.980392
0.986038,1.003663,0.980392,0.958182
0.969912,0.959854,0.958182,1.003795
0.972628,0.988593,1.003795,0.992439
1.005629,1.005769,0.992439,1.00381
1.016791,0.994264,1.00381,1.041746
1.016514,0.996154,1.041746,1.032787
1.043321,1.065637,1.032787,0.992945
0.989619,1.001812,0.992945,1.017762
1.017483,1.018083,1.017762,0.966841
0.982818,0.978686,0.966841,1.0
0.987762,0.994555,1.0,0.976534
0.982301,0.968978,0.976534,0.994455
0.981982,0.998117,0.994455,1.031599
1.018349,1.0,1.031599,1.032432
1.045045,1.039623,1.032432,1.008726
1.017241,1.021779,1.008726,0.991349
0.998305,1.005329,0.991349,1.013962
0.991511,1.010601,1.013962,0.991394
0.994863,0.993007,0.991394,1.005208
1.003442,1.0,1.005208,1.043178
1.041166,0.994718,1.043178,1.004967
1.062603,1.065487,1.004967,1.009885
0.965891,1.009967,1.009885,0.985318
0.991974,0.991776,0.985318,0.980132
0.987055,0.978441,0.980132,1.023649
0.993443,0.99661,1.023649,0.99835
1.013201,1.011905,0.99835,1.0
0.996743,1.005042,1.0,1.024793
1.019608,1.018395,1.024793,1.029032
1.040064,1.014778,1.029032,0.985893
1.029276,1.009709,0.985893,0.976153
0.95509,0.972756,0.976153,0.985342
0.984326,0.990115,0.985342,0.998347
0.97293,0.983361,0.998347,1.003311
0.99509,1.005076,1.003311,0.991749
1.003289,1.006734,0.991749,0.998336
0.995082,0.986622,0.998336,0.958333
0.995058,0.969492,0.958333,0.982609
0.956954,0.979021,0.982609,1.017699
0.99481,1.010714,1.017699,0.947826
1.0,0.95583,0.947826,1.012844
0.994783,1.016636,1.012844,0.985507
0.97028,0.983636,0.985507,0.972426
0.98018,0.972274,0.972426,1.013233
0.992647,1.001901,1.013233,1.003731
1.007407,1.011385,1.003731,1.01487
1.016544,0.998124,1.01487,1.012821
1.012658,1.016917,1.012821,0.985533
0.991071,1.005545,0.985533,0.957798
0.969369,0.954044,0.957798,0.98659
0.975836,0.986513,0.98659,0.965049
0.986667,0.957031,0.965049,1.038229
0.996139,1.016327,1.038229,1.0
1.0,1.0,1.0,1.0
1.025194,1.02008,1.0,0.974806
0.99811,0.984252,0.974806,1.003976
0.975379,0.972,1.003976,1.025743
1.015534,1.028807,1.025743,1.021236
1.047801,1.046,1.021236,0.984877
0.985401,0.98088,0.984877,0.988484
0.962963,0.97271,0.988484,1.027184
1.028846,1.018036,1.027184,1.003781
1.0,1.027559,1.003781,0.94162
1.005607,0.955939,0.94162,0.936
0.936803,0.92986,0.936,1.036325
0.992063,0.993534,1.036325,1.045361
1.024,1.039046,1.045361,1.035503
1.029297,1.058455,1.035503,1.0
1.018975,1.025641,1.0,0.998095
0.988827,0.994231,0.998095,0.950382
0.986817,0.957447,0.950382,0.995984
0.971374,0.989899,0.995984,1.060484
1.043222,1.010204,1.060484,1.003802
1.001883,1.050505,1.003802,1.00947
1.015038,1.001923,1.00947,0.996248
0.992593,1.009597,0.996248,0.981168
1.001866,0.990494,0.981168,1.001919
0.977654,0.984645,1.001919,0.978927
0.998095,0.992203,0.978927,1.027397
1.001908,0.998035,1.027397,1.019048
1.026667,1.023622,1.019048,0.996262
0.994434,1.013462,0.996262,1.030019
1.063433,1.003795,1.030019,1.030965
0.992982,1.015123,1.030965,1.019435
1.058304,1.039106,1.019435,1.005199
0.981636,1.017921,1.005199,1.010345
1.008503,1.003521,1.010345,0.986348
0.988196,1.005263,0.986348,1.044983
1.032423,0.998255,1.044983,0.985099
1.008264,1.026224,0.985099,0.993277
0.978689,0.989779,0.993277,0.994924
1.0134,1.006885,0.994924,1.013605
0.998347,0.976068,1.013605,1.011745
0.998344,1.035026,1.011745,1.016584
1.041459,1.010152,1.016584,1.001631
0.977707,1.0067,1.001631,1.0
1.035831,1.016639,1.0,0.988599
0.97327,0.981997,0.988599,0.976936
0.983845,0.983333,0.976936,1.023609
1.011494,0.99661,1.023609,1.011532
0.996753,1.022109,1.011532,0.996743
1.013029,1.014975,0.996743,0.985294
0.988746,0.97541,0.985294,1.0199
1.014634,0.991597,1.0199,1.019512
1.036859,1.037288,1.019512,1.014354
0.992272,1.014706,1.014354,1.011006
1.004673,1.006441,1.011006,1.027994
1.03876,1.0144,1.027994,0.942511
1.034328,0.973186,0.942511,1.006421
0.914863,0.97731,1.006421,1.030303
1.020505,1.028192,1.030303,1.017028
1.020093,1.035484,1.017028,0.95586
0.992424,0.97352,0.95586,0.992038
0.970992,0.9824,0.992038,1.00321
0.988994,1.006515,1.00321,0.9952
1.00159,0.995146,0.9952,0.972669
0.985714,0.973984,0.972669,0.998347
0.985507,1.005008,0.998347,0.953642
0.988562,0.953488,0.953642,0.980903
0.968595,0.980836,0.980903,0.99469
0.976109,0.982238,0.99469,1.035587
1.026224,1.016275,1.035587,1.030928
1.042589,1.030249,1.030928,0.988333
0.99183,1.022453,0.988333,1.023609
1.004942,0.988176,1.023609,1.0
1.0,1.0,1.0,1.018122
1.016393,1.023932,1.018122,1.001618
1.016129,1.016694,1.001618,0.996769
0.985714,1.003284,0.996769,0.996759
1.0,0.991817,0.996759,1.02439
1.019324,1.00165,1.02439,0.996825
0.99842,1.023064,0.996825,0.995223
0.996835,0.991948,0.995223,0.96
0.995238,0.972403,0.96,0.978333
0.971292,0.949917,0.978333,1.025554
0.990148,1.022847,1.025554,0.98505
1.008292,1.0189,0.98505,0.991568
0.980263,0.978078,0.991568,1.010204
1.011745,1.017241,1.010204,0.984848
0.995025,0.989831,0.984848,1.010256
0.991667,1.001712,1.010256,1.028765
1.023529,1.005128,1.028765,0.991776
1.003284,1.015306,0.991776,0.966833
0.981997,0.974874,0.966833,1.001715
0.983333,0.996564,1.001715,0.989726
0.99322,0.994828,0.989726,0.987889
0.994881,0.987868,0.987889,1.029772
1.015437,0.992982,1.029772,0.993197
1.003378,1.028269,0.993197,1.025685
1.013468,0.991409,1.025685,0.96995
0.990033,1.001733,0.96995,0.998279
0.983221,0.99308,0.998279,1.015517
1.013652,1.008711,1.015517,1.0
1.005051,1.008636,1.0,0.988115
0.991625,0.989726,0.988115,0.9811
0.993243,0.986159,0.9811,0.987741
0.972789,0.959649,0.987741,1.014184
1.006993,1.031079,1.014184,1.01049
1.015625,1.008865,1.01049,0.989619
0.986325,0.994728,0.989619,0.991259
0.994801,0.996466,0.991259,0.950617
0.97561,0.952128,0.950617,1.0
0.978571,1.003724,1.0,0.987013
0.99635,0.977737,0.987013,0.984962
0.992674,0.99241,0.984962,0.998092
0.97786,0.99044,0.998092,1.01912
1.007547,1.001931,1.01912,0.983114
0.998127,1.00578,0.983114,1.024809
1.007505,1.003831,1.024809,0.990689
1.007449,1.013359,0.990689,1.0
0.992606,0.990584,1.0,1.007519
1.011173,1.013308,1.007519,1.020522
1.018416,1.007505,1.020522,1.001828
1.014467,1.013035,1.001828,0.974453
0.983957,0.976103,0.974453,0.958801
0.96558,0.962335,0.958801,1.001953
0.969981,0.990215,1.001953,0.994152
1.0,1.007905,0.994152,1.0
1.001934,0.990196,1.0,1.019608
1.005792,1.00198,1.019608,1.0
1.023033,1.017787,1.0,1.030769
1.033771,1.007767,1.030769,0.98694
0.983666,1.009634,0.98694,0.971645
0.97786,0.971374,0.971645,1.01751
0.988679,1.0,1.01751,0.969407
0.996183,0.994106,0.969407,0.998028
0.977011,0.990119,0.998028,1.003953
1.0,1.005988,1.003953,1.019685
1.033333,0.998016,1.019685,0.988417
0.988615,1.017893,0.988417,0.966797
0.984645,0.964844,0.966797,1.008081
0.976608,0.995951,1.008081,1.008016
1.003992,1.002033,1.008016,1.00994
1.019881,1.01217,1.00994,1.003937
1.005848,1.016032,1.003937,0.990196
0.982558,0.984221,0.990196,1.005941
1.009862,1.004008,1.005941,0.984252
0.998047,0.99002,0.984252,0.992
0.988258,0.997984,0.992,1.022177
1.013861,0.99596,1.022177,0.976331
0.994141,1.004057,0.976331,0.991919
0.986248,0.989899,0.991919,1.010183
0.996016,0.997959,1.010183,0.997984
0.996,1.0,0.997984,1.012121
1.008032,1.00409,1.012121,1.017964
1.01992,1.010183,1.017964,1.001961
1.013672,1.024194,1.001961,1.001957
0.992293,1.001969,1.001957,1.009766
1.005825,0.996071,1.009766,0.988395
0.998069,1.005917,0.988395,0.968689
0.988395,0.970588,0.968689,1.008081
0.976517,0.989899,1.008081,0.98998
1.002004,1.006122,0.98998,0.993927
0.992,0.993915,0.993927,1.010183
1.0,0.997959,1.010183,0.993952
1.0,0.99591,0.993952,1.016227
1.014113,1.00616,1.016227,0.988024
0.994036,1.004082,0.988024,1.008081
1.0,0.997967,1.008081,0.983968
0.998,0.995927,0.983968,0.96945
0.987976,0.965235,0.96945,1.002101
0.973631,1.002119,1.002101,0.997904
1.010417,0.995772,0.997904,1.010504
1.010309,0.987261,1.010504,0.997921
0.985714,1.021505,0.997921,1.004167
1.004141,1.004211,1.004167,0.987552
0.995876,0.995807,0.987552,1.018908
1.014493,0.997895,1.018908,1.004124
1.0,1.018987,1.004124,1.032854
1.055102,1.014493,1.032854,1.001988
0.984526,1.02449,1.001988,0.996032
0.990177,0.992032,0.996032,1.003984
1.005952,1.0,1.003984,1.003968
1.015779,1.004016,1.003968,0.994071
0.994175,1.004,0.994071,0.960239
0.982422,0.960159,0.960239,1.006211
0.966203,0.995851,1.006211,1.026749
1.057613,1.008333,1.026749,0.961924
0.963035,0.983471,0.961924,0.9875
0.971717,0.991597,0.9875,1.008439
0.993763,0.985169,1.008439,0.991632
1.004184,1.015054,0.991632,0.981013
0.985417,0.978814,0.981013,1.010753
1.002114,0.991342,1.010753,1.002128
0.995781,1.0131,1.002128,0.995754
1.002119,1.00431,0.995754,1.01919
1.012685,1.004292,1.01919,1.006276
1.006263,1.012821,1.006276,0.977131
0.997925,0.991561,0.977131,0.993617
0.989605,0.985106,0.993617,0.989293
0.981092,0.991361,0.989293,1.0
0.995717,1.0,1.0,1.0
0.995699,1.0,1.0,1.015152
1.017279,1.002179,1.015152,1.002132
1.004246,1.015217,1.002132,1.004255
1.0,0.991435,1.004255,1.008475
1.027484,1.015119,1.008475,0.993697
0.99177,0.997872,0.993697,0.991543
0.991701,0.997868,0.991543,0.955224
0.983264,0.942308,0.955224,0.973214
0.957447,0.981859,0.973214,1.004587
0.977778,0.997691,1.004587,0.997717
0.997727,1.002315,0.997717,1.018307
1.015945,1.004619,1.018307,1.002247
1.004484,1.013793,1.002247,1.0
1.0,1.002268,1.0,0.984305
0.993304,0.9819,0.984305,1.004556
0.993258,1.002304,1.004556,0.963719
0.995475,0.977011,0.963719,0.990588
0.968182,0.983529,0.990588,1.002375
0.997653,1.004785,1.002375,0.981043
0.997647,0.983333,0.981043,1.0
0.985849,0.992736,1.0,0.971014
0.990431,0.978049,0.971014,0.992537
0.971014,0.985037,0.992537,1.010025
1.004975,0.994937,1.010025,0.977667
0.997525,0.969466,0.977667,1.010152
0.990074,1.023622,1.010152,0.987437
0.994987,1.005128,0.987437,1.005089
1.002519,1.0,1.005089,0.994937
0.997487,0.997449,0.994937,0.951654
0.987406,0.953964,0.951654,0.959893
0.954082,0.957105,0.959893,0.97493
0.967914,0.977591,0.97493,1.011429
0.983425,0.997135,1.011429,0.974576
1.0,0.988506,0.974576,1.031884
1.005618,0.997093,1.031884,1.030899
1.036313,1.020408,1.030899,0.986376
0.997305,1.028571,0.986376,1.027624
1.008108,1.002778,1.027624,1.018817
1.018767,1.027701,1.018817,0.992084
1.007895,1.010782,0.992084,1.005319
0.992167,0.994667,1.005319,1.0
1.0,1.0,1.0,1.066138
1.081579,1.032172,1.066138,1.007444
0.987835,1.038961,1.007444,1.029557
1.078818,1.015,1.029557,0.995215
0.97032,1.017241,0.995215,1.004808
0.995294,0.992736,1.004808,0.988038
1.0,1.002439,0.988038,0.987893
0.973995,0.973236,0.987893,1.039216
1.046117,1.015,1.039216,1.007075
0.99768,1.034483,1.007075,0.995316
1.006977,1.007143,0.995316,1.014118
1.004619,0.995272,1.014118,1.006961
1.009195,1.011876,1.006961,0.986175
1.006834,1.0,0.986175,1.021028
0.997738,0.995305,1.021028,1.016018
1.020408,1.018868,1.016018,1.0
0.997778,1.013889,1.0,1.004505
1.002227,1.006849,1.004505,0.964126
1.0,0.975057,0.964126,1.025581
0.986667,0.990698,1.025581,1.018141
1.015766,1.030516,1.018141,0.997773
1.011086,1.006834,0.997773,0.979911
0.982456,0.988688,0.979911,1.006834
0.995536,0.990847,1.006834,1.047511
1.087444,1.006928,1.047511,1.060475
1.047423,1.045872,1.060475,0.97556
0.966535,1.030702,0.97556,1.0
1.028513,1.006383,1.0,0.979123
0.952475,0.983087,0.979123,1.014925
0.995842,0.997849,1.014925,1.0
1.004175,1.010776,1.0,0.985294
0.991684,0.987207,0.985294,0.982942
0.993711,0.987041,0.982942,1.006508
0.978903,0.991247,1.006508,0.993534
1.002155,1.004415,0.993534,1.002169
0.997849,0.995604,1.002169,1.015152
1.019397,1.01766,1.015152,1.008529
1.008457,1.015184,1.008529,1.002114
0.997904,1.002137,1.002114,1.006329
1.021008,1.0,1.006329,1.018868
1.014403,1.006397,1.018868,1.00823
0.995943,1.023305,1.00823,0.971429
0.99389,0.983437,0.971429,0.991597
0.981557,0.989474,0.991597,1.004237
1.0,0.995745,1.004237,0.972574
0.997912,0.982906,0.972574,0.986985
0.974895,0.984783,0.986985,1.03956
1.042918,1.002208,1.03956,1.008457
0.99177,1.037445,1.008457,0.960168
0.987552,0.970276,0.960168,1.00655
0.978992,0.997812,1.00655,1.073753
1.066524,1.008772,1.073753,0.987879
0.995976,1.03913,0.987879,0.977505
0.99798,0.995816,0.977505,1.002092
0.977733,0.991597,1.002092,0.956159
0.995859,0.959746,0.956159,0.969432
0.950104,0.971302,0.969432,1.002252
0.997812,1.006818,1.002252,0.991011
0.991228,0.984199,0.991011,0.965986
0.984513,0.96789,0.965986,0.997653
0.968539,0.992891,0.997653,1.030588
1.016241,1.01432,1.030588,1.009132
1.020548,1.028235,1.009132,1.002262
1.0,1.002288,1.002262,1.0
0.995526,1.0,1.0,0.979684
0.995506,0.974886,0.979684,0.981567
0.993228,0.983607,0.981567,0.969484
0.975,0.980952,0.969484,1.009685
0.979021,1.002427,1.009685,1.007194
1.007143,1.0,1.007194,1.009524
1.014184,1.016949,1.009524,0.981132
0.990676,0.983333,0.981132,1.002404
0.983529,0.970944,1.002404,1.021583
1.028708,1.032419,1.021583,1.093897
1.090698,1.024155,1.093897,0.957082
0.970149,1.037736,0.957082,0.979821
0.997802,0.990909,0.979821,0.965675
0.962555,0.958716,0.965675,1.00237
0.970252,0.983254,1.00237,1.002364
1.002358,1.007299,1.002364,1.014151
1.014118,1.009662,1.014151,1.02093
1.032483,1.028708,1.02093,1.022779
1.008989,1.0,1.022779,0.966592
1.006682,1.002326,0.966592,1.080645
1.05531,0.99768,1.080645,1.042644
1.037736,1.072093,1.042644,0.977505
0.985859,1.021692,0.977505,1.029289
1.034836,0.993631,1.029289,1.004065
0.99604,1.042735,1.004065,1.018219
1.037773,1.008197,1.018219,0.982107
0.969349,0.989837,0.982107,1.012146
1.0,0.991786,1.012146,0.986
0.986166,1.006211,0.986,0.989858
0.98998,0.987654,0.989858,1.022541
1.016194,1.00625,1.022541,0.987976
0.992032,0.99793,0.987976,1.016227
1.012048,1.014523,1.016227,1.011976
1.03373,1.014315,1.011976,1.00789
0.992322,1.008065,1.00789,1.023483
1.023211,1.016,1.023483,1.022945
1.030246,1.019685,1.022945,0.971963
0.992661,0.996139,0.971963,1.032692
1.040665,0.992248,1.032692,1.052142
1.017762,1.050781,1.052142,1.012389
1.015707,1.033457,1.012389,0.980769
0.991409,0.991007,0.980769,1.001783
0.987868,1.00726,1.001783,0.996441
1.007018,0.985586,0.996441,0.966071
0.979094,0.987203,0.966071,0.987061
0.969751,0.977778,0.987061,1.014981
1.0,1.0,1.014981,0.97048
0.988991,0.986742,0.97048,0.984791
0.990724,0.986564,0.984791,0.992278
0.988764,0.992218,0.992278,0.974708
0.965909,0.958824,0.974708,1.013972
1.0,1.022495,1.013972,1.011811
1.027451,1.006,1.011811,1.019455
1.003817,1.001988,1.019455,0.994275
0.992395,1.009921,0.994275,0.940499
0.990421,0.950884,0.940499,1.002041
0.96325,0.977273,1.002041,0.930754
0.997992,0.940803,0.930754,1.013129
0.933602,0.925843,1.013129,1.010799
1.010776,1.097087,1.010799,0.955128
1.01919,0.973451,0.955128,0.993289
0.956067,0.977273,0.993289,1.013514
0.984683,1.018605,1.013514,1.028889
1.042222,1.020548,1.028889,1.017279
1.010661,1.008949,1.017279,1.012739
1.025316,1.026608,1.012739,0.997904
1.022634,1.019438,0.997904,0.957983
0.935614,0.942797,0.957983,0.993421
0.991398,1.011236,0.993421,1.037528
1.021692,1.0,1.037528,1.021277
1.031847,1.042222,1.021277,0.9875
1.0,1.008529,0.9875,1.099156
1.072016,1.012685,1.099156,1.015355
1.026871,1.060543,1.015355,0.994329
1.028037,1.015748,0.994329,1.011407
0.992727,0.998062,1.011407,0.962406
1.003663,0.990291,0.962406,1.052734
0.983577,0.990196,1.052734,1.011132
1.044527,1.055446,1.011132,1.0
0.971581,0.983114,1.0,0.954128
0.994516,0.992366,0.954128,1.005769
0.970588,0.986538,1.005769,0.967495
0.984848,0.986355,0.967495,1.011858
0.988462,0.954545,1.011858,1.003906
1.011673,1.055901,1.003906,1.027237
1.015385,1.001961,1.027237,1.003788
1.017045,1.021526,1.003788,1.00566
0.996276,1.005747,1.00566,0.998124
1.001869,0.990476,0.998124,0.979323
0.994403,1.0,0.979323,1.009597
1.005629,0.996154,1.009597,0.990494
0.998134,1.001931,0.990494,1.005758
0.983178,0.99422,1.005758,1.009542
1.005703,1.003876,1.009542,1.032136
1.045369,1.017375,1.032136,0.981685
1.005425,1.011385,0.981685,0.960821
0.969424,0.958724,0.960821,1.066019
1.020408,0.992172,1.066019,1.0
1.018182,1.065089,1.0,1.030965
1.033929,1.001852,1.030965,1.042403
1.029361,1.038817,1.042403,0.986441
0.986577,1.0,0.986441,1.0
0.996599,1.010676,1.0,0.994845
0.993174,1.0,0.994845,0.986183
0.994845,0.987676,0.986183,1.024518
1.017271,1.003565,1.024518,1.0
1.032258,1.023091,1.0,1.02906
0.991776,0.993056,1.02906,1.013289
1.097844,1.033217,1.013289,1.029508
0.990937,1.00846,1.029508,0.974522
0.958841,1.02349,0.974522,0.988562
0.993641,0.985246,0.988562,1.029752
1.008,1.0,1.029752,0.991974
1.01746,1.009983,0.991974,0.946602
0.962559,0.955519,0.946602,0.994872
0.962723,1.001724,0.994872,1.020619
1.003367,0.981067,1.020619,0.996633
1.0,1.022807,0.996633,0.981419
1.003356,0.994854,0.981419,1.010327
0.988294,0.989655,1.010327,1.059625
1.052453,1.013937,1.059625,1.014469
1.024116,1.051546,1.014469,0.982567
0.99529,1.006536,0.982567,0.953226
0.981073,0.957792,0.953226,1.025381
1.0209,1.0,1.025381,1.033003
1.0,1.025424,1.033003,1.033546
1.026772,1.018182,1.033546,0.998454
1.003067,1.027597,0.998454,0.989164
1.010703,1.007899,0.989164,1.004695
0.97882,0.985893,1.004695,0.971963
0.993818,0.984102,0.971963,1.019231
1.004666,1.008078,1.019231,0.957547
0.981424,0.971154,0.957547,0.985222
0.976341,0.986799,0.985222,1.01
0.983845,0.998328,1.01,1.029703
1.031199,1.01005,1.029703,0.974359
0.995223,1.003317,0.974359,1.011513
1.0016,0.995041,1.011513,1.027642
1.022364,1.009967,1.027642,0.958861
0.985937,0.988487,0.958861,0.9
0.966719,0.906822,0.9,0.966972
0.909836,0.913761,0.966972,1.011385
0.962162,1.040161,1.011385,0.969981
0.996255,0.988417,0.969981,0.996132
0.975564,0.996094,0.996132,1.021359
1.017341,1.007843,1.021359,1.024715
1.024621,1.013619,1.024715,0.985158
1.011091,1.017274,0.985158,0.977401
0.981718,0.977358,0.977401,0.978805
0.977654,0.974903,0.978805,1.0
0.977143,0.992079,1.0,1.01378
1.005848,1.00998,1.01378,0.980583
1.005814,0.996047,0.980583,1.019802
0.99422,0.996032,1.019802,1.027184
1.046512,1.025896,1.027184,1.026465
1.016667,1.031068,1.026465,0.996317
0.996357,1.007533,0.996317,1.025878
1.02011,1.011215,1.025878,1.014414
1.039427,1.011091,1.014414,0.973357
0.967241,0.996344,0.973357,0.990876
0.987522,0.99633,0.990876,1.020258
1.0,0.990792,1.020258,1.009025
1.01444,1.018587,1.009025,1.008945
1.021352,1.020073,1.008945,1.003546
0.987805,0.989267,1.003546,0.946996
0.989418,0.96745,0.946996,1.026119
0.98574,0.996262,1.026119,1.034545
1.057866,1.041276,1.034545,0.98594
0.984615,1.009009,0.98594,0.998217
0.979167,0.982143,0.998217,1.014286
1.012411,1.012727,1.014286,1.005282
1.005254,1.014363,1.005282,0.97373
0.986063,0.971681,0.97373,1.014388
1.010601,1.007286,1.014388,1.008865
0.998252,1.007233,1.008865,0.975395
1.0,0.989228,0.975395,1.0
0.985989,0.998185,1.0,1.025225
1.01421,1.005455,1.025225,1.017575
1.019264,1.023508,1.017575,0.982729
1.0,0.980565,0.982729,1.010545
0.987973,1.009009,1.010545,1.015652
1.022609,1.021429,1.015652,1.003425
1.015306,1.01049,1.003425,1.0
1.0,1.00692,1.0,1.027304
1.021776,1.003436,1.027304,1.034884
1.02459,1.02226,1.034884,0.988764
1.0064,1.021776,0.988764,1.003247
0.984102,0.996721,1.003247,0.978964
1.033926,0.986842,0.978964,0.983471
0.946875,0.97,0.983471,0.979832
0.976898,0.929553,0.979832,1.022298
1.018581,1.057301,1.022298,0.981544
0.993367,1.017483,0.981544,0.994872
0.989983,0.984536,0.994872,0.982818
0.989882,0.987784,0.982818,1.013986
0.988075,1.008834,1.013986,0.996552
1.027586,0.994746,0.996552,1.034602
1.011745,0.991197,1.034602,0.989967
1.0,1.047957,0.989967,1.016892
1.006633,0.991525,1.016892,1.031561
1.026359,1.023932,1.031561,1.011272
1.014446,1.018364,1.011272,0.998408
1.028481,1.018033,0.998408,1.012759
0.984615,1.006441,1.012759,1.026772
1.025,1.008,1.026772,1.016871
1.04878,1.034921,1.016871,0.992459
0.972384,0.992331,0.992459,1.006079
1.016442,1.001546,1.006079,1.006042
0.985294,1.001543,1.006042,1.055556
1.058209,1.023112,1.055556,1.035562
1.052186,1.048193,1.035562,1.0
0.990617,1.024425,1.0,1.020604
1.064953,1.01122,1.020604,1.017497
0.973316,1.023578,1.017497,1.054233
1.05483,1.02981,1.054233,1.079046
1.085396,1.031579,1.079046,0.967442
0.990878,1.045918,0.967442,0.991587
0.970081,0.990244,0.991587,0.981818
0.988138,0.979064,0.981818,1.006173
0.981993,1.006289,1.006173,0.996319
1.06357,1.00625,0.996319,0.966749
0.926437,0.936646,0.966749,0.996178
1.024814,1.034483,0.996178,1.081841
1.03632,1.002564,1.081841,1.1
1.087617,1.063939,1.1,1.013963
1.022556,1.1,1.013963,1.026483
1.032563,1.005447,1.026483,1.053664
1.053917,1.03792,1.053664,0.990206
1.016409,1.049061,0.990206,0.938675
0.957265,0.943284,0.938675,1.005269
0.956349,0.969409,1.005269,0.996855
0.995851,0.979325,0.996855,1.022082
1.01875,1.034444,1.022082,1.029835
1.041922,1.005371,1.029835,0.993007
0.991168,1.038462,0.993007,1.04829
1.054455,1.002058,1.04829,1.099808
1.076056,1.1,1.099808,1.1
1.1,1.089302,1.1,0.963521
1.038065,1.033305,0.963521,1.013169
0.952636,0.975207,1.013169,0.982941
0.980754,1.005932,0.982941,1.007438
1.005724,1.0,1.007438,1.005742
1.021138,0.994945,1.005742,0.976346
0.977707,0.965284,0.976346,0.960735
0.98127,0.991228,0.960735,1.037391
0.992531,1.017699,1.037391,1.0
1.01087,1.005217,1.0,1.005029
1.012407,1.010381,1.005029,0.962469
0.980392,0.958904,0.962469,1.019931
0.985833,0.992857,1.019931,1.033135
1.029586,1.040468,1.033135,1.024671
1.024631,1.039758,1.024671,0.987159
0.998397,1.010806,0.987159,0.99187
1.00321,0.991776,0.99187,1.020492
1.0024,1.001658,1.020492,0.994378
1.009577,1.008278,0.994378,1.025848
1.006324,1.001642,1.025848,0.991339
1.005499,1.016393,0.991339,0.992851
1.015625,0.985484,0.992851,0.9192
0.965385,0.920622,0.9192,0.988686
0.932271,0.977778,0.988686,0.96831
0.976923,0.994545,0.96831,1.008182
0.973753,0.986289,1.008182,0.955816
0.991914,0.960148,0.955816,1.001887
0.967391,1.009653,1.001887,1.03484
1.048689,1.005736,1.03484,1.0
0.983036,1.025665,1.0,1.017288
1.016349,1.001854,1.017288,0.9839
0.995532,1.006475,0.9839,0.992727
1.004488,0.992647,0.992727,0.99359
0.986595,0.99537,0.99359,1.03318
1.01721,1.013953,1.03318,1.016057
1.016919,1.021101,1.016057,0.997366
1.003503,1.01168,0.997366,1.00088
1.007853,1.003552,1.00088,1.001759
0.991342,0.989381,1.001759,1.002634
1.00262,1.004472,1.002634,1.031524
1.036585,1.020481,1.031524,1.0382
1.030252,1.00349,1.0382,0.992641
1.02447,1.03913,0.992641,1.022241
0.995223,1.012552,1.022241,1.011281
1.028,1.017355,1.011281,0.987251
0.977432,0.987002,0.987251,1.027441
1.035032,1.004938,1.027441,0.994501
1.002308,1.022113,0.994501,0.988152
0.970837,0.979167,0.988152,1.007994
1.005534,1.006547,1.007994,0.969072
0.992138,0.966667,0.969072,0.997545
0.98336,1.010093,0.997545,1.00082
0.98469,1.001665,1.00082,0.963934
0.996727,0.947631,0.963934,0.977891
0.979475,1.005263,0.977891,0.998261
0.972339,0.95986,0.998261,0.981707
0.987931,0.996364,0.981707,0.992014
0.981675,1.00365,0.992014,1.028623
1.026667,1.013636,1.028623,0.997391
0.997403,1.016143,0.997391,1.022668
1.019965,0.997352,1.022668,1.01023
1.022979,1.035398,1.01023,1.023629
1.014143,1.000855,1.023629,1.028854
1.026251,1.028181,1.028854,1.018429
1.019984,1.013289,1.018429,0.995279
1.003135,1.02541,0.995279,1.037154
1.027344,1.011191,1.037154,1.032012
1.034221,1.027668,1.032012,0.985968
1.046324,1.011538,0.985968,0.940075
0.938159,0.924715,0.940075,0.992032
0.946067,1.004934,0.992032,1.005622
0.996041,1.008183,1.005622,1.007188
1.004769,0.991071,1.007188,1.013481
1.016614,1.027846,1.013481,1.008607
1.007004,1.003984,1.008607,1.025601
1.028594,1.015873,1.025601,1.011346
1.012772,1.00625,1.011346,0.988781
0.997774,1.010093,0.988781,1.007564
0.994796,1.009992,1.007564,0.977477
0.997758,0.981735,0.977477,1.00384
0.981273,0.991473,1.00384,0.990819
1.00458,1.000782,0.990819,1.004633
0.990881,0.995312,1.004633,0.997694
1.003834,1.00314,0.997694,1.043914
1.035905,1.000782,1.043914,0.938745
1.032448,0.964034,0.938745,0.992138
0.912143,1.000811,0.992138,1.002377
0.991386,1.001621,1.002377,0.993676
1.014218,1.004854,0.993676,0.9
0.978193,0.910628,0.9,1.001768
0.921975,0.969054,1.001768,1.001765
0.982729,1.02281,1.001765,1.005286
1.01406,1.001784,1.005286,1.014899
1.003466,1.011576,1.014899,0.994819
1.004318,0.997359,0.994819,0.993924
0.993121,1.000883,0.993924,1.000873
1.008658,1.002646,1.000873,1.00349
0.992275,1.002639,1.00349,0.996522
1.004325,0.995614,0.996522,0.979058
0.987941,0.985022,0.979058,0.995544
0.988666,0.991055,0.995544,0.996419
0.9903,0.987365,0.996419,0.98832
0.993767,1.000914,0.98832,1.01
0.997312,1.00274,1.01,1.011701
1.013477,1.01184,1.011701,1.0
1.006206,1.007201,1.0,0.994662
0.997357,0.992851,0.994662,1.008945
0.999117,1.007201,1.008945,0.989362
0.996463,0.996425,0.989362,0.918459
0.993789,0.906726,0.918459,0.993171
0.926786,1.003956,0.993171,0.931238
0.986513,0.933005,0.931238,1.004219
0.936523,0.98944,1.004219,1.057773
1.057351,1.029883,1.057773,1.013903
1.02071,1.046632,1.013903,1.000979
0.997101,1.00099,1.000979,0.995108
0.994186,1.004946,0.995108,1.0
0.997076,1.0,1.0,1.013766
1.01564,1.003937,1.013766,0.99418
0.994225,0.996078,0.99418,0.997073
1.005808,1.000984,0.997073,1.006849
0.9923,0.999017,1.006849,0.998056
1.00388,1.005906,0.998056,0.955209
0.995169,0.958904,0.955209,0.993884
0.958252,0.97551,0.993884,1.014359
1.004053,1.01046,1.014359,0.998989
1.005045,1.012422,0.998989,0.987854
0.991968,0.994888,0.987854,1.014344
1.010121,1.001028,1.014344,1.031313
1.028056,1.0154,1.031313,0.988247
1.000975,1.013145,0.988247,1.012884
1.004869,1.002994,1.012884,1.011742
1.008721,1.016915,1.011742,1.000967
0.999039,1.007828,1.000967,1.010628
1.005769,1.0,1.010628,0.99522
1.003824,0.996117,0.99522,0.979827
0.989524,0.987329,0.979827,0.978431
0.976901,0.972359,0.978431,0.99499
0.991133,0.994924,0.99499,0.996979
0.989066,1.00102,0.996979,1.00202
1.003015,1.0,1.00202,0.974798
0.99499,0.974516,0.974798,1.014478
0.988922,1.006276,1.014478,1.087666
1.098778,1.030146,1.087666,0.960637
0.977757,1.025227,0.960637,0.958049
0.981043,0.959646,0.958049,0.98167
0.955556,0.982564,0.98167,1.011411
0.989889,0.980167,1.011411,1.019487
1.020429,1.031949,1.019487,1.016097
1.019019,1.016512,1.016097,0.985149
0.994106,1.006091,0.985149,0.992965
0.986166,0.984864,0.992965,1.036437
1.034068,1.017418,1.036437,1.032227
1.031977,1.023162,1.032227,0.980132
0.99061,1.01378,0.980132,1.013514
0.998104,0.975728,1.013514,0.975238
1.002849,1.002985,0.975238,1.007812
0.981061,1.007937,1.007812,0.940891
0.999035,0.947835,0.940891,1.009269
0.947826,0.986501,1.009269,0.988776
0.997961,1.002105,0.988776,0.985552
0.989785,0.997899,0.985552,1.006283
1.001032,1.006316,1.006283,1.006243
0.997938,0.997908,1.006243,1.01758
1.027893,1.007338,1.01758,0.986789
0.99196,1.007284,0.986789,1.00103
0.990881,0.996901,1.00103,1.004115
1.006135,1.007254,1.004115,1.032787
1.027439,1.014403,1.032787,0.998016
1.003956,1.009128,0.998016,0.99503
0.995074,0.994975,0.99503,1.001998
0.99802,1.006061,1.001998,1.015952
1.026786,1.00502,1.015952,1.004907
1.007729,1.007992,1.004907,0.995117
0.985618,0.996036,0.995117,1.029441
1.02821,1.00995,1.029441,0.956149
0.992431,0.971429,0.956149,0.984048
0.959962,0.993915,0.984048,0.961499
0.979146,0.965306,0.961499,1.02529
0.986815,0.988372,1.02529,0.994861
1.003083,1.025668,0.994861,1.014463
1.009221,1.008342,1.014463,1.011202
1.011168,1.006205,1.011202,1.006042
1.009036,1.013361,1.006042,0.987988
1.002985,0.988844,0.987988,0.993921
0.981151,0.995897,0.993921,0.993884
0.996967,0.988671,0.993884,0.923077
0.990872,0.936458,0.923077,0.958889
0.927329,0.94327,0.958889,1.013905
0.983444,1.010613,1.013905,1.002286
0.987654,1.010502,1.002286,0.995439
1.001136,0.993072,0.995439,0.969072
0.985244,0.977907,0.969072,0.960993
0.975806,0.964328,0.960993,1.0
0.971665,0.991369,1.0,1.02337
1.010936,1.007463,1.02337,1.032452
1.038462,1.017284,1.032452,0.991851
1.0,1.026699,0.991851,1.012911
1.006944,1.004728,1.012911,0.98146
0.998851,0.995294,0.98146,0.968123
0.978136,0.969267,0.968123,1.05
1.025882,1.0,1.05,0.987224
0.990826,1.031707,0.987224,1.003529
0.997685,1.002364,1.003529,1.007034
1.00348,0.994104,1.007034,0.963912
1.015029,0.964413,0.963912,1.039855
0.981777,1.0246,1.039855,1.031359
1.039443,1.033613,1.031359,1.040541
1.037946,1.026713,1.040541,0.987013
0.998925,1.015837,0.987013,1.031798
1.022605,1.006682,1.031798,0.991498
1.003158,1.012168,0.991498,1.018221
1.002099,1.001093,1.018221,1.012632
1.020942,1.018559,1.012632,0.982328
0.994872,0.98821,0.982328,0.97672
0.976289,0.998915,0.97672,1.018418
1.002112,0.989142,1.018418,1.005319
1.012645,1.018661,1.005319,1.008466
1.005203,1.011853,1.008466,0.996852
0.989648,0.990415,0.996852,1.004211
1.019874,1.013978,1.004211,1.0
0.988718,0.988335,1.0,1.033543
1.024896,1.012876,1.033543,1.024341
1.027328,1.028602,1.024341,0.988119
1.005911,1.022657,0.988119,1.018036
0.999021,1.001007,1.018036,0.990157
1.001961,1.01006,0.990157,0.985089
0.994129,0.979084,0.985089,1.004036
0.985236,1.003052,1.004036,1.015075
1.015984,1.005071,1.015075,1.028713
1.036382,1.007064,1.028713,0.999038
0.993359,1.018036,0.999038,1.047206
1.069723,1.016732,1.047206,1.00644
0.988393,1.028074,1.00644,0.960695
0.993677,0.983051,0.960695,1.009515
0.976364,0.967433,1.009515,1.002828
1.013966,1.040594,1.002828,0.990602
0.982553,0.99334,0.990602,0.971537
0.993458,0.975096,0.971537,1.067383
1.032926,1.005894,1.067383,1.038426
1.045537,1.061523,1.038426,1.069604
1.084495,1.026679,1.069604,1.001647
0.995984,1.067204,1.001647,1.015625
1.008871,1.00084,1.015625,1.008097
1.019185,1.017617,1.008097,1.040964
1.025882,1.011542,1.040964,1.03858
1.032875,1.015485,1.03858,0.982912
1.006662,1.057785,0.982912,0.97808
0.982353,0.968892,0.97808,1.001546
0.984281,1.002349,1.001546,1.013117
1.015209,1.011719,1.013117,1.019802
1.032959,1.008494,1.019802,1.059746
1.033358,1.020674,1.059746,1.059197
1.064561,1.051013,1.059197,1.006653
1.032301,1.049251,1.006653,0.998678
0.989783,1.010204,0.998678,1.016545
0.994194,0.963636,1.016545,0.998698
1.019468,1.032844,0.998698,1.023468
1.017823,1.025034,1.023468,1.00828
1.023139,0.990099,1.00828,0.981049
0.987164,1.033333,0.981049,0.936252
0.962848,0.935484,0.936252,1.055708
1.01865,0.964828,1.055708,0.984365
0.989899,1.07148,0.984365,0.964262
0.96301,0.963976,0.964262,1.02059
0.986755,0.979239,1.02059,1.020175
1.019463,1.045936,1.020175,1.021094
1.038841,1.018243,1.021094,0.97224
0.974018,0.982747,0.97224,0.994688
1.001952,1.006077,0.994688,1.002003
0.996753,0.978523,1.002003,1.099933
1.07557,1.028807,1.099933,1.004846
1.04785,1.1,1.004846,0.981917
0.976301,0.969697,0.981917,0.952118
0.976317,0.955625,0.952118,0.941328
0.958156,0.945062,0.941328,0.968493
0.929747,0.968858,0.968493,1.041726
1.010892,1.019286,1.041726,1.052274
1.050505,1.037842,1.052274,0.994839
1.03141,1.018231,0.994839,1.081064
1.049099,0.988064,1.081064,1.034193
1.067536,1.1,1.034193,0.966357
0.954495,0.981537,0.966357,1.016206
1.006977,0.996966,1.016206,1.011813
0.998845,1.016433,1.011813,1.024518
1.028902,1.031737,1.024518,1.1
1.084831,1.021474,1.1,1.033143
1.099948,1.080682,1.033143,1.002506
0.96516,1.007361,1.002506,1.054
1.039024,1.029228,1.054,0.972011
1.000469,1.034483,0.972011,0.918009
0.96809,0.903922,0.918009,1.028177
0.961222,0.938178,1.028177,1.074974
1.063036,1.1,1.074974,1.065897
1.071157,1.084375,1.065897,1.019856
1.038087,1.022094,1.019856,0.978761
0.976962,0.955827,0.978761,0.974684
0.983843,1.051131,0.974684,0.997681
0.984465,0.968195,0.997681,1.004184
0.991885,1.02657,1.004184,1.031481
1.026818,0.981176,1.031481,1.025583
1.030544,1.064748,1.025583,0.996499
1.007302,1.009009,0.996499,0.934124
0.98081,0.946429,0.934124,0.944993
0.921739,0.937264,0.944993,1.023383
0.976415,0.982386,1.023383,0.983957
1.004831,1.007684,0.983957,0.999506
1.067308,0.95577,0.999506,1.000494
0.937387,1.000532,1.000494,1.003953
0.997117,1.055821,1.003953,1.000492
1.023614,1.007049,1.000492,0.900148
0.916667,0.915,0.900148,0.9
0.949153,0.9,0.9,1.001214
0.916667,0.9,1.001214,0.9
0.973436,1.00135,0.9,0.90027
0.9,0.90027,0.90027,0.9
0.9,0.9,0.9,0.900166
1.002311,0.900166,0.900166,1.0
1.0,1.0,1.0,1.0
1.0,1.0,1.0,1.099815
0.914681,0.900185,1.099815,1.1
1.1,1.1,1.1,1.1
1.1,1.1,1.1,0.923611
1.029167,1.017187,0.923611,0.9
0.9,0.919355,0.9,0.969925
0.953488,0.9,0.969925,1.085271
1.029268,1.058496,1.085271,1.044444
1.066351,1.092105,1.044444,1.032675
1.027407,1.004016,1.032675,0.986019
0.992069,1.032,0.986019,1.031343
1.017442,1.027907,1.031343,0.954414
1.011429,0.980392,0.954414,0.9
0.927966,0.913077,0.9,1.075821
0.990868,0.9,1.075821,1.013312
1.011521,1.076779,1.013312,0.918856
0.985573,1.013043,0.918856,0.99159
0.916795,0.960515,0.99159,0.932146
0.97479,0.948168,0.932146,1.068244
1.018103,1.034873,1.068244,0.96678
1.003387,1.020036,0.96678,0.980617
0.953586,0.955357,0.980617,1.044924
1.034513,1.046729,1.044924,1.099742
1.094098,1.059821,1.099742,1.013292
1.044566,1.078349,1.013292,1.015432
0.996257,0.988281,1.015432,1.010638
1.003005,1.011858,1.010638,1.055639
1.068914,1.041406,1.055639,1.009259
1.000701,1.021005,1.009259,0.9
0.996499,0.936811,0.9,1.059608
0.952916,0.908235,1.059608,1.096225
1.09587,1.1,1.096225,0.900068
0.948183,0.942049,0.900068,0.900225
0.9,0.900225,0.900225,0.9
0.9,0.9,0.9,0.9
1.014815,0.9,0.9,0.97428
0.907847,0.900206,0.97428,1.082365
1.039196,1.051429,1.082365,0.900488
0.96325,1.003261,0.900488,0.900325
0.921687,0.900325,0.900325,0.966306
0.909586,0.90012,0.966306,1.006227
1.02515,1.062834,1.006227,1.076733
1.033879,0.989937,1.076733,1.035632
1.031638,1.090216,1.035632,0.944506
0.98138,0.990676,0.944506,1.031727
1.004464,1.003529,1.031727,0.9
1.004444,0.926143,0.9,0.9
0.9,0.9,0.9,1.099859
1.005141,1.001406,1.099859,0.974425
1.046036,1.067416,0.974425,1.01706
0.958435,0.986842,1.01706,1.056774
1.045918,1.002667,1.056774,1.042735
1.060976,1.079787,1.042735,0.953162
0.964368,0.992611,0.953162,1.029484
1.009535,1.013648,1.029484,0.933174
0.983471,0.924113,0.933174,1.039642
1.008403,1.007947,1.039642,0.96679
0.961905,1.011827,0.96679,1.017812
1.002475,1.020779,1.017812,1.04625
1.046914,1.045802,1.04625,1.021505
1.018868,1.010949,1.021505,1.053801
1.061343,1.031288,1.053801,1.032186
1.015267,1.036173,1.032186,0.964516
0.996778,1.009009,0.964516,1.047938
1.021552,0.993304,1.047938,1.009574
1.017932,1.029213,1.009574,1.013699
1.019689,1.028384,1.013699,1.027027
1.006098,1.004246,1.027027,0.907895
1.019192,0.939746,0.907895,1.068004
0.959366,1.013498,1.068004,1.039666
1.036157,1.063263,1.039666,1.002008
1.020937,1.020877,1.002008,0.997996
0.981445,0.940695,0.997996,0.977912
1.000995,1.041304,0.977912,1.00308
0.992048,1.002088,1.00308,1.01433
1.017034,1.005208,1.01433,0.950555
0.976355,0.968912,0.950555,0.983015
0.962664,0.979679,0.983015,1.065875
1.036688,1.017467,1.065875,1.040527
1.058645,1.040773,1.040527,1.048685
1.029608,1.047423,1.048685,1.011142
1.040816,1.023622,1.011142,1.042241
1.051693,1.029808,1.042241,1.0
0.980508,1.034547,1.0,1.046696
1.05013,1.005415,1.046696,1.1
1.07572,1.045781,1.1,1.1
1.1,1.1,1.1,0.98331
1.030598,1.088647,0.98331,0.929986
0.961538,0.933571,0.929986,1.025856
0.949474,0.987758,1.025856,0.977761
1.000739,0.999225,0.977761,0.956785
0.972674,0.95814,0.956785,1.022187
0.981777,1.004045,1.022187,1.011628
1.010828,1.01531,1.011628,0.980843
1.00153,1.011111,0.980843,0.917187
0.988541,0.905024,0.917187,0.973595
0.914219,0.930616,0.973595,0.997375
0.975486,1.034483,0.997375,0.987719
0.999133,0.972973,0.987719,1.047069
1.026019,1.035185,1.047069,0.974555
1.000845,1.0161,0.974555,1.025239
0.995777,1.003521,1.025239,0.948217
0.994063,0.974561,0.948217,0.991943
0.965017,0.981098,0.991943,1.016245
1.007958,1.011009,1.016245,1.036412
1.048246,1.002722,1.036412,1.029991
1.017573,1.038914,1.029991,1.073211
1.087171,1.023519,1.073211,0.960465
0.96823,1.046809,0.960465,1.017756
0.991406,1.005691,1.017756,0.964314
0.992908,0.970089,0.964314,0.999178
0.971429,1.000833,0.999178,1.00823
1.002451,1.0,1.00823,0.961633
1.005705,0.972523,0.961633,0.983022
0.959481,0.95976,0.983022,1.007772
0.994932,1.026762,1.007772,0.958869
1.009338,0.97046,0.958869,1.025916
0.966358,0.999105,1.025916,1.035714
1.051349,1.023297,1.035714,0.962153
0.985099,0.998249,0.962153,0.90035
0.966387,0.903509,0.90035,0.969903
0.9,0.907767,0.969903,1.014014
0.990244,1.04385,1.014014,0.900296
0.981281,0.934426,0.900296,1.005482
0.950803,0.945175,1.005482,0.9
0.95037,0.957077,0.9,0.995152
0.928889,0.955152,0.995152,0.945189
0.996411,0.983503,0.945189,1.048969
0.981993,0.963871,1.048969,0.934889
1.007335,1.004016,0.934889,1.03548
0.973301,0.985333,1.03548,1.045685
1.028678,1.05548,1.045685,0.979369
1.006061,1.020513,0.979369,0.954151
0.987952,0.963568,0.954151,1.044156
0.981707,0.990874,1.044156,1.008706
1.024845,1.051316,1.008706,0.901356
0.974545,0.913642,0.901356,0.976744
0.91791,0.912329,0.976744,0.932773
0.966125,0.990991,0.932773,1.048048
0.995792,1.007576,1.048048,0.982808
0.997183,1.001504,0.982808,1.042274
1.019774,1.024024,1.042274,1.005594
1.004155,1.013196,1.005594,1.023644
1.026207,1.034732,1.023644,0.982337
0.995968,1.005594,0.982337,1.001383
0.985155,0.962448,1.001383,1.062155
1.060274,1.047688,1.062155,1.016905
1.031008,1.051034,1.016905,1.019182
1.026316,1.018373,1.019182,1.031368
1.010989,1.010309,1.031368,1.010949
1.021739,1.039541,1.010949,0.979543
0.978723,0.97546,0.979543,1.011057
1.0,1.003774,1.011057,0.934386
0.992754,0.928571,0.934386,1.1
1.029197,1.062078,1.1,0.965721
1.049645,0.966963,0.965721,0.937576
0.9,0.965834,0.937576,1.074413
1.048872,1.001361,1.074413,1.00486
1.021505,1.09375,1.00486,0.938331
0.974269,0.940373,0.938331,1.01933
0.968788,1.029062,1.01933,0.992415
0.981413,0.937099,0.992415,1.014013
1.027778,1.027397,1.014013,0.952261
0.976658,0.998667,0.952261,0.985488
0.952201,0.981308,0.985488,1.028112
1.03963,1.031293,1.028112,0.996094
0.984752,0.997361,0.996094,0.976471
1.00129,0.977513,0.976471,1.040161
1.003866,1.010825,1.040161,1.050193
1.065469,1.034806,1.050193,1.023284
1.010843,1.05304,1.023284,1.005988
1.046484,1.007371,1.005988,1.038095
0.996583,1.012195,1.038095,0.961009
0.982857,1.006024,0.961009,1.00358
0.986047,0.988024,1.00358,0.985731
1.014151,1.001212,0.985731,1.030157
0.997674,0.983051,1.030157,1.046838
1.045455,1.043103,1.046838,1.004474
1.028986,1.029516,1.004474,1.045657
1.020585,1.010321,1.045657,0.994675
1.005308,1.013621,0.994675,0.978587
0.974657,1.007839,0.978587,0.971554
0.990249,0.983333,0.971554,0.983108
0.968271,0.960452,0.983108,1.013746
1.013559,1.030588,1.013746,0.99887
0.986622,0.982877,0.99887,1.007919
1.025989,1.029036,1.007919,1.020202
1.001101,1.002257,1.020202,0.981298
0.9989,0.998874,0.981298,0.969731
0.97467,0.970688,0.969731,1.008092
0.989831,0.996516,1.008092,0.93922
1.004566,0.939394,0.93922,0.974359
0.939773,0.988834,0.974359,1.010025
0.975816,0.987453,1.010025,0.990074
0.996283,0.991105,0.990074,1.027569
1.021144,1.020513,1.027569,0.989024
1.020706,1.015075,0.989024,0.998767
0.977327,0.972772,0.998767,0.983951
0.991453,1.006361,0.983951,1.046424
1.028325,1.001264,1.046424,0.997602
1.008383,1.040404,0.997602,1.009615
1.002375,0.997573,1.009615,0.939286
1.001185,0.958637,0.939286,0.963245
0.928994,0.956853,0.963245,0.997368
0.975796,0.990716,0.997368,0.989446
1.001305,1.001339,0.989446,0.994667
0.983051,0.971925,0.994667,1.002681
1.01061,1.022008,1.002681,1.009358
0.992126,0.990579,1.009358,0.996026
1.005291,1.005435,0.996026,0.964096
0.981579,0.971622,0.964096,1.005517
0.995979,1.008345,1.005517,1.019204
1.001346,0.98069,1.019204,1.013459
1.016129,1.040788,1.013459,0.981408
0.993386,0.987838,0.981408,1.001353
1.006658,1.008208,1.001353,1.004054
0.98545,0.97829,1.004054,1.002692
1.006711,1.019417,1.002692,0.995973
0.997333,0.987755,0.995973,1.04717
1.040107,1.017906,1.04717,1.001287
1.010283,1.044655,1.001287,1.021851
1.017812,1.007772,1.021851,0.994969
1.00625,1.008997,0.994969,0.997472
0.991304,0.992357,0.997472,1.001267
0.991228,0.998716,1.001267,0.992405
0.998736,0.998715,0.992405,0.941327
0.982278,0.94852,0.941327,1.00271
0.960052,0.990502,1.00271,1.040541
1.037584,1.0,1.040541,0.983117
0.997413,1.032877,0.983117,1.015852
1.014267,1.003979,1.015852,1.027308
1.015345,1.015852,1.027308,0.982278
1.005038,1.005202,0.982278,1.059278
1.0401,0.992238,1.059278,0.984185
0.996386,1.049544,0.984185,1.003708
1.001209,0.960248,1.003708,1.039409
1.027778,1.029754,1.039409,1.0
1.007051,1.042714,1.0,0.994076
1.002334,1.003614,0.994076,1.0
0.996508,1.003601,1.0,0.994041
0.996495,0.990431,0.994041,1.017986
1.0,1.001208,1.017986,1.017668
1.033998,1.016888,1.017668,0.987269
0.975057,1.005931,0.987269,1.002345
1.013953,0.997642,1.002345,0.988304
0.987385,0.989362,0.988304,0.992899
0.990708,1.0,0.992899,1.003576
0.989449,0.972521,1.003576,1.014252
1.017773,1.030713,1.014252,1.01171
1.018626,1.008343,1.01171,1.00463
0.998857,1.013002,1.00463,1.012673
1.022883,0.996499,1.012673,0.995449
0.983221,1.007026,0.995449,0.987429
0.997725,1.002326,0.987429,1.050926
1.064994,1.00464,1.050926,0.97467
0.971092,1.016166,0.97467,1.014689
0.996692,1.001136,1.014689,1.017817
1.016593,1.013621,1.017817,0.938731
0.996736,0.946249,0.938731,1.004662
0.953057,0.997633,1.004662,0.972158
0.990836,0.99051,0.972158,0.976134
0.966474,0.966467,0.976134,1.023227
1.003589,1.013631,1.023227,0.998805
1.001192,1.01467,0.998805,1.027512
1.02381,0.990361,1.027512,0.98603
1.006977,1.026764,0.98603,1.038961
1.020785,0.995261,1.038961,1.005682
1.012443,1.035714,1.005682,0.987571
0.993296,1.0,0.987571,0.975973
0.985377,0.974713,0.975973,1.026964
1.002283,0.997642,1.026964,1.015982
1.020501,1.030733,1.015982,1.011236
1.012277,1.013761,1.011236,1.002222
0.997795,0.998869,1.002222,1.068736
1.096133,1.01359,1.068736,1.033195
1.035282,1.051397,1.033195,1.1
1.067186,1.046759,1.1,0.985401
1.056569,1.071066,0.985401,1.019444
0.982729,1.001896,1.019444,0.960945
0.956942,0.95175,0.960945,1.048204
1.031221,1.026839,1.048204,0.960325
0.987533,1.020329,0.960325,0.980282
0.96844,0.981973,0.980282,0.988506
0.978585,0.964251,0.988506,1.003876
0.997146,1.017034,1.003876,0.966216
0.997137,0.980296,0.966216,1.002997
0.974163,0.99598,1.002997,1.013944
1.006876,0.995964,1.013944,0.984283
1.000976,1.008105,0.984283,0.988024
0.97271,0.975879,0.988024,1.012121
1.019038,1.015448,1.012121,0.98004
1.015733,0.993915,0.98004,0.99389
0.953533,0.97449,0.99389,0.966189
0.981726,0.984293,0.966189,1.028632
1.008273,1.002128,1.028632,1.002062
1.001026,1.015924,1.002062,0.990741
0.998975,1.005225,0.990741,1.005192
1.015385,1.003119,1.005192,0.991736
0.981818,0.984456,0.991736,0.998958
1.010288,0.989474,0.998958,1.015641
0.992872,0.997872,1.015641,0.976386
1.002051,1.011727,0.976386,0.994742
0.981576,0.995785,0.994742,0.995772
0.989572,0.992593,0.995772,1.03397
1.027397,1.008529,1.03397,1.014374
1.017436,1.022199,1.014374,0.995951
1.003024,1.008273,0.995951,1.002033
0.992965,0.996923,1.002033,0.98073
0.995951,0.987654,0.98073,0.98759
0.989837,0.989583,0.98759,1.020942
1.001027,1.001053,1.020942,0.992821
1.008205,1.007361,0.992821,1.039256
1.02645,1.0,1.039256,0.993042
1.005946,1.024008,0.993042,1.03003
1.017734,1.010194,1.03003,0.993197
1.000968,1.024218,0.993197,0.978474
0.98646,0.97931,0.978474,1.008
0.991176,0.998994,1.008,0.987103
1.0,0.988922,0.987103,0.975879
0.968348,0.982688,0.975879,1.00309
0.995914,0.997927,1.00309,0.959959
0.997949,0.965732,0.959959,0.995722
0.969168,0.993548,0.995722,0.995704
0.995758,0.998918,0.995704,1.004315
1.0,0.991333,1.004315,1.007519
1.009585,1.017486,1.007519,1.0
0.998945,0.993555,1.0,1.011727
1.006336,1.015135,1.011727,1.003161
1.001049,1.00639,1.003161,1.005252
1.005241,1.002116,1.005252,0.99582
1.001043,0.995776,0.99582,0.996852
0.994792,1.002121,0.996852,0.986316
0.994764,0.990476,0.986316,1.009605
1.006316,0.991453,1.009605,0.990486
0.993724,1.002155,0.990486,1.009605
0.997895,1.003226,1.009605,0.984144
1.0,0.995713,0.984144,0.991407
0.986287,0.988159,0.991407,1.020585
1.013904,0.997821,1.020585,0.997877
0.998945,1.022926,0.997877,0.984043
0.992608,0.985059,0.984043,1.007568
0.993617,0.99675,1.007568,1.003219
1.005353,1.006522,1.003219,0.971123
0.996805,0.977322,0.971123,0.991189
0.970085,0.990055,0.991189,1.004444
1.0,1.003348,1.004444,1.00885
1.005507,1.003337,1.00885,0.987939
0.998905,0.997783,0.987939,1.00444
0.993421,0.988889,1.00444,0.946961
0.998896,0.952809,0.946961,1.004667
0.981215,1.004717,1.004667,0.988386
0.975225,0.985915,0.988386,1.007051
1.004619,1.003571,1.007051,1.004667
0.994253,1.007117,1.004667,0.99187
1.002312,1.003534,0.99187,1.001171
0.990773,0.997653,1.001171,1.022222
1.017462,1.005882,1.022222,0.993135
1.006865,1.011696,0.993135,0.982719
0.993182,0.982659,0.982719,1.005862
0.983982,0.983529,1.005862,1.004662
1.005814,1.023923,1.004662,1.026682
1.049711,1.002336,1.026682,0.987571
0.97467,1.011655,0.987571,0.979405
0.99096,0.980415,0.979405,1.009346
0.992018,1.008226,1.009346,1.015046
1.011494,1.004662,1.015046,1.017104
1.019318,1.011601,1.017104,1.0
1.007804,1.011468,1.0,1.005605
0.995575,1.003401,1.005605,0.986622
1.002222,1.0,0.986622,0.99887
0.988914,0.99435,0.99887,0.959276
0.994395,0.956818,0.959276,0.983491
0.970688,0.988124,0.983491,0.944844
0.979094,0.903846,0.944844,1.013959
0.954923,1.038564,1.013959,0.988736
0.997516,1.008963,0.988736,1.017722
1.008717,0.996193,1.017722,1.013682
1.008642,1.017834,1.013682,1.001227
1.003672,1.013767,1.001227,0.98652
0.997561,0.992593,0.98652,1.009938
0.99511,1.0,1.009938,1.00738
1.009828,1.012438,1.00738,0.992674
1.0,0.990172,0.992674,1.01476
1.004866,1.004963,1.01476,1.0
1.003632,1.012346,1.0,1.003636
0.998794,0.997561,1.003636,1.0157
1.018116,1.00978,1.0157,1.009512
1.014235,1.012107,1.009512,0.997644
0.997661,1.010766,0.997644,0.998819
0.996483,0.997633,0.998819,1.001182
1.008235,1.0,1.001182,1.004723
0.994166,0.995255,1.004723,0.989424
0.998826,1.001192,0.989424,1.011876
1.003525,1.0,1.011876,1.012911
1.01171,1.010714,1.012911,1.005794
1.005787,1.008245,1.005794,1.00576
1.010357,1.010514,1.00576,1.0126
1.010251,1.00578,1.0126,0.986425
1.005637,1.001149,0.986425,1.0
0.994395,0.996556,1.0,1.001147
0.987599,0.986175,1.001147,0.990836
1.002283,1.007009,0.990836,1.010405
0.998861,0.99768,1.010405,0.990847
1.0,1.004651,0.990847,0.998845
0.993158,0.989583,0.998845,0.991908
0.994259,1.0,0.991908,0.994172
0.991917,0.982456,0.994172,0.992966
0.996508,1.00119,0.992966,0.998819
0.991822,0.991677,0.998819,1.001182
1.004711,1.01199,1.001182,0.991736
0.995311,0.989336,0.991736,1.015476
1.005889,1.00479,1.015476,0.983587
1.001171,0.996424,0.983587,0.994041
0.984795,0.988038,0.994041,1.002398
0.995249,1.001211,1.002398,0.979665
0.99284,0.987908,0.979665,1.006105
0.995192,0.991432,1.006105,1.003641
1.0,1.008642,1.003641,0.997582
0.998792,1.003672,0.997582,0.985455
0.997582,0.990244,0.985455,0.98278
0.989091,0.975369,0.98278,0.97622
0.980392,0.982323,0.97622,1.008974
0.99625,1.0,1.008974,1.053367
1.047679,1.012853,1.053367,0.998794
1.001198,1.043147,0.998794,1.003623
0.997608,1.00365,1.003623,1.006017
1.003597,0.989091,1.006017,0.989234
0.996416,1.001225,0.989234,0.996372
0.996403,1.003672,0.996372,0.997573
0.997593,1.0,0.997573,0.993917
0.993969,0.986585,0.993917,0.982864
0.991505,0.981459,0.982864,0.972603
0.988984,0.978589,0.972603,0.973111
0.97401,0.958816,0.973111,0.977632
0.997459,0.994631,0.977632,0.985195
0.956688,0.978408,0.985195,0.959016
0.973369,0.961379,0.959016,0.997151
0.974008,1.002869,0.997151,1.007143
0.998596,0.972818,1.007143,1.0
0.994374,1.0,1.0,0.997163
0.998586,1.025,0.997163,1.00569
1.004249,1.007174,1.00569,0.991513
1.0,0.985755,0.991513,0.99572
1.0,0.995665,0.99572,0.974212
0.980254,0.986938,0.974212,0.983824
0.981295,0.982353,0.983824,1.025411
1.007331,0.988024,1.025411,0.978134
1.004367,1.015152,0.978134,0.980626
0.975362,0.953731,0.980626,0.986322
0.977712,1.001565,0.986322,1.033898
1.056231,1.03125,1.033898,1.019374
0.988489,0.980303,1.019374,0.997076
1.007278,1.047913,0.997076,0.991202
0.99711,0.992625,0.991202,1.008876
0.995652,1.0,1.008876,1.002933
1.001456,1.004458,1.002933,0.964912
0.997093,0.968935,0.964912,1.015152
0.98105,0.977099,1.015152,1.010448
1.010401,1.032812,1.010448,1.002954
1.0,1.016641,1.002954,1.001473
1.019118,1.005952,1.001473,0.982353
0.978355,0.983728,0.982353,1.017964
1.010324,0.984962,1.017964,0.998529
0.99854,1.032061,0.998529,1.005891
1.005848,0.997041,1.005891,1.019034
1.013081,1.007418,1.019034,0.984195
1.0,1.007364,0.984195,0.99854
0.987088,0.991228,0.99854,0.967836
0.988372,0.973451,0.967836,1.018127
0.994118,0.992424,1.018127,1.008902
1.014793,1.022901,1.008902,1.014706
1.008746,1.007463,1.014706,0.997101
0.99711,1.01037,0.997101,1.017442
1.014493,1.002933,1.017442,0.99
1.004286,1.010234,0.99,1.0
0.990043,0.992764,1.0,0.969697
0.99569,0.973761,0.969697,1.0
0.972583,0.983533,1.0,1.005952
1.004451,1.010654,1.005952,1.004438
1.007386,1.013554,1.004438,0.989691
0.998534,0.995542,0.989691,1.004464
0.997063,0.997015,1.004464,1.004444
1.002946,1.004491,1.004444,1.007375
1.004405,1.002981,1.007375,0.991215
1.001462,1.002972,0.991215,1.054653
1.049635,1.0,1.054653,0.981793
0.984701,1.02963,0.981793,0.99572
1.0,1.0,0.99572,1.012894
1.009887,1.002878,1.012894,0.964639
0.979021,0.97561,0.964639,0.992669
0.975714,0.979412,0.992669,1.002954
0.997072,1.007508,1.002954,0.998527
1.004405,1.002981,0.998527,0.912979
0.99269,0.906389,0.912979,1.024233
0.936672,1.003279,1.024233,1.011041
1.011006,1.026144,1.011041,0.99844
1.007776,1.015924,0.99844,1.0
0.99537,0.998433,1.0,1.00625
1.00155,0.99529,1.00625,0.993789
1.0,1.006309,0.993789,0.998437
0.998452,0.995298,0.998437,1.023474
1.021705,1.0,1.023474,0.987768
0.990895,1.011024,0.987768,1.006192
0.996937,1.003115,1.006192,0.995385
1.003072,1.0,0.995385,0.98609
0.995406,0.990683,0.98609,1.004702
0.993846,0.996865,1.004702,1.00624
1.010836,1.006289,1.00624,1.007752
0.996937,1.0,1.007752,1.001538
1.001536,1.00625,1.001538,1.02765
1.046012,0.947205,1.02765,0.986547
0.98827,1.07377,0.986547,0.990909
0.982196,0.993893,0.990909,1.025994
1.019637,1.004608,1.025994,1.013413
1.008889,1.018349,1.013413,1.005882
1.016153,1.013514,1.005882,1.033626
1.033237,1.01037,1.033626,0.991513
0.998601,1.020528,0.991513,1.055635
1.047619,1.005747,1.055635,0.972973
0.983957,1.02,0.972973,0.979167
0.982337,0.97619,0.979167,0.975887
0.976487,0.979914,0.975887,1.018895
1.007082,1.004392,1.018895,1.002853
0.997187,1.01312,1.002853,0.987198
0.995769,0.989928,0.987198,1.014409
1.005666,1.002907,1.014409,0.994318
0.998592,1.007246,0.994318,1.005714
0.99859,0.998561,1.005714,1.0
0.998588,1.005764,1.0,0.994318
0.995757,0.998567,0.994318,1.011429
1.007102,0.995696,1.011429,0.978814
0.995769,0.995677,0.978814,0.995671
0.985836,0.992764,0.995671,1.005797
0.998563,1.001458,1.005797,0.989914
0.998561,0.995633,0.989914,1.007278
0.998559,1.001462,1.007278,1.004335
1.007215,1.005839,1.004335,0.995683
0.998567,0.998549,0.995683,1.004335
1.0,1.002907,1.004335,1.017266
1.020086,1.004348,1.017266,1.021216
1.019691,1.012987,1.021216,0.98892
1.011034,1.011396,0.98892,1.047619
1.043656,0.988732,1.047619,0.967914
0.989542,1.009972,0.967914,1.002762
0.961691,1.005642,1.002762,1.050964
1.078297,1.004208,1.050964,0.986894
0.991083,1.047486,0.986894,1.065073
1.053985,0.988,1.065073,1.099751
1.07561,1.083671,1.099751,0.970522
0.994331,1.052304,0.970522,0.96729
0.966933,0.95858,0.96729,1.030193
1.033019,1.007407,1.030193,0.966002
0.966895,0.987745,0.966002,0.947816
0.966942,0.955335,0.947816,1.00128
0.974359,1.012987,1.00128,0.985934
0.993734,0.982051,0.985934,0.97406
0.978562,0.966057,0.97406,1.010652
0.979381,1.006757,1.010652,0.99473
1.0,1.004027,0.99473,0.978808
0.997368,0.967914,0.978808,1.005413
0.984169,1.012431,1.005413,1.016151
1.029491,1.00955,1.016151,0.978808
0.99349,0.994595,0.978808,0.959405
0.975098,0.953804,0.959405,1.009873
0.962366,1.001425,1.009873,1.009777
1.022346,1.021337,1.009777,0.983402
0.983607,0.977716,0.983402,1.012658
1.001389,1.001425,1.012658,1.0375
1.04577,1.019915,1.0375,1.005355
0.998674,1.020921,1.005355,0.993342
1.00664,1.013661,0.993342,1.004021
0.992084,0.991914,1.004021,1.029372
1.037234,1.004076,1.029372,1.0
1.003846,1.031123,1.0,0.972763
0.984674,0.97769,0.972763,1.1
1.070039,1.0,1.1,0.974545
1.020606,1.075168,0.974545,0.96393
0.985748,0.94382,0.96393,1.059355
0.993976,1.026455,1.059355,1.003654
1.026667,1.032216,1.003654,0.985437
0.975207,0.988764,0.985437,0.961823
1.002421,0.974747,0.961823,1.038412
1.024155,1.014249,1.038412,0.900123
0.950472,0.932312,0.900123,1.020548
0.92804,0.969863,1.020548,0.978523
0.995989,1.007062,0.978523,0.984911
0.990604,1.002805,0.984911,1.036212
1.023035,0.993007,1.036212,0.982527
0.996026,1.021127,0.982527,0.963064
0.985372,0.944828,0.963064,1.041193
0.993252,1.014599,1.041193,1.008186
1.024457,1.043165,1.008186,1.028417
1.033156,1.008276,1.028417,1.006579
0.992298,1.02736,1.006579,1.003922
0.994825,1.001332,1.003922,1.019531
1.019506,1.007979,1.019531,0.994891
1.003827,1.006596,0.994891,0.969191
0.991105,0.972477,0.969191,1.033113
1.029487,1.006739,1.033113,1.011538
0.983811,1.032129,1.011538,0.984791
0.992405,0.994812,0.984791,1.020592
1.022959,0.988266,1.020592,0.989912
0.988778,1.026385,0.989912,0.955414
0.993695,0.96144,0.955414,0.98
0.945431,0.959893,0.98,0.970068
0.987919,0.990251,0.970068,1.007013
0.98913,0.998594,1.007013,1.006964
1.001374,1.002817,1.006964,1.008299
1.005487,1.009831,1.008299,1.021948
1.031378,1.009736,1.021948,0.993289
0.984127,1.012397,0.993289,1.002703
1.005376,1.0,1.002703,0.990566
0.994652,0.986395,0.990566,1.013605
1.002688,1.002759,1.013605,0.979866
0.99866,0.995873,0.979866,1.060274
1.045638,1.001381,1.060274,0.98708
0.98973,1.046897,0.98708,0.946335
0.994812,0.942029,0.946335,1.005533
0.959583,1.001399,1.005533,1.03989
1.040761,1.002793,1.03989,0.994709
0.994778,1.037604,0.994709,0.993351
1.013123,0.994631,0.993351,1.022758
0.992228,0.979757,1.022758,1.006545
1.006527,1.039945,1.006545,1.006502
1.01297,1.002649,1.006502,0.975452
0.99872,0.996037,0.975452,1.049007
1.026923,0.997347,1.049007,0.988636
0.992509,1.015957,0.988636,0.994891
0.993711,1.01178,0.994891,0.955071
0.983544,0.949547,0.955071,0.915323
0.969112,0.912807,0.915323,0.979442
0.907039,0.967164,0.979442,0.991004
0.985359,0.993827,0.991004,0.906203
0.976226,0.923913,0.906203,0.998331
0.940639,0.957983,0.998331,1.021739
1.0,1.036842,1.021739,0.95581
0.983819,0.954315,0.95581,1.018836
0.988487,1.021277,1.018836,0.998319
1.011647,1.029514,0.998319,1.005051
0.985197,0.991568,1.005051,1.020101
1.023372,1.017007,1.020101,1.004926
1.009788,1.013378,1.004926,1.037582
1.027464,1.009901,1.037582,0.992126
1.006289,1.02451,0.992126,1.009524
1.028125,0.984051,1.009524,1.017296
0.983283,1.012966,1.017296,0.976816
0.998454,1.008,0.976816,1.02057
1.001548,1.0,1.02057,1.010853
1.027821,1.019048,1.010853,0.976994
0.981955,0.992212,0.976994,1.00471
0.984686,0.993721,1.00471,1.029687
1.029549,1.011058,1.029687,1.007587
1.010574,1.025,1.007587,0.995482
1.0,0.992378,0.995482,0.971256
0.99701,0.983103,0.971256,0.987539
0.961019,0.964062,0.987539,0.996845
0.99688,1.02107,0.996845,0.998418
0.998435,0.993651,0.998418,1.004754
0.995298,0.990415,1.004754,1.001577
1.020472,1.016129,1.001577,1.00315
0.992284,0.992063,1.00315,0.905808
0.96423,0.9168,0.905808,1.02773
0.958065,0.979058,1.02773,1.038786
1.047138,1.067736,1.038786,0.998377
1.008039,1.006678,0.998377,1.021138
1.023923,1.021559,1.021138,1.019108
1.004673,1.022727,1.019108,1.004687
1.020155,1.009524,1.004687,1.020218
1.015198,0.992138,1.020218,0.952744
0.986527,0.980983,0.952744,1.0352
0.984825,0.990307,1.0352,0.978362
0.996918,1.019576,0.978362,1.00158
0.995363,1.0096,1.00158,0.993691
0.996894,0.992076,0.993691,1.0
0.995327,1.001597,1.0,0.984127
0.99374,0.964912,0.984127,0.985484
0.990551,1.008264,0.985484,1.018003
0.993641,0.97377,1.018003,1.025723
1.0256,1.035354,1.025723,0.95768
0.99376,0.988618,0.95768,1.065466
1.048666,1.0,1.065466,1.013825
0.989521,1.047697,1.013825,1.024242
1.030257,1.018838,1.024242,0.963018
0.989721,1.0,0.963018,1.00768
0.998516,0.995378,1.00768,0.97561
0.980684,0.959752,0.97561,1.003125
0.983333,0.991935,1.003125,0.978193
0.993837,1.019512,0.978193,1.017516
1.00155,1.00319,1.017516,1.021909
1.012384,1.00159,1.021909,0.983155
0.996942,1.011111,0.983155,1.0
0.992331,0.993721,1.0,0.97352
0.993818,0.985782,0.97352,1.0624
1.040435,1.001603,1.0624,0.990964
0.989537,1.0256,0.990964,0.986322
0.984894,1.00468,0.986322,1.003082
1.013804,1.004658,1.003082,0.995392
0.987897,0.98609,0.995392,1.015432
1.022971,1.018809,1.015432,1.034954
1.032934,1.009231,1.034954,0.982379
0.986957,1.015244,0.982379,0.986547
0.992658,0.987988,0.986547,0.981818
0.983728,0.975684,0.981818,1.007716
0.993985,1.004673,1.007716,0.966309
0.993949,0.975194,0.966309,0.931854
0.951294,0.903021,0.931854,1.008503
0.96,1.026408,1.008503,0.986509
0.99,0.994854,0.986509,0.994872
0.996633,1.0,0.994872,1.020619
1.005068,1.005172,1.020619,1.0
1.003361,1.008576,1.0,0.979798
1.001675,0.988095,0.979798,0.986254
0.986622,0.977625,0.986254,0.991289
0.981356,0.991197,0.991289,1.010545
0.994819,1.001776,1.010545,0.961739
0.994792,0.975177,0.961739,0.996383
0.979058,0.987273,0.996383,0.947368
0.989305,0.950276,0.947368,0.900383
0.933333,0.910853,0.900383,0.989362
0.915058,0.921277,0.989362,0.939785
0.983122,1.006928,0.939785,1.032037
0.974249,0.997706,1.032037,1.002217
1.019824,1.032184,1.002217,1.035398
1.056156,0.979955,1.035398,0.997863
0.969325,1.047727,0.997863,1.002141
1.008439,1.008677,1.002141,1.034188
1.018828,1.0,1.034188,0.987603
1.00616,1.004301,0.987603,1.025105
1.004082,0.997859,1.025105,0.971429
1.002033,1.015021,0.971429,0.962185
0.971602,0.964059,0.962185,1.026201
0.993737,1.004386,1.026201,1.017021
1.016807,1.021834,1.017021,1.01046
1.002066,1.021368,1.01046,0.964803
0.983505,0.947699,0.964803,1.060086
1.067086,1.039735,1.060086,0.995951
0.972495,1.027601,0.995951,1.042683
1.038384,1.012397,1.042683,0.978558
0.986381,1.012245,0.978558,0.968127
0.99211,0.977823,0.968127,0.997942
0.986083,0.993814,0.997942,1.016495
1.0,0.987552,1.016495,1.010142
1.008065,1.021008,1.010142,1.012048
1.016,1.016461,1.012048,0.992063
1.0,1.004049,0.992063,1.0
0.992126,1.002016,1.0,1.0
1.001984,0.997988,1.0,0.98
0.992079,0.979839,0.98,1.002041
0.986028,1.0,1.002041,0.979633
1.006073,0.987654,0.979633,0.952183
0.963783,0.916667,0.952183,0.991266
0.962422,1.025,0.991266,0.982379
0.991323,0.977827,0.982379,1.033632
1.008753,1.011338,1.033632,0.984816
1.008677,1.013453,0.984816,1.03304
1.021505,1.0,1.03304,1.008529
0.997895,1.030973,1.008529,1.057082
1.084388,0.98927,1.057082,0.99
0.976654,1.056399,0.99,0.977778
0.992032,0.989733,0.977778,1.010331
1.016064,0.975104,1.010331,1.006135
0.990119,1.029787,1.006135,1.02439
1.007984,0.969008,1.02439,1.037698
1.089109,1.046908,1.037698,0.978967
0.943636,1.034623,0.978967,1.029297
1.028902,1.001969,1.029297,0.97723
0.983146,1.003929,0.97723,1.027184
1.026667,1.0,1.027184,0.986767
1.007421,1.017613,0.986767,0.990421
0.963168,0.976923,0.990421,0.972921
0.994264,0.982283,0.972921,0.996024
0.986538,1.0,0.996024,0.986028
0.978558,0.947896,0.986028,1.012146
1.0,1.027484,1.012146,0.97
1.007968,0.995885,0.97,1.006186
0.976285,0.991736,1.006186,0.977459
1.002024,0.979167,0.977459,0.987421
0.969697,0.997872,0.987421,1.016985
1.008333,0.995736,1.016985,1.0
0.997934,1.019272,1.0,1.039666
1.033126,1.012605,1.039666,0.993976
0.997996,1.012448,0.993976,0.989899
0.993976,0.995902,0.989899,1.008163
0.99798,0.981481,1.008163,1.006073
1.018219,1.020964,1.006073,0.98994
0.992048,1.0,0.98994,1.006098
0.995992,0.99384,1.006098,0.985859
0.993964,1.002066,0.985859,1.0
1.0,1.004124,1.0,0.973361
0.991903,0.960986,0.973361,1.002105
0.973469,1.008547,1.002105,0.951681
0.985325,0.959746,0.951681,1.002208
0.976596,0.995585,1.002208,1.006608
1.0,1.004435,1.006608,0.9
0.965142,0.907285,0.9,0.963504
0.927765,0.905109,0.963504,0.987374
0.992701,1.037634,0.987374,0.987212
0.977941,0.992228,0.987212,1.025907
0.997494,1.002611,1.025907,0.957071
0.98995,0.981771,0.957071,1.034301
0.997462,0.981432,1.034301,1.053571
1.066158,1.056757,1.053571,0.983051
0.997613,1.028133,0.983051,1.002463
0.988038,1.007463,1.002463,0.992629
0.98063,0.967901,0.992629,1.014851
1.017284,1.030612,1.014851,0.992683
1.009709,0.99505,0.992683,1.017199
1.0,0.99005,1.017199,1.014493
1.028846,1.035176,1.014493,0.995238
1.011682,1.014563,0.995238,1.033493
1.011547,1.009569,1.033493,0.99537
0.990868,1.007109,0.99537,1.023256
1.016129,1.004706,1.023256,1.006818
1.040816,1.014052,1.006818,0.988713
0.980392,1.006928,0.988713,1.013699
1.02,0.990826,1.013699,1.029279
1.0,1.013889,1.029279,1.021882
1.019608,1.018265,1.021882,1.006424
1.010684,1.026906,1.006424,1.010638
1.004228,1.015284,1.010638,1.010526
1.016842,1.012903,1.010526,1.025
1.041408,1.002123,1.025,0.955285
0.970179,0.983051,0.955285,1.010638
0.97541,0.969828,1.010638,0.989474
1.006303,1.04,0.989474,0.948936
0.987474,0.944444,0.948936,1.1
1.038055,1.002262,1.1,1.099796
1.099796,1.094808,1.099796,1.1
1.1,1.1,1.1,1.013468
1.099327,1.064057,1.013468,0.938538
0.900459,0.906355,0.938538,1.1
1.057823,1.046125,1.1,1.054662
1.098071,1.097002,1.054662,0.948171
0.925329,0.948553,0.948171,0.92926
0.963608,0.971186,0.92926,1.1
1.044335,1.013962,1.1,1.1
1.1,1.070568,1.1,1.1
1.1,1.1,1.1,0.92987
0.992208,0.970793,0.92987,1.069832
1.027487,1.038682,1.069832,0.966057
0.95414,0.976552,0.966057,0.966216
0.965287,0.973164,0.966216,1.026573
1.063624,1.036284,1.026573,1.021798
0.993498,1.0,1.021798,1.002667
0.986911,1.002801,1.002667,1.026596
1.071618,1.019553,1.026596,1.099741
1.050743,1.068493,1.099741,1.1
1.1,1.1,1.1,1.014989
1.098501,1.074419,1.014989,1.1
1.016569,1.010823,1.1,1.099712
1.099712,1.073876,1.099712,1.1
1.1,1.1,1.1,1.099842
1.099842,1.057932,1.099842,0.954611
1.004323,1.086773,0.954611,1.1
1.045911,1.027132,1.1,1.069959
1.1,1.1,1.069959,1.044231
1.058603,1.00823,1.044231,0.960098
0.97821,1.034014,0.960098,0.952046
0.972908,0.946711,0.952046,1.1
1.013614,1.008339,1.1,1.044567
1.096459,1.095796,1.044567,0.999416
0.993875,1.021384,0.999416,0.968421
0.963585,1.01601,0.968421,0.928744
0.969767,0.90303,0.928744,0.974642
0.934053,0.996644,0.974642,1.071381
1.052632,0.989899,1.071381,0.946451
0.965854,1.008844,0.946451,1.001316
0.977273,1.0,1.001316,0.931012
0.966408,0.929198,0.931012,0.984474
0.955882,0.992743,0.984474,0.991398
1.004196,0.981725,0.991398,0.946493
0.956825,0.961281,0.946493,0.956455
0.972344,0.951201,0.956455,0.998403
0.955838,1.009772,0.998403,1.1
1.076742,1.033871,1.1,1.1
1.1,1.1,1.1,1.099802
1.099802,1.060459,1.099802,1.09976
1.09976,1.1,1.09976,1.039891
1.1,1.084123,1.039891,1.099842
1.039742,1.021858,1.099842,1.099857
1.099857,1.1,1.099857,1.099913
1.099913,1.017865,1.099913,1.099921
1.099921,1.1,1.099921,1.1
1.1,1.1,1.1,1.099869
1.099869,1.1,1.099869,0.910089
1.1,0.923263,0.910089,0.930225
0.9,0.903141,0.930225,0.970908
0.994014,0.986957,0.970908,0.998195
0.930077,0.946035,0.998195,1.1
1.094245,1.059371,1.1,1.099934
1.099934,1.1,1.099934,1.1
1.1,1.067986,1.1,1.099973
1.099973,1.1,1.099973,0.9
1.034329,0.971733,0.9,0.90011
0.9,0.90011,0.90011,1.04878
1.028865,1.020122,1.04878,0.9
0.902778,0.925284,0.9,1.053295
1.034462,0.969315,1.053295,0.92211
1.005651,0.988337,0.92211,1.1
0.978409,0.935604,1.1,0.921705
1.012999,1.084685,0.921705,0.99836
0.933751,0.981728,0.99836,0.986859
1.018536,0.998308,0.986859,0.960719
0.94101,0.962712,0.960719,1.022869
1.017006,0.989437,1.022869,0.986789
0.994426,1.021352,0.986789,0.955716
0.981866,0.941115,0.955716,1.011135
1.006716,1.007775,1.011135,1.00071
0.949633,0.962895,1.00071,1.1
1.088514,1.061045,1.1,1.009358
1.1,1.1,1.009358,0.942775
0.9,0.926885,0.942775,0.973889
0.990985,0.995113,0.973889,0.986072
0.976415,0.975096,0.986072,1.018008
1.019324,1.019065,1.018008,0.979535
0.974611,0.971055,0.979535,0.977691
0.978465,0.999636,0.977691,1.010141
1.017039,1.004364,1.010141,1.001076
1.029319,1.009051,1.001076,1.039756
1.000678,0.95479,1.039756,0.972098
0.981023,1.052236,0.972098,1.004607
1.004491,0.987857,1.004607,1.042328
1.072558,0.986262,1.042328,1.031134
1.029176,1.055718,1.031134,0.94191
0.933956,0.995486,0.94191,1.006272
0.973983,0.977328,1.006272,0.962258
0.999315,0.984297,0.962258,0.97769
0.969842,0.984409,0.97769,0.9
0.939929,0.900552,0.9,0.957055
0.91015,0.921063,0.957055,0.9
0.937629,0.935169,0.9,1.006648
0.962996,0.987654,1.006648,1.002358
0.992223,0.979808,1.002358,1.012235
1.034117,1.022571,1.012235,1.046025
1.020062,1.00096,1.046025,0.961778
0.97465,1.030681,0.961778,1.019871
1.021973,0.985581,1.019871,1.019483
0.995612,1.042473,1.019483,0.976444
0.996033,0.987325,0.976444,0.931725
0.995575,0.918386,0.931725,1.1
1.000889,0.991513,1.1,1.099911
1.099911,1.1,1.099911,1.1
1.1,1.1,1.1,0.933945
1.050275,0.94084,0.933945,0.973674
0.932565,0.980933,0.973674,1.019774
0.960285,0.998346,1.019774,0.994064
1.037066,1.02237,0.994064,0.977707
0.94921,0.992301,0.977707,0.973127
0.963139,0.947734,0.973127,0.994979
1.007407,1.012925,0.994979,1.04037
1.057598,0.970651,1.04037,0.962813
0.984164,1.030675,0.962813,0.985306
0.955259,0.982143,0.985306,0.936089
0.965489,0.943723,0.936089,1.012289
0.959574,1.009633,1.012289,1.030576
1.028825,0.985915,1.030576,0.998691
1.024138,1.040092,0.998691,1.005679
0.991162,0.984936,1.005679,0.957863
0.979193,0.989654,0.957863,0.996825
0.967042,0.991364,0.996825,1.046406
1.070852,0.993581,1.046406,1.002609
0.997906,1.057222,1.002609,1.003036
0.986152,0.97643,1.003036,1.014267
1.029787,1.02861,1.014267,0.985507
0.980165,0.999565,0.985507,1.002163
0.989882,0.993913,1.002163,0.984463
0.995315,0.990376,0.984463,1.01929
1.005135,1.007509,1.01929,0.988387
1.013197,0.999562,0.988387,1.024804
0.99916,1.020614,1.024804,0.978344
0.987805,0.984959,0.978344,0.972222
0.976586,0.972949,0.972222,0.992857
0.983871,0.989238,0.992857,1.007194
1.003545,1.006346,1.007194,0.951786
0.986313,0.959459,0.951786,0.996717
0.96598,0.985915,0.996717,0.994824
0.993513,1.0,0.994824,0.986755
0.993937,0.990952,0.986755,0.996644
0.984984,0.975493,0.996644,1.019721
1.022868,1.000985,1.019721,1.00283
1.005123,1.034941,1.00283,0.986359
0.985171,0.995245,0.986359,0.962804
0.983067,0.964166,0.962804,0.995542
0.978469,0.995045,0.995542,0.957711
0.99022,0.938745,0.957711,1.006753
0.96,1.015915,1.006753,1.01806
1.049383,1.011488,1.01806,0.989863
0.97451,1.00413,0.989863,1.019457
1.022636,1.0,1.019457,0.985434
0.978849,1.003085,0.985434,0.998471
0.99598,1.001025,0.998471,1.002552
1.004036,0.991295,1.002552,0.974033
0.981407,0.985021,0.974033,0.961317
0.947261,0.933403,0.961317,0.989668
1.006486,1.016292,0.989668,0.96978
0.957035,0.931454,0.96978,1.1
1.089787,1.045104,1.1,1.099897
1.099897,1.1,1.099897,0.93118
1.052434,0.961127,0.93118,0.991453
0.9,0.967644,0.991453,0.963489
0.983118,0.989028,0.963489,1.004211
0.994949,1.001057,1.004211,0.987945
0.966497,0.950396,0.987945,1.002122
1.015231,1.037757,1.002122,1.033351
1.012416,1.013911,1.033351,0.987705
1.014819,1.013193,0.987705,0.98444
0.967271,0.983333,0.98444,1.067966
1.082249,1.006356,1.067966,0.965466
0.966811,1.028947,0.965466,0.974451
0.957711,0.949361,0.974451,1.041426
1.072727,1.032866,1.041426,1.045821
1.031477,1.017214,1.045821,0.973038
1.0,1.026667,0.973038,0.967343
0.964319,0.965534,0.967343,1.016368
0.975657,1.003621,1.016368,1.031203
1.031936,1.024742,1.031203,0.996584
0.998549,1.001509,0.996584,1.099902
1.087651,1.029633,1.099902,1.049421
1.060552,1.065854,1.049421,1.067459
1.086482,1.037986,1.067459,0.97496
0.992272,1.080247,0.97496,0.939666
0.958333,0.937959,0.939666,1.010412
0.965055,1.007398,1.010412,1.01331
1.009684,0.993521,1.01331,0.975847
0.979983,0.978261,0.975847,1.000434
1.003404,1.015556,1.000434,1.009115
0.993215,0.993435,1.009115,0.983226
1.000854,1.006608,0.983226,0.976378
0.963311,0.964114,0.976378,1.030466
1.031001,1.013164,1.030466,0.95087
0.975086,0.978047,0.95087,0.928212
0.976652,0.921209,0.928212,1.004926
0.943618,1.011437,1.004926,1.00049
0.998088,1.0,1.00049,0.99706
0.994732,0.995575,0.99706,1.011794
0.991815,0.962963,1.011794,1.011656
1.019417,1.046154,1.011656,0.982717
0.994762,0.990686,0.982717,1.034196
1.029201,1.024245,1.034196,0.976854
0.986512,0.996135,0.976854,0.991296
0.9967,0.990301,0.991296,1.004878
0.986282,0.989226,1.004878,1.01068
1.01295,1.012376,1.01068,0.996638
0.985795,0.947677,0.996638,0.992771
1.004803,1.044892,0.992771,0.993689
0.994264,1.003951,0.993689,0.972643
0.984615,0.977373,0.972643,0.993973
0.974121,0.976346,0.993973,1.029308
1.027068,1.030928,1.029308,0.981345
0.995608,0.994,0.981345,0.976488
0.975,0.97837,0.976488,1.000512
1.010055,1.003599,1.000512,1.008705
0.985067,0.976947,1.008705,0.996447
1.00859,1.027792,0.996447,0.995925
0.985972,0.984694,0.995925,0.980563
0.996443,0.984456,0.980563,1.004173
0.990821,1.01,1.004173,1.007792
1.011837,1.00469,1.007792,0.963402
0.97762,0.967842,0.963402,1.005886
0.979709,0.975884,1.005886,0.987234
0.997345,1.007139,0.987234,1.037177
1.064963,1.008724,1.037177,0.994805
0.984,1.022703,0.994805,1.013577
1.000508,1.004228,1.013577,1.034518
1.036059,1.008421,1.034518,0.974104
0.982353,1.019833,0.974104,1.004601
0.997006,0.974923,1.004601,1.011705
1.031031,1.027297,1.011705,0.96328
0.953883,0.971385,0.96328,0.992167
0.989822,0.996844,0.992167,1.006842
0.995373,0.99314,1.006842,0.986409
0.991736,1.000531,0.986409,1.009009
1.009375,0.997345,1.009009,1.002101
0.99226,1.007987,1.002101,1.003145
1.0026,0.997359,1.003145,1.010449
1.003112,1.010064,1.010449,1.019131
1.031541,1.012061,1.019131,0.993404
0.99198,1.005181,0.993404,1.005107
1.000505,1.001546,1.005107,0.993902
0.997475,0.994853,0.993902,1.005112
1.002532,1.005173,1.005112,1.009664
1.015657,1.001544,1.009664,0.997985
0.99453,1.007708,0.997985,1.017163
1.009,1.005099,1.017163,1.1
1.098612,1.023338,1.1,1.023004
1.092918,1.1,1.023004,0.955467
0.921172,0.953642,0.955467,0.973235
0.980287,0.970833,0.973235,0.990991
0.989031,0.99237,0.990991,1.025359
1.006932,1.00913,1.025359,0.992067
0.988986,1.000952,0.992067,0.997178
0.994432,0.994767,0.997178,0.982547
0.9986,0.994739,0.982547,0.980797
0.96028,0.957212,0.980797,1.019579
