1.042636,1.035205,1.047319,0.982681
1.025279,1.046154,0.982681,0.944828
0.968093,0.936533,0.944828,1.024331
0.950562,1.003306,1.024331,1.011085
1.063042,1.030478,1.011085,1.005482
0.974055,1.015188,1.005482,0.959502
0.973364,0.959055,0.959502,1.017857
0.988272,1.005747,1.017857,1.019139
1.026899,1.032653,1.019139,1.051643
1.03621,1.009486,1.051643,0.994792
1.009665,1.028191,0.994792,0.94914
0.986745,0.959634,0.94914,0.98424
0.950746,0.957143,0.98424,0.97518
0.967818,0.975124,0.97518,0.990969
1.001622,1.011905,0.990969,0.973488
0.991903,0.965546,0.973488,0.974468
0.986939,0.993908,0.974468,1.013974
0.972705,0.990368,1.013974,1.005168
1.012755,1.009726,1.005168,0.970865
0.986566,0.987741,0.970865,1.002648
0.999149,1.003546,1.002648,1.040493
1.013629,0.963781,1.040493,0.997462
1.004202,1.059578,0.997462,0.964377
0.976569,0.979239,0.964377,0.995602
0.985433,0.989399,0.995602,1.023852
1.021739,1.000893,1.023852,1.004314
1.000851,1.033898,1.004314,0.992268
0.99915,0.99396,0.992268,1.008658
0.994043,1.002604,1.008658,0.967382
0.997432,0.974026,0.967382,0.964508
0.963948,0.959111,0.964508,1.024839
0.992876,1.004634,1.024839,1.071813
1.071749,1.031365,1.071813,0.991625
1.008368,1.041145,0.991625,1.007601
1.019087,1.017182,1.007601,1.008382
0.997557,1.003378,1.008382,1.008313
0.995102,0.993266,1.008313,1.009893
1.066448,1.033051,1.009893,1.060408
1.01,0.994258,1.060408,0.992302
1.012947,1.05363,0.992302,0.996897
0.981203,0.994518,0.996897,0.974319
1.0,0.98189,0.974319,0.973642
0.962452,0.967923,0.973642,1.00082
0.998408,1.004971,1.00082,0.990984
0.976874,0.976917,0.990984,1.0
1.000816,0.995781,1.0,1.091811
1.084829,1.026271,1.091811,0.980303
0.996241,1.059455,0.980303,1.017774
1.022642,1.011691,1.017774,0.997722
0.978598,0.986903,0.997722,0.993151
1.016591,1.014832,0.993151,1.036782
1.014095,1.000769,1.036782,0.978566
0.999268,1.015373,0.978566,1.010574
0.997072,0.993944,1.010574,1.032138
1.026432,1.009139,1.032138,1.01231
1.008584,1.011321,1.01231,0.999285
1.002128,1.032836,0.999285,0.999284
1.0,1.001445,0.999284,0.979226
0.992215,0.981962,0.979226,1.05267
1.03495,0.985305,1.05267,1.009034
1.03377,1.058911,1.009034,1.016529
1.0,0.985915,1.016529,1.0
0.995333,1.042857,1.0,1.01897
1.009377,1.011644,1.01897,0.972074
0.995355,0.946513,0.972074,0.994528
1.0,1.021459,0.994528,0.982806
0.974,0.981092,0.982806,1.038488
1.026694,0.992148,1.038488,0.946092
0.986667,1.007194,0.946092,0.979345
0.964189,0.957143,0.979345,1.022545
0.998598,1.014925,1.022545,0.999289
1.002807,1.015441,0.999289,1.0
1.0,1.0,1.0,0.964413
0.986704,0.977552,0.964413,0.983026
0.960993,0.954815,0.983026,1.008258
1.02952,1.006982,1.008258,0.97245
0.967742,0.991525,0.97245,0.971669
0.962963,0.958042,0.971669,0.981875
0.975385,0.991079,0.981875,1.005618
1.0,0.978723,1.005618,0.951317
0.997634,0.994983,0.951317,1.004195
0.960474,0.956303,1.004195,1.010025
1.003292,0.995606,1.010025,0.944582
1.045939,0.997352,0.944582,0.93958
0.9,0.940708,0.93958,1.023299
0.965849,0.956726,1.023299,0.968124
0.986401,1.035398,0.968124,0.921919
0.960478,0.925926,0.921919,1.028571
0.976077,0.985641,1.028571,0.99504
1.0,1.024974,0.99504,0.96012
0.997059,0.969543,0.96012,1.013499
0.960669,0.965445,1.013499,1.081967
1.099284,1.062907,1.081967,0.985795
0.993482,1.040816,0.985795,0.989433
0.985942,1.00098,0.989433,1.021359
1.006654,0.987267,1.021359,1.006654
1.022663,1.03869,1.006654,0.934844
0.965836,0.943649,0.934844,0.953535
0.941683,0.935223,0.953535,1.012712
0.980711,0.995671,1.012712,0.976987
1.004141,1.013043,0.976987,1.006424
0.97732,0.987124,1.006424,0.964894
0.979958,0.977174,0.964894,1.023153
1.006459,1.003337,1.023153,1.040948
1.034225,1.022173,1.040948,0.989648
1.008273,1.02603,0.989648,0.993724
0.992821,0.998943,0.993724,1.011579
1.011364,1.010582,1.011579,0.953174
0.982635,0.948691,0.953174,1.032751
0.987526,1.001104,1.032751,0.997886
1.005263,1.035281,0.997886,0.98411
0.993717,0.976571,0.98411,1.050592
1.032666,1.005453,1.050592,0.982582
0.997959,1.019523,0.982582,1.033368
1.029652,1.026596,1.033368,0.93441
0.983118,0.957513,0.93441,0.967603
0.933333,0.96645,0.967603,0.959821
0.998918,0.955207,0.959821,0.975581
0.931744,0.926143,0.975581,0.952324
0.954651,0.987342,0.952324,1.1
1.070646,1.028205,1.1,1.045506
1.046644,1.083541,1.045506,0.990207
1.016304,1.024166,0.990207,1.09011
1.070588,1.017978,1.09011,1.007056
1.022977,1.082781,1.007056,1.013013
0.993164,0.978593,1.013013,0.997036
1.045231,1.039583,0.997036,0.959366
0.951082,0.96493,0.959366,1.055785
1.013848,0.997923,1.055785,1.026419
1.032195,1.040583,1.026419,1.011439
1.018904,1.04,1.011439,0.98492
1.003711,1.0,0.98492,1.054545
1.028651,0.996154,1.054545,0.991833
0.991015,1.034749,0.991833,1.00183
1.003626,1.005597,1.00183,0.983562
0.987353,0.991651,0.983562,1.023213
1.015554,1.0,1.023213,1.008167
1.023423,1.026193,1.008167,1.005401
0.985915,0.996354,1.005401,1.012534
1.017857,1.021043,1.012534,0.965517
0.999123,0.976703,0.965517,1.010989
0.976295,0.983486,1.010989,1.021739
1.032374,1.021455,1.021739,1.029255
1.014808,1.00274,1.029255,1.024117
1.025751,1.047359,1.024117,0.972246
1.020921,1.004348,0.972246,1.064879
1.012295,0.996537,1.064879,0.97238
0.995142,1.032146,0.97238,1.00919
0.988609,0.995791,1.00919,1.009934
1.0107,1.005917,1.009934,1.0
1.015472,1.013445,1.0,0.994262
0.984763,0.995025,0.994262,0.996702
1.004072,1.0,0.996702,0.961952
0.979724,0.966667,0.961952,1.005159
0.980132,0.997414,1.005159,1.006843
0.999155,0.989628,1.006843,0.968564
0.992392,0.99476,0.968564,1.005263
0.984668,0.996488,1.005263,1.022688
1.018166,1.003524,1.022688,1.037543
1.033985,1.033363,1.037543,0.990954
0.998357,1.014444,0.990954,0.970124
1.000823,0.965662,0.970124,1.05988
1.036184,1.019948,1.05988,1.023406
1.020635,1.037415,1.023406,1.01183
1.032659,1.040164,1.01183,1.010133
0.987952,1.001576,1.010133,1.040123
1.028963,1.011015,1.040123,0.993323
1.022222,1.020233,0.993323,0.978342
0.977536,0.965675,0.978342,1.01374
0.994811,1.020537,1.01374,1.014307
1.018629,1.029412,1.014307,0.964365
1.007315,0.969925,0.964365,0.963818
0.947712,0.966667,0.963818,1.047923
1.030651,1.014435,1.047923,1.0625
1.052045,1.043478,1.0625,0.98637
1.0,1.021212,0.98637,1.022545
1.00424,1.02003,1.022545,1.012802
1.009148,1.010909,1.012802,0.96559
0.993026,0.984892,0.96559,1.009455
0.979635,0.986852,1.009455,1.042507
1.051613,1.028127,1.042507,1.0
1.019768,1.036717,1.0,1.038701
1.010695,0.993056,1.038701,1.065203
1.078042,1.041958,1.065203,0.977514
1.0,1.010067,0.977514,0.980831
0.969939,1.0,0.980831,0.949186
0.970272,0.96412,0.949186,1.087165
1.035202,1.000689,1.087165,1.017677
1.028338,1.054408,1.017677,1.07134
1.075934,1.077727,1.07134,1.075275
1.081389,1.025455,1.075275,1.011847
1.008947,1.072695,1.011847,0.974454
0.979656,0.991736,0.974454,1.017477
1.059638,1.016667,1.017477,1.011809
0.975879,1.015301,1.011809,1.023342
1.004119,0.98493,1.023342,1.02281
1.02,1.033333,1.02281,0.973644
1.011564,1.015336,0.973644,0.930765
0.967197,0.926042,0.930765,1.050336
0.973792,0.989876,1.050336,0.988818
1.012665,1.051136,0.988818,1.02154
1.000521,0.984324,1.02154,1.000527
0.998438,1.028007,1.000527,0.997893
1.020344,0.998932,0.997893,0.999472
0.996933,1.002674,0.999472,1.0
1.0,1.0,1.0,0.945589
0.927692,0.917333,0.945589,0.907263
1.005528,0.936628,0.907263,0.933498
0.9,0.931719,0.933498,1.036939
1.001236,1.017988,1.036939,1.042621
1.012346,1.01767,1.042621,1.039048
1.054878,1.041801,1.039048,0.972989
0.978035,0.984568,0.972989,1.043452
1.030733,1.003135,1.043452,1.001735
1.020642,1.075,1.001735,0.984988
0.979775,0.982558,0.984988,0.992966
0.982225,0.98284,0.992966,0.975207
1.003503,0.95304,0.975207,0.993341
0.963351,1.020846,0.993341,1.037782
1.038647,1.017327,1.037782,0.991779
0.998256,1.010341,0.991779,0.959147
1.000582,0.964479,0.959147,1.0
0.951106,0.98377,1.0,0.978395
0.995104,0.994924,0.978395,0.95205
0.96679,0.956633,0.95205,1.011928
0.972646,0.986,1.011928,1.064178
1.078483,1.034483,1.064178,1.000615
0.992116,1.055556,1.000615,0.98524
0.996333,0.985759,0.98524,1.015605
1.015951,1.001884,1.015605,0.98279
0.986111,0.995611,0.98279,0.972483
0.990814,0.95529,0.972483,1.012862
0.995056,1.010547,1.012862,1.011429
1.014286,1.017613,1.011429,0.981168
0.992039,0.980769,0.981168,0.953935
0.954938,0.960784,0.953935,0.969819
1.001939,0.959184,0.969819,0.975795
0.937419,0.993617,0.975795,1.024096
0.995182,0.997859,1.024096,0.982699
0.994467,1.01073,0.982699,1.030282
1.029207,1.004246,1.030282,1.006835
1.001351,1.020437,1.006835,0.989138
0.990553,0.994475,0.989138,0.997941
1.010899,1.006944,0.997941,1.079092
1.077493,1.002759,1.079092,0.993627
1.011882,1.059147,0.993627,0.990378
0.962917,0.980519,0.990378,1.084197
1.08665,1.015232,1.084197,1.025687
1.042528,1.064579,1.025687,0.969715
0.974504,1.007353,0.969715,0.943544
0.968605,0.95073,0.943544,1.015277
0.967587,0.986564,1.015277,1.021317
1.01737,1.016861,1.021317,0.94291
1.011585,0.971301,0.94291,1.01888
0.951778,0.972423,1.01888,0.961022
1.008866,1.011479,0.961022,0.994681
0.953547,0.984646,0.994681,1.04746
1.044108,1.019661,1.04746,1.087428
1.084489,1.025931,1.087428,1.017019
1.034884,1.095269,1.017019,1.021927
1.00618,1.008876,1.021927,0.977979
0.985483,1.008798,0.977979,0.988453
1.012465,0.985465,0.988453,1.085864
1.045327,1.0059,1.085864,1.005917
1.043897,1.078592,1.005917,1.048128
1.020513,1.025014,1.048128,0.977041
0.990955,1.012202,0.977041,1.033943
1.004564,0.995807,1.033943,1.00101
1.01262,1.005263,1.00101,0.957619
0.987537,0.988482,0.957619,1.010537
0.971227,0.989407,1.010537,0.945777
1.003119,0.964668,0.945777,1.006064
0.95285,0.993341,1.006064,1.019178
1.011963,1.0,1.019178,0.998925
1.012359,1.02905,0.998925,1.045748
1.038747,0.995114,1.045748,1.007205
1.040879,1.060556,1.007205,1.021461
0.981836,0.993313,1.021461,0.968984
1.023,1.001036,0.968984,1.018585
0.97263,0.987584,1.018585,1.021794
1.014573,1.014144,1.021794,1.032738
1.047548,1.027893,1.032738,0.99952
1.000946,1.040201,0.99952,0.963479
0.977799,0.961353,0.963479,0.978554
0.974396,0.984925,0.978554,1.012742
0.989093,0.985204,1.012742,0.986412
0.997494,0.978767,0.986412,1.036224
1.029648,1.028571,1.036224,0.980798
0.999512,1.013889,0.980798,1.014558
1.000977,1.008625,1.014558,1.034142
1.030244,1.008551,1.034142,1.007656
1.016572,1.037905,1.007656,1.037037
1.029343,1.013936,1.037037,1.032051
1.027149,1.023697,1.032051,1.001331
1.006608,1.024537,1.001331,0.959238
1.013567,0.974243,0.959238,0.995381
0.954231,0.986085,0.995381,1.05058
1.031674,1.006585,1.05058,0.976148
1.004386,1.013084,0.976148,0.990498
0.963319,0.983856,0.990498,0.960256
0.993654,0.984529,0.960256,0.984301
0.980383,0.978571,0.984301,1.052199
1.019079,1.00292,1.052199,1.01424
1.014612,1.038331,1.01424,0.978714
0.994599,0.998131,0.978714,0.979639
0.968778,0.968165,0.979639,0.989136
0.998132,1.005803,0.989136,0.959408
0.980346,0.957212,0.959408,1.009457
0.97852,0.987443,1.009457,0.969428
0.980488,0.998983,0.969428,1.013733
1.004478,1.003055,1.013733,1.023081
1.029718,1.027919,1.023081,1.0
1.0,1.0,1.0,0.984796
1.0,0.985185,0.984796,0.960657
0.970659,0.958897,0.960657,0.988077
0.973736,0.977522,0.988077,0.985834
0.979644,0.995722,0.985834,1.019159
0.995844,0.994092,1.019159,1.010444
1.010433,1.016748,1.010444,0.968992
0.991224,0.978215,0.968992,0.9792
0.973438,0.992939,0.9792,1.002179
1.00428,0.984683,1.002179,1.013043
0.998934,1.019444,1.013043,1.001073
0.999467,1.0,1.001073,0.972669
0.994664,0.985286,0.972669,0.950413
0.968348,0.951327,0.950413,0.996522
0.958449,0.975581,0.996522,1.006981
1.020809,1.020858,1.006981,1.008666
1.0,0.991243,1.008666,1.05441
1.056059,1.024735,1.05441,0.979359
0.997319,1.026437,0.979359,0.9
0.9,0.9,0.9,0.946686
0.97803,0.969925,0.946686,0.974886
0.949275,0.978295,0.974886,1.004684
1.010687,1.00317,1.004684,0.988345
0.988671,1.00158,0.988345,0.958333
0.991597,0.954259,0.958333,0.994258
0.956857,0.975207,0.994258,1.04703
1.02818,1.022881,1.04703,1.024429
1.028191,1.03894,1.024429,1.016154
1.008378,1.005582,1.016154,1.038607
1.061934,1.04203,1.038607,0.999271
1.007112,1.027397,0.999271,1.026258
1.0,1.008148,1.026258,0.957356
1.0,0.98604,0.957356,0.994061
0.955508,0.974665,0.994061,0.999253
1.006652,0.998471,0.999253,1.067265
1.052129,1.018377,1.067265,1.006303
1.034194,1.069173,1.006303,0.986082
0.987854,0.985232,0.986082,0.97036
0.976776,0.975018,0.97036,1.024
1.0,1.013909,1.024,1.038352
1.03007,1.018773,1.038352,1.00342
1.001358,1.02197,1.00342,1.034765
1.035254,1.004161,1.034765,1.001318
1.016372,1.031768,1.001318,1.001316
0.994201,1.009371,1.001316,0.986202
0.990927,0.95557,0.986202,0.970686
0.980379,1.009715,0.970686,1.029513
1.019346,0.997938,1.029513,1.012667
1.000654,1.023416,1.012667,1.048058
1.054938,1.026245,1.048058,1.010678
0.99938,1.034754,1.010678,0.981355
0.993176,0.980989,0.981355,0.984167
1.002498,0.998062,0.984167,1.006435
0.976947,0.983172,1.006435,1.012788
1.017857,1.017117,1.012788,0.99053
1.0,1.005825,0.99053,1.003824
0.994987,0.999356,1.003824,0.979048
1.003149,0.982614,0.979048,1.0
1.0,1.0,1.0,0.992866
0.975518,0.982962,0.992866,1.024167
1.016088,1.006667,1.024167,1.041454
1.043065,1.040397,1.041454,0.973668
0.992714,1.005729,0.973668,1.006289
0.996942,1.005063,1.006289,0.9425
0.978528,0.940806,0.9425,0.994032
0.952978,0.990629,0.994032,1.019346
1.008553,1.0,1.019346,0.967277
0.996086,0.985135,0.967277,0.961434
0.97315,0.967764,0.961434,1.023927
0.992598,1.00567,1.023927,1.02543
1.012881,1.009161,1.02543,1.006032
1.011379,1.02514,1.006032,0.993338
1.015884,1.014986,0.993338,0.975855
0.969381,0.959732,0.975855,0.960825
0.964382,0.948951,0.960825,0.994993
1.0,0.972734,0.994993,1.038821
1.025784,1.077273,1.038821,1.014533
0.999321,0.988045,1.014533,1.021146
1.031951,1.051246,1.021146,1.01336
1.004611,1.013541,1.01336,0.994726
1.0,0.999332,0.994726,0.983433
0.988197,0.989973,0.983433,0.96496
0.991374,0.962188,0.96496,0.969972
0.94913,0.955088,0.969972,1.021598
1.026093,1.036003,1.021598,1.041579
1.017182,1.009929,1.041579,1.0
1.018243,1.033006,1.0,1.037889
1.021898,0.991162,1.037889,0.998044
1.006494,1.042524,0.998044,0.999347
1.0,0.984211,0.999347,0.970588
0.996774,0.991979,0.970588,1.009428
0.972816,0.995957,1.009428,0.981988
1.003992,0.993234,0.981988,0.983016
0.978794,0.972752,0.983016,0.964064
0.97021,0.973389,0.964064,0.983513
0.975576,0.971223,0.983513,1.033528
1.02289,1.025926,1.033528,1.000705
1.002098,1.017329,1.000705,0.98661
0.999302,0.986515,0.98661,0.987143
0.974162,0.979856,0.987143,1.029667
1.020072,1.016153,1.029667,1.020379
1.042164,1.026734,1.020379,1.024793
1.018206,1.027445,1.024793,0.968414
0.982781,0.986301,0.968414,1.022207
0.998652,0.989583,1.022207,1.047522
1.04251,1.025965,1.047522,0.960467
0.994822,1.010944,0.960467,0.992578
0.971373,0.960758,0.992578,1.0
1.003349,1.026761,1.0,1.039429
1.028705,1.020576,1.039429,0.980379
1.002596,1.004704,0.980379,1.006671
0.990291,0.997324,1.006671,0.979457
0.991503,0.981891,0.979457,0.962788
0.985498,0.968579,0.962788,0.94097
0.991973,0.915374,0.94097,1.040329
0.942684,0.993837,1.040329,1.004307
1.026466,1.064341,1.004307,1.000715
0.979094,0.989075,1.000715,0.985714
1.009964,1.007364,0.985714,0.973913
0.971106,0.979532,0.973913,1.002976
0.993469,0.997015,1.002976,0.961424
0.982469,0.969311,0.961424,0.929784
0.97026,0.92278,0.929784,1.029046
0.953257,0.96318,1.029046,1.029839
1.034566,1.057341,1.029839,1.046202
1.061383,1.036154,1.046202,1.0
1.000732,1.04996,1.0,1.03518
1.018288,1.026435,1.03518,0.994215
1.005029,1.002943,0.994215,0.987636
0.992852,0.990462,0.987636,1.006627
0.984881,0.972593,1.006627,0.997074
1.02924,1.035796,0.997074,0.994864
0.985795,0.983088,0.994864,0.986726
0.991354,0.99626,0.986726,0.984305
0.978924,0.986486,0.984305,1.016705
0.994803,0.996956,1.016705,0.965646
0.990299,0.985496,0.965646,0.986079
0.984928,0.975988,0.986079,1.021176
0.99847,1.019841,1.021176,1.020737
1.019157,1.004669,1.020737,0.980436
1.005263,0.996127,0.980436,0.99386
0.983545,1.0,0.99386,0.966795
0.979468,0.954899,0.966795,1.00639
0.981366,1.008143,1.00639,0.989683
0.993671,0.991115,0.989683,0.984763
1.0,1.0,0.984763,0.993485
0.984873,0.977995,0.993485,0.988525
0.990299,1.001667,0.988525,0.995854
0.997551,0.997504,0.995854,1.026644
1.009002,1.005004,1.026644,0.965126
1.000811,0.970954,0.965126,1.02521
1.015397,1.040171,1.02521,0.993443
0.981644,0.983566,0.993443,0.956271
0.989431,0.962406,0.956271,1.000863
0.960559,0.993924,1.000863,1.012931
1.007699,1.008734,1.012931,1.022979
1.040747,1.0,1.022979,1.008319
1.001631,1.02684,1.008319,0.980198
0.993485,0.994941,0.980198,0.984848
0.979508,0.987288,0.984848,1.0
1.0,1.0,1.0,0.961538
0.969038,0.965665,0.961538,1.039111
1.009499,0.999111,1.039111,0.994867
0.998289,1.005338,0.994867,1.00086
1.017995,1.020354,1.00086,0.989691
1.01431,0.998265,0.989691,1.022569
0.985892,0.981755,1.022569,1.041596
1.037037,1.035398,1.041596,1.00163
1.025974,1.035897,1.00163,0.978845
0.977057,0.990099,0.978845,0.997506
0.973279,0.965833,0.997506,1.0125
1.023295,1.024159,1.0125,1.011523
1.00813,1.023589,1.011523,0.970708
1.015323,0.979424,0.970708,1.005868
0.9722,0.983193,1.005868,0.988333
0.984477,0.971795,0.988333,1.06661
1.053112,1.038698,1.06661,1.026087
1.032309,1.065199,1.026087,0.994607
1.007634,1.020668,0.994607,0.995352
0.994697,0.996885,0.995352,0.96965
0.986291,0.96875,0.96965,0.998395
0.985328,0.991129,0.998395,1.072347
1.047022,1.01546,1.072347,0.993253
1.021707,1.040064,0.993253,1.017358
0.999267,1.013097,1.017358,1.021513
1.021261,1.01597,1.021513,0.962237
0.994975,0.985778,0.962237,0.902642
0.95671,0.905847,0.902642,1.001672
0.917044,0.974015,1.001672,1.012521
1.0,1.019793,1.012521,1.004122
1.005757,1.014346,1.004122,0.997537
1.002453,1.005824,0.997537,0.983539
0.985318,0.974359,0.983539,1.026778
1.019868,1.008489,1.026778,1.005705
1.017857,1.027778,1.005705,1.008914
1.001595,1.006552,1.008914,0.99759
0.994427,0.998373,0.99759,0.991143
0.999199,0.997555,0.991143,1.007311
0.99359,0.989379,1.007311,0.998387
1.018548,1.014038,0.998387,0.990307
0.987332,0.995114,0.990307,0.998369
0.998396,1.001637,0.998369,1.000817
0.984739,0.982843,1.000817,1.053878
1.057912,1.012469,1.053878,0.990705
0.998458,1.045156,0.990705,1.010946
1.00695,0.997643,1.010946,1.005414
1.027607,1.019685,1.005414,1.022308
0.997761,0.994595,1.022308,0.971407
0.994764,1.0,0.971407,1.007746
0.989474,0.993789,1.007746,1.042275
1.034195,1.015625,1.042275,0.987463
1.011756,1.023077,0.987463,0.991038
0.969499,0.984211,0.991038,1.039186
1.034457,0.995416,1.039186,0.995649
1.017379,1.04835,0.995649,1.01311
0.995018,0.99634,1.01311,0.98706
0.996423,0.996326,0.98706,1.00437
0.98995,1.001475,1.00437,0.940537
1.009427,0.953608,0.940537,0.973015
0.940374,0.971429,0.973015,1.007924
0.981665,0.973768,1.007924,1.005503
0.996109,1.025306,1.005503,0.964034
0.996094,0.979299,0.964034,1.014599
0.987451,0.998374,1.014599,0.995204
0.997617,1.0057,0.995204,0.976707
0.98965,0.978138,0.976707,1.006579
0.987932,1.0,1.006579,1.00817
1.017915,1.011589,1.00817,0.962723
0.9856,0.966448,0.962723,0.952862
0.95211,0.946655,0.952862,0.992049
0.970162,0.992844,0.992049,1.030276
1.02109,1.014414,1.030276,1.00605
1.013769,1.017762,1.00605,0.987113
0.990662,1.0,0.987113,1.013055
0.998286,0.986038,1.013055,1.002577
1.006867,1.014159,1.002577,1.017995
1.01364,1.018325,1.017995,1.005051
1.013457,1.01114,1.005051,0.990787
0.991701,0.992373,0.990787,0.98732
0.994979,0.996584,0.98732,1.018836
1.006728,0.998286,1.018836,0.998319
1.006683,1.017167,0.998319,1.0
1.0,1.0,1.0,1.002525
1.010788,1.000844,1.002525,0.97817
0.984401,0.96796,0.97817,1.022318
0.994162,1.016551,1.022318,1.001679
1.013423,1.01114,1.001679,0.99078
0.990894,0.995763,0.99078,1.039763
1.033417,1.011915,1.039763,1.0
1.003234,1.026913,1.0,1.01546
1.013699,1.001638,1.01546,1.003205
1.000795,1.01063,1.003205,0.982428
0.999206,0.989482,0.982428,0.979675
0.976153,0.979558,0.979675,0.99668
0.985342,0.994157,0.99668,0.989176
1.006612,0.994962,0.989176,0.989899
0.988506,0.991561,0.989899,1.010204
0.988372,0.978723,1.010204,0.979798
0.994118,1.008696,0.979798,1.019759
1.01268,0.996552,1.019759,0.984836
0.990818,1.00519,0.984836,0.982891
0.975569,0.981067,0.982891,1.013925
1.007772,1.011404,1.013925,0.990558
1.001714,0.993062,0.990558,0.961872
0.989735,0.966812,0.961872,1.0
0.966292,0.996387,1.0,1.043243
1.039356,0.987307,1.043243,1.003454
1.015491,1.049587,1.003454,0.987091
0.986441,1.000875,0.987091,0.98082
0.980241,0.981643,0.98082,1.002667
0.997371,0.99911,1.002667,0.964539
0.978032,0.969697,0.964539,0.992647
0.986523,0.990809,0.992647,0.986111
0.991803,0.981447,0.986111,0.985915
0.992654,0.989603,0.985915,1.004762
0.987049,1.0,1.004762,1.010427
1.001874,1.000955,1.010427,0.970919
0.993452,0.986641,0.970919,1.011594
0.986817,0.990329,1.011594,0.992359
1.014313,1.011719,0.992359,1.0077
0.98777,0.997104,1.0077,1.011461
1.013333,1.019361,1.011461,0.996223
1.004699,0.998101,0.996223,1.000948
0.993452,1.001903,1.000948,0.952652
0.997175,0.949668,0.952652,0.94334
0.94712,0.947,0.94334,1.004215
0.955135,0.987328,1.004215,0.993704
0.998956,1.005348,0.993704,1.0
0.99582,1.0,1.0,0.985216
0.992655,0.97234,0.985216,0.931404
0.993658,0.940919,0.931404,1.0
1.0,1.0,1.0,0.978136
0.93617,0.983721,0.978136,0.965882
0.968182,0.953901,0.965882,1.040195
1.007042,0.995043,1.040195,0.961358
0.983683,1.01868,0.961358,1.008526
0.985782,0.997555,1.008526,1.019324
1.018029,1.012255,1.019324,1.017773
1.027155,1.002421,1.017773,0.981374
0.993103,1.016908,0.981374,0.964413
0.978009,0.956057,0.964413,1.02214
0.984615,1.003727,1.02214,1.021661
1.021635,1.013614,1.021661,1.003534
1.018824,1.028083,1.003534,0.976526
0.983834,0.985748,0.976526,0.987981
0.974178,0.972289,0.987981,1.00365
1.00241,1.001239,1.00365,1.0
1.0,1.017327,1.0,0.993939
1.002404,0.992701,0.993939,1.012195
1.007194,1.007353,1.012195,1.015663
1.020238,1.009732,1.015663,1.002372
0.991832,0.992771,1.002372,1.04142
1.041176,1.019417,1.04142,0.988636
1.00678,1.028571,0.988636,1.010345
0.989899,0.986111,1.010345,1.003413
1.004535,1.011737,1.003413,0.989796
0.993228,1.006961,0.989796,1.008018
1.004545,0.996544,1.008018,1.023864
1.022624,1.008092,1.023864,0.986681
0.995575,1.016055,0.986681,0.96288
0.984444,0.965011,0.96288,1.001168
0.971783,0.977778,1.001168,0.984831
0.990708,1.005981,0.984831,0.998815
0.995311,0.998811,0.998815,1.001186
0.998822,0.994048,1.001186,0.982227
0.990566,0.973653,0.982227,1.039807
1.027381,1.02214,1.039807,0.987239
1.002317,1.00722,0.987239,1.056404
1.05896,1.034648,1.056404,0.983315
0.979258,1.018476,0.983315,0.96267
0.988852,0.963719,0.96267,1.001175
0.968433,0.983529,1.001175,0.989437
0.991851,1.002392,0.989437,0.996441
0.991784,0.98568,0.996441,1.011905
1.015385,1.008475,1.011905,1.021176
1.02331,1.012005,1.021176,0.978111
0.990888,1.002372,0.978111,1.003534
0.986207,0.995266,1.003534,1.005869
1.005828,1.007134,1.005869,1.035006
1.056779,1.020071,1.035006,1.033822
1.006579,1.019676,1.033822,1.005453
1.005447,1.022701,1.005453,0.997831
1.024919,1.011099,0.997831,0.972826
0.978858,0.980241,0.972826,1.012291
0.991361,0.985442,1.012291,0.981236
1.006536,1.009091,0.981236,0.982002
0.961039,0.951577,0.982002,1.014891
0.998874,1.029586,1.014891,0.953725
0.998873,0.971264,0.953725,1.0
0.971783,0.994083,1.0,1.008284
0.996516,0.986905,1.008284,0.994131
0.995338,1.007238,0.994131,0.977568
0.992974,0.985629,0.977568,1.028986
1.017689,1.00243,1.028986,1.035211
1.025492,1.020606,1.035211,1.013605
1.022599,1.04038,1.013605,1.019016
1.01326,1.017123,1.019016,1.013172
1.034896,1.015713,1.013172,0.978332
0.976818,0.996685,0.978332,1.013289
0.99137,0.993348,1.013289,0.982514
0.997824,0.991071,0.982514,1.001112
0.997819,1.004505,1.001112,1.031111
1.020765,1.011211,1.031111,1.02694
1.029979,1.025499,1.02694,0.987408
0.991684,1.011892,0.987408,1.017003
1.003145,1.001068,1.017003,1.011494
1.036573,1.020277,1.011494,1.006198
0.998992,1.0,1.006198,0.950719
0.981837,0.966527,0.950719,1.00324
0.961973,0.985931,1.00324,1.009688
1.019231,1.006586,1.009688,1.02452
1.023061,1.022901,1.02452,1.012487
1.001025,1.015991,1.012487,0.993834
1.015353,1.009444,0.993834,1.020683
0.995968,1.004158,1.020683,1.018237
1.031377,1.009317,1.018237,1.01791
1.009814,1.020513,1.01791,0.991202
1.016521,1.013065,0.991202,0.984221
0.98088,0.977183,0.984221,1.028056
1.000975,1.006091,1.028056,1.0
1.015579,1.012109,1.0,0.976608
0.990412,0.993021,0.976608,1.001996
0.977735,0.985944,1.001996,0.967131
0.99505,0.982688,0.967131,1.014418
0.983085,1.0,1.014418,1.005076
1.004049,0.996891,1.005076,1.005051
1.007056,1.013514,1.005051,1.023116
1.02002,1.004103,1.023116,1.002947
1.011776,1.026558,1.002947,1.013712
1.024248,1.010945,1.013712,0.991304
0.995265,0.997047,0.991304,0.947368
0.972407,0.957552,0.947368,1.009259
0.965753,0.985567,1.009259,1.007136
1.018237,1.026151,1.007136,1.032389
1.020896,0.996942,1.032389,0.990196
1.005848,1.029652,0.990196,1.00099
0.986434,0.968222,1.00099,1.035608
1.048134,1.027692,1.035608,1.005731
0.992502,1.037924,1.005731,1.025641
1.027384,1.0,1.025641,1.003704
0.998162,1.022115,1.003704,0.982472
0.998158,0.998119,0.982472,1.000939
0.988007,0.982092,1.000939,0.979362
0.994398,1.0,0.979362,1.035441
1.01784,0.998081,1.035441,1.0037
1.01845,1.030769,1.0037,0.997235
0.998188,1.003731,0.997235,1.021257
1.016334,0.999071,1.021257,1.01086
1.00625,1.014884,1.01086,0.998209
1.025732,1.017415,0.998209,1.037668
1.008651,0.990991,1.037668,1.002593
1.018868,1.042727,1.002593,1.00431
0.984007,0.996513,1.00431,0.984549
1.002566,1.0,0.984549,1.02354
1.011092,0.991251,1.02354,1.013629
1.011814,1.036187,1.013629,0.990756
1.007506,0.988075,0.990756,0.995759
0.980132,0.993103,0.995759,0.974446
0.989865,0.986979,0.974446,1.004371
0.989761,0.996482,1.004371,0.998259
1.003448,1.004413,0.998259,0.971229
0.993986,0.97188,0.971229,1.039497
1.004322,0.994575,1.039497,1.01468
1.028399,1.045455,1.01468,0.971064
0.990795,0.984348,0.971064,0.988606
0.965372,0.992049,0.988606,1.036348
1.026247,1.006233,1.036348,1.040205
1.056266,1.034513,1.040205,1.001645
1.00565,1.019675,1.001645,1.029557
1.007223,1.015101,1.029557,0.988038
1.042231,1.017355,0.988038,1.051655
0.997706,1.002437,1.051655,1.032233
1.04751,1.046191,1.032233,0.993309
1.004389,1.030984,0.993309,1.087575
1.060452,1.005259,1.087575,0.996559
1.003434,1.059043,0.996559,1.022099
1.030116,1.005646,1.022099,1.052027
1.04186,1.042807,1.052027,1.01991
1.024235,1.037012,1.01991,0.965365
0.994396,0.975341,0.965365,1.010437
0.97057,0.975383,1.010437,1.082634
1.083871,1.030696,1.082634,1.0161
1.032738,1.1,1.0161,0.924296
0.983862,0.924629,0.924296,1.040635
0.971295,0.996791,1.040635,0.960342
0.975875,1.007727,0.960342,0.958704
0.986403,0.9623,0.958704,1.023857
0.994361,0.999336,1.023857,1.028479
1.030876,1.015282,1.028479,1.005664
1.011614,1.039921,1.005664,1.018773
0.994562,0.984896,1.018773,1.0043
1.00729,1.027476,1.0043,0.922324
0.971049,0.927861,0.922324,1.029841
0.97764,1.008713,1.029841,1.001932
1.003177,1.026578,1.001932,0.997429
0.9943,0.982524,0.997429,1.027706
1.033758,1.02108,1.027706,0.989342
0.983364,1.005161,0.989342,0.956907
0.989975,0.946727,0.956907,0.970861
0.949367,0.942373,0.970861,1.040246
1.05,1.064748,1.040246,0.952131
0.980317,0.972973,0.952131,0.964876
0.945596,0.968056,0.964876,1.0207
0.989726,0.97561,1.0207,1.074825
1.072664,1.038235,1.074825,1.000651
1.016129,1.066572,1.000651,1.009753
0.995556,1.00332,1.009753,0.982614
1.003827,0.989411,0.982614,0.980341
0.966328,0.972575,0.980341,0.995989
1.005917,1.008941,0.995989,0.969128
0.960784,0.967962,0.969128,1.004848
1.012245,1.007042,1.004848,0.993797
0.986559,1.004895,0.993797,1.006241
1.003406,1.0,1.006241,0.946933
0.991174,0.953375,0.946933,0.994905
0.939726,0.975912,0.994905,1.03804
1.04519,1.024682,1.03804,1.018323
1.028591,1.030657,1.018323,0.995156
1.002034,1.016997,0.995156,1.001391
0.990528,0.995822,1.001391,0.947917
0.989071,0.944056,0.947917,1.032234
0.976519,0.971111,1.032234,0.982967
0.990099,1.043478,0.982967,1.00722
1.009286,0.994883,1.00722,1.030108
1.029016,1.028655,1.030108,1.001392
0.992435,1.0,1.001392,0.968728
1.007623,0.982857,0.968728,1.007891
0.98762,0.994186,1.007891,0.911744
0.960306,0.929094,0.911744,0.992194
0.941262,0.998426,0.992194,0.992132
0.985362,0.979511,0.992132,1.029342
1.028147,1.018504,1.029342,1.010015
1.005323,1.018957,1.010015,1.029748
1.025719,1.010078,1.029748,1.001481
1.011799,1.029163,1.001481,0.95858
0.983965,0.958986,0.95858,1.006944
0.974815,1.000778,1.006944,0.996169
1.006079,1.003108,0.996169,0.972308
0.981873,0.97134,0.972308,1.003956
0.977692,0.992823,1.003956,1.018125
1.01967,1.004819,1.018125,1.020124
1.023148,1.021583,1.020124,1.030349
1.03092,1.025039,1.030349,1.005155
1.015362,1.028244,1.005155,0.994872
0.994236,1.002227,0.994872,0.977909
0.984783,0.977778,0.977909,1.005271
0.986755,0.987121,1.005271,1.054682
1.050708,1.00614,1.054682,1.021307
1.032647,1.060259,1.021307,1.002086
1.019931,1.023741,1.002086,1.009715
0.990566,1.002108,1.009715,0.997938
1.02517,1.007013,0.997938,0.975895
0.961513,0.979109,0.975895,1.005646
0.99793,1.002845,1.005646,0.979649
1.000692,0.979433,0.979649,0.984957
0.977885,0.989862,0.984957,0.969455
0.983039,0.961229,0.969455,0.948987
0.938174,0.913242,0.948987,0.9
0.9,0.9,0.9,0.957143
0.991525,0.953398,0.957143,1.00995
0.974359,1.022403,1.00995,0.980296
0.984405,0.977092,0.980296,0.956784
0.991089,0.965341,0.956784,0.973739
0.942058,0.953537,0.973739,0.93959
0.980912,0.940199,0.93959,1.028703
0.980541,0.938751,1.028703,1.008929
0.998897,1.1,1.008929,1.011062
1.048565,1.028506,1.011062,1.002188
0.983158,0.984479,1.002188,1.020742
1.002141,1.009009,1.020742,0.997861
1.004274,1.03125,0.997861,0.968917
0.989362,0.968615,0.968917,1.017699
1.001075,0.98324,1.017699,0.996739
1.007519,1.038636,0.996739,0.943293
0.96162,0.946389,0.943293,1.008092
0.970067,0.99422,1.008092,1.038991
1.036571,1.011628,1.038991,1.048565
1.066152,1.037931,1.048565,0.976842
0.997932,1.025471,0.976842,1.012931
0.986528,1.00108,1.012931,1.001064
0.995798,1.0,1.001064,0.973433
0.994726,0.979504,0.973433,0.977074
0.971368,0.980176,0.977074,1.032402
1.020742,1.001124,1.032402,0.984848
0.979679,1.004489,0.984848,1.024176
1.019651,1.011173,1.024176,0.998927
1.006424,1.00884,0.998927,0.980666
0.995745,0.996714,0.980666,1.004381
0.996795,0.994505,1.004381,1.015267
1.01179,0.985635,1.015267,0.986037
0.988347,1.011211,0.986037,0.997821
1.002144,1.008869,0.997821,1.020742
1.00107,0.995604,1.020742,0.993583
1.008547,1.023179,0.993583,1.035522
1.019068,0.996764,1.035522,1.073805
1.095634,1.03355,1.073805,0.996128
1.033207,1.072251,0.996128,0.991254
0.962351,0.986328,0.991254,1.011765
0.993321,0.988119,1.011765,1.015504
1.017291,1.026052,1.015504,0.999046
1.01322,1.015625,0.999046,1.019102
1.012116,1.005769,1.019102,0.963449
0.981584,0.98088,0.963449,0.973735
0.992495,0.974659,0.973735,1.017982
0.965028,0.983,1.017982,0.981354
1.009794,1.008138,0.981354,1.009
0.981571,0.998991,1.009,0.988107
1.0,1.005051,0.988107,1.001003
1.027668,0.98593,1.001003,1.044088
1.002885,1.022426,1.044088,1.002879
1.011505,1.028913,1.002879,0.971292
0.983886,0.981589,0.971292,0.997044
0.987476,0.987167,0.997044,1.018775
1.017561,1.003,1.018775,1.039767
1.037392,1.027916,1.039767,0.998134
1.000924,1.023278,0.998134,0.983178
1.001847,0.984834,0.983178,0.990494
0.976037,0.999038,0.990494,1.0
0.994334,0.996146,1.0,1.024952
1.025641,1.00677,1.024952,1.009363
1.000926,1.013449,1.009363,1.019481
1.023127,1.010427,1.019481,0.989081
0.995479,1.015009,0.989081,0.99264
1.002725,0.988909,0.99264,0.982391
0.981884,0.982243,0.982391,0.980189
0.990775,0.985728,0.980189,0.98845
0.973929,0.980695,0.98845,1.0185
1.000956,1.008858,1.0185,0.974187
0.99809,0.988293,0.974187,1.012758
0.98756,1.004936,1.012758,0.955426
1.000969,0.967583,0.955426,1.0
0.966118,0.993909,1.0,0.994929
0.998998,0.990807,0.994929,1.0316
1.016048,1.01134,1.0316,1.005929
1.00691,1.024465,1.005929,0.980354
1.0,0.993035,0.980354,1.034068
1.015686,1.004008,1.034068,1.012597
1.022201,1.022954,1.012597,0.993301
0.995279,1.0,0.993301,0.964355
0.982922,0.974634,0.964355,1.022977
0.993243,1.005005,1.022977,0.988281
0.991254,0.996016,0.988281,1.017787
1.010784,1.001,1.017787,0.998058
1.00291,1.006993,0.998058,1.021401
1.021277,1.007937,1.021401,1.008571
1.017045,1.018701,1.008571,0.972616
0.995345,0.98744,0.972616,1.001942
1.0,1.007828,1.001942,0.979651
0.981291,0.956311,0.979651,1.040554
1.004766,1.017259,1.040554,1.007605
1.030361,1.03992,1.007605,1.007547
0.999079,1.009597,1.007547,1.052434
1.036866,1.015209,1.052434,0.991993
1.017778,1.031835,0.991993,0.973094
0.982533,0.979129,0.973094,0.989862
0.969778,0.989805,0.989862,1.020484
1.022915,1.0,1.020484,1.012774
0.996416,1.01779,1.012774,0.976577
1.007194,0.9954,0.976577,0.973247
0.974107,0.967652,0.973247,1.023697
0.991751,1.000955,1.023697,1.007407
1.025878,1.025763,1.007407,1.022978
1.007207,1.015814,1.022978,0.992812
1.001789,0.998168,0.992812,1.028054
1.025,1.017431,1.028054,0.990317
0.989547,1.002705,0.990317,0.976
0.995599,0.977518,0.976,1.004554
0.986737,1.00184,1.004554,0.986401
0.992832,0.985308,0.986401,1.017463
1.000903,1.002796,1.017463,1.000903
1.012624,1.025093,1.000903,0.98917
0.991095,0.990027,0.98917,0.980839
0.989218,0.970696,0.980839,1.04093
1.022707,1.006604,1.04093,1.034853
1.033748,1.044049,1.034853,0.990501
1.001718,1.018851,0.990501,1.029643
1.037736,1.010573,1.029643,1.016088
1.008264,1.028771,1.016088,0.996667
1.00082,1.00339,0.996667,0.979933
0.977068,0.978041,0.979933,1.001706
0.996647,1.004318,1.001706,1.007666
1.0,0.996561,1.007666,0.953508
1.0,0.969802,0.953508,0.97961
0.950378,0.97242,0.97961,1.006335
0.99115,1.005489,1.006335,0.991906
1.004464,1.00091,0.991906,0.980961
0.984889,0.975455,0.980961,0.989834
0.977437,0.983225,0.989834,1.022409
1.022161,1.017062,1.022409,1.009132
1.0,1.011184,1.009132,0.967421
1.00542,0.982488,0.967421,1.024322
0.991015,1.0,1.024322,1.00274
1.004533,1.020638,1.00274,0.999089
1.006318,0.994485,0.999089,0.991796
0.983857,0.994455,0.991796,0.965993
0.989973,0.973978,0.965993,0.964795
0.958564,0.95229,0.964795,1.001972
0.985591,1.004008,1.001972,0.988189
1.000975,0.997006,0.988189,0.986056
0.990263,0.98999,0.986056,0.980808
0.973451,0.976744,0.980808,1.011329
0.994949,0.996894,1.011329,1.023422
1.02335,1.018692,1.023422,0.99204
0.997024,1.005097,0.99204,0.995988
0.99801,1.003043,0.995988,0.977845
0.989033,0.976744,0.977845,0.995881
0.989919,0.994824,0.995881,1.013444
1.002037,1.003122,1.013444,1.033673
1.030488,1.016598,1.033673,0.996051
1.004931,1.021429,0.996051,1.004955
1.005888,1.0,1.004955,0.986193
0.988293,0.995005,0.986193,1.004
1.000987,1.001004,1.004,1.010956
1.000986,1.005015,1.010956,0.983251
1.0,0.994012,0.983251,1.0
0.985222,0.981928,1.0,1.043086
1.046,1.02454,1.043086,0.999039
1.003824,1.030938,0.999039,1.006731
0.999048,0.999032,1.006731,0.994269
1.015253,1.005814,0.994269,1.001921
0.984038,0.995183,1.001921,1.018217
1.015267,1.005808,1.018217,0.980226
0.99812,0.997113,0.980226,1.013449
1.001883,1.0,1.013449,0.984834
1.003759,1.001931,0.984834,0.98845
0.978464,0.974952,0.98845,0.975657
0.97799,0.983202,0.975657,0.968064
0.986301,0.969849,0.968064,1.013402
0.975198,0.996891,1.013402,0.975585
1.015259,0.956341,0.975585,1.001043
0.96493,1.01087,1.001043,1.014583
1.020768,1.021505,1.014583,1.085216
1.077314,1.054737,1.085216,0.986755
1.04627,1.037924,0.986755,0.990412
0.971119,0.988462,0.990412,1.049371
1.011152,0.990272,1.049371,0.964022
1.017463,1.024558,0.964022,1.048804
0.99187,0.985618,1.048804,0.989964
0.994536,1.014591,0.989964,0.999078
1.005495,1.014382,0.999078,0.997232
1.006375,1.003781,0.997232,1.019426
1.00362,1.006591,1.019426,0.978221
0.993688,1.002806,0.978221,0.993506
0.980036,0.983209,0.993506,0.972923
1.006481,0.986717,0.972923,1.016315
0.978841,0.973077,1.016315,1.021719
1.030075,1.038538,1.021719,1.009242
1.007299,1.018078,1.009242,0.999084
0.993659,1.005607,0.999084,1.022915
1.039198,1.005576,1.022915,0.918459
0.963158,0.946396,0.918459,0.987317
0.942623,0.979492,0.987317,1.007905
0.992271,1.005982,1.007905,1.003922
1.008763,1.006938,1.003922,0.986328
0.991313,0.992126,0.986328,1.00495
0.990263,0.997024,1.00495,1.018719
1.022616,1.004975,1.018719,1.0
0.998077,1.015842,1.0,1.007737
1.007707,0.998051,1.007737,0.994242
0.996176,1.003906,0.994242,1.007722
1.009597,1.001946,1.007722,0.969349
0.992395,0.980583,0.969349,1.000988
0.977011,0.99505,1.000988,0.991115
0.998039,0.995025,0.991115,1.001992
0.989194,0.995,1.001992,0.983101
0.999007,0.992965,0.983101,0.994944
0.988072,0.979757,0.994944,0.992886
0.992958,1.005165,0.992886,0.990788
0.99696,0.992806,0.990788,0.97314
0.985772,0.971014,0.97314,0.962845
0.962887,0.962687,0.962845,1.011025
0.982869,1.002215,1.011025,0.998909
1.002179,1.001105,0.998909,1.009825
1.005435,1.003311,1.009825,1.004324
1.017297,1.014301,1.004324,0.978471
0.982997,0.984816,0.978471,1.0
0.995676,0.988987,1.0,0.983498
0.988056,0.988864,0.983498,1.032438
1.016484,1.002252,1.032438,0.99675
1.007568,1.02809,0.99675,1.001087
0.996781,1.001093,1.001087,0.980456
0.996771,0.984716,0.980456,0.998893
0.978402,0.991131,0.998893,0.992239
0.998896,0.994407,0.992239,1.005587
1.00663,1.006749,1.005587,1.005556
0.994512,0.996648,1.005556,0.996685
1.011038,1.008969,0.996685,1.005543
0.991266,0.995556,1.005543,1.009923
1.013216,1.014509,1.009923,0.99345
0.998913,1.0,0.99345,1.008791
1.0,1.0011,1.008791,0.984749
1.004353,0.992308,0.984749,0.993363
0.981582,0.987818,0.993363,0.995546
0.998896,1.001121,0.995546,0.987696
0.990055,0.985442,0.987696,1.015855
1.002232,1.002273,1.015855,0.992196
1.001114,1.003401,0.992196,0.996629
0.995551,0.99322,0.996629,1.012401
1.006704,1.010239,1.012401,1.001114
0.99778,1.003378,1.001114,0.988877
0.997775,0.997755,0.988877,1.012373
1.005574,0.998875,1.012373,1.011111
1.011086,1.009009,1.011111,1.001099
1.012061,1.012277,1.001099,1.037322
1.056338,1.0,1.037322,0.962963
0.971282,0.992282,0.962963,1.001099
0.966209,0.994444,1.001099,1.009879
1.009836,1.017877,1.009879,1.013043
1.00974,1.001098,1.013043,0.980687
0.994641,1.001096,0.980687,1.015317
1.007543,1.001095,1.015317,1.00431
1.004278,1.007659,1.00431,0.986052
0.988285,0.989142,0.986052,1.013058
1.006466,1.007684,1.013058,1.01826
1.017131,1.011983,1.01826,0.998945
1.002105,1.009688,0.998945,0.982049
0.996849,0.990405,0.982049,1.006452
0.992624,1.0,1.006452,1.007479
1.003185,0.994618,1.007479,0.97561
0.997884,0.993506,0.97561,0.998913
0.985154,0.998911,0.998913,1.018498
1.013994,1.001091,1.018498,1.029915
1.035032,1.020697,1.029915,0.996888
0.994872,1.01921,0.996888,0.997919
0.997938,0.998953,0.997919,0.98123
0.993802,0.979036,0.98123,1.0
0.988565,1.0,1.0,1.022317
1.018927,1.006424,1.022317,1.018711
1.0258,1.019149,1.018711,1.017347
1.040241,1.032359,1.017347,0.995988
0.972921,0.987867,0.995988,1.013092
1.00497,1.009212,1.013092,1.003976
1.011869,1.016227,1.003976,1.006931
1.004888,1.005988,1.006931,1.020649
1.014591,1.0,1.020649,1.015414
1.011505,1.016865,1.015414,0.993359
1.006635,1.009756,0.993359,1.010506
0.997175,1.000966,1.010506,0.999055
1.004721,1.008687,0.999055,1.018921
1.016917,0.995215,1.018921,0.980501
0.998152,1.002885,0.980501,0.997159
0.983333,1.003835,0.997159,1.007597
1.00565,0.99618,1.007597,1.005655
1.003745,1.010547,1.005655,0.980319
0.994403,0.981973,0.980319,0.996176
0.988743,0.995169,0.996176,1.008637
1.0,1.005825,1.008637,1.042816
1.047438,1.01834,1.042816,0.993613
1.002717,1.022749,0.993613,0.99449
1.001807,1.0,0.99449,0.990766
0.980162,0.980538,0.990766,0.972973
0.965961,0.97448,0.972973,0.974138
0.993333,0.985451,0.974138,0.9941
0.983701,0.987205,0.9941,1.001978
0.989279,1.002991,1.001978,0.982231
0.999015,0.986083,0.982231,1.01809
0.999014,1.001008,1.01809,1.014808
1.016782,1.019134,1.014808,1.004864
1.005825,1.006917,1.004864,1.002904
1.009653,1.010795,1.002904,0.998069
0.993308,0.996117,0.998069,1.007737
1.004812,1.004873,1.007737,0.998081
1.009579,1.00582,0.998081,0.991346
0.982922,0.989392,0.991346,0.99418
1.003861,0.995127,0.99418,1.003902
0.993269,0.997062,1.003902,1.018465
1.021297,1.004912,1.018465,0.967557
0.996209,0.98827,0.967557,1.009862
0.975262,1.0,1.009862,0.994141
0.999024,1.001978,0.994141,1.001965
0.99707,0.996051,1.001965,0.982353
1.000979,0.990089,0.982353,1.006986
0.993151,0.998999,1.006986,1.00892
1.004926,1.0,1.00892,1.0
1.006863,1.01503,1.0,1.047151
1.048685,0.990128,1.047151,1.0
0.996286,1.053838,1.0,1.014071
1.017707,1.002838,1.014071,1.00555
1.011905,1.012264,1.00555,0.98988
0.98371,0.983225,0.98988,0.991636
1.0,1.007583,0.991636,0.994377
0.980681,0.983067,0.994377,0.991517
1.002814,1.000957,0.991517,1.011407
1.001871,0.992352,1.011407,0.977444
0.993464,1.0,0.977444,0.990385
0.982143,0.973025,0.990385,1.026214
1.023923,1.018812,1.026214,0.996216
0.995327,1.016521,0.996216,0.996201
1.0,1.0,0.996201,0.970448
0.983099,0.968451,0.970448,0.995088
0.979943,0.997038,0.995088,1.003949
1.0,0.99703,1.003949,1.050147
1.057505,1.014896,1.050147,1.007491
1.000922,1.037182,1.007491,1.000929
1.004604,1.004717,1.000929,1.031569
1.048579,1.001878,1.031569,0.991899
0.982517,1.01687,0.991899,0.988203
0.978648,0.995392,0.988203,0.989899
1.003636,0.997222,0.989899,1.016698
0.994565,0.997214,1.016698,0.97354
1.0,0.987896,0.97354,1.020619
0.992714,1.005655,1.020619,0.969697
1.004587,0.977507,0.969697,1.017992
0.984475,1.00767,1.017992,0.986047
0.995362,1.001903,0.986047,1.011321
1.001864,0.998101,1.011321,1.005597
1.012093,1.017127,1.005597,1.010204
1.006434,1.002806,1.010204,1.0
1.009132,1.012127,1.0,0.979798
0.9819,0.978802,0.979798,1.004686
0.99447,0.999058,1.004686,1.021455
1.017609,1.016023,1.021455,1.016438
1.014572,1.012059,1.016438,0.994609
1.009874,1.00275,0.994609,1.023487
1.013333,1.010055,1.023487,0.986761
0.99386,0.997285,0.986761,1.001789
1.014122,1.008167,1.001789,1.007143
0.992167,1.0018,1.007143,1.026596
1.031579,1.015274,1.026596,1.007772
0.998299,1.015044,1.007772,0.970009
1.011073,0.972101,0.970009,1.053004
1.00674,1.005381,1.053004,0.972315
1.054393,1.016949,0.972315,1.044866
0.964286,1.010526,1.044866,1.013212
1.032922,1.039931,1.013212,0.99348
0.994422,1.005008,0.99348,1.032814
1.015224,1.002492,1.032814,0.989674
0.992897,1.019056,0.989674,0.974318
0.992051,0.977236,0.974318,1.0
0.987179,1.002496,1.0,0.975288
0.987013,0.954357,0.975288,0.963682
0.973684,0.982609,0.963682,0.998247
0.985642,1.002655,0.998247,1.007902
0.996572,1.006178,1.007902,1.019164
1.010318,1.00614,1.019164,1.004274
1.004255,1.011334,1.004274,0.978723
1.005085,0.986207,0.978723,0.969565
0.96796,0.97028,0.969565,1.013453
0.986934,1.000901,1.013453,1.055752
1.064431,1.025203,1.055752,1.017603
1.035655,1.031607,1.017603,0.992586
0.973579,1.012766,0.992586,1.006639
1.010691,0.996639,1.006639,0.97939
1.011391,1.0,0.97939,0.983165
0.971842,0.982293,0.983165,1.037671
1.005795,1.0,1.037671,1.014026
1.024691,1.037768,1.014026,0.998373
0.991968,0.999173,0.998373,1.013855
1.008907,1.010762,1.013855,0.919614
0.982343,0.923014,0.919614,1.035839
0.970588,1.02307,1.035839,1.037131
1.039562,1.026019,1.037131,1.067535
1.066397,1.031276,1.067535,0.97561
0.993166,1.043443,0.97561,1.034375
1.022171,1.000786,1.034375,1.007553
1.017203,1.013344,1.007553,0.968516
0.980882,0.999225,0.968516,0.976006
0.965517,0.965891,0.976006,0.992863
1.000776,1.00321,0.992863,0.989617
0.979829,0.9808,0.989617,1.033898
1.015044,1.015498,1.033898,0.970336
1.00546,0.995984,0.970336,0.985519
0.983708,0.984677,0.985519,0.987755
0.976341,0.981163,0.987755,1.004959
0.989499,1.000835,1.004959,1.01727
1.009796,1.013344,1.01727,0.999192
1.010509,1.015638,0.999192,1.007282
0.9968,0.989465,1.007282,1.012048
1.020867,1.02457,1.012048,1.021429
1.021226,1.008793,1.021429,0.999223
0.997691,1.006339,0.999223,0.979005
0.992284,0.985827,0.979005,1.017474
0.99689,0.998403,1.017474,0.992974
1.00156,1.0136,0.992974,1.033019
1.029595,1.004736,1.033019,0.974125
0.98941,1.0,0.974125,1.011719
0.99159,0.999214,1.011719,1.032432
1.031611,1.008648,1.032432,0.981301
1.013453,1.018706,0.981301,0.998476
0.968289,0.979342,0.998476,1.009924
1.02361,1.015625,1.009924,0.986395
0.994792,1.002308,0.986395,1.006897
0.983545,0.990023,1.006897,1.000761
1.009125,1.016279,1.000761,1.019772
1.014318,1.006102,1.019772,1.020134
1.023031,1.015921,1.020134,1.006579
1.001452,1.012687,1.006579,1.006536
1.026106,1.00958,1.006536,1.003608
0.992226,1.007299,1.003608,1.027318
1.032051,1.00942,1.027318,0.977607
0.986888,0.979899,0.977607,1.009306
0.997203,1.005128,1.009306,1.030496
1.037167,1.010933,1.030496,1.004818
0.995267,1.037491,1.004818,1.034247
1.038043,1.018068,1.034247,1.003974
1.009817,1.01843,1.003974,1.056069
1.049255,1.017426,1.056069,0.97564
0.975293,1.007905,0.97564,0.987196
0.9867,0.988235,0.987196,1.023995
1.021181,1.012566,1.023995,0.956935
0.997486,0.977792,0.956935,0.962938
0.954001,0.935204,0.962938,1.021993
0.982827,1.029286,1.021993,1.032952
1.039651,1.037474,1.032952,1.003255
1.017453,1.014716,1.003255,1.001298
1.001906,0.988794,1.001298,1.060272
1.050729,1.016667,1.060272,1.007335
1.010863,1.055082,1.007335,0.951456
0.98209,0.96706,0.951456,1.041454
0.993921,1.008355,1.041454,1.01041
1.029358,1.041428,1.01041,0.993939
1.002971,0.989596,0.993939,0.97622
0.967417,0.972789,0.97622,1.00812
1.003062,1.014622,1.00812,0.959727
0.992674,0.953634,0.959727,1.016139
0.980935,1.011827,1.016139,0.982211
0.981191,0.990909,0.982211,1.004528
0.998083,0.992792,1.004528,0.946555
0.994238,0.961716,0.946555,0.993878
0.980039,0.99245,0.993878,0.998631
0.971748,0.995159,0.998631,1.030843
1.019608,1.020153,1.030843,1.019947
1.018568,1.021798,1.019947,0.990874
1.0,1.006667,0.990874,0.985526
0.988932,0.980132,0.985526,0.991989
0.989467,0.993919,0.991989,1.006057
1.001331,0.988443,1.006057,1.0
1.005316,1.015131,1.0,1.026756
1.014541,1.011518,1.026756,0.993485
1.022801,1.018084,0.993485,1.030164
1.001911,1.003289,1.030164,1.022915
1.029879,1.021639,1.022915,1.020535
1.017901,1.03466,1.020535,1.1
1.093996,1.004342,1.1,1.055987
1.099778,1.1,1.055987,0.903937
0.976815,0.949171,0.903937,1.037166
0.933437,0.956927,1.037166,1.052072
1.054174,1.1,1.052072,1.095796
1.080755,1.042424,1.095796,1.002428
1.049005,1.056025,1.002428,1.093508
1.049954,0.951451,1.093508,1.019052
1.09163,1.1,1.019052,1.032174
0.98063,0.998229,1.032174,0.965038
0.995473,1.001775,0.965038,0.994326
0.958247,0.970771,0.994326,0.98727
0.979292,1.00958,0.98727,1.008448
1.024229,1.019431,1.008448,1.021605
0.996989,0.962323,1.021605,0.94044
0.994823,0.990327,0.94044,0.990821
0.952732,0.946512,0.990821,0.945808
0.995448,0.997543,0.945808,0.912341
0.92364,0.906404,0.912341,1.022008
0.963861,0.9375,1.022008,1.00105
0.996405,1.070145,1.00105,0.929696
0.984021,0.958288,0.929696,0.900113
0.91671,0.901639,0.900113,0.904075
0.943429,0.900313,0.904075,1.083911
0.950939,0.9039,1.083911,0.952015
1.063694,1.1,0.952015,0.9375
0.919162,0.934516,0.9375,0.955556
0.983713,0.916788,0.955556,1.052513
0.970861,0.993631,1.052513,0.900214
0.95839,1.012019,0.900214,0.900238
0.9,0.900238,0.900238,1.1
1.032178,0.905893,1.1,1.09992
1.09992,1.1,1.09992,1.1
1.1,1.1,1.1,0.969617
1.046235,1.02695,0.969617,0.9
0.921717,0.912293,0.9,1.010598
0.956164,0.931113,1.010598,1.070412
1.028653,1.09187,1.070412,1.0007
1.030641,1.032762,1.0007,1.00979
0.994595,1.003605,1.00979,1.014543
0.997283,1.005747,1.014543,1.051195
1.054496,1.034286,1.051195,0.961039
1.02907,1.013122,0.961039,0.9
0.935342,0.907975,0.9,0.969219
0.909396,0.914414,0.969219,1.058095
1.009594,1.028736,1.058095,1.020498
1.061404,1.067039,1.020498,1.005022
0.98416,1.02169,1.005022,0.981442
0.971309,0.951684,0.981442,1.061818
1.053314,1.062308,1.061818,0.975342
1.007524,1.018827,0.975342,0.992275
0.989817,0.98081,0.992275,1.026185
0.996571,1.026087,1.026185,1.043448
1.053682,1.024718,1.043448,0.999339
1.0,1.022054,0.999339,0.96627
0.988243,0.984491,0.96627,1.022587
0.989425,0.985616,1.022587,1.035475
1.064128,1.043085,1.035475,1.047188
1.028876,1.014657,1.047188,0.9
0.99878,0.957321,0.9,1.006173
0.914478,0.908779,1.006173,0.953647
0.989312,1.053585,0.953647,0.925661
0.941931,0.916905,0.925661,0.900386
0.9,0.910937,0.900386,0.9
0.9,0.9,0.9,0.931363
1.0,0.92469,0.931363,1.047083
0.935135,0.96701,1.047083,1.093842
1.078998,1.089552,1.093842,0.960679
1.0,1.046967,0.960679,0.933953
0.959821,0.925234,0.933953,1.022908
0.984186,0.956566,1.022908,1.017527
1.02552,1.097149,1.017527,1.051675
1.018433,0.987488,1.051675,1.035487
1.033484,1.057505,1.035487,0.975395
0.992995,1.018433,0.975395,1.009009
0.992945,0.997285,1.009009,0.9
1.023979,0.914701,0.9,0.925595
0.9,0.914683,0.925595,1.098607
1.0,1.0282,1.098607,0.976585
1.032164,1.054852,0.976585,1.01998
0.975449,1.0,1.01998,1.030362
1.021297,1.005,1.030362,1.020913
1.028436,1.044776,1.020913,0.963687
0.980645,0.977143,0.963687,1.018357
0.996241,1.004873,1.018357,1.0
1.023585,0.99515,1.0,1.017078
0.991705,1.007797,1.017078,0.964552
0.981413,0.996132,0.964552,1.056093
1.076705,1.057282,1.056093,1.020147
1.008795,1.011019,1.020147,1.005386
0.985179,0.993642,1.005386,1.041071
1.041593,1.023766,1.041071,1.003431
1.006797,1.028571,1.003431,0.977778
1.0,0.989583,0.977778,1.030594
1.0,0.995614,1.030594,1.016964
1.020253,1.027313,1.016964,1.067556
1.061208,1.02916,1.067556,0.989844
0.989867,1.03,0.989844,0.901342
1.014173,0.92233,0.901342,1.039405
0.929348,0.999123,1.039405,1.031171
1.034252,1.027217,1.031171,1.005719
1.029079,1.036752,1.005719,0.991877
0.975667,0.942292,0.991877,0.963964
1.0,1.020997,0.963964,1.018692
0.981496,1.004284,1.018692,1.010842
1.013115,1.016212,1.010842,0.956271
0.976537,0.967254,0.956271,0.984469
0.975973,0.982639,0.984469,1.06135
1.033956,1.018551,1.06135,1.016515
1.022167,1.0451,1.016515,1.010561
1.006426,1.021577,1.010561,1.019293
1.012769,0.982941,1.019293,0.990536
1.000788,1.02314,0.990536,1.013535
1.019685,1.010501,1.013535,0.979576
0.983012,0.981615,0.979576,1.009623
1.006284,0.9943,1.009623,1.026211
1.014052,0.990991,1.026211,0.965944
1.010008,1.027273,0.965944,0.979968
0.963415,0.979887,0.979968,1.019624
0.987342,1.002463,1.019624,1.003208
1.008013,1.014742,1.003208,1.041567
1.0469,1.0,1.041567,0.986186
0.999241,1.016142,0.986186,1.040467
1.025076,1.018268,1.040467,1.004488
1.05189,1.044462,1.004488,0.924795
0.969697,0.907394,0.924795,1.099839
0.992733,1.004115,1.099839,0.997804
1.032211,1.091803,0.997804,0.964784
0.962411,0.944444,0.964784,1.024335
0.993368,1.036566,1.024335,0.975501
0.992582,0.988497,0.975501,1.012177
1.0,1.006206,1.012177,0.941353
0.990284,0.960678,0.941353,0.981629
0.949434,0.979133,0.981629,0.995932
0.988871,1.0,0.995932,1.000817
0.995177,0.992623,1.000817,1.017959
1.008078,0.983485,1.017959,0.997594
1.00641,1.039463,0.997594,1.004019
1.005573,1.003231,1.004019,1.023219
1.012668,1.011272,1.023219,0.974961
0.996873,0.991242,0.974961,1.043339
1.022745,1.017671,1.043339,0.995385
0.997699,1.003946,0.995385,0.995363
1.006918,1.006289,0.995363,1.03028
1.019084,1.001562,1.03028,0.993971
0.997753,1.01248,0.993971,0.956027
0.993994,0.969954,0.956027,1.007137
0.960725,0.992851,1.007137,1.02126
1.021226,1.0104,1.02126,0.976099
1.016166,0.998416,0.976099,0.9
0.959848,0.903251,0.9,0.986831
0.914759,0.941176,0.986831,1.016904
0.992235,1.033582,1.016904,0.900262
0.973913,0.9287,0.900262,1.019436
0.954464,0.962099,1.019436,0.906578
0.968195,0.954545,0.906578,1.014721
0.942029,0.991534,1.014721,0.962694
1.007179,0.971185,0.962694,1.023681
0.970468,0.989011,1.023681,0.940063
0.996852,0.98,0.940063,1.012304
0.965263,0.980726,1.012304,1.039779
1.028353,1.03815,1.039779,0.980871
1.003181,1.011136,0.980871,0.95883
0.986258,0.970264,0.95883,1.019209
0.974277,1.001135,1.019209,1.006652
1.009901,1.020408,1.006652,0.900881
0.978214,0.907778,0.900881,0.966993
0.915367,0.922889,0.966993,0.95196
0.96837,0.994695,0.95196,1.046481
1.002513,0.993333,1.046481,0.978426
0.994987,1.021477,0.978426,1.037613
1.011335,1.014455,1.037613,0.99125
0.991283,1.005181,0.99125,1.021438
1.025126,1.021907,1.021438,0.990123
1.012255,1.011349,0.990123,0.985037
0.964891,0.955112,0.985037,1.043038
1.035132,1.035248,1.043038,1.010922
1.012121,1.031526,1.010922,1.0012
1.02994,1.015892,1.0012,0.996403
0.973256,0.990373,0.996403,1.031288
1.02509,1.018226,1.031288,0.988331
1.005828,0.998807,0.988331,1.012987
0.998841,0.989247,1.012987,0.9
0.993039,0.932367,0.9,1.007772
0.919393,0.971503,1.007772,0.947301
0.98094,0.964,0.947301,1.020353
0.983161,1.013831,1.020353,1.06117
1.059289,1.027285,1.06117,1.008772
1.034826,1.055777,1.008772,0.975155
0.971154,0.963522,0.975155,1.025478
1.011139,1.039164,1.025478,1.002484
0.988984,0.963568,1.002484,0.971499
0.985149,1.01043,0.971499,0.978316
0.993719,0.988387,0.978316,1.001304
0.979772,0.993473,1.001304,1.040365
1.045161,1.019711,1.040365,1.020025
1.012346,1.025773,1.020025,0.980368
0.99878,1.0,0.980368,1.027534
1.007326,1.008794,1.027534,1.028015
1.029091,1.022416,1.028015,1.022512
1.023557,1.034105,1.022512,0.984936
0.986191,0.995289,0.984936,1.011765
1.012835,1.001183,1.011765,0.984884
0.998848,0.989362,0.984884,1.005903
0.989619,1.004779,1.005903,0.985915
1.011655,0.992866,0.985915,0.982143
0.97235,0.984431,0.982143,1.036364
1.013033,1.010949,1.036364,1.016374
1.022222,1.025271,1.016374,0.979287
0.990847,0.981221,0.979287,1.030552
1.01963,1.01555,1.030552,1.010262
1.014723,1.023557,1.010262,1.003386
1.018973,1.003452,1.003386,0.979753
0.969332,0.990826,0.979753,1.011481
1.00678,1.009259,1.011481,0.988649
0.988777,0.987385,0.988649,1.016073
1.015891,1.015099,1.016073,1.010169
1.002235,1.008009,1.010169,1.025727
1.024526,1.010216,1.025727,0.969466
0.98803,0.991011,0.969466,1.003375
0.990088,1.001134,1.003375,0.946188
0.996663,0.933182,0.946188,0.983412
0.946429,1.006068,0.983412,1.013253
0.994104,0.99035,1.013253,0.985731
0.994069,0.99391,0.985731,1.018094
1.008353,1.008578,1.018094,0.985782
1.002367,1.006075,0.985782,0.998798
0.985832,0.983092,0.998798,0.98917
0.99521,1.006143,0.98917,1.027981
1.018051,0.991453,1.027981,1.010651
1.01182,1.029557,1.010651,1.002342
1.001168,1.005981,1.002342,0.954439
0.998833,0.970273,0.954439,0.958384
0.956776,0.955882,0.958384,1.0
0.965812,0.99359,1.0,0.993614
1.006321,1.002581,0.993614,1.007712
0.987437,0.978121,1.007712,0.991071
1.005089,1.015789,0.991071,1.01287
0.997468,0.997409,1.01287,1.0
1.010152,1.012987,1.0,0.978399
0.982412,0.974359,0.978399,1.0
1.005115,1.006579,1.0,1.020779
1.008906,1.0,1.020779,1.013995
1.011349,1.026144,1.013995,1.016311
1.017456,1.006369,1.016311,0.981481
1.0,1.001266,0.981481,0.993711
0.979167,0.979772,0.993711,1.010127
1.013767,1.011613,1.010127,0.989975
0.98642,0.998724,0.989975,1.044304
1.033792,1.010217,1.044304,0.996364
1.003632,1.035398,0.996364,1.014599
1.015682,0.997558,1.014599,0.996403
0.995249,1.003672,0.996403,0.98917
0.99642,0.997561,0.98917,1.0
0.989222,1.0,1.0,1.013382
1.01937,0.99511,1.013382,0.961585
0.996437,0.982801,0.961585,0.992509
0.963051,0.97625,0.992509,1.040252
1.024752,1.002561,1.040252,1.020556
1.031401,1.049808,1.020556,1.008294
1.017564,1.018248,1.008294,1.014101
1.028769,1.02509,1.014101,1.039397
1.026846,1.002331,1.039397,1.004459
0.98366,1.025581,1.004459,0.972253
0.993355,0.982993,0.972253,0.978311
0.983278,0.966551,0.978311,1.017503
0.992063,1.001193,1.017503,1.001147
1.003429,1.011919,1.001147,0.991982
1.004556,1.01649,0.991982,1.002309
0.989796,0.993048,1.002309,1.012673
1.017182,1.015169,1.012673,1.05802
1.059685,0.991954,1.05802,1.0
1.006376,1.06489,1.0,0.996774
0.982049,0.991295,0.996774,1.012945
1.016129,1.007684,1.012945,0.98722
0.997884,1.002179,0.98722,0.994606
1.005302,0.998913,0.994606,1.010846
0.988397,0.992383,1.010846,1.006438
1.024546,1.02193,1.006438,1.012793
1.008333,1.0,1.012793,0.990526
0.991736,1.006438,0.990526,1.032944
1.022917,0.99467,1.032944,0.992798
1.004073,1.022508,0.992798,0.987565
0.983773,0.987421,0.987565,0.98531
0.987629,0.994692,0.98531,1.009585
1.011482,0.993597,1.009585,1.047468
1.042312,1.012889,1.047468,0.987915
0.985149,1.026511,0.987915,0.932722
0.980905,0.929752,0.932722,1.020765
0.969262,1.013333,1.020765,0.971092
0.9926,0.986842,0.971092,0.974642
0.973376,0.97,0.974642,1.014706
0.987965,1.002291,1.014706,1.011148
1.008859,1.016,1.011148,0.996692
1.002195,1.005624,0.996692,0.984513
0.998905,0.993289,0.984513,1.006742
0.983553,0.986486,1.006742,1.02567
1.0301,1.018265,1.02567,0.984766
0.997835,1.008969,0.984766,0.990055
0.997831,0.991111,0.990055,1.004464
0.978261,0.992152,1.004464,1.018889
1.025556,1.011299,1.018889,1.001091
1.011918,1.022346,1.001091,1.0
0.98394,0.991257,1.0,0.993464
1.004353,1.003308,0.993464,1.039474
1.036836,0.998901,1.039474,0.975738
0.987461,1.014301,0.975738,0.992432
0.987302,0.982646,0.992432,0.997821
0.98821,1.006623,0.997821,0.979258
0.992408,0.973684,0.979258,1.012263
0.994536,1.011261,1.012263,0.998899
1.005495,1.004454,0.998899,0.998897
1.0,1.001109,0.998897,0.993377
0.99235,0.985604,0.993377,0.985556
0.994493,0.994382,0.985556,0.989853
0.988926,0.986441,0.989853,1.004556
0.99776,1.005727,1.004556,1.017007
1.006734,1.002278,1.017007,0.99777
1.007804,1.0125,0.99777,1.001117
0.996681,1.0,1.001117,1.007812
1.021088,1.005612,1.007812,0.96124
0.967391,0.967634,0.96124,1.036866
1.016854,1.00346,1.036866,0.97
0.98453,0.997701,0.97,1.016037
1.002245,1.008065,1.016037,0.996618
1.0,1.005714,0.996618,1.0
0.994401,1.001136,1.0,1.002262
1.006757,1.003405,1.002262,0.984199
0.996644,0.983032,0.984199,0.969037
0.98092,0.971231,0.969037,1.010651
0.979405,0.995261,1.010651,0.991803
1.001168,1.007143,0.991803,1.002361
1.003501,1.003546,1.002361,1.004711
0.994186,0.997644,1.004711,1.017585
1.016374,1.007084,1.017585,1.013825
1.017261,1.014068,1.013825,0.992045
1.001131,1.003468,0.992045,1.0
0.99096,1.001152,1.0,1.006873
1.009122,1.0,1.006873,0.986348
0.99548,0.996548,0.986348,1.016148
1.0,1.001155,1.016148,0.99546
1.00681,1.005767,0.99546,1.00114
0.992108,1.002294,1.00114,0.994305
1.002273,0.993135,0.994305,1.011455
1.005669,1.004608,1.011455,1.002265
1.002255,1.010321,1.002265,0.99548
1.003375,0.996595,0.99548,1.00454
0.993274,1.001139,1.00454,0.986441
1.001129,0.988623,0.986441,0.998855
0.985344,0.996548,0.998855,1.011468
1.012586,1.006928,1.011468,0.998866
1.00904,1.006881,0.998866,1.005675
0.99888,1.001139,1.005675,1.005643
1.0,1.004551,1.005643,0.997755
1.001121,1.001133,0.997755,1.006749
1.010078,1.004525,1.006749,0.989944
1.0,0.978604,0.989944,1.011287
0.995565,1.024166,1.011287,1.020089
1.026726,1.006742,1.020089,1.002188
0.998915,1.013393,1.002188,1.0
0.996743,1.002203,1.0,1.002183
1.006536,1.003297,1.002183,0.992375
0.997835,0.991238,0.992375,0.989023
0.991323,0.99116,0.989023,1.00111
0.99453,1.001115,1.00111,1.006652
1.0,1.002227,1.006652,0.994493
1.007701,1.0,0.994493,0.994463
0.989083,0.993333,0.994463,1.007795
1.004415,0.997763,1.007795,1.005525
1.003297,1.008969,1.005525,0.987912
1.0,0.997778,0.987912,0.997775
0.992333,0.993318,0.997775,1.010033
1.001104,1.003363,1.010033,0.971302
1.002205,0.979888,0.971302,0.996591
0.971397,0.990878,0.996591,0.99886
0.998867,1.005754,0.99886,1.003425
0.997732,0.989703,1.003425,1.001138
1.010227,1.015029,1.001138,1.0
0.996625,1.0,1.0,0.963636
1.005643,0.961276,0.963636,0.998821
0.952862,0.985782,0.998821,0.987013
0.998822,1.0,0.987013,1.002392
0.996462,0.997596,1.002392,1.008353
1.002367,1.008434,1.008353,1.001183
1.008264,1.003584,1.001183,1.003546
0.994145,1.0,1.003546,1.005889
1.008245,1.009524,1.005889,1.003513
1.005841,1.003538,1.003513,0.978996
0.996516,0.984724,0.978996,1.020262
0.998834,0.998807,1.020262,1.001168
1.009335,1.017921,1.001168,0.994166
0.99422,0.992958,0.994166,1.0
0.996512,1.001182,1.0,0.996479
0.997666,0.996458,0.996479,1.011779
1.009357,1.004739,1.011779,1.008149
1.003476,1.008255,1.008149,1.003464
1.009238,1.005848,1.003464,0.995397
0.994279,1.001163,0.995397,1.009249
1.009206,1.001161,1.009249,0.998855
0.997719,1.00232,0.998855,0.988532
0.996571,0.99537,0.988532,0.984919
0.993119,0.983721,0.984919,0.991755
0.981524,0.989362,0.991755,0.966746
0.988235,0.943847,0.966746,0.998771
0.971429,1.013924,0.998771,1.00123
1.007353,1.006242,1.00123,1.004914
1.006083,1.001241,1.004914,1.008557
1.003628,1.006196,1.008557,1.004848
1.009639,1.014778,1.004848,0.997587
0.991647,0.996359,0.997587,1.007255
1.008424,1.001218,1.007255,1.0012
1.005967,1.014599,1.0012,1.004796
0.997628,0.996403,1.004796,1.00358
1.004756,1.002407,1.00358,1.002378
1.002367,1.004802,1.002378,1.002372
0.998819,0.996416,1.002372,1.018935
1.039007,1.005995,1.018935,0.994193
0.977247,1.011919,0.994193,1.003505
1.003492,1.003534,1.003505,0.994179
0.99536,1.001174,0.994179,1.002342
1.018648,0.997655,1.002342,1.014019
0.994279,1.0,1.014019,0.983871
1.005754,1.00235,0.983871,1.010539
0.987414,0.996483,1.010539,1.006952
1.00927,1.012941,1.006952,1.01611
1.02411,1.004646,1.01611,0.99094
0.992152,1.004624,0.99094,1.002286
0.99435,1.003452,1.002286,0.990878
1.002273,0.995413,0.990878,1.003452
0.99093,0.995392,1.003452,0.997706
1.001144,1.001157,0.997706,0.990805
0.997714,0.991908,0.990805,1.018561
1.018328,0.996503,1.018561,1.003417
0.992126,1.018713,1.003417,0.998865
1.006803,1.004592,0.998865,0.988636
0.990991,0.990857,0.988636,0.97931
0.9875,0.981546,0.97931,1.002347
0.986191,1.001175,1.002347,1.004684
1.004667,0.991784,1.004684,0.995338
0.998839,1.007101,0.995338,0.997658
0.995349,0.9953,0.997658,1.007042
1.004673,1.009445,1.007042,1.001166
1.009302,0.99883,1.001166,1.006985
1.004608,1.004684,1.006985,1.023121
1.016055,1.005828,1.023121,0.987571
0.993228,1.002317,0.987571,0.991991
0.995455,0.991908,0.991991,1.004614
0.994292,1.003497,1.004614,1.006889
1.012629,1.004646,1.006889,0.984036
0.994331,0.995376,0.984036,1.003476
0.997719,0.998839,1.003476,0.975751
0.986286,0.969767,0.975751,0.998817
0.98146,1.005995,0.998817,1.010664
1.008264,1.003576,1.010664,1.007034
1.007026,1.008314,1.007034,0.997672
1.0,1.003534,0.997672,0.995333
0.996512,0.996479,0.995333,1.021102
1.01867,1.001178,1.021102,0.993111
1.011455,1.015294,0.993111,1.013873
0.99547,0.998841,1.013873,0.986317
0.997725,0.99768,0.986317,0.987283
0.985177,0.988372,0.987283,0.976581
0.993056,0.975294,0.976581,0.989209
0.969697,0.983112,0.989209,0.993939
0.99399,0.998773,0.993939,1.0
0.996372,1.003686,1.0,0.971951
0.996359,0.968176,0.971951,1.001255
0.980512,1.006321,1.001255,1.012531
1.01118,1.002513,1.012531,0.99505
0.997543,0.993734,0.99505,0.998756
0.992611,1.007566,0.998756,1.001245
1.0,0.994994,1.001245,0.996269
0.998759,1.002516,0.996269,0.996255
1.001242,0.997491,0.996255,0.974937
0.991315,0.978616,0.974937,1.0
0.984981,0.996144,1.0,1.002571
0.992376,0.989677,1.002571,0.974359
1.0,0.985658,0.974359,0.982895
0.976953,0.969577,0.982895,1.001339
0.984273,1.013643,1.001339,0.997326
1.002663,1.001346,0.997326,1.012064
1.003984,0.983871,1.012064,1.0
1.007937,1.025956,1.0,0.986755
0.989501,0.986684,0.986755,1.001342
0.992042,0.99865,1.001342,0.985255
1.005348,0.989189,0.985255,0.979592
0.978723,0.976776,0.979592,0.998611
0.980978,0.988811,0.998611,1.013908
1.01108,1.002829,1.013908,0.990398
0.99863,1.018336,0.990398,1.001385
1.006859,1.0,1.001385,0.982019
0.987738,0.980609,0.982019,1.012676
0.993103,0.988701,1.012676,1.002782
1.011111,1.025714,1.002782,1.008322
1.0,1.002786,1.008322,1.01238
1.012363,1.005556,1.01238,0.993207
1.0,1.006906,0.993207,1.002736
0.994573,0.997257,1.002736,0.987722
1.0,0.990371,0.987722,1.01105
1.002729,1.0,1.01105,1.002732
1.006803,1.0125,1.002732,1.009537
1.004054,1.005487,1.009537,0.994602
0.997308,1.001364,0.994602,1.009498
1.004049,1.004087,1.009498,0.989247
1.004032,0.995929,0.989247,1.005435
0.993307,0.998638,1.005435,0.991892
1.004043,1.001364,0.991892,1.006812
0.993289,0.987738,1.006812,1.017591
1.021622,1.016552,1.017591,0.993351
0.998677,1.012212,0.993351,1.001339
1.0,0.995979,1.001339,1.004011
0.997351,1.001346,1.004011,0.978695
0.984064,0.986559,0.978695,1.008163
1.0,0.998638,1.008163,1.005398
1.008097,1.006821,1.005398,1.012081
1.01071,1.004065,1.012081,0.990716
0.998675,1.00135,0.990716,1.012048
1.005305,0.998652,1.012048,0.994709
0.996042,1.006748,0.994709,0.99734
1.030464,1.002681,0.99734,0.988
0.96144,0.979947,0.988,1.005398
0.998663,1.006821,1.005398,0.993289
0.997323,0.99729,0.993289,0.963514
0.995973,0.963315,0.963514,1.007013
0.969003,1.00141,1.007013,1.013928
1.019471,1.008451,1.013928,1.034341
1.042292,1.01676,1.034341,1.00664
1.006545,1.03022,1.00664,1.010554
1.006502,1.002667,1.010554,0.990862
0.992248,1.00133,0.990862,1.001318
0.99349,0.997344,1.001318,1.001316
1.002621,1.005326,1.001316,1.023653
1.027451,1.002649,1.023653,1.0
0.996183,1.014531,1.0,0.985879
0.994891,0.996094,0.985879,1.003906
1.011553,0.998693,1.003906,0.996109
0.980964,0.996073,0.996109,0.989583
0.994825,0.996058,0.989583,1.006579
0.997399,0.997361,1.006579,1.00915
1.007823,1.006614,1.00915,0.990933
1.001294,1.0,0.990933,0.977778
0.990956,0.978975,0.977778,0.986631
0.976532,0.989262,0.986631,1.017615
1.004005,1.001357,1.017615,1.002663
1.009309,1.014905,1.002663,1.002656
0.997365,0.998665,1.002656,1.005298
1.006605,1.004011,1.005298,1.011858
1.015748,1.003995,1.011858,0.997396
0.994832,1.005305,0.997396,1.010444
1.009091,1.001319,1.010444,0.981912
0.993565,1.0,0.981912,0.989474
0.989637,0.986825,0.989474,1.015957
1.0,1.00267,1.015957,1.0
1.003927,1.003995,1.0,0.990838
1.001304,1.001326,0.990838,1.005284
0.994792,1.0,1.005284,1.00657
1.007853,1.005298,1.00657,1.002611
0.998701,1.002635,1.002611,0.99349
0.9987,0.997372,0.99349,0.994758
0.994792,0.99473,0.994758,1.001318
0.994764,0.997351,1.001318,0.994737
1.002632,1.002656,0.994737,1.005291
1.003937,1.0,1.005291,1.013158
1.00915,1.002649,1.013158,1.018182
1.031088,1.011889,1.018182,0.994898
0.992462,1.011749,0.994898,0.998718
0.994937,1.0,0.998718,0.997433
0.994911,0.993548,0.997433,1.014157
1.012788,1.003896,1.014157,0.983503
1.0,0.998706,0.983503,1.011613
0.996212,1.001295,1.011613,0.982143
0.996198,0.990944,0.982143,1.0
0.984733,0.993473,1.0,0.993506
0.997416,1.001314,0.993506,0.993464
0.994819,0.984252,0.993464,1.005263
1.011719,1.016,1.005263,1.010471
1.003861,0.997375,1.010471,1.001295
0.994872,1.009211,1.001295,1.019405
1.025773,1.011734,1.019405,1.005076
0.996231,1.005155,1.005076,0.989899
1.001261,1.0,0.989899,0.998724
0.989924,0.997436,0.998724,1.005109
1.002545,1.001285,1.005109,0.974587
1.001269,0.983312,0.974587,0.998696
0.979721,0.997389,0.998696,0.998695
1.002587,0.994764,0.998695,0.985621
0.990968,0.986842,0.985621,1.005305
0.989583,1.001333,1.005305,1.002639
1.006579,1.007989,1.002639,0.997368
0.996078,0.996037,0.997368,1.006596
1.003937,1.0,1.006596,1.005242
1.00915,1.002653,1.005242,0.925684
0.966321,0.93254,0.925684,0.988732
0.962466,0.985816,0.988732,1.001425
0.980501,1.0,1.001425,1.019915
1.021307,1.001439,1.019915,0.973501
0.984701,1.001437,0.973501,0.968481
0.984463,0.959828,0.968481,1.0
0.974175,0.994021,1.0,1.001479
1.002946,1.01203,1.001479,1.001477
1.001468,1.002972,1.001477,1.00885
1.008798,1.004444,1.00885,0.994152
0.992733,0.99705,0.994152,0.986765
0.997072,0.989645,0.986765,0.994039
0.992658,0.992526,0.994039,0.997001
0.989645,0.998494,0.997001,0.98797
0.998505,0.987934,0.98797,0.964992
0.983533,0.966412,0.964992,0.998423
0.968037,0.979463,0.998423,1.006319
1.003145,1.01129,1.006319,0.990581
0.996865,0.998405,0.990581,0.99683
1.0,0.990415,0.99683,1.0
0.993711,1.003226,1.0,1.011129
1.025316,1.014469,1.011129,1.007862
0.998457,1.004754,1.007862,0.99688
0.996909,0.998423,0.99688,1.00313
1.00155,1.00316,1.00313,1.00156
0.998452,1.00315,1.00156,0.971963
0.99845,0.974882,0.971963,0.969551
0.970497,0.971014,0.969551,1.006612
0.976,0.993367,1.006612,0.990148
0.998361,1.001669,0.990148,1.008292
1.0,1.001667,1.008292,1.003289
1.006568,1.006656,1.003289,0.990164
0.998369,0.996694,0.990164,1.006623
0.996732,0.996683,1.006623,1.004934
1.001639,1.008319,1.004934,0.998363
1.0,0.99835,0.998363,1.0
1.013093,1.006612,1.0,1.001639
0.993538,0.998358,1.001639,0.98527
0.996748,0.986842,0.98527,1.006645
0.991843,0.99,1.006645,0.99505
0.996711,1.013468,0.99505,0.991708
1.0,0.990033,0.991708,1.011706
1.0,0.996644,1.011706,1.001653
1.00495,1.010101,1.001653,1.00165
0.998358,1.005,1.00165,1.004942
1.006579,1.003317,1.004942,1.011475
1.00817,1.006612,1.011475,1.001621
1.003241,1.006568,1.001621,1.009709
1.009693,1.003263,1.009709,0.998397
1.0032,1.00813,0.998397,1.00321
1.00638,1.004839,1.00321,1.0
0.99683,1.0,1.0,0.9856
0.995231,0.982343,0.9856,1.00487
0.99361,1.004902,1.00487,1.0
1.006431,1.003252,1.0,0.970921
0.99361,0.967585,0.970921,1.004992
0.972669,1.001675,1.004992,1.003311
1.004959,1.0,1.003311,1.006601
1.006579,1.010033,1.006601,1.0
1.006536,1.006623,1.0,1.011475
1.001623,0.995066,1.011475,1.0
1.003241,1.01157,1.0,1.001621
0.998384,0.998366,1.001621,1.001618
1.004854,1.00491,1.001618,0.998384
1.00161,1.003257,0.998384,0.985437
0.995177,0.980519,0.985437,1.006568
0.993538,1.003311,1.006568,0.965742
0.99187,0.968647,0.965742,0.942568
0.97377,0.948893,0.942568,0.998208
0.956229,0.982047,0.998208,1.001795
0.991197,1.007313,1.001795,0.939068
0.987567,0.943739,0.939068,1.003817
0.964029,1.005769,1.003817,1.013308
1.009328,1.005736,1.013308,0.966229
0.983364,0.975285,0.966229,1.025243
1.00188,1.011696,1.025243,1.001894
1.001876,1.015414,1.001894,0.99811
0.998127,0.996205,0.99811,1.018939
1.020638,1.009524,1.018939,1.003717
1.001838,1.007547,1.003717,1.014815
1.011009,1.013109,1.014815,1.0
1.00363,1.009242,1.0,1.00365
1.0,0.992674,1.00365,1.007273
1.003617,1.005535,1.007273,0.99278
0.998198,1.007339,0.99278,1.001818
0.998195,0.998179,1.001818,1.010889
1.009042,1.001825,1.010889,1.0
1.007168,1.007286,1.0,1.007181
1.0,1.003617,1.007181,1.010695
1.016014,1.005405,1.010695,1.007055
1.001751,1.010753,1.007055,0.996497
1.003497,1.007092,0.996497,0.982425
0.989547,0.982394,0.982425,0.992844
0.984155,0.989247,0.992844,1.001802
1.005367,1.001812,1.001802,1.007194
1.0,1.001808,1.007194,1.005357
1.005338,1.001805,1.005357,1.024867
1.076106,1.010811,1.024867,0.998267
0.950658,1.010695,0.998267,0.928819
0.977509,0.931217,0.928819,1.003738
0.952212,0.984848,1.003738,1.01676
1.024164,1.032692,1.01676,0.989011
0.99274,1.0,0.989011,1.02037
1.02011,1.003724,1.02037,1.00363
0.996416,1.022263,1.00363,1.01085
1.008993,1.00726,1.01085,1.008945
1.016043,0.989189,1.008945,0.992908
1.005263,1.018215,0.992908,1.014286
0.993019,1.001789,1.014286,1.003521
1.001757,1.0,1.003521,1.001754
1.005263,1.008929,1.001754,0.998249
0.998255,1.00354,0.998249,0.998246
1.005245,1.001764,0.998246,0.989455
1.003478,0.984155,0.989455,0.9627
0.979203,0.966011,0.9627,0.998155
0.973451,0.987037,0.998155,1.001848
0.992727,1.009381,1.001848,0.976015
0.990842,0.981413,0.976015,0.99811
0.983364,0.994318,0.99811,1.022727
1.015038,1.007619,1.022727,0.998148
1.0,1.011342,0.998148,0.981447
0.998148,0.985047,0.981447,1.0
0.990724,0.994307,1.0,1.066163
1.089888,1.024809,1.066163,1.001773
0.974227,1.029795,1.001773,0.989381
1.005291,1.009042,0.989381,1.023256
1.007018,1.003584,1.023256,1.001748
1.001742,1.008929,1.001748,0.989529
0.996522,1.0,0.989529,1.003527
0.99651,0.99823,1.003527,0.994728
1.003503,1.003546,0.994728,1.0
0.998255,0.9947,1.0,1.0
0.994755,0.991119,1.0,1.015901
1.033392,1.008961,1.015901,0.991304
0.982993,1.008881,0.991304,1.015789
1.00692,1.0,1.015789,1.017271
1.017182,1.017606,1.017271,1.001698
1.0,1.010381,1.001698,0.976271
1.001689,0.982877,0.976271,0.994792
0.979764,0.998258,0.994792,0.989529
0.991394,0.986038,0.989529,0.992945
0.993056,0.99469,0.992945,1.015986
1.006993,1.0,1.015986,0.956294
0.984375,0.960854,0.956294,1.009141
0.977072,1.012963,1.009141,1.001812
1.005415,1.003656,1.001812,1.001808
0.998205,1.001821,1.001808,1.009025
1.007194,1.001818,1.009025,0.998211
1.003571,1.00726,0.998211,1.003584
1.001779,1.003604,1.003584,0.973214
0.994671,0.965889,0.973214,0.990826
0.973214,0.998141,0.990826,1.007407
1.001835,0.994413,1.007407,0.983456
1.001832,0.998127,0.983456,1.003738
0.983547,0.994371,1.003738,0.998138
1.003717,1.001887,0.998138,0.9
0.992593,0.907721,0.9,1.008299
0.910448,0.981328,1.008299,0.971193
1.002049,0.993658,0.971193,1.023305
0.99182,0.987234,1.023305,0.993789
1.014433,1.032328,0.993789,1.014583
0.99187,0.983299,1.014583,1.010267
1.018443,1.03397,1.010267,1.0
1.006036,1.002053,1.0,1.036585
1.04,1.030738,1.036585,0.986275
0.982692,0.986083,0.986275,1.013917
1.0,1.008065,1.013917,0.984314
0.998043,0.998,0.984314,0.98008
0.990196,0.981964,0.98008,1.010163
0.994059,0.979592,1.010163,1.016097
1.005976,1.03125,1.016097,1.00396
1.009901,1.014141,1.00396,0.964497
0.984314,0.966135,0.964497,1.03272
1.011952,1.010309,1.03272,1.00198
0.996063,1.022449,1.00198,1.007905
1.009881,1.0,1.007905,1.023529
1.035225,1.015968,1.023529,1.022989
1.047259,1.033399,1.022989,1.016854
0.983755,0.996198,1.016854,0.998158
1.023853,1.032443,0.998158,0.98893
0.967742,0.97597,0.98893,1.003731
1.001852,1.007576,1.003731,1.009294
1.014787,1.007519,1.009294,0.996317
0.998179,1.003731,0.996317,0.994455
0.99635,0.998141,0.994455,1.013011
1.025641,0.998138,1.013011,1.022018
1.0,1.011194,1.022018,0.982047
1.016071,1.001845,0.982047,0.985375
0.956063,0.968692,0.985375,1.009276
1.018382,1.022814,1.009276,1.011029
1.00361,1.009294,1.011029,1.021818
1.01259,1.003683,1.021818,0.983986
0.994671,1.011009,0.983986,1.012658
1.005357,0.994555,1.012658,0.992857
0.996448,1.005474,0.992857,0.998201
0.991087,0.990926,0.998201,1.005405
1.021583,1.018315,1.005405,0.985663
0.984155,0.98741,0.985663,0.976364
0.982111,0.976321,0.976364,0.964618
0.989071,0.964552,0.964618,1.007722
0.965009,0.988395,1.007722,1.005747
1.009542,1.015656,1.005747,0.984762
0.992439,0.99422,0.984762,0.998066
0.994286,0.994186,0.998066,1.005814
0.998084,1.003899,1.005814,1.019268
1.019194,1.005825,1.019268,1.003781
1.003766,1.015444,1.003781,1.0
0.998124,1.0,1.0,0.983051
1.0,0.988593,0.983051,0.982759
0.981203,0.986538,0.982759,0.990253
0.982759,0.968811,0.990253,1.01378
1.007797,1.016097,1.01378,0.992233
1.001934,1.009901,0.992233,0.994129
0.994208,0.994118,0.994129,1.009843
1.007767,1.001972,1.009843,0.986355
1.0,0.990157,0.986355,1.007905
0.986513,1.003976,1.007905,1.001961
1.003906,1.00396,1.001961,1.007828
1.005837,1.003945,1.007828,0.994175
1.003868,1.003929,0.994175,0.978516
0.990366,0.97456,0.978516,1.027944
1.005837,1.006024,1.027944,1.003883
1.005803,1.023952,1.003883,0.998066
1.003846,1.003899,0.998066,1.023256
1.017241,1.001942,1.023256,0.988636
0.988701,1.005814,0.988636,0.998084
1.005714,0.99422,0.998084,0.992322
0.99053,1.001938,0.992322,1.003868
0.998088,0.996132,1.003868,0.967245
0.990421,0.968932,0.967245,1.007968
0.984526,1.006012,1.007968,1.0
1.001965,1.001992,1.0,0.909091
0.978431,0.904573,0.909091,0.984783
0.927856,0.956044,0.984783,0.986755
0.99568,1.027586,0.986755,0.979866
0.989154,0.973154,0.979866,1.015982
0.984649,1.002299,1.015982,0.993258
1.0,1.0,0.993258,1.024887
1.011136,1.0,1.024887,1.050773
1.066079,1.038991,1.050773,0.97479
0.985537,1.022075,0.97479,1.006466
0.993711,0.99784,1.006466,1.006424
0.993671,0.984848,1.006424,1.0
1.012739,1.028571,1.0,0.991489
0.991614,0.991453,0.991489,1.017167
1.002114,0.991379,1.017167,1.008439
1.016878,1.026087,1.008439,0.997908
1.006224,1.006356,0.997908,1.016771
1.006186,1.010526,1.016771,1.037113
1.061475,1.00625,1.037113,1.003976
0.984556,1.020704,1.003976,0.984158
0.994118,1.008114,0.984158,1.006036
0.99211,1.0,1.006036,0.998
1.0,0.997988,0.998,1.034068
1.033797,1.010081,1.034068,1.00969
1.005769,1.013972,1.00969,0.992322
1.003824,1.01378,0.992322,1.011605
1.0,0.992233,1.011605,1.013384
1.019048,1.019569,1.013384,1.007547
1.014953,1.013436,1.007547,0.966292
0.977901,0.967803,0.966292,1.015504
0.988701,0.996086,1.015504,0.990458
1.00381,1.013752,0.990458,0.957611
0.990512,0.96124,0.957611,1.0
0.965517,0.993952,1.0,1.014085
1.003968,1.010142,1.014085,1.009921
1.007905,0.993976,1.009921,0.994106
1.011765,1.016162,0.994106,1.001976
0.984496,0.988072,1.001976,1.021696
1.025591,1.032193,1.021696,1.005792
1.0,1.001949,1.005792,0.986564
0.996161,0.990272,0.986564,0.992218
1.0,1.0,0.992218,0.992157
0.986513,0.992141,0.992157,0.998024
0.994141,0.992079,0.998024,1.00396
0.998035,1.0,1.00396,0.998028
1.003937,1.007984,0.998028,1.007905
1.005882,1.0,1.007905,0.980392
0.994152,0.982178,0.980392,0.992
0.976471,0.991935,0.992,0.979839
0.997992,0.981707,0.979839,0.993827
0.983903,0.993789,0.993827,0.99793
0.99182,0.995833,0.99793,0.995851
0.995876,0.993724,0.995851,0.995833
0.993789,1.0,0.995833,0.985356
0.989583,0.970526,0.985356,0.995754
1.0,1.013015,0.995754,0.985075
1.004211,0.989293,0.985075,0.995671
0.979036,0.989177,0.995671,1.0
0.995717,1.004376,1.0,1.01087
1.012903,1.002179,1.01087,1.034409
1.021231,1.0,1.034409,1.027027
1.037422,1.041304,1.027027,1.012146
1.016032,1.022965,1.012146,0.998
0.996055,1.014286,0.998,1.0
0.99802,1.0,1.0,1.0
0.994048,0.997988,1.0,1.0
1.007984,1.004032,1.0,1.01002
0.99802,0.991968,1.01002,0.992063
1.003968,1.012146,0.992063,0.994
0.996047,0.994,0.994,1.008048
0.996032,0.995976,1.008048,1.001996
1.007968,1.010101,1.001996,0.986056
0.998024,0.988,0.986056,1.006061
0.992079,0.997976,1.006061,1.002008
1.001996,1.004057,1.002008,0.991984
0.998008,0.99596,0.991984,0.993939
1.0,0.995943,0.993939,0.979675
0.986028,0.95723,0.979675,0.958506
0.97166,0.982979,0.958506,1.008658
0.985417,0.997835,1.008658,1.019313
1.004228,1.008677,1.019313,1.018947
1.021053,1.019355,1.018947,1.008264
1.008247,1.010549,1.008264,1.022541
1.02454,1.010438,1.022541,0.993988
0.996008,1.020661,0.993988,0.997984
1.002004,1.0,0.997984,1.024242
1.016,1.004049,1.024242,0.996055
1.005906,1.012097,0.996055,1.0
1.005871,0.998008,1.0,1.037624
1.027237,1.005988,1.037624,1.005725
1.0,1.017857,1.005725,1.049336
1.05303,1.031189,1.049336,0.981917
0.996403,1.020794,0.981917,0.998158
0.990975,0.992593,0.998158,0.99262
0.996357,0.996269,0.99262,0.998141
0.992687,0.990637,0.998141,1.005587
1.014733,1.015123,1.005587,1.033333
1.019964,0.998138,1.033333,1.02509
1.02847,1.029851,1.02509,1.022727
1.027682,1.019928,1.022727,0.94359
0.983165,0.980462,0.94359,1.085145
1.039384,0.996377,1.085145,0.996661
0.996705,1.058182,0.996661,0.984925
0.996694,1.001718,0.984925,0.960884
0.978441,0.955403,0.960884,1.014159
0.981356,1.014363,1.014159,1.033159
1.043178,1.035398,1.033159,0.993243
0.985099,0.993162,0.993243,1.010204
1.006723,1.005164,1.010204,1.013468
1.025042,1.011986,1.013468,1.031561
1.017915,1.010152,1.031561,0.99839
1.0384,1.015075,0.99839,1.014516
0.989214,0.9967,1.014516,1.1
1.077882,1.062914,1.1,0.955202
1.069364,1.024922,0.955202,0.963691
0.9,0.931611,0.963691,1.042386
1.018405,1.034258,1.042386,1.090361
1.091867,1.059937,1.090361,0.975138
1.001379,1.03125,0.975138,0.987252
0.991736,0.997114,0.987252,0.984218
0.981944,0.972504,0.984218,1.004373
0.985856,1.004464,1.004373,0.976778
0.984218,0.995556,0.976778,0.991085
1.01895,0.99256,0.991085,1.007496
0.971388,0.992504,1.007496,0.983631
1.010309,0.996979,0.983631,1.027231
0.992711,0.995455,1.027231,1.047128
1.054332,1.019787,1.047128,0.957806
0.979109,1.014925,0.957806,1.049927
1.051209,1.001471,1.049927,1.043357
1.064953,1.054332,1.043357,0.975871
0.982211,0.998607,0.975871,1.028846
0.976714,1.001395,1.028846,0.955941
1.049007,0.991643,0.955941,0.9
0.9,0.904494,0.9,0.928571
0.912553,0.916149,0.928571,1.013378
0.953632,1.00339,1.013378,0.943894
0.961102,0.949324,0.943894,1.022727
1.005059,1.023132,1.022727,1.017094
1.010067,0.986087,1.017094,0.994958
1.003322,1.031746,0.994958,1.040541
1.02649,1.008547,1.040541,0.987013
0.991935,1.016949,0.987013,0.995066
1.003252,0.996667,0.995066,1.034711
1.017828,1.020067,1.034711,0.99361
1.006369,1.006557,0.99361,0.96463
0.993671,0.969055,0.96463,1.001667
0.963376,0.976471,1.001667,1.009983
1.01157,1.034423,1.009983,0.967051
0.996732,0.966722,0.967051,0.97615
0.970492,0.984509,0.97615,0.998255
0.97973,0.991259,0.998255,1.02972
1.02069,1.005291,1.02972,1.005093
1.023649,1.02807,1.005093,0.994932
0.983498,0.994881,0.994932,0.989813
0.988255,0.986278,0.989813,0.987993
0.998302,0.998261,0.987993,0.965278
0.982993,0.961672,0.965278,0.973022
0.965398,0.976449,0.973022,0.998152
0.982079,0.996289,0.998152,0.966667
0.987226,0.964618,0.966667,1.017241
0.983364,1.007722,1.017241,1.039548
1.043233,1.005747,1.039548,0.994565
1.001802,1.041905,0.994565,1.021858
1.017986,0.998172,1.021858,0.957219
0.9947,0.978022,0.957219,1.020484
0.984014,1.003745,1.020484,0.994526
1.0,1.003731,0.994526,1.011009
1.01083,1.022305,1.011009,1.038113
1.048214,1.0,1.038113,1.015734
0.996593,1.029091,1.015734,1.099828
1.092308,1.010601,1.099828,0.976526
1.0,1.064685,0.976526,0.961538
0.971831,0.985222,0.961538,1.0
0.988728,0.996667,1.0,1.011667
0.991857,0.979933,1.011667,1.019769
1.027915,1.046075,1.019769,0.975767
0.984026,0.983687,0.975767,0.995033
0.99513,0.991708,0.995033,0.986689
0.991843,0.976589,0.986689,1.015177
0.995066,0.998288,1.015177,0.928571
0.983471,0.943396,0.928571,1.003578
0.951261,1.007273,1.003578,0.983957
0.998233,0.98917,0.983957,1.01087
0.99469,1.005474,1.01087,0.998208
1.0,1.00363,0.998208,1.008977
1.001779,0.987342,1.008977,1.007117
1.017762,1.021978,1.007117,0.991166
0.991274,1.0,0.991166,0.967914
0.982394,0.973118,0.967914,1.014733
0.996416,1.005525,1.014733,0.963702
0.992806,0.968864,0.963702,1.015066
0.978261,1.007561,1.015066,1.007421
1.016667,1.009381,1.007421,0.996317
0.994536,1.001859,0.996317,0.998152
0.990842,0.994434,0.998152,1.009259
1.009242,1.005597,1.009259,1.034862
1.032967,1.011132,1.034862,0.987589
0.996454,1.012844,0.987589,1.017953
1.035587,1.001812,1.017953,1.008818
0.996564,1.01085,1.008818,0.95979
0.982759,0.980322,0.95979,0.948998
0.942105,0.925182,0.948998,0.978887
0.985102,1.001972,0.978887,1.007843
0.986767,1.005906,1.007843,0.986381
0.996169,0.988258,0.986381,1.023669
0.998077,1.005941,1.023669,0.990366
1.0,1.005906,0.990366,1.005837
1.011561,1.009785,1.005837,1.005803
0.992381,0.974806,1.005803,0.998077
1.015355,1.025845,0.998077,1.025048
1.007561,1.007752,1.025048,0.994361
1.009381,1.015385,0.994361,1.005671
0.990706,1.0,1.005671,0.99812
1.005629,1.001894,0.99812,1.001883
1.001866,1.00189,1.001883,0.977444
0.973929,0.977358,0.977444,1.025
1.01912,1.005792,1.025,1.005629
1.018762,1.023033,1.005629,1.014925
1.007366,1.003752,1.014925,0.966912
1.001828,0.975701,0.966912,1.028517
0.990876,1.011494,1.028517,1.001848
0.998158,1.015152,1.001848,1.00738
1.00738,1.0,1.00738,1.009158
1.021978,1.018657,1.009158,1.005445
1.0,1.007326,1.005445,1.019856
1.012545,1.009091,1.019856,0.99115
1.0,1.003604,0.99115,0.994643
1.00177,0.998205,0.994643,1.008977
0.9947,1.0,1.008977,1.012456
1.026643,1.010791,1.012456,0.966608
0.984429,0.97331,0.966608,1.0
0.97891,1.001828,1.0,1.001818
0.992819,0.99635,1.001818,1.001815
1.003617,1.003663,1.001815,0.976449
0.989189,0.976277,0.976449,1.005566
1.0,1.001869,1.005566,0.97417
0.985428,0.985075,0.97417,0.982955
0.985213,0.979167,0.982955,1.011561
0.988743,1.001934,1.011561,0.988571
0.998102,1.0,0.988571,1.009634
1.001901,1.001931,1.009634,1.001908
0.998102,1.0,1.001908,1.007619
1.009506,1.007707,1.007619,1.003781
1.00565,1.007648,1.003781,1.024482
1.022472,1.011385,1.024482,0.996324
1.001832,1.011257,0.996324,0.998155
0.998172,0.998145,0.998155,0.990758
0.994505,0.992565,0.990758,0.94403
0.968692,0.945693,0.94403,0.98419
0.961977,0.974257,0.98419,1.006024
0.992095,1.00813,1.006024,0.996008
1.0,1.0,0.996008,1.006012
1.001992,0.995968,1.006012,1.001992
1.003976,1.006073,1.001992,1.011928
1.009901,1.008048,1.011928,0.982318
0.998039,0.996008,0.982318,0.98
0.982318,0.977956,0.98,1.002041
0.99,0.997951,1.002041,1.002037
0.99798,1.0,1.002037,0.993902
1.0,1.002053,0.993902,0.99591
0.993927,0.989754,0.99591,0.985626
0.99389,0.987578,0.985626,1.0125
0.997951,1.004193,1.0125,0.99177
1.00616,1.006263,0.99177,0.975104
0.979592,0.973029,0.975104,1.004255
0.989583,0.995736,1.004255,0.995763
0.993684,1.002141,0.995763,0.997872
1.002119,1.0,0.997872,0.993603
1.0,0.995726,0.993603,1.01073
0.997886,0.993562,1.01073,1.008493
1.008475,1.015119,1.008493,0.987368
1.0,0.995745,0.987368,0.997868
0.991597,0.99359,0.997868,1.0
1.004237,1.0,1.0,1.019231
1.006329,1.002151,1.019231,0.993711
1.002096,1.01073,0.993711,0.993671
0.991632,0.997877,0.993671,0.997877
1.004219,0.997872,0.997877,1.002128
0.991597,0.991471,1.002128,1.0
1.006356,1.010753,1.0,1.004246
0.995789,0.987234,1.004246,1.006342
1.006342,1.008621,1.006342,1.02521
1.031513,1.012821,1.02521,0.997951
1.0,1.012658,0.997951,0.99384
0.991853,1.004167,0.99384,0.997934
0.99384,0.997925,0.997934,0.989648
0.997934,0.989605,0.989648,0.995816
0.991718,1.0,0.995816,1.016807
1.012526,1.008403,1.016807,1.012397
1.014433,1.0,1.012397,1.010204
1.014228,1.0125,1.010204,1.0
0.997996,1.010288,1.0,1.006061
1.002008,1.004073,1.006061,0.993976
1.012024,1.004057,0.993976,0.975758
0.986139,0.973737,0.975758,1.033126
1.002008,1.004149,1.033126,1.0
1.006012,1.020661,1.0,1.006012
1.001992,1.002024,1.006012,0.99004
1.001988,1.00404,0.99004,1.014085
1.0,0.991952,1.014085,1.005952
