1.019712,1.002699,1.025769,0.984627
1.003717,1.009227,0.984627,0.955065
0.977407,0.950095,0.955065,1.0
1.0,1.0,1.0,0.996411
0.960591,0.974338,0.996411,1.046419
1.033531,1.016872,1.046419,0.985851
1.0,1.024282,0.985851,1.020559
1.009542,1.003556,1.020559,0.977575
1.011342,1.0,0.977575,1.001166
0.971963,0.982283,1.001166,1.006214
1.023077,1.018036,1.006214,0.990351
0.997744,0.992126,0.990351,0.983632
0.978523,0.992857,0.983632,0.961569
0.972276,0.967626,0.961569,0.989699
0.972673,0.970673,0.989699,1.009992
0.989414,0.993617,1.009992,0.993405
1.0,1.006424,0.993405,0.995851
0.994239,1.00383,0.995851,1.0225
1.02649,1.008902,1.0225,1.006112
1.002823,1.010504,1.006112,0.945322
1.000804,0.968815,0.945322,1.035561
0.972278,1.003433,1.035561,1.001655
1.028926,1.022241,1.001655,1.027675
1.008434,1.004603,1.027675,1.032154
1.034648,1.037068,1.032154,0.985202
0.991917,1.012048,0.985202,1.000395
0.995343,0.998016,1.000395,1.011458
1.0,1.002386,1.011458,1.010547
1.009747,1.011503,1.010547,0.997681
1.002317,1.000392,0.997681,1.005424
1.007319,1.002744,1.005424,1.045087
1.045889,1.012119,1.045087,1.007743
1.001097,1.035149,1.007743,1.013172
1.026662,0.996269,1.013172,0.990249
0.995375,1.01985,0.990249,0.995259
0.980701,0.995593,0.995259,1.008062
1.009475,1.00332,1.008062,0.965104
1.020939,0.976103,0.965104,1.0
0.963579,0.990584,1.0,1.017326
1.0,1.01635,1.017326,1.007034
1.005505,0.998878,1.007034,0.986765
0.994526,1.0,0.986765,0.982116
0.990826,0.985019,0.982116,0.978756
0.987407,0.979468,0.978756,1.001938
0.984621,0.982531,1.001938,0.990329
0.986667,0.97985,0.990329,1.019531
1.010811,1.024597,1.019531,1.045211
1.092437,1.021251,1.045211,0.973974
0.936364,1.00501,0.973974,0.982687
0.98357,0.997316,0.982687,0.971275
0.994685,0.968858,0.971275,1.009464
0.987786,1.006349,1.009464,0.979687
0.988408,0.98265,0.979687,1.003987
0.994527,1.002408,1.003987,1.007943
1.020833,0.997598,1.007943,1.025611
1.005006,1.022472,1.025611,0.980791
0.998467,0.99686,0.980791,1.006267
0.993477,1.003937,1.006267,0.999221
0.999228,1.0,0.999221,0.981691
0.991496,0.98,0.981691,1.012698
0.995712,1.0004,1.012698,1.0
1.000783,1.004,1.0,1.017241
1.023474,1.008367,1.017241,1.010786
1.007263,1.011853,1.010786,1.029345
1.032258,1.025381,1.029345,1.021103
1.025735,1.028561,1.021103,0.971356
1.0,0.990744,0.971356,1.0
1.0,1.0,1.0,0.975364
0.974552,0.975336,0.975364,1.022197
0.986392,0.977011,1.022197,1.055784
1.065623,1.039216,1.055784,1.038298
1.039188,1.076226,1.038298,0.970628
0.993266,0.995792,0.970628,1.023575
0.991525,0.99331,1.023575,0.996562
1.001709,0.996101,0.996562,0.994481
0.994539,0.960854,0.994481,0.971557
0.989705,1.022222,0.971557,0.970368
0.966713,0.93913,0.970368,0.989698
0.974892,1.008873,0.989698,1.04052
1.033848,1.013384,1.04052,0.982494
1.023843,1.036981,0.982494,1.0
0.966284,0.96179,1.0,0.978182
0.989209,0.980704,0.978182,0.972862
0.997818,1.005015,0.972862,0.956439
0.960277,0.958925,0.956439,1.051938
1.024668,0.968775,1.051938,1.011014
0.987037,1.050413,1.011014,0.946657
0.997373,0.991345,0.946657,1.026984
0.976298,0.97619,1.026984,0.987249
1.017341,1.036992,0.987249,0.975342
0.982955,0.97648,0.975342,1.004414
0.971098,0.96387,1.004414,1.033959
1.026984,1.041233,1.033959,0.99034
0.996522,1.0064,0.99034,1.015217
1.009694,1.001987,1.015217,1.037663
1.043779,1.00714,1.037663,1.005556
1.006255,1.057897,1.005556,0.994475
0.997441,0.994043,0.994475,0.974444
0.997067,0.977528,0.974444,0.99848
0.969485,0.995402,0.99848,1.038828
1.042473,1.014242,1.038828,0.982045
0.991997,1.013283,0.982045,1.013433
0.997433,0.976779,1.013433,1.012518
1.014338,1.032975,1.012518,1.016727
1.017035,1.010393,1.016727,0.999642
1.012117,1.005878,0.999642,1.012165
1.0,1.011687,1.012165,0.976317
0.996127,0.984838,0.976317,0.954019
0.97561,0.948314,0.954019,1.010247
0.965942,1.000773,1.010247,1.012397
1.018005,1.018154,1.012397,0.984787
0.994842,0.988998,0.984787,0.98945
0.982963,1.001534,0.98945,0.982483
0.990957,0.976637,0.982483,1.0
1.0,1.0,1.0,0.964341
0.980989,0.941569,0.964341,1.021302
1.003101,1.012495,1.021302,0.964187
0.987249,1.005759,0.964187,0.951837
0.958904,0.924335,0.951837,0.994425
0.956735,1.018142,0.994425,1.021992
1.019625,1.0,1.021992,1.008861
1.00795,1.018253,1.008861,1.000418
1.005396,1.01067,1.000418,1.024247
1.01569,1.00549,1.024247,1.008571
1.012195,1.02142,1.008571,1.01295
1.006024,1.005757,1.01295,0.994806
1.00998,1.01063,0.994806,0.981928
0.983399,0.974919,0.981928,0.988957
0.976688,0.976349,0.988957,1.012407
1.00823,1.00765,1.012407,1.007353
1.010204,1.020666,1.007353,0.999594
1.014141,1.013223,0.999594,1.00568
0.996016,0.999184,1.00568,1.006858
1.0004,1.002041,1.006858,1.013622
1.019992,1.012627,1.013622,1.000395
1.01176,1.011665,1.000395,1.014224
0.999613,1.006362,1.014224,0.996494
1.007364,1.000395,0.996494,1.006646
0.993074,0.99842,1.006646,1.025243
1.032933,1.011076,1.025243,0.979167
1.012003,1.005477,0.979167,1.019729
0.978503,0.992607,1.019729,1.033384
1.060606,1.029008,1.033384,1.00257
0.977857,1.024762,1.00257,0.998902
1.01534,1.007807,0.998902,0.957478
0.98741,0.959425,0.957478,1.00804
0.959927,0.988082,1.00804,0.998861
1.008729,0.996498,0.998861,1.014068
1.005267,1.006638,1.014068,1.030371
1.031437,1.02405,1.030371,1.026201
1.030116,1.035227,1.026201,0.97695
0.98274,0.995243,0.97695,0.982214
0.992832,0.988971,0.982214,0.983001
0.98556,0.984387,0.983001,1.010526
0.992674,0.982251,1.010526,0.986235
0.99262,1.000769,0.986235,0.977367
0.993309,0.991164,0.977367,1.022385
1.010479,1.005039,1.022385,1.00755
0.993704,1.008484,1.00755,1.030348
1.03429,1.024857,1.030348,1.025091
1.023784,1.022388,1.025091,0.979071
1.019007,0.99927,0.979071,1.027174
0.994819,1.008766,1.027174,1.043386
1.041667,1.017379,1.043386,0.988168
0.995333,1.025979,0.988168,0.988026
0.987944,0.981616,0.988026,1.010734
1.0,1.00106,1.010734,0.95889
0.989831,0.984116,0.95889,1.027867
0.989041,1.000717,1.027867,1.006604
1.016274,1.021864,1.006604,1.008978
1.0,0.995791,1.008978,0.993498
1.00477,1.014442,0.993498,0.975543
0.986775,0.955208,0.975543,0.980579
0.982474,1.008724,0.980579,0.994238
0.978314,0.990991,0.994238,1.014125
1.001073,1.0,1.014125,1.044286
1.051786,1.021091,1.044286,0.99658
1.010866,1.032764,0.99658,0.978037
0.987571,0.982759,0.978037,1.029123
1.006803,0.989474,1.029123,1.031708
1.04223,1.041844,1.031708,0.951751
0.987034,0.971069,0.951751,0.989583
0.950739,0.991237,0.989583,0.978947
0.998273,0.979137,0.978947,0.967025
0.983391,0.956302,0.967025,0.979615
0.956721,0.98565,0.979615,0.973137
0.974991,0.954023,0.973137,1.046656
1.015466,1.032129,1.046656,1.002972
1.024889,1.023346,1.002972,0.98963
0.982965,0.988593,0.98963,1.013473
1.010324,1.019615,1.013473,1.000369
1.001095,1.014711,1.000369,0.974529
0.993802,0.967286,0.974529,0.992803
0.976889,0.997694,0.992803,0.996948
1.005633,1.001541,0.996948,1.005358
0.991412,0.996154,1.005358,1.014465
1.016196,1.003861,1.014465,1.010131
1.004448,1.016538,1.010131,0.983655
0.994465,0.998865,0.983655,1.003399
0.992579,0.99697,1.003399,1.007151
1.006729,1.004179,1.007151,1.014574
1.010769,1.013621,1.014574,1.030571
1.033799,1.014558,1.030571,1.017155
1.01919,1.016556,1.017155,0.985594
1.020921,1.013753,0.985594,0.984314
0.987022,0.978222,0.984314,1.043825
0.99827,0.992701,1.043825,0.98161
1.028423,1.023897,0.98161,0.992223
0.977418,1.000359,0.992223,0.9943
0.993103,0.992821,0.9943,1.008599
0.994097,1.005423,1.008599,1.011012
0.998952,1.006832,1.011012,1.01792
1.036713,1.001071,1.01792,1.007594
0.988196,1.019622,1.007594,0.996917
1.00785,1.012246,0.996917,1.005155
0.993905,0.990667,1.005155,0.996239
1.005111,1.002791,0.996239,0.974605
0.99661,0.962074,0.974605,0.989789
0.981293,1.001808,0.989789,0.988972
0.989601,1.0,0.988972,1.01295
0.987741,0.982671,1.01295,0.95206
1.011348,0.979427,0.95206,1.023499
0.964236,0.971493,1.023499,0.989796
1.005818,1.023166,0.989796,0.989691
0.976139,0.988679,0.989691,1.004092
1.0,1.007252,1.004092,1.016673
1.018148,1.01781,1.016673,0.99344
0.997817,1.003351,0.99344,0.994131
0.991615,0.998145,0.994131,0.982288
0.995588,0.98513,0.982288,1.023291
1.006647,1.000755,1.023291,0.991189
1.005136,0.995098,0.991189,0.991852
0.991241,0.993937,0.991852,0.990665
0.984904,1.005719,0.990665,0.998869
1.0,1.000758,0.998869,0.983774
0.990654,0.986742,0.983774,0.97967
0.996226,0.971209,0.97967,0.963978
0.964015,0.960474,0.963978,1.012185
0.985855,1.008642,1.012185,1.010835
1.007174,1.013056,1.010835,1.00397
1.003957,1.006847,1.00397,0.994069
1.008277,0.994,0.994069,1.01074
1.006255,1.002012,1.01074,0.988194
0.990287,1.002008,0.988194,0.996416
0.988623,0.995992,0.996416,0.976019
0.996825,0.979879,0.976019,0.988124
0.978105,0.983573,0.988124,1.007045
0.991453,1.004593,1.007045,1.015638
1.013957,0.976725,1.015638,0.985008
1.007287,1.020426,0.985008,0.974907
0.985932,0.976647,0.974907,0.997468
0.973502,0.987617,0.997468,1.025804
1.015913,1.016429,1.025804,0.963299
0.999588,0.974054,0.963299,0.971747
0.962887,0.982533,0.971747,0.952863
0.980728,0.955556,0.952863,1.009709
0.960699,0.935814,1.009709,0.998168
0.999091,1.04672,0.998168,1.016055
1.015014,1.014245,1.016055,1.004966
1.021963,1.031367,1.004966,1.027403
1.004386,1.009079,1.027403,1.000875
1.008734,1.017544,1.000875,0.978156
0.990909,0.972149,0.978156,1.008486
0.989952,0.986812,1.008486,1.018601
1.026478,1.037327,1.018601,1.01087
1.009888,1.023101,1.01087,0.991398
1.007237,0.998697,0.991398,0.98872
0.983516,0.977826,0.98872,0.971918
0.984959,0.977323,0.971918,0.98465
0.972077,0.987261,0.98465,1.015589
0.995961,0.997696,1.015589,0.978781
1.006309,0.999538,0.978781,1.011531
0.996865,1.006007,1.011531,1.003192
0.989668,0.995407,1.003192,1.002727
1.004993,0.992155,1.002727,1.00136
0.999097,1.009302,1.00136,1.033952
1.036166,1.013825,1.033952,1.008757
1.007853,1.023182,1.008757,0.983507
1.016017,1.005775,0.983507,0.988526
0.96847,0.970406,0.988526,1.023214
1.010559,1.017751,1.023214,0.989965
1.004789,1.006261,0.989965,0.98193
0.987868,0.976,0.98193,0.98833
0.975877,0.996357,0.98833,1.006358
1.001348,1.001371,1.006358,0.983755
1.0,0.989959,0.983755,0.998165
0.986984,0.985708,0.998165,1.025276
1.014552,1.015435,1.025276,0.986553
0.995966,1.008752,0.986553,1.006815
1.012601,1.010046,1.006815,0.976986
0.973333,0.975588,0.976986,0.997691
0.993151,0.993976,0.997691,1.013889
1.010575,1.006993,1.013889,0.991781
0.999545,1.002315,0.991781,0.997238
0.991807,0.995843,0.997238,0.981071
0.997705,0.976345,0.981071,0.984941
0.978381,0.990499,0.984941,0.994744
0.986836,0.980336,0.994744,1.001921
1.017151,1.016145,1.001921,1.013423
0.992974,1.002889,1.013423,0.977294
0.997642,0.984638,0.977294,1.006292
0.994326,1.005363,1.006292,1.0
1.0,1.0,1.0,0.987013
1.0,0.992241,0.987013,1.012671
0.989063,0.997556,1.012671,1.010587
1.012019,1.007349,1.010587,1.0
1.004276,1.01751,1.0,1.010476
1.005203,1.001912,1.010476,0.991989
1.004706,1.000477,0.991989,0.990499
0.983138,0.989986,0.990499,1.008633
1.002859,1.001927,1.008633,1.030908
1.035629,1.011058,1.030908,0.988007
0.994495,1.015692,0.988007,1.020542
1.01476,0.997191,1.020542,0.983989
0.997727,0.996244,0.983989,0.988842
0.985877,0.999057,0.988842,0.961918
0.987985,0.962264,0.961918,1.021505
0.986436,0.992647,1.021505,1.011005
1.005216,1.012346,1.011005,0.997634
0.996698,1.006341,0.997634,1.04981
1.055372,1.010179,1.04981,1.004067
1.013453,1.042226,1.004067,1.008551
0.995575,1.013812,1.008551,0.985721
0.999111,0.992734,0.985721,0.992757
0.985765,0.993138,0.992757,1.00228
1.005866,1.000921,1.00228,1.009554
0.995962,0.997699,1.009554,1.008112
1.021171,1.019834,1.008112,0.988377
0.989413,0.981909,0.988377,1.014925
1.001337,1.006909,1.014925,0.985294
1.008459,1.005489,0.985294,0.995025
0.978808,0.992721,0.995025,0.945455
0.992332,0.947754,0.945455,0.998558
0.950455,0.989845,0.998558,0.982667
1.002391,0.97704,0.982667,0.942675
0.977576,0.96,0.942675,0.987526
0.938995,0.971875,0.987526,1.002105
0.994802,1.001608,1.002105,1.021534
1.021944,1.016586,1.021534,1.008226
1.010225,1.018947,1.008226,0.994391
0.990385,0.982438,0.994391,1.010256
1.010731,1.025237,1.010256,1.003046
1.001011,1.007179,1.003046,0.991903
1.0,0.992872,0.991903,1.003061
1.00404,1.000513,1.003061,0.997965
0.992455,0.992312,0.997965,0.991335
0.997466,0.981405,0.991335,1.015938
1.005081,1.000526,1.015938,1.005061
1.008595,1.03051,1.005061,0.984391
0.991479,0.986217,0.984391,1.002046
0.998989,1.003623,1.002046,0.985197
0.991903,0.993811,0.985197,1.0
0.996939,1.0,1.0,1.002591
0.996418,0.998962,1.002591,1.007235
1.007704,0.990649,1.007235,1.016419
1.013761,1.013634,1.016419,1.015144
1.020111,1.016037,1.015144,0.995027
0.989157,1.010183,0.995027,1.011994
1.023916,0.998488,1.011994,1.009383
0.99854,1.015144,1.009383,0.996086
1.002924,1.006464,0.996086,1.028978
1.025753,0.993577,1.028978,1.006683
1.001421,1.029339,1.006683,1.009483
1.008515,1.001449,1.009483,1.009864
1.011257,1.018331,1.009864,0.99814
1.005566,1.004263,0.99814,0.99534
0.994004,0.993396,0.99534,1.001404
0.996752,1.004274,1.001404,1.022908
1.025605,1.006619,1.022908,0.990859
1.006355,1.013152,0.990859,1.011531
0.993685,1.003709,1.011531,1.001368
1.007263,1.009238,1.001368,0.984517
0.988734,0.977574,0.984517,0.991212
0.992707,1.0,0.991212,1.0
1.0,1.0,1.0,1.007933
0.994031,0.988764,1.007933,0.981481
1.018476,0.99053,0.981481,0.992453
0.969161,1.001434,0.992453,1.048479
1.03416,0.994272,1.048479,1.015413
1.015837,1.042247,1.015413,0.990625
1.007572,1.017964,0.990625,1.006309
0.990274,0.99095,1.006309,0.988804
1.007589,1.00274,0.988804,1.009964
0.992911,0.993625,1.009964,0.994619
1.008032,1.009624,0.994619,1.009468
0.995573,0.962324,1.009468,0.979008
0.990663,1.016509,0.979008,1.011861
1.000449,0.974478,1.011861,1.000451
1.026469,1.051905,1.000451,1.041009
1.019668,0.986872,1.041009,1.040693
1.037291,1.050459,1.040693,1.007488
1.02438,1.043231,1.007488,0.963666
0.992739,0.969025,0.963666,1.029563
0.999594,0.996544,1.029563,0.979609
0.99187,1.014738,0.979609,0.993628
0.976639,0.97736,0.993628,0.981189
0.994545,0.996941,0.981189,0.993464
0.978903,0.998685,0.993464,0.999561
1.00431,0.994732,0.999561,1.014919
0.99485,0.993822,1.014919,0.988327
1.003451,1.007105,0.988327,0.990814
0.979364,0.996914,0.990814,1.016777
1.018437,1.001769,1.016777,0.992618
1.003879,1.004415,0.992618,0.983377
0.982396,0.986374,0.983377,0.969751
0.984703,0.957665,0.969751,0.951835
0.965379,0.932992,0.951835,0.994699
0.958621,1.021446,0.994699,1.00969
1.001439,0.993652,1.00969,0.983685
1.000958,0.982801,0.983685,0.961951
0.97512,0.98,0.961951,0.991379
0.967615,0.97398,0.991379,1.003069
1.002028,1.012048,1.003069,0.983172
0.994433,0.991718,0.983172,0.999481
0.989822,1.005741,0.999481,0.973534
0.990746,0.971458,0.973534,0.998401
0.984432,0.996795,0.998401,1.041644
1.032156,1.0,1.041644,0.973347
0.996425,1.015541,0.973347,0.992628
0.97386,0.984697,0.992628,0.993634
1.000526,1.001072,0.993634,1.0
0.998948,0.988758,1.0,0.99733
0.997367,1.004331,0.99733,0.938437
0.986272,0.920755,0.938437,1.019966
0.976981,1.027518,1.019966,0.973714
0.987397,0.987464,0.973714,0.997128
0.991121,0.986728,0.997128,1.018433
0.994961,1.000585,1.018433,1.040724
1.038267,1.029223,1.040724,0.991304
0.99458,1.022714,0.991304,1.000548
1.008174,1.006663,1.000548,0.972055
0.984865,0.965251,0.972055,0.999436
0.984083,1.0,0.999436,0.969543
0.985499,0.973143,0.969543,0.945317
0.977929,0.938931,0.945317,0.998154
0.954861,0.963102,0.998154,1.020962
1.012121,1.042208,1.020962,1.035628
1.02994,1.029283,1.035628,0.993586
1.00814,1.023002,0.993586,1.071009
1.05421,0.976331,1.071009,0.985753
0.992888,1.078182,0.985753,0.999444
1.004408,0.998314,0.999444,1.018354
1.00768,0.996622,1.018354,1.021846
1.048449,1.031073,1.021846,1.013896
0.999481,1.031233,1.013896,1.006326
1.000519,0.990967,1.006326,0.994762
0.994289,1.008043,0.994762,1.012638
1.005744,0.996277,1.012638,0.983879
1.015057,1.00961,0.983879,1.022199
0.990281,0.998414,1.022199,1.041365
1.042355,1.027542,1.041365,0.998014
0.998018,1.020103,0.998014,0.972637
1.032771,0.978777,0.972637,0.998977
0.949038,0.996386,0.998977,0.973886
0.991895,0.979275,0.973886,0.997897
0.972932,0.984127,0.997897,0.985248
0.994751,1.0,0.985248,0.996257
0.996834,1.000538,0.996257,1.00161
1.003176,0.998388,1.00161,1.019293
1.004749,0.993003,1.019293,0.997371
1.002101,1.01355,0.997371,0.992093
1.003669,0.997326,0.992093,0.968119
0.982768,0.949062,0.968119,1.025796
1.002657,1.035028,1.025796,0.983949
0.989401,0.971616,0.983949,0.96683
0.983931,0.994382,0.96683,0.97694
0.974415,0.967232,0.97694,1.044329
1.022346,0.997664,1.044329,1.011025
1.008197,1.045082,1.011025,0.980371
0.996748,1.0,0.980371,1.024472
1.020663,1.011204,1.024472,0.982085
1.001598,0.989474,0.982085,0.992814
0.968085,0.986562,0.992814,1.000557
0.991758,0.981839,1.000557,1.05064
1.047091,1.030058,1.05064,1.009004
1.009524,1.035915,1.009004,1.012598
1.019392,1.01896,1.012598,1.008294
1.003085,1.018607,1.008294,0.990231
1.0041,0.966075,0.990231,1.000519
1.00051,1.02215,1.000519,1.0
0.994898,1.006871,1.0,0.985989
0.988205,0.991076,0.985989,0.993684
0.996367,0.970869,0.993684,1.01589
1.005208,1.010911,1.01589,1.022941
1.018653,1.030761,1.022941,0.977064
1.009664,1.0,0.977064,0.967136
0.972292,0.96911,0.967136,0.99137
0.973057,0.972988,0.99137,1.008705
0.992013,0.999445,1.008705,1.030205
1.041331,1.025556,1.030205,1.040314
1.025773,1.019502,1.040314,0.97685
0.998492,1.027099,0.97685,0.963421
0.989935,0.95551,0.963421,0.949198
0.949161,0.950731,0.949198,1.027042
0.986074,0.974374,1.027042,0.93966
1.003802,0.971946,0.93966,0.985989
0.947511,1.003608,0.985989,1.049142
1.01542,1.018574,1.049142,1.020316
1.029246,1.030588,1.020316,1.014381
1.003279,1.006279,1.014381,0.988004
1.004902,1.003971,0.988004,1.013797
1.002168,1.015819,1.013797,1.019597
1.014062,1.022247,1.019597,1.033636
1.048533,1.016322,1.033636,1.010847
1.007121,1.035867,1.010847,1.011753
1.000505,1.010336,1.011753,1.00404
1.009086,1.005627,1.00404,1.028169
1.035018,0.976602,1.028169,1.009295
1.009667,1.041667,1.009295,1.013088
1.003351,1.005,1.013088,0.980383
0.989027,1.017413,0.980383,0.990239
0.993729,0.983863,0.990239,1.009364
0.996602,1.003479,1.009364,0.999512
1.020458,1.013373,0.999512,1.015633
0.994272,0.982893,1.015633,1.037518
1.036966,1.034311,1.037518,1.019008
1.026852,1.024519,1.019008,0.977252
1.000451,1.005631,0.977252,1.018622
0.995944,1.003266,1.018622,0.960238
0.977376,0.967907,0.960238,0.952404
0.976389,0.961076,0.952404,1.001
0.963964,0.993,1.001,1.010984
0.998524,1.004532,1.010984,0.986667
1.008374,0.997494,0.986667,0.996997
0.980948,0.98593,0.996997,1.013052
1.014442,1.008155,1.013052,1.030228
1.025037,1.020222,1.030228,0.997595
1.014368,1.021804,0.997595,1.007232
0.997167,0.99806,1.007232,1.019148
1.02178,1.016035,1.019148,0.977454
1.000927,0.982305,0.977454,1.020663
0.988889,1.003895,1.020663,1.051789
1.047285,1.030553,1.051789,0.993733
1.012517,1.030588,0.993733,0.973423
0.972627,0.985388,0.973423,0.965294
0.995461,0.961538,0.965294,1.000479
0.962152,0.995181,1.000479,1.0
1.0,1.0,1.0,0.966459
0.990047,0.962712,0.966459,0.991572
0.969842,1.003521,0.991572,0.987
0.994571,0.982957,0.987,1.010132
0.997519,0.99694,1.010132,1.008024
1.001493,1.002558,1.008024,1.015423
1.015897,1.018367,1.015423,0.989711
1.006846,0.992986,0.989711,1.020792
1.004371,1.007064,1.020792,0.992241
1.002901,1.002004,0.992241,0.994135
0.995178,1.0015,0.994135,0.9
0.9,0.9,0.9,1.03351
1.021777,1.013575,1.03351,1.0
1.018755,1.0375,1.0,0.994027
0.987448,0.977625,0.994027,1.023176
1.012712,1.020246,1.023176,0.986577
1.003347,1.000863,0.986577,0.988095
0.979149,0.966379,0.988095,0.962995
0.978705,0.991079,0.962995,0.975871
0.983464,0.963996,0.975871,1.029304
1.004425,1.015873,1.029304,0.995552
1.000881,1.011029,0.995552,0.983914
0.994718,0.981818,0.983914,0.998183
0.983186,1.00463,0.998183,1.031847
1.026103,1.009217,1.031847,1.017637
1.014912,1.03379,1.017637,1.020797
1.019015,1.007951,1.020797,0.994058
1.000848,1.007888,0.994058,0.98719
0.990678,0.995652,0.98719,0.992215
0.992301,0.993886,0.992215,0.999128
0.997414,1.001757,0.999128,1.02356
1.030251,1.007895,1.02356,1.002558
0.997483,0.996519,1.002558,0.97534
0.989066,1.000873,0.97534,1.013949
0.993197,0.994764,1.013949,0.979364
0.997432,0.99386,0.979364,1.001756
0.987124,0.990291,1.001756,1.013146
1.006087,1.008913,1.013146,0.993945
1.000864,1.007067,0.993945,0.993908
0.995682,0.984211,0.993908,0.932574
0.989592,0.935829,0.932574,1.002817
0.95092,1.004762,1.002817,1.01779
1.008295,1.000948,1.01779,0.98988
0.994516,1.012311,0.98988,1.020446
1.015625,1.000935,1.020446,0.986339
0.98914,1.0,0.986339,0.977839
0.987191,0.979439,0.977839,0.987724
0.996293,0.995229,0.987724,0.998088
0.990698,0.983701,0.998088,1.005747
1.0,1.018519,1.005747,1.0
1.0,1.0,1.0,1.0
1.007512,1.0,1.0,1.017143
1.00466,0.998086,1.017143,1.029963
1.023191,1.017258,1.029963,1.027273
1.033545,1.017908,1.027273,0.99292
0.990351,1.019444,0.99292,1.025847
1.022143,1.014532,1.025847,1.001738
1.003466,1.014324,1.001738,0.999133
1.018135,1.012357,0.999133,0.999132
0.983885,0.955536,0.999132,0.992181
1.006034,1.02646,0.992181,1.007005
0.988003,0.992,1.007005,1.023478
1.027754,1.018817,1.023478,0.991504
1.008439,1.020229,0.991504,1.009426
0.993305,0.988793,1.009426,1.035654
1.032013,1.021796,1.035654,1.031967
1.053061,1.033276,1.031967,0.98332
0.992248,1.018167,0.98332,0.970921
0.984375,0.967559,0.970921,1.040765
0.997619,1.011735,1.040765,0.985612
1.005569,1.003314,0.985612,1.027575
1.003165,1.001652,1.027575,0.987372
0.998423,1.022259,0.987372,0.989608
0.987362,0.967742,0.989608,0.970921
0.9808,0.996667,0.970921,0.993344
0.984502,0.988294,0.993344,1.008375
1.0,1.000846,1.008375,0.995017
1.004971,0.999155,0.995017,1.000835
1.000824,0.996616,1.000835,0.975813
0.990939,0.982173,0.975813,1.000855
0.980881,0.992221,1.000855,1.015371
1.012712,1.009582,1.015371,0.992431
0.998326,1.013805,0.992431,0.99322
1.007544,0.995745,0.99322,1.011945
0.988353,0.991453,1.011945,0.98398
1.001684,0.99569,0.98398,1.001714
0.991597,1.001732,1.001714,1.003422
1.002542,1.002593,1.003422,0.987212
0.993238,0.952586,0.987212,0.980138
0.982979,1.009955,0.980138,1.010573
0.995671,1.0,1.010573,1.020052
1.024348,1.022401,1.020052,1.006838
1.005942,1.013146,1.006838,1.008489
1.013502,1.012976,1.008489,0.989899
0.993339,1.000854,0.989899,1.0
1.0,1.000853,1.0,1.022959
1.00922,0.988917,1.022959,0.995012
0.998339,1.021552,0.995012,0.973266
0.994176,0.967089,0.973266,0.995708
0.974895,0.992147,0.995708,0.990517
0.993133,0.995602,0.990517,1.021758
1.035436,1.015901,1.021758,0.998296
0.986644,1.007826,0.998296,0.988055
0.996616,0.989646,0.988055,1.01468
1.0,1.004359,1.01468,0.991489
1.001698,1.0,0.991489,0.993991
0.990678,1.001736,0.993991,0.98791
0.997434,0.983536,0.98791,1.0
0.986278,0.977974,1.0,0.971154
1.010435,0.972072,0.971154,0.993699
0.959552,1.00278,0.993699,0.992754
1.009865,1.012939,0.992754,1.009124
0.992895,0.990876,1.009124,1.000904
0.999106,1.0,1.000904,1.023487
1.026858,1.02302,1.023487,1.008826
1.0,1.012601,1.008826,1.019248
1.034874,1.005333,1.019248,0.995708
0.994103,1.015031,0.995708,0.982759
0.987288,0.988676,0.982759,1.002632
0.9897,0.977974,1.002632,0.973753
0.993062,1.001802,0.973753,0.98832
0.978166,0.985612,0.98832,1.009091
0.99375,0.995438,1.009091,0.981982
1.003594,0.989001,0.981982,0.998165
0.994628,1.000927,0.998165,1.025735
1.009001,1.007407,1.025735,0.984767
0.994648,1.008272,0.984767,0.932666
0.992825,0.917046,0.932666,1.00878
0.942186,1.0,1.00878,1.032882
1.034516,1.013917,1.032882,0.970974
0.996293,1.00098,0.970974,1.026037
0.995349,1.008815,1.026037,1.025376
1.021495,1.025243,1.025376,0.982585
1.005489,1.013258,0.982585,0.968284
0.978162,0.966355,0.968284,1.015414
0.982326,0.995164,1.015414,1.02277
1.022727,1.011662,1.02277,1.002783
1.023148,1.033622,1.002783,1.041628
1.022624,1.003717,1.041628,0.989343
1.0,1.024074,0.989343,1.019749
1.013274,1.004521,1.019749,0.983275
0.999127,0.994599,0.983275,0.98299
0.97465,0.980995,0.98299,0.981785
0.995516,0.978782,0.981785,0.972171
0.98018,0.978322,0.972171,1.020992
0.991728,1.004817,1.020992,0.996262
0.99722,1.006711,0.996262,0.969043
0.987918,0.971429,0.969043,1.014521
0.991533,1.013725,1.014521,1.009542
1.010436,1.012573,1.009542,0.97259
1.007512,0.969436,0.97259,0.991254
0.961789,0.994089,0.991254,0.996078
1.001938,1.000991,0.996078,0.983268
0.981625,0.986139,0.983268,1.01001
0.996059,0.996988,1.01001,0.99108
1.004946,1.001007,0.99108,0.979
0.989173,0.973843,0.979,0.990807
0.98209,0.979339,0.990807,0.947423
0.976697,0.96519,0.947423,0.957563
0.948133,0.934426,0.957563,0.998864
0.966083,1.002339,0.998864,0.972696
1.00453,0.995333,0.972696,1.011696
0.983089,0.989449,1.011696,1.006936
1.011468,1.013033,1.006936,1.001148
1.0,1.015205,1.001148,0.972477
0.988662,0.967742,0.972477,0.939858
0.986239,0.935714,0.939858,0.918444
0.936047,0.917303,0.918444,1.02459
0.935404,1.004161,1.02459,0.997333
1.001328,1.013812,0.997333,0.981283
1.017241,0.998638,0.981283,1.043597
1.007823,0.993179,1.043597,1.032637
1.041397,1.041209,1.032637,0.998736
1.013665,1.036939,0.998736,1.012658
0.98652,1.0,1.012658,1.0375
1.032298,1.010178,1.0375,0.985542
1.00722,1.02267,0.985542,1.015892
0.998805,1.003695,1.015892,0.981949
0.997608,0.995092,0.981949,1.053922
1.03717,1.003699,1.053922,1.047674
1.052023,1.058968,1.047674,0.988901
1.0,1.025522,0.988901,0.991021
0.983516,0.988688,0.991021,1.003398
1.002235,0.995423,1.003398,0.989842
0.994426,0.994253,0.989842,1.010262
0.994395,1.006936,1.010262,1.047404
1.055242,1.006889,1.047404,1.011853
1.011752,1.04675,1.011853,0.98935
1.003168,1.004357,0.98935,1.006459
0.991579,1.001085,1.006459,1.002139
1.011677,1.002167,1.002139,1.032017
1.025184,1.003243,1.032017,1.05274
1.050154,1.024784,1.05274,0.991159
0.992203,1.030494,0.991159,0.987116
0.989194,1.007143,0.987116,1.014056
1.005958,0.997974,1.014056,0.958416
1.005923,0.977665,0.958416,1.01343
0.968597,0.996885,1.01343,1.009174
1.009119,1.015625,1.009174,0.987879
0.996988,0.987692,0.987879,0.976483
0.986908,0.982347,0.976483,1.015707
0.996939,1.0074,1.015707,1.050515
1.044012,1.017838,1.050515,0.979392
0.996078,1.020619,0.979392,1.002004
0.996063,0.99596,1.002004,0.961
0.996047,0.965517,0.961,0.998959
0.959325,0.995798,0.998959,1.0125
1.007239,1.005274,1.0125,0.993827
1.001027,1.005247,0.993827,0.989648
0.996923,0.988518,0.989648,1.01046
1.018519,1.008448,1.01046,1.052795
1.040404,1.005236,1.052795,0.957719
0.969903,1.0,0.957719,0.994867
0.972973,0.985417,0.994867,1.009288
1.022634,1.021142,1.009288,1.010225
1.004024,1.012422,1.010225,1.024291
1.024048,1.005112,1.024291,1.004941
1.002935,1.012208,1.004941,0.976401
0.987317,0.978894,0.976401,1.025176
1.01087,1.00616,1.025176,1.011788
1.024438,1.018367,1.011788,1.006796
1.004771,1.021042,1.006796,1.015429
1.017094,1.004907,1.015429,0.958215
0.997199,0.981445,0.958215,0.970268
0.95412,0.923383,0.970268,1.0
0.96369,1.024784,1.0,1.003064
1.010183,1.016824,1.003064,0.96334
0.989919,0.971044,0.96334,1.023256
0.986762,0.996805,1.023256,1.011364
1.016512,1.03312,1.011364,1.003064
1.014213,1.005171,1.003064,0.96334
0.995996,0.962963,0.96334,0.970402
0.959799,0.961538,0.970402,0.960784
0.969634,0.945556,0.960784,0.980726
0.956803,0.998825,0.980726,1.009249
0.988713,1.007059,1.009249,0.973654
1.007991,0.981308,0.973654,0.995294
0.975085,1.0,0.995294,1.021277
1.01626,0.989286,1.021277,1.0
1.0,1.0,1.0,1.0
1.0,1.0,1.0,1.0
1.0,1.0,1.0,1.0
1.0,1.0,1.0,1.0
1.0,1.0,1.0,1.0
1.0,1.0,1.0,1.0
1.0,1.0,1.0,1.0
1.0,1.0,1.0,1.050926
1.076571,1.072202,1.050926,0.994493
0.980892,1.007856,0.994493,0.997785
0.991342,0.988864,0.997785,0.968923
0.969432,0.974099,0.968923,1.001145
0.997748,1.00578,1.001145,1.006865
0.995485,0.988506,1.006865,0.996591
1.006803,1.017442,0.996591,1.005701
0.998874,0.996571,1.005701,0.975057
0.994363,0.963303,0.975057,1.011628
0.989796,1.0,1.011628,0.998851
1.0,1.02381,0.998851,0.989643
0.997709,0.994186,0.989643,1.025581
1.016073,1.007018,1.025581,0.987528
0.99887,0.997677,0.987528,0.967853
0.985294,0.96624,0.967853,1.002372
0.986223,1.006024,1.002372,0.979882
0.982538,0.990419,0.979882,0.972222
0.990521,0.962515,0.972222,0.968944
0.966507,0.968593,0.968944,1.015385
0.983911,1.015564,1.015385,1.041667
1.040252,1.011494,1.041667,1.0
1.004837,1.032828,1.0,0.993939
0.997593,1.0,0.993939,1.02439
1.018094,1.001222,1.02439,1.003571
1.0,1.013431,1.003571,1.0
1.010664,1.010843,1.0,0.972716
0.988277,0.971395,0.972716,1.008537
0.983393,1.003681,1.008537,1.049577
1.073583,0.998778,1.049577,1.017281
0.994382,1.04896,1.017281,1.011325
1.024859,1.019837,1.011325,0.989922
0.98677,1.001144,0.989922,1.022624
1.018994,1.006857,1.022624,1.00885
1.028509,1.027242,1.00885,0.995614
0.987207,0.98895,0.995614,1.013216
1.00432,1.017877,1.013216,0.993478
0.991398,0.984632,0.993478,0.993435
0.994577,1.011148,0.993435,0.998899
0.990185,0.993385,0.998899,1.007718
1.015419,1.005549,1.007718,0.991247
1.001085,0.996689,0.991247,0.975717
0.984832,0.973422,0.975717,1.042986
1.018702,0.996587,1.042986,0.981562
1.00324,1.028539,0.981562,0.983425
0.978471,0.977802,0.983425,0.955056
0.966997,0.955732,0.955056,1.001176
0.982935,1.003563,1.001176,0.9953
1.0,1.001183,0.9953,1.022432
1.020833,1.003546,1.022432,0.984988
0.989796,0.985866,0.984988,0.971864
0.983963,0.984468,0.971864,0.998794
0.974389,0.98301,0.998794,0.948068
1.0,0.950617,0.948068,1.030573
0.972521,0.961039,1.030573,1.0
1.0,1.0,1.0,1.0
1.0,1.0,1.0,0.970334
0.9914,1.02027,0.970334,0.951592
0.952912,0.964238,0.951592,0.978581
0.971391,0.978022,0.978581,0.994528
0.97992,1.008427,0.994528,1.023384
1.030055,1.012535,1.023384,1.005376
1.011936,1.022008,1.005376,0.955882
0.969856,0.955585,0.955882,1.002797
0.977027,0.997183,1.002797,1.030683
1.026279,1.011299,1.030683,1.02571
1.032345,1.023743,1.02571,0.986807
0.997389,1.0191,0.986807,1.028075
1.01178,1.0,1.028075,0.994798
0.990944,1.009371,0.994798,0.976471
1.001305,0.984085,0.976471,0.971888
0.972621,0.969003,0.971888,0.977961
0.978552,0.987483,0.977961,1.011268
1.0,0.990141,1.011268,1.019499
1.005479,1.01138,1.019499,0.990437
0.99455,1.0,0.990437,0.984828
0.991781,1.0,0.984828,0.992997
0.98895,0.988748,0.992997,0.96756
0.98324,0.968706,0.96756,0.988338
0.980114,0.9721,0.988338,0.998525
1.004348,1.012085,0.998525,1.016248
0.994228,1.001493,1.016248,0.992733
1.005806,1.011923,0.992733,1.01757
1.004329,0.998527,1.01757,1.010072
1.014368,1.0059,1.010072,0.985755
1.001416,1.01173,0.985755,0.992775
0.983027,0.991304,0.992775,1.014556
1.007194,1.002924,1.014556,1.030129
1.027143,1.014577,1.030129,1.016713
1.018081,1.022989,1.016713,0.983562
0.998634,1.005618,0.983562,0.994429
0.989056,0.994413,0.994429,0.997199
1.009682,0.988764,0.997199,0.990169
0.973973,0.982955,0.990169,0.994326
1.0,1.00578,0.994326,1.005706
0.994374,1.001437,1.005706,0.994326
1.007072,1.0,0.994326,0.978602
0.991573,0.974175,0.978602,1.017493
0.990085,1.007364,1.017493,1.005731
1.005722,1.01462,1.005731,0.997151
1.001422,0.997118,0.997151,1.02
1.018466,1.001445,1.02,1.011204
1.018131,1.025974,1.011204,0.995845
0.99726,0.995781,0.995845,1.009736
1.0,1.009887,1.009736,1.00551
1.006868,1.002797,1.00551,1.006849
1.0191,1.011158,1.006849,1.016327
1.012048,1.005517,1.016327,1.018742
1.013228,1.017833,1.018742,1.017083
1.015666,1.018868,1.017083,1.033592
1.041131,1.007937,1.033592,0.99875
1.004938,1.032808,0.99875,0.994994
1.019656,1.003812,0.994994,0.973585
0.961446,0.977215,0.973585,1.002584
1.008772,1.002591,1.002584,1.020619
0.985093,0.99354,1.020619,1.011364
1.013871,1.020806,1.011364,0.997503
1.012438,1.015287,0.997503,1.068836
1.078624,1.0,1.068836,0.977752
1.003417,1.04266,0.977752,0.973653
0.955732,0.963899,0.973653,1.00738
0.977435,1.004994,1.00738,1.0
1.006075,0.997516,1.0,0.979243
0.986715,0.986301,0.979243,0.993766
0.991432,0.997475,0.993766,1.066499
1.059259,1.008861,1.066499,1.015294
1.019814,1.048934,1.015294,1.008111
1.019429,1.010766,1.008111,0.954023
0.975336,0.966864,0.954023,0.980723
0.965517,0.98776,0.980723,0.995086
0.982143,1.001239,0.995086,1.024691
1.013333,1.0,1.024691,0.981928
1.008373,0.997525,0.981928,0.946012
0.969158,0.954094,0.946012,0.990921
0.94492,0.983095,0.990921,0.98822
0.997409,0.989418,0.98822,0.950993
0.985714,0.957219,0.950993,1.013928
0.961792,0.96648,1.013928,1.005495
1.012329,1.034682,1.005495,0.984973
0.993234,0.99581,0.984973,1.008322
0.995913,1.0,1.008322,1.005502
1.00684,1.01683,1.005502,1.00684
1.0,0.987586,1.00684,0.976902
1.0,1.002793,0.976902,0.990264
0.983696,0.990251,0.990264,0.983146
0.987569,0.983122,0.983146,1.01
0.99021,0.991416,1.01,1.007072
1.007062,1.012987,1.007072,0.981742
0.998597,0.992877,0.981742,1.030043
1.01264,0.997131,1.030043,1.002778
1.01387,1.030216,1.002778,1.045706
1.0342,1.009777,1.045706,1.007947
1.019841,1.027663,1.007947,0.997372
0.992218,1.009421,0.997372,0.998682
0.996078,0.997333,0.998682,0.986807
0.997375,0.990642,0.986807,1.01738
1.002632,1.0,1.01738,0.992116
1.0,1.014845,0.992116,1.0
0.997375,0.990691,1.0,1.038411
1.044737,1.026846,1.038411,1.024235
1.012594,1.019608,1.024235,0.958904
0.997512,0.979487,0.958904,1.037662
1.001247,0.985602,1.037662,1.007509
1.013699,1.053121,1.007509,0.996273
0.998771,1.003783,0.996273,0.983791
1.00246,0.984925,0.983791,1.008872
0.977914,1.002551,1.008872,1.011307
1.041405,1.020356,1.011307,1.031056
1.013253,1.002494,1.031056,0.989157
0.998811,1.018657,0.989157,0.997564
0.978571,0.991453,0.997564,0.965812
0.992701,0.969212,0.965812,0.988622
0.974265,0.978399,0.988622,1.001279
0.992453,1.005195,1.001279,0.965517
0.99493,0.968992,0.965517,0.98545
0.969427,0.977333,0.98545,1.0
0.994744,1.006821,1.0,1.001342
1.010568,1.00271,1.001342,1.006702
0.984314,0.997297,1.006702,0.98269
0.998672,0.98916,0.98269,1.006775
0.990691,1.00411,1.006775,1.004038
1.006711,1.008186,1.004038,1.013405
1.010667,0.987821,1.013405,0.996032
0.997361,1.013699,0.996032,0.982736
0.992063,0.997297,0.982736,0.966216
0.982667,0.968835,0.966216,1.0
0.985075,0.993007,1.0,0.983217
0.995868,0.983099,0.983217,0.995733
0.988935,1.0,0.995733,0.972857
0.973427,0.968481,0.972857,0.976505
0.989943,0.961538,0.976505,1.027068
0.992743,1.013846,1.027068,0.978038
1.0,0.998483,0.978038,1.002994
0.982456,1.004559,1.002994,0.99403
0.994048,0.993949,0.99403,1.007508
1.007485,1.003044,1.007508,1.022355
1.034175,1.016692,1.022355,1.024781
1.012931,1.023881,1.024781,1.002845
1.005674,1.011662,1.002845,1.025532
1.03385,1.007205,1.025532,1.005533
1.0,1.018598,1.005533,1.0
0.997271,1.011236,1.0,0.988996
0.991792,0.994444,0.988996,0.988873
0.990345,0.984637,0.988873,1.004219
0.995822,0.992908,1.004219,1.033613
1.033566,1.018571,1.033613,1.00542
1.006766,1.018233,1.00542,1.01752
1.024194,1.008264,1.01752,0.988079
1.002625,1.016393,0.988079,0.993298
0.977749,0.986559,0.993298,0.993252
1.001339,1.0,0.993252,0.985054
0.987968,0.982289,0.985054,1.012414
0.994587,0.995839,1.012414,0.983651
1.012245,1.002786,0.983651,0.973684
0.974462,0.968056,0.973684,0.972973
0.965517,0.974175,0.972973,0.964912
0.984286,0.958763,0.964912,1.016667
0.981132,1.004608,1.016667,0.979136
0.998521,1.004587,0.979136,1.019787
0.992593,0.995434,1.019787,1.010448
1.022388,1.003058,1.010448,1.004431
0.99708,1.018293,1.004431,0.994118
1.005857,1.010479,0.994118,1.001479
0.989811,0.988148,1.001479,0.994092
0.998529,1.004498,0.994092,0.937593
0.985272,0.940299,0.937593,1.011094
0.958146,0.992063,1.011094,1.021944
1.018721,1.0144,1.021944,1.01227
1.018377,1.026814,1.01227,0.990909
0.993985,0.99232,0.990909,1.009174
1.0,1.00774,1.009174,1.015152
1.018154,0.998464,1.015152,1.00597
1.016345,1.02,1.00597,0.998516
0.99269,1.006033,0.998516,1.035661
1.029455,1.001499,1.035661,0.989957
1.005722,1.025449,0.989957,1.013043
1.0,1.00292,1.013043,0.968526
1.001422,0.978166,0.968526,0.976366
0.964489,0.979167,0.976366,0.992436
0.977909,0.995441,0.992436,1.001524
1.001506,0.99542,1.001524,1.022831
1.027068,1.003067,1.022831,1.008929
1.002928,1.019878,1.008929,1.010324
1.010219,1.016492,1.010324,0.99562
0.986994,0.9941,0.99562,1.001466
1.005857,1.004451,1.001466,0.992679
0.997089,0.994092,0.992679,1.00295
0.99562,1.0,1.00295,1.011765
1.010264,1.001486,1.011765,0.994186
1.01016,1.004451,0.994186,0.983918
0.984195,0.98966,0.983918,1.031204
1.016058,1.001493,1.031204,1.004323
1.005747,1.020864,1.004323,0.982783
0.992857,0.992701,0.982783,0.976642
0.979856,0.982353,0.976642,0.989537
0.983847,0.976048,0.989537,0.998489
0.998507,1.006135,0.998489,1.013616
1.004484,1.003049,1.013616,1.055224
1.05506,1.018237,1.055224,1.021216
1.057828,1.055224,1.021216,1.020776
0.986667,0.990099,1.020776,0.975577
0.990541,1.021429,0.975577,0.994437
0.9809,0.979021,0.994437,1.001399
1.015299,1.012857,1.001399,1.015363
0.99726,0.992948,1.015363,0.986245
1.01511,1.015625,0.986245,0.977685
0.972936,0.970629,0.977685,1.044223
1.020862,1.012968,1.044223,0.995902
1.0,1.025605,0.995902,0.979424
0.99455,0.990291,0.979424,1.018207
0.99863,0.987395,1.018207,1.023384
1.021948,1.015603,1.023384,1.012097
1.028188,1.018156,1.012097,0.990704
1.022193,1.020576,0.990704,1.021448
0.974457,0.989247,1.021448,0.981627
1.011796,1.009511,0.981627,1.004011
0.974093,0.987887,1.004011,1.030626
1.030585,1.014986,1.030626,0.997416
1.007742,1.026846,0.997416,0.996114
0.997439,0.986928,0.996114,0.986996
0.991014,0.993377,0.986996,1.01581
1.0,0.993333,1.01581,0.992218
0.998705,1.021477,0.992218,0.972549
0.992218,0.976347,0.972549,0.987903
0.975163,0.979812,0.987903,0.982313
0.986595,0.987637,0.982313,0.99446
0.991848,0.995828,0.99446,1.022284
1.010959,1.001397,1.022284,0.99455
0.998645,1.009763,0.99455,0.980822
0.991859,0.987569,0.980822,1.01257
0.995896,0.993007,1.01257,1.001379
1.001374,1.015493,1.001379,1.011019
1.017833,1.009709,1.011019,0.956403
0.990566,0.960165,0.956403,0.982906
0.959184,0.981402,0.982906,1.008696
0.988652,1.0,1.008696,0.985632
1.0,0.998542,0.985632,1.007289
0.992826,0.99708,1.007289,1.004342
1.007225,0.998536,1.004342,1.011527
1.008608,1.019062,1.011527,0.994302
1.0,1.002878,0.994302,1.004298
1.007112,0.998565,1.004298,1.009986
1.0,1.00431,1.009986,1.004237
1.004237,1.004292,1.004237,0.992968
1.001406,1.001425,0.992968,1.002833
0.998596,1.001422,1.002833,0.990113
0.998594,0.991477,0.990113,1.002853
0.994366,0.997135,1.002853,0.98293
0.995751,0.989943,0.98293,1.005789
0.992888,0.998549,1.005789,1.011511
1.008596,1.005814,1.011511,1.012802
1.012784,1.015896,1.012802,1.007022
1.015428,1.012802,1.007022,0.986053
0.997238,0.981742,0.986053,1.007072
0.98892,1.007153,1.007072,1.001404
1.008403,1.004261,1.001404,1.007013
1.002778,1.007072,1.007013,1.011142
1.00831,0.998596,1.011142,1.016529
1.021978,1.012658,1.016529,1.01084
1.010753,1.016667,1.01084,1.005362
1.0,1.010929,1.005362,1.017333
1.018617,1.009459,1.017333,0.994758
1.001305,1.009371,0.994758,1.00527
1.005215,1.0,1.00527,1.0
0.996109,1.006631,1.0,0.985583
0.996094,0.98946,0.985583,1.035904
1.020915,0.998668,1.035904,1.012837
1.012804,1.026667,1.012837,0.987326
1.006321,1.005195,0.987326,0.973042
0.986181,0.976744,0.973042,1.001319
0.973248,1.0,1.001319,1.01581
1.01178,1.003968,1.01581,0.993515
1.0,1.0,0.993515,0.997389
0.996119,0.993412,0.997389,0.996073
1.002597,1.007958,0.996073,1.013141
0.998705,0.997368,1.013141,1.014267
1.015564,1.01715,1.014267,1.01023
1.012771,1.006485,1.01023,0.997468
0.994956,1.002577,0.997468,0.991117
1.002535,0.992288,0.991117,1.016645
1.003793,1.002591,1.016645,0.992443
1.017632,1.016796,0.992443,0.979695
0.983911,0.977128,0.979695,1.001295
0.974843,0.993498,1.001295,0.966365
0.99871,0.975131,0.966365,1.013387
0.981912,1.001342,1.013387,1.017173
1.015789,1.008043,1.017173,1.01039
1.009067,1.017287,1.01039,1.002571
1.01027,1.013072,1.002571,1.015385
1.010165,1.009032,1.015385,1.001263
1.003774,1.007673,1.001263,1.007566
1.012531,1.002538,1.007566,1.050063
1.039604,0.998734,1.050063,1.007151
1.015476,1.054499,1.007151,0.985799
1.005862,0.99399,0.985799,1.014406
0.984848,1.001209,1.014406,0.973964
1.002367,0.986715,0.973964,0.996355
0.977568,0.984088,0.996355,1.017073
1.008454,1.00995,1.017073,0.998801
1.002395,1.012315,0.998801,0.972389
0.991637,0.982968,0.972389,1.016049
0.992771,0.998762,1.016049,1.013366
1.01335,1.004957,1.013366,0.996403
1.007186,1.018496,0.996403,1.037304
1.027348,1.006053,1.037304,1.009281
1.009259,1.030084,1.009281,0.990805
0.997706,1.007009,0.990805,1.0
0.994253,0.986079,1.0,0.993039
0.995376,0.995294,0.993039,0.995327
1.002323,1.001182,0.995327,0.985915
0.984936,0.984652,0.985915,1.019048
1.018824,1.007194,1.019048,0.997664
0.988453,1.002381,0.997664,0.98829
1.008178,1.001188,0.98829,0.96564
0.974508,0.954923,0.96564,1.007362
0.978597,1.009938,1.007362,0.989038
1.00243,0.99754,0.989038,0.988916
0.993939,0.986436,0.988916,1.003736
0.985366,0.9975,1.003736,0.998759
1.003713,1.005013,0.998759,1.009938
1.007398,1.0,1.009938,1.01599
1.01224,1.011222,1.01599,1.006053
1.010883,1.01233,1.006053,0.995187
0.997608,1.004872,0.995187,1.003628
1.0,0.998788,1.003628,1.009639
1.01199,1.004854,1.009639,0.979714
0.992891,0.987923,0.979714,0.998782
0.986874,0.997555,0.998782,1.004878
1.0,0.995098,1.004878,0.98665
1.001209,1.0,0.98665,1.01599
0.997585,1.001232,1.01599,0.96368
1.003632,0.97171,0.96368,1.013819
0.974668,1.0,1.013819,0.986369
0.997525,1.003797,0.986369,0.996231
0.985112,0.992434,0.996231,1.018916
1.023929,1.006353,1.018916,0.993812
1.0,1.008838,0.993812,1.002491
0.99631,1.001252,1.002491,1.001242
0.996296,0.99875,1.001242,1.003722
1.002478,1.002503,1.003722,1.012361
1.017305,1.011236,1.012361,1.008547
1.00486,1.006173,1.008547,1.012107
1.015719,1.004908,1.012107,1.0
1.005952,1.014652,1.0,1.005981
0.998817,0.997593,1.005981,1.002378
1.013033,1.007238,1.002378,1.021352
1.008187,1.009581,1.021352,1.013937
1.029002,1.007117,1.013937,1.001145
0.992108,1.020024,1.001145,0.974828
1.005682,0.960739,0.974828,1.025822
0.99435,1.014423,1.025822,0.971396
1.0,1.004739,0.971396,1.050648
1.020455,1.0,1.050648,1.047085
1.060134,1.029481,1.047085,0.992505
1.003151,1.052692,0.992505,1.0
0.974869,0.98259,1.0,1.00863
1.020408,1.021041,1.00863,0.972193
0.98,0.972885,0.972193,0.990099
0.980666,1.001115,0.990099,0.992222
0.989047,0.973274,0.992222,0.977604
0.988926,0.970252,0.977604,0.979381
0.984323,1.002358,0.979381,1.1
1.070535,1.058824,1.1,1.060574
1.09458,1.078889,1.060574,0.990982
0.968932,1.00206,0.990982,1.0364
1.037074,1.002055,1.0364,0.969756
0.989372,1.012308,0.969756,1.012072
0.984375,0.988855,1.012072,1.023857
1.039683,1.01332,1.023857,1.033981
1.01813,1.019211,1.033981,0.981221
0.997188,1.021825,0.981221,0.952153
0.986842,0.962136,0.952153,0.98794
0.971429,0.986882,0.98794,1.0
1.0,1.0,1.0,1.0
1.0,1.0,1.0,1.0
1.0,1.0,1.0,1.0
1.0,1.0,1.0,1.0
1.0,1.0,1.0,1.0
1.0,1.0,1.0,1.0
1.0,1.0,1.0,1.0
1.0,1.0,1.0,1.0
1.0,1.0,1.0,1.0
1.0,1.0,1.0,1.0
1.0,1.0,1.0,1.0
1.0,1.0,1.0,1.0
1.0,1.0,1.0,1.0
1.0,1.0,1.0,1.0
1.0,1.0,1.0,1.0
1.0,1.0,1.0,1.0
1.0,1.0,1.0,1.0
1.0,1.0,1.0,1.0
1.0,1.0,1.0,1.0
1.0,1.0,1.0,1.0
1.0,1.0,1.0,1.0
1.0,1.0,1.0,1.0
1.0,1.0,1.0,1.0
1.0,1.0,1.0,1.0
1.0,1.0,1.0,1.0
1.0,1.0,1.0,1.0
1.0,1.0,1.0,1.0
1.0,1.0,1.0,1.0
1.0,1.0,1.0,1.0
1.0,1.0,1.0,1.0
1.0,1.0,1.0,1.0
1.0,1.0,1.0,1.0
1.0,1.0,1.0,1.0
1.0,1.0,1.0,1.0
1.0,1.0,1.0,1.0
1.0,1.0,1.0,1.0
1.0,1.0,1.0,1.0
1.0,1.0,1.0,1.0
1.0,1.0,1.0,1.0
1.0,1.0,1.0,1.0
1.0,1.0,1.0,1.0
1.0,1.0,1.0,1.0
1.0,1.0,1.0,1.0
1.0,1.0,1.0,1.0
1.0,1.0,1.0,1.0
1.0,1.0,1.0,1.0
1.0,1.0,1.0,1.0
1.0,1.0,1.0,1.0
1.0,1.0,1.0,1.0
1.0,1.0,1.0,1.0
1.0,1.0,1.0,1.0
1.0,1.0,1.0,1.0
1.0,1.0,1.0,1.0
1.0,1.0,1.0,1.0
1.0,1.0,1.0,1.0
1.0,1.0,1.0,1.0
1.0,1.0,1.0,1.0
1.0,1.0,1.0,1.0
1.0,1.0,1.0,1.0
1.0,1.0,1.0,1.0
1.0,1.0,1.0,1.0
1.0,1.0,1.0,1.0
1.0,1.0,1.0,1.0
1.0,1.0,1.0,1.0
1.0,1.0,1.0,1.0
1.0,1.0,1.0,1.0
1.0,1.0,1.0,1.0
1.0,1.0,1.0,1.0
1.0,1.0,1.0,1.0
1.0,1.0,1.0,1.0
1.0,1.0,1.0,1.099695
1.059804,1.1,1.099695,1.099907
1.099907,1.099907,1.099907,1.1
1.1,1.1,1.1,1.1
1.1,1.1,1.1,0.935372
1.042391,0.919388,0.935372,0.932392
0.9,0.915344,0.932392,1.013546
0.997689,1.00578,1.013546,1.034591
1.027027,1.019704,1.034591,1.052432
1.073684,1.029791,1.052432,0.975451
0.973389,1.044566,0.975451,1.022206
0.999281,1.004491,1.022206,0.962346
0.989921,0.976155,0.962346,1.057186
1.04,0.996183,1.057186,1.015658
1.040559,1.063602,1.015658,0.974071
0.958333,0.994236,0.974071,1.005755
0.995792,0.993478,1.005755,1.052217
1.045775,1.008023,1.052217,1.029232
1.043098,1.041968,1.029232,0.998018
0.990316,1.028472,0.998018,0.97816
0.98957,0.98312,0.97816,0.924899
0.985507,0.936126,0.924899,0.995611
0.942513,0.969919,0.995611,1.045555
1.014894,1.024962,1.045555,1.021082
1.016771,1.02952,1.021082,1.078458
1.090722,1.033692,1.078458,0.96873
0.978576,0.979889,0.96873,1.037549
1.027688,1.054494,1.037549,1.083175
1.085213,1.057718,1.083175,0.976553
0.991339,1.039975,0.976553,1.026411
1.015725,0.990238,1.026411,1.01462
1.008601,1.020333,1.01462,0.985591
1.015918,1.028986,0.985591,0.961988
0.950196,0.95892,0.961988,0.990274
0.987044,0.985924,0.990274,1.016575
1.009547,0.948479,1.016575,0.948671
0.987589,1.024869,0.948671,0.900064
0.925194,0.902937,0.900064,1.002829
0.928849,0.907355,1.002829,1.028209
1.023677,1.1,1.028209,0.987654
1.047619,0.988701,0.987654,0.902778
0.913636,0.925714,0.902778,0.981538
0.968017,0.906636,0.981538,1.075235
1.011747,1.022979,1.075235,0.938776
1.022496,1.064892,0.938776,0.900621
0.937544,0.905469,0.900621,0.927586
0.9,0.900777,0.927586,1.053903
1.02069,0.927203,1.053903,0.900353
0.929054,1.054752,0.900353,0.900098
0.9,0.900098,0.900098,1.1
1.064211,0.903156,1.1,1.099901
1.099901,1.1,1.099901,1.09982
1.09982,1.080739,1.09982,0.949305
1.03843,1.036904,0.949305,0.900086
0.906299,0.907118,0.900086,1.018182
0.955691,0.924402,1.018182,1.06391
1.043636,1.097308,1.06391,0.990283
1.010453,1.028302,0.990283,1.008921
0.988793,1.0,1.008921,1.034483
1.03313,1.029358,1.034483,1.030769
1.022785,1.036542,1.030769,0.97927
1.020627,1.00172,0.97927,0.900085
0.971706,0.912446,0.900085,0.96143
0.919301,0.913452,0.96143,1.060665
0.984615,1.029866,1.060665,0.95941
1.011029,1.033,0.95941,0.964423
0.944545,0.951597,0.964423,0.982054
0.976901,0.976602,0.982054,1.06802
1.038424,1.033333,1.06802,0.996198
1.01518,1.035282,0.996198,0.990458
0.979439,0.993184,0.990458,1.027938
1.025763,1.019608,1.027938,1.059981
1.058605,1.031731,1.059981,1.04244
1.089631,1.06151,1.04244,0.960136
0.95,0.965759,0.960136,1.055654
1.016129,1.009091,1.055654,1.005858
1.022556,1.063063,1.005858,1.03411
1.01634,1.011017,1.03411,0.900241
1.016881,0.937972,0.900241,1.027703
0.913043,0.921358,1.027703,0.96087
1.000866,1.067895,0.96087,0.932127
0.951557,0.928247,0.932127,0.9
0.908182,0.907045,0.9,0.9
0.9,0.9,0.9,0.979616
0.987571,0.908873,0.979616,1.059976
0.990847,1.081794,1.059976,1.086605
1.096998,1.067073,1.086605,0.956429
0.962105,1.003429,0.956429,0.913333
0.9814,0.933941,0.913333,1.009732
0.947603,0.952439,1.009732,1.03253
1.037647,1.06402,1.03253,1.03734
1.014739,0.998797,1.03734,1.022497
1.021229,1.055422,1.022497,0.970297
0.99453,1.004566,0.970297,0.995465
0.9978,0.972727,0.995465,0.90205
0.98677,0.922897,0.90205,0.984848
0.901676,0.96962,0.984848,1.091026
1.063197,1.01436,1.091026,0.965922
1.004662,1.055341,0.965922,1.009732
0.988399,0.992683,1.009732,1.03253
1.007042,0.998771,1.03253,1.008168
1.019814,1.0369,1.008168,0.96875
0.978286,0.979834,0.96875,1.005974
0.996495,1.012107,1.005974,0.969121
0.996483,0.9689,0.969121,1.023284
0.984706,0.992593,1.023284,1.0
1.0,1.00995,1.0,1.009581
1.015532,1.023399,1.009581,1.033215
1.031765,1.028881,1.033215,1.003444
0.997719,1.005848,1.003444,1.043478
1.044571,1.011628,1.043478,1.0
1.0,1.0,1.0,1.0
1.0,1.0,1.0,1.0
1.0,1.0,1.0,1.0
1.0,1.0,1.0,1.0
1.0,1.0,1.0,1.0
1.0,1.0,1.0,1.0
1.0,1.0,1.0,1.0
1.0,1.0,1.0,1.0
1.0,1.0,1.0,1.0
1.0,1.0,1.0,1.0
1.0,1.0,1.0,1.0
1.0,1.0,1.0,1.0
1.0,1.0,1.0,1.0
1.0,1.0,1.0,1.0
1.0,1.0,1.0,1.0
1.0,1.0,1.0,1.0
1.0,1.0,1.0,1.0
1.0,1.0,1.0,1.0
1.0,1.0,1.0,1.099781
1.097374,1.1,1.099781,1.018943
1.075773,0.994018,1.018943,0.982387
0.935125,0.981946,0.982387,0.992032
0.995045,1.0,0.992032,0.965863
0.987052,0.975485,0.965863,1.015593
0.986882,0.984293,1.015593,0.994882
1.01227,1.02766,0.994882,0.995885
0.989899,1.001035,0.995885,1.004132
0.994898,0.985522,1.004132,0.996914
1.004103,1.013641,0.996914,1.043344
1.038815,1.00207,1.043344,0.984174
0.992134,1.010331,0.984174,1.01608
1.003964,1.011247,1.01608,1.003956
1.011846,1.011122,1.003956,0.90936
0.989268,0.915,0.90936,1.00325
0.927022,0.959563,1.00325,1.009719
1.005319,1.039863,1.009719,1.019251
1.025397,1.01862,1.019251,1.011542
0.998968,1.017204,1.011542,0.986515
0.995868,0.996829,0.986515,1.005258
0.998963,1.006363,1.005258,0.969665
0.992731,0.971549,0.969665,0.988134
0.971757,0.986985,0.988134,0.997817
1.004306,0.995604,0.997817,1.008753
0.995713,1.001104,1.008753,1.099783
1.091496,1.00882,1.099783,0.996055
1.016765,1.088525,0.996055,1.00198
0.990301,1.006024,1.00198,1.02668
1.023506,1.006986,1.02668,1.016362
1.031579,1.025768,1.016362,1.017045
1.013915,1.005797,1.017045,1.099628
1.080512,1.032661,1.099628,1.028789
1.057578,1.065116,1.028789,0.952263
0.956765,0.993013,0.952263,0.966292
0.975732,0.973615,0.966292,0.97585
0.981132,0.98374,0.97585,1.0055
0.961538,0.976125,1.0055,0.988149
0.998182,1.009407,0.988149,1.020295
1.032787,1.007456,1.020295,0.9
0.965608,0.920444,0.9,1.003015
0.928767,0.920603,1.003015,1.013026
0.99705,1.056769,1.013026,0.903066
0.976331,0.940083,0.903066,1.015334
0.956566,0.958242,1.015334,0.900755
0.969377,0.956422,0.900755,0.997605
0.945534,0.979616,0.997605,0.980792
0.987327,0.996328,0.980792,1.041616
0.995333,0.996314,1.041616,0.981199
1.024619,1.01233,0.981199,1.011976
0.983982,0.98782,1.011976,1.030769
1.016279,1.023428,1.030769,0.974742
0.994279,1.009639,0.974742,0.96702
0.982739,0.977327,0.96702,1.01218
0.981265,0.980464,1.01218,1.016847
1.011933,1.033624,1.016847,0.928994
0.988208,0.931325,0.928994,0.984713
0.947494,0.956016,0.984713,0.967658
0.993703,1.009472,0.967658,1.040107
0.996198,1.004021,1.040107,1.007712
1.017812,1.014686,1.007712,1.028061
1.00875,1.022368,1.028061,0.992556
0.998761,1.005148,0.992556,1.015
1.013648,1.024328,1.015,1.0
1.004896,1.00875,1.0,0.986453
0.984166,0.956629,0.986453,1.036205
1.033416,1.037565,1.036205,1.007229
1.002395,1.022472,1.007229,0.990431
1.007168,1.006105,0.990431,1.003623
0.994069,0.997573,1.003623,1.027677
1.033413,1.014599,1.027677,0.983607
0.991917,0.98801,0.983607,1.004762
0.983702,0.997573,1.004762,0.93128
0.992899,0.934307,0.93128,1.1
1.030989,1.020833,1.1,0.968786
1.057803,1.020408,0.968786,0.965394
0.907104,0.9425,0.965394,1.1
1.072289,1.047745,1.1,1.011236
1.024719,1.1,1.011236,0.946667
0.97807,0.957859,0.946667,1.019953
0.987668,1.010702,1.019953,0.980437
0.978434,0.951765,0.980437,0.957746
0.966357,0.995056,0.957746,0.995098
0.997599,1.004969,0.995098,1.024631
1.002407,0.988875,1.024631,1.034856
1.05042,1.035,1.034856,1.03252
1.032,1.028986,1.03252,0.986502
1.005537,1.024648,0.986502,1.028506
0.997797,0.998855,1.028506,1.011086
1.02649,1.024083,1.011086,1.008772
1.005376,1.016797,1.008772,0.986957
0.995722,0.995595,0.986957,1.005507
0.987111,0.99115,1.005507,0.976999
0.990207,0.991071,0.976999,1.004484
0.989011,0.990991,1.004484,0.989955
1.008889,1.004545,0.989955,0.972943
0.977974,0.961538,0.972943,1.028969
1.001126,1.012941,1.028969,1.0
1.0,1.0,1.0,1.078829
1.085489,0.998839,1.078829,1.006263
1.001036,1.077907,1.006263,0.973029
0.988613,1.002157,0.973029,0.981876
0.990576,0.988159,0.981876,0.966341
0.972516,0.948802,0.966341,1.011236
0.990217,1.025258,1.011236,0.988889
0.994512,0.985442,0.988889,1.023596
1.015453,1.013636,1.023596,1.019759
1.016304,1.013453,1.019759,1.004306
1.016043,1.025442,1.004306,0.996785
0.985263,0.97411,0.996785,0.992473
1.0,1.015504,0.992473,0.952329
1.001068,0.940022,0.952329,0.977247
0.953042,0.993039,0.977247,1.015134
0.980963,0.998832,1.015134,1.012615
1.010274,1.007018,1.012615,1.006795
1.00678,1.015099,1.006795,0.984252
0.997755,0.997712,0.984252,0.994286
0.993251,0.979358,0.994286,0.990805
0.988675,0.994145,0.990805,1.031323
1.018328,1.010601,1.031323,1.006749
1.019123,1.02331,1.006749,1.010056
1.004415,1.014806,1.010056,0.966814
1.010989,0.978676,0.966814,0.955378
0.947826,0.948394,0.955378,0.985629
0.963303,0.987908,0.985629,0.984204
0.986905,0.985312,0.984204,0.997531
0.978287,0.978882,0.997531,0.991337
1.007398,1.010152,0.991337,1.01623
0.996328,0.992462,1.01623,0.996314
1.007371,1.020253,0.996314,0.975339
0.992683,0.973945,0.975339,1.002528
0.986486,1.003822,1.002528,1.006305
0.996264,0.991117,1.006305,1.021303
1.0225,1.012804,1.021303,0.986503
0.993888,1.005057,0.986503,0.996269
0.99877,1.003774,0.996269,0.985019
0.990148,0.958647,0.985019,1.002535
0.987562,1.019608,1.002535,1.006321
1.007557,1.0,1.006321,1.031407
1.0275,1.014103,1.031407,1.002436
1.010949,1.034134,1.002436,0.998785
0.991576,0.99511,0.998785,0.993917
1.0,0.996314,0.993917,1.007344
1.002427,1.006165,1.007344,0.99514
0.996368,0.996324,0.99514,0.995116
0.99514,0.99508,0.995116,0.955828
0.989011,0.959209,0.955828,1.001284
0.969136,0.990979,1.001284,1.020513
1.016561,0.9987,1.020513,1.002513
1.018797,1.029948,1.002513,1.007519
0.99631,1.007585,1.007519,0.997512
0.998765,0.988708,0.997512,0.990025
1.007417,1.002538,0.990025,1.016373
0.990184,1.0,1.016373,1.0
1.008674,1.007595,1.0,0.983891
1.004914,0.974874,0.983891,1.020151
0.99022,1.015464,1.020151,1.009877
1.012346,1.011421,1.009877,1.0
1.004878,1.022585,1.0,1.001222
0.997573,0.997546,1.001222,1.002442
1.00365,1.00369,1.002442,1.020706
1.021818,1.0,1.020706,1.0
0.998814,1.019608,1.0,1.00358
1.004751,1.002404,1.00358,0.998811
1.0,1.002398,0.998811,1.005952
1.004728,1.001196,1.005952,1.004734
1.012941,1.007168,1.004734,1.015312
1.002323,1.0,1.015312,1.023202
1.040556,1.030842,1.023202,0.996599
0.985523,0.998849,0.996599,0.98521
0.99661,0.989631,0.98521,0.987298
0.981859,0.988359,0.987298,0.99883
0.991917,1.0,0.99883,1.005855
1.005821,1.002356,1.005855,0.995343
0.997685,1.00235,0.995343,0.989474
0.9942,0.98476,0.989474,1.009456
1.0,1.00119,1.009456,1.014052
1.014002,1.011891,1.014052,0.946882
1.002301,0.958872,0.946882,1.018293
0.959816,1.004902,1.018293,0.992814
1.001196,1.0,0.992814,0.985525
0.988053,0.989024,0.985525,1.008568
0.997582,0.998767,1.008568,1.01699
1.018182,1.01358,1.01699,1.001193
1.0,1.004872,1.001193,1.0
1.029762,1.014545,1.0,1.021454
0.991908,0.998805,1.021454,1.001167
1.003497,1.013158,1.001167,0.995338
0.998839,0.997639,0.995338,0.987119
0.997674,0.995266,0.987119,1.020166
1.003497,1.001189,1.020166,1.022093
1.038328,1.021378,1.022093,1.01479
1.02349,1.017442,1.01479,0.995516
0.980328,1.002286,0.995516,1.011261
1.020067,1.012543,1.011261,1.010022
0.996721,1.004505,1.010022,0.987872
0.997807,0.992152,0.987872,1.029018
1.015385,1.00565,1.029018,0.979393
1.001082,1.002247,0.979393,0.980066
0.965405,0.967489,0.980066,1.00113
0.996641,1.015064,1.00113,0.987585
0.992135,0.993151,0.987585,0.998857
0.996602,0.994253,0.998857,1.006865
1.004545,1.00578,1.006865,0.986364
0.998869,0.995402,0.986364,1.002304
0.994337,0.996536,1.002304,1.011494
1.004556,1.005794,1.011494,1.003409
1.005669,0.995392,1.003409,1.0
1.005637,1.015046,1.0,1.003398
0.994395,1.00114,1.003398,0.997743
1.003382,1.001139,0.997743,0.967195
0.986517,0.969283,0.967195,1.012865
0.987472,1.003521,1.012865,1.002309
1.005767,1.0,1.002309,1.008065
1.004587,1.009357,1.008065,0.996571
1.004566,1.005794,0.996571,1.008028
1.003409,0.998848,1.008028,1.003413
1.005663,1.011534,1.003413,1.005669
1.007883,1.00114,1.005669,0.967306
0.997765,0.977221,0.967306,1.003497
0.969765,0.990676,1.003497,0.998839
0.997691,1.001176,0.998839,1.004651
1.003472,1.0047,1.004651,1.020833
1.023068,1.00117,1.020833,1.004535
1.002255,1.01986,1.004535,1.009029
1.013498,1.011455,1.009029,0.993289
0.992231,0.997735,0.993289,1.001126
1.0,1.00681,1.001126,1.0
0.996644,0.988726,1.0,0.993251
1.008979,1.002281,0.993251,1.015855
1.0,1.001138,1.015855,0.994426
1.005562,1.007955,0.994426,1.016816
1.009956,1.003382,1.016816,0.992282
0.996714,0.992135,0.992282,1.011111
1.006593,1.01359,1.011111,1.001099
0.995633,1.005587,1.001099,0.993414
0.998904,1.001111,0.993414,1.00221
0.997805,0.99556,1.00221,0.983462
1.0,0.993311,0.983462,0.997758
0.985699,0.993266,0.997758,1.040449
1.039062,1.00452,1.040449,0.984881
0.997852,1.019123,0.984881,0.998904
0.988159,0.994481,0.998904,1.001098
0.997821,1.00444,1.001098,0.996711
0.996725,0.996685,0.996711,1.006601
1.004381,1.003326,1.006601,0.991257
0.997819,0.987845,0.991257,1.015436
1.008743,1.014541,1.015436,1.008686
1.007584,1.009923,1.008686,1.006459
1.016129,1.004367,1.006459,1.003209
0.997884,1.007609,1.003209,0.993603
1.004242,1.003236,0.993603,1.002146
0.990496,0.996774,1.002146,1.001071
1.01919,1.004315,1.001071,1.002139
0.987448,0.995704,1.002139,1.021345
1.018008,1.011866,1.021345,1.022989
1.050989,1.026652,1.022989,0.966292
0.968317,0.974039,0.966292,0.989429
0.970348,0.981876,0.989429,1.020299
1.013699,1.016287,1.020299,0.976963
0.992723,0.99359,0.976963,0.984995
0.980105,0.97957,0.984995,1.013058
1.001068,1.002195,1.013058,0.979592
0.992529,0.993428,0.979592,0.982456
0.978495,0.979052,0.982456,1.012277
0.998901,1.004505,1.012277,1.034179
1.036304,1.011211,1.034179,0.988273
1.002123,1.021064,0.988273,1.024811
1.016949,1.003257,1.024811,0.942105
0.99375,0.965368,0.942105,0.984358
0.93501,0.973094,0.984358,1.001135
1.004484,1.001152,1.001135,1.02381
1.024554,1.002301,1.02381,1.027685
1.015251,1.020666,1.027685,1.00431
1.003219,1.028121,1.00431,0.982833
1.00107,0.990153,0.982833,1.018559
1.001068,1.0,1.018559,1.021436
1.025614,1.020994,1.021436,0.971668
1.009365,0.997835,0.971668,0.99676
0.953608,0.970716,0.99676,1.015168
1.022703,1.024581,1.015168,1.012807
1.009514,1.016358,1.012807,0.992624
0.990576,0.997854,0.992624,0.993631
1.002114,0.992473,0.993631,1.032051
1.021097,1.009751,1.032051,0.99793
1.006198,1.022532,0.99793,1.009336
1.026694,1.004197,1.009336,1.013361
1.009,1.013584,1.013361,1.03854
1.025768,1.008247,1.03854,1.039062
1.087923,1.03272,1.039062,0.970865
0.935169,1.00198,0.970865,0.96999
0.97151,0.978261,0.96999,0.971058
0.985337,0.971717,0.971058,0.960946
0.990079,0.944906,0.960946,1.020321
0.962926,1.017602,1.020321,1.004193
1.004162,1.014054,1.004193,1.028184
1.034197,1.006397,1.028184,1.031472
1.048096,1.032839,1.031472,1.005906
0.978967,1.027692,1.005906,0.976517
1.005859,0.984032,0.976517,0.963928
0.961165,0.973631,0.963928,1.010395
0.984848,1.0,1.010395,0.984568
0.991795,0.988542,0.984568,1.062696
1.062048,1.012645,1.062696,1.007866
1.00779,1.043704,1.007866,1.004878
1.007729,1.001994,1.004878,0.992233
1.011505,1.00995,0.992233,1.056751
1.034123,0.997044,1.056751,0.998148
1.024748,1.043478,0.998148,0.972171
0.960644,0.983902,0.972171,1.021947
1.000931,0.997113,1.021947,0.978525
0.990698,1.008687,0.978525,0.979962
0.989671,0.973206,0.979962,1.1
1.072106,1.003933,1.1,0.993805
1.041593,1.073457,0.993805,0.978629
0.959218,0.995438,0.978629,0.986351
1.003543,0.990834,0.986351,1.016605
0.9797,0.978723,1.016605,0.965517
0.993694,0.993384,0.965517,1.011278
0.984587,1.002854,1.011278,1.004647
1.005525,1.009488,1.004647,0.962997
1.007326,0.975564,0.962997,0.988473
0.942727,0.984586,0.988473,1.008746
1.002893,0.997065,1.008746,0.992293
1.000962,0.984298,0.992293,0.983495
0.989433,1.005982,0.983495,1.001974
0.98932,0.997027,1.001974,1.024631
1.03631,1.005964,1.024631,0.999038
0.985795,1.005929,0.999038,0.985563
1.002882,1.003929,0.985563,0.985352
0.980843,0.977495,0.985352,1.013875
1.001953,1.01001,1.013875,0.989247
1.003899,1.000991,0.989247,0.987154
0.980583,0.976238,0.987154,1.016016
1.00495,1.005071,1.016016,0.989163
0.997044,1.006054,0.989163,0.989044
0.997036,0.984955,0.989044,0.995972
0.985134,0.990835,0.995972,0.992922
1.001006,1.007194,0.992922,0.996945
0.99397,0.990816,0.996945,1.004086
1.007078,1.006179,1.004086,0.952187
0.993976,0.95087,0.952187,0.998932
0.951515,0.993541,0.998932,1.023529
1.025478,1.006501,1.023529,0.991641
0.991718,1.018299,0.991641,1.005269
1.007307,1.004228,1.005269,1.005241
1.002073,0.991579,1.005241,1.015641
1.013444,1.018047,1.015641,0.992813
0.99898,0.994786,0.992813,1.007239
1.002043,1.007338,1.007239,0.980493
0.992864,0.989594,0.980493,0.998953
0.988706,0.998948,0.998953,0.961216
0.997923,0.962105,0.961216,1.003272
0.96358,0.986871,1.003272,1.013043
1.010799,0.988914,1.013043,0.977468
0.99359,1.019058,0.977468,0.969265
0.97957,0.931793,0.969265,0.969422
0.97146,0.977568,0.969422,1.028037
1.00678,1.032609,1.028037,1.006818
0.997755,0.997661,1.006818,1.006772
1.008999,1.022274,1.006772,1.013453
1.012263,1.016055,1.013453,0.986726
1.006608,1.004515,0.986726,0.986547
0.984683,0.983146,0.986547,0.989773
0.983333,0.994286,0.989773,0.977038
0.99096,0.977011,0.977038,0.994125
0.980616,0.987059,0.994125,0.972813
0.99186,0.979738,0.972813,0.987849
0.96483,0.962287,0.987849,0.99631
0.993925,1.018963,0.99631,1.002469
1.002445,1.001241,1.002469,0.998768
0.995122,0.959108,0.998768,1.019729
1.015931,1.034884,1.019729,0.989117
0.998794,1.014981,0.989117,0.993888
1.003623,0.99631,0.993888,0.96679
0.98556,0.964198,0.96679,0.994911
0.998779,0.99872,0.994911,1.046036
1.00489,0.989744,1.046036,0.993888
0.997567,1.031088,0.993888,0.98893
0.995122,1.005025,0.98893,1.070896
1.083333,1.01875,1.070896,0.931475
0.958145,0.959509,0.931475,0.997506
0.953955,0.997442,0.997506,1.00625
1.001238,1.019231,1.00625,1.008696
1.007417,1.006289,1.008696,1.019704
1.017178,1.00625,1.019704,0.987923
1.006031,1.013665,0.987923,1.011002
1.0,1.002451,1.011002,0.975816
0.991607,0.98533,0.975816,1.004957
0.986699,0.997519,1.004957,1.0
0.998775,0.998756,1.0,1.01233
1.01227,1.003736,1.01233,1.0
0.996364,1.008685,1.0,1.008526
1.009732,1.00615,1.008526,1.002415
1.007229,1.00978,1.002415,1.0
0.996411,0.996368,1.0,0.987952
1.004802,0.993925,0.987952,0.993902
0.982079,0.979218,0.993902,1.006135
1.002433,1.007491,1.006135,1.007317
1.008495,1.01487,1.007317,0.987893
0.99278,0.991453,0.987893,1.008578
1.004848,1.004926,1.008578,1.003645
0.997587,0.998775,1.003645,1.004843
1.007255,1.008589,1.004843,1.031325
1.05042,1.004866,1.031325,1.002336
0.985143,1.029056,1.002336,1.0
0.99884,1.002353,1.0,0.997669
1.006969,1.002347,0.997669,1.007009
0.998847,0.995316,1.007009,1.00116
1.011547,1.007059,1.00116,0.984936
0.987443,0.971963,0.984936,0.998824
0.987283,1.010817,0.998824,1.0
1.004684,1.004756,1.0,0.949352
0.98951,0.947929,0.949352,1.014888
0.963486,1.0,1.014888,1.011002
1.01467,1.011236,1.011002,0.998791
0.996386,1.008642,0.998791,0.998789
1.004837,1.002448,0.998789,1.060606
1.068592,0.997558,1.060606,0.981714
1.022523,1.034272,0.981714,0.981374
0.953744,0.978698,0.981374,1.017794
0.993072,1.007255,1.017794,1.012821
1.025581,1.016807,1.012821,0.997699
0.996599,1.014168,0.997699,1.005767
0.997725,0.994179,1.005767,0.974771
0.995439,0.992974,0.974771,0.994118
0.989691,0.978774,0.994118,1.008284
0.987269,1.013253,1.008284,1.004695
1.005862,1.005945,1.004695,0.984813
1.0,0.983452,0.984813,0.991696
0.980186,1.002404,0.991696,0.978469
0.995244,0.971223,0.978469,1.001222
0.979689,0.998765,1.001222,1.008547
1.008537,1.012361,1.008547,1.002421
1.002418,1.001221,1.002421,0.998792
1.001206,0.995122,0.998792,1.006046
1.015663,1.003676,1.006046,1.001202
0.995255,1.006105,1.001202,1.015606
1.011919,1.010922,1.015606,0.986998
0.997644,0.9988,0.986998,0.991617
0.989374,0.992788,0.991617,0.995169
0.991647,0.989104,0.995169,1.007282
1.001203,1.004896,1.007282,1.015663
1.021635,1.014616,1.015663,0.991696
0.995294,0.996399,0.991696,1.010766
1.004728,1.004819,1.010766,0.998817
0.998824,1.010791,0.998817,1.017773
1.017668,1.0,1.017773,0.996508
0.994213,1.008304,0.996508,1.0
1.0,1.002353,1.0,1.0
0.997672,0.998826,1.0,1.0
1.001167,0.998825,1.0,1.001168
1.002331,1.0,1.001168,1.005834
1.005814,1.007059,1.005834,0.986079
0.997688,0.990654,0.986079,0.977647
0.976825,0.978774,0.977647,1.004813
0.995255,0.998795,1.004813,1.0
1.0,1.004825,1.0,1.005988
1.007151,0.996399,1.005988,0.991667
0.995266,1.0,0.991667,1.0
0.995244,0.998795,1.0,0.995198
0.996416,0.993969,0.995198,0.987937
0.995204,0.990291,0.987937,0.997558
1.003614,0.998775,0.997558,1.002448
0.986795,0.996319,1.002448,1.004884
1.00365,1.003695,1.004884,0.987849
1.0,0.997546,0.987849,1.00615
0.993939,1.0,1.00615,1.00978
1.010976,1.00615,1.00978,1.014528
1.014475,1.00978,1.014528,1.027446
1.028537,1.012107,1.027446,1.013937
1.017341,1.010766,1.013937,1.032073
1.032955,1.020118,1.032073,0.982242
1.007701,1.022042,0.982242,0.99435
0.966157,0.987514,0.99435,0.989773
0.99774,0.993103,0.989773,0.956372
0.99094,0.960648,0.956372,1.018007
0.971429,1.0,1.018007,1.0
1.007059,1.006024,1.0,0.988208
0.990654,0.998802,0.988208,1.013126
1.001179,1.004796,1.013126,0.994111
1.009423,1.001193,0.994111,0.99763
0.990665,0.994041,0.99763,0.980998
0.987044,0.977218,0.980998,1.001211
0.994033,1.006135,1.001211,0.986699
0.996399,0.993902,0.986699,0.990196
0.987952,0.98773,0.990196,1.011139
1.007317,1.001242,1.011139,1.020808
1.014528,1.002481,1.020808,0.989209
0.994033,1.017327,0.989209,1.0
1.0,0.998783,1.0,1.020606
1.014406,1.001218,1.020606,0.996437
1.029586,1.019465,0.996437,0.989273
0.972414,0.97852,0.989273,0.979518
0.981087,0.984146,0.979518,0.9877
0.981928,0.988848,0.9877,1.001245
0.995092,1.003759,1.001245,0.981343
0.996301,0.978777,0.981343,0.998733
0.97896,0.973214,0.998733,1.003807
1.005057,1.028834,1.003807,0.997472
0.992453,0.987261,0.997472,0.940431
0.998733,0.941935,0.940431,1.005391
0.954315,1.005479,1.005391,1.002681
1.00133,1.012262,1.002681,1.016043
1.011952,1.004038,1.016043,0.989474
0.997375,0.991957,0.989474,1.005319
1.001316,1.009459,1.005319,0.993386
0.996058,1.004016,0.993386,0.993342
0.994723,0.989333,0.993342,0.970509
0.993369,0.967655,0.970509,1.005525
0.974633,1.001393,1.005525,0.995879
1.00274,0.998609,0.995879,1.016552
1.012295,1.004178,1.016552,1.002714
1.005398,1.018031,1.002714,0.983762
0.990604,0.989101,0.983762,1.005502
0.99187,0.997245,1.005502,1.021888
1.020492,1.005525,1.021888,1.049531
1.08166,1.031593,1.049531,0.956633
0.966584,0.993342,0.956633,0.994667
0.966709,0.997319,0.994667,1.00134
1.009272,0.994624,1.00134,0.981258
0.98294,0.97027,0.981258,0.986357
0.977303,1.001393,0.986357,1.001383
0.990437,0.995828,1.001383,1.004144
1.004138,1.00419,1.004144,1.001376
1.001374,1.001391,1.001376,1.001374
1.005487,1.004167,1.001374,1.004115
1.0,1.002766,1.004115,1.005464
1.005457,1.005517,1.005464,1.004076
1.005427,1.006859,1.004076,1.006766
1.010796,1.0,1.006766,1.008065
1.00534,1.00545,1.008065,1.017333
1.018592,1.01355,1.017333,0.989515
1.001304,1.004011,0.989515,0.988079
0.983073,0.986684,0.988079,1.002681
0.996026,0.99865,1.002681,0.997326
0.99734,1.004054,0.997326,0.97185
0.993333,0.969044,0.97185,0.988966
0.98255,0.991667,0.988966,0.998605
0.98224,0.97619,0.998605,0.984637
0.987483,1.002869,0.984637,1.005674
1.0,1.004292,1.005674,1.005642
1.007042,1.002849,1.005642,0.99439
1.0,1.004261,0.99439,1.00141
0.994406,1.0,1.00141,1.046479
1.04782,1.001414,1.046479,1.02288
1.072483,1.025424,1.02288,0.953947
0.938673,0.987603,0.953947,1.001379
0.993333,1.004184,1.001379,1.024793
1.060403,0.988889,1.024793,0.991935
0.949367,1.011236,0.991935,1.02168
1.014667,0.983333,1.02168,1.026525
1.028909,1.045198,1.026525,0.97416
1.005109,1.008108,0.97416,0.993369
0.978399,0.979893,0.993369,1.030708
1.005195,1.01368,1.030708,0.932642
0.99354,0.963563,0.932642,1.013889
0.957087,1.004202,1.013889,0.980822
1.004076,0.995816,0.980822,1.00419
0.976996,1.0,1.00419,1.011127
1.009695,1.007003,1.011127,0.995873
1.0,1.0,0.995873,1.022099
1.021948,1.002782,1.022099,1.014865
1.016107,1.020804,1.014865,1.0
0.997358,1.009511,1.0,0.997337
0.997351,1.001346,0.997337,0.973298
0.988048,0.978495,0.973298,1.006859
0.989247,0.994505,1.006859,1.006812
1.004076,1.005525,1.006812,0.986468
1.013532,0.998626,0.986468,1.006859
0.985314,1.004127,1.006859,1.019074
1.01626,1.00411,1.019074,1.005348
1.005333,1.015007,1.005348,0.99734
1.0,1.0,0.99734,1.008
1.005305,1.001344,1.008,0.981481
1.002639,0.987919,0.981481,1.008086
1.0,1.002717,1.008086,0.997326
0.992105,1.00271,0.997326,0.986595
0.986737,0.985135,0.986595,0.994565
0.998656,1.002743,0.994565,1.015027
1.021534,0.995896,1.015027,0.944818
0.964427,0.957418,0.944818,0.992877
0.953552,0.964132,0.992877,1.014347
1.018625,1.037202,1.014347,0.997171
0.998594,0.997131,0.997171,1.002837
0.997183,1.010072,1.002837,1.001414
1.00565,1.004274,1.001414,1.012712
1.015449,1.005674,1.012712,1.013947
1.008299,0.984485,1.013947,0.997249
1.004115,1.031519,0.997249,1.0
0.993169,0.993056,1.0,1.008276
1.008253,1.008392,1.008276,1.0
1.010914,1.005548,1.0,0.989056
0.987854,0.995862,0.989056,0.983402
0.991803,0.977839,0.983402,0.985935
0.988981,0.988669,0.985935,0.985735
0.98468,0.988539,0.985735,1.011577
0.990099,0.994203,1.011577,1.060086
1.068571,1.014577,1.060086,0.963563
1.013369,1.024425,0.963563,0.971989
0.949868,0.963534,0.971989,1.012968
0.979167,1.004367,1.012968,0.998578
0.997163,1.010145,0.998578,0.991453
1.0,0.997131,0.991453,0.998563
1.002845,1.0,0.998563,1.020144
1.008511,1.002878,1.020144,1.005642
1.004219,1.007174,1.005642,1.0
1.005602,1.011396,1.0,1.004208
0.998607,1.001408,1.004208,1.018156
1.018131,1.005626,1.018156,0.998628
1.006849,1.00979,0.998628,1.002747
0.994558,0.99446,1.002747,0.99726
1.001368,1.005571,0.99726,1.005495
1.004098,1.001385,1.005495,1.001366
1.0,1.002766,1.001366,0.987722
0.997279,0.997241,0.987722,0.998619
0.997271,0.998617,0.998619,1.013831
1.00684,0.99446,1.013831,1.00955
1.009511,1.019499,1.00955,1.013514
1.033647,1.010929,1.013514,1.005333
0.994792,1.001351,1.005333,0.994695
0.997382,1.006748,0.994695,1.001333
0.990814,0.995979,1.001333,0.998668
1.002649,1.001346,0.998668,0.998667
1.0,1.004032,0.998667,0.978638
0.990753,0.951807,0.978638,1.030014
1.006667,1.032349,1.030014,0.978808
1.001325,0.989101,0.978808,0.979702
0.981481,0.986226,0.979702,1.004144
0.98248,1.0,1.004144,1.001376
1.002743,1.009777,1.001376,0.98489
1.004104,0.986169,0.98489,0.979079
0.978202,0.97756,0.979079,0.98433
0.98468,0.987088,0.98433,1.004342
0.988685,0.997093,1.004342,0.992795
0.992847,1.0,0.992795,1.002903
0.998559,0.995627,1.002903,0.992764
1.004329,0.995608,0.992764,0.918367
0.979885,0.908824,0.918367,1.022222
0.945748,1.008091,1.022222,0.979814
1.009302,1.004815,0.979814,1.023772
0.993856,1.003195,1.023772,0.993808
1.009274,1.011146,0.993808,1.0
0.993874,0.985827,1.0,0.996885
1.0,1.011182,0.996885,0.99375
0.993837,1.00158,0.99375,1.018868
1.007752,1.003155,1.018868,0.987654
1.010769,0.998428,0.987654,1.0125
0.987823,1.001575,1.0125,0.990741
0.998459,1.003145,0.990741,0.982866
0.992284,0.987461,0.982866,0.995246
0.989114,0.963492,0.995246,1.020701
1.015723,1.034596,1.020701,0.985959
0.993808,0.987261,0.985959,0.96519
0.978193,0.96129,0.96519,1.022951
1.0,1.020134,1.022951,0.991987
0.996815,1.016447,0.991987,1.012924
1.004792,0.995146,1.012924,0.998405
1.0,0.990244,0.998405,0.998403
1.00159,1.009852,0.998403,0.9936
1.006349,1.001626,0.9936,1.019324
1.001577,1.003247,1.019324,1.017378
1.023622,1.014563,1.017378,1.006211
1.007692,1.012759,1.006211,0.989198
0.987786,1.004724,0.989198,1.00624
1.004637,1.0,1.00624,0.995349
1.0,1.001567,0.995349,0.989097
0.990769,0.989045,0.989097,1.001575
0.992236,0.992089,1.001575,0.977987
1.0,0.987241,0.977987,0.975884
0.978091,0.966074,0.975884,1.008237
0.9856,1.006689,1.008237,0.952614
1.001623,0.966777,0.952614,1.024014
0.972447,1.001718,1.024014,0.9866
1.001667,1.006861,0.9866,1.022071
1.011647,1.0,1.022071,0.998339
1.0,1.017036,0.998339,1.003328
0.993421,0.991625,1.003328,0.9801
0.998344,0.994932,0.9801,0.964467
0.981758,0.955857,0.964467,0.994737
0.962838,0.98579,0.994737,0.970018
0.998246,0.983784,0.970018,0.978182
0.975395,0.967033,0.978182,1.016729
0.992793,1.015152,1.016729,1.001828
1.012704,1.014925,1.001828,1.082117
1.0681,1.003676,1.082117,0.973019
1.055369,1.051282,0.973019,0.979203
0.928458,0.968641,0.979203,0.99115
0.967466,1.001799,0.99115,1.003571
0.99823,0.991023,1.003571,0.980427
0.996454,0.992754,0.980427,0.976407
0.982206,0.972628,0.976407,0.994424
0.974638,0.992495,0.994424,1.013084
1.013011,1.007561,1.013084,0.979705
0.99633,0.994371,0.979705,0.984934
0.976059,0.984906,0.984934,1.001912
1.001887,0.996169,1.001912,0.977099
0.99435,0.984615,0.977099,1.007812
0.977273,0.992188,1.007812,1.013566
1.021318,0.994094,1.013566,0.996176
1.003795,1.019802,0.996176,0.992322
0.990548,1.001942,0.992322,0.972921
0.984733,0.968992,0.972921,1.021869
0.998062,1.006,1.021869,1.011673
1.017476,1.015905,1.011673,0.994231
0.994275,1.007828,0.994231,1.015474
1.009597,1.007767,1.015474,1.001905
1.001901,1.001927,1.001905,1.0
1.005693,1.003846,1.0,0.984791
0.992453,0.990421,0.984791,1.011583
0.998099,1.003868,1.011583,0.967557
0.988571,0.971098,0.967557,1.005917
0.984586,1.005952,1.005917,0.996078
1.003914,0.998028,0.996078,0.94685
0.964912,0.920949,0.94685,0.981289
0.973737,0.987124,0.981289,0.985169
0.995851,1.008696,0.985169,1.006452
1.004167,1.002155,1.006452,1.051282
1.064315,1.008602,1.051282,0.957317
0.959064,1.0,0.957317,1.019108
0.985772,0.985075,1.019108,1.035417
1.037113,1.038961,1.035417,0.985915
1.001988,1.010417,0.985915,1.012245
0.988095,1.002062,1.012245,0.995968
0.993976,0.99177,0.995968,1.010121
1.018182,1.024896,1.010121,0.975952
0.992063,0.977733,0.975952,1.008214
0.994,1.004141,1.008214,1.014257
1.006036,1.012371,1.014257,0.997992
1.006,1.00611,0.997992,1.012072
1.001988,1.006073,1.012072,1.001988
1.001984,0.997988,1.001988,0.990079
0.992079,0.997984,0.990079,1.002004
1.005988,1.006061,1.002004,0.994
1.0,0.995984,0.994,0.993964
0.990079,0.993952,0.993964,1.026316
1.016032,1.0,1.026316,1.025641
1.029586,1.018256,1.025641,0.988462
1.0,1.023904,0.988462,1.031128
1.017241,1.0,1.031128,1.00566
1.007533,1.021401,1.00566,0.994371
0.998131,0.992381,0.994371,0.967925
0.988764,0.984645,0.967925,1.015595
0.992424,0.996101,1.015595,1.0
1.005725,1.015656,1.0,0.963532
0.99241,0.965318,0.963532,0.998008
0.969407,0.99002,0.998008,1.0
1.0,1.006048,1.0,1.011976
1.0,0.983968,1.011976,0.986193
1.023669,1.01833,0.986193,0.994
0.973025,0.97,0.994,1.032193
1.027723,1.039175,1.032193,1.003899
0.99422,1.007937,1.003899,0.986408
0.992248,0.988189,0.986408,0.988189
0.998047,0.994024,0.988189,0.992032
0.986301,0.987976,0.992032,0.985944
0.988095,0.98783,0.985944,0.997963
0.98996,0.997947,0.997963,1.0
1.004057,0.995885,1.0,1.006122
1.0,1.0,1.006122,0.975659
0.993939,0.993802,0.975659,0.995842
0.979675,0.987526,0.995842,1.006263
1.004149,0.995789,1.006263,0.987552
0.997934,1.002114,0.987552,0.997899
0.993789,0.995781,0.997899,0.989474
0.985417,0.989407,0.989474,1.006383
1.004228,1.0,1.006383,0.989429
0.989474,0.989293,0.989429,1.044872
1.044681,1.006494,1.044872,0.997955
1.026477,1.04086,0.997955,1.012295
0.982143,0.981405,1.012295,1.008097
1.012121,1.027368,1.008097,1.012048
1.045908,1.010246,1.012048,1.011905
1.0,0.983773,1.011905,1.031373
1.051527,1.024742,1.031373,0.998099
0.961887,1.044266,0.998099,1.024762
1.035849,1.00578,1.024762,0.988848
0.98725,1.005747,0.988848,1.020677
1.00369,1.0,1.020677,1.003683
1.033088,1.028571,1.003683,1.0
0.983986,0.992593,1.0,0.981651
0.990958,0.994403,0.981651,0.990654
0.979927,0.990619,0.990654,0.998113
0.994413,0.986742,0.998113,1.00189
1.016854,1.013436,1.00189,0.988679
0.985267,0.99053,0.988679,1.005725
0.986916,0.996176,1.005725,1.030361
1.028409,1.005758,1.030361,0.994475
1.005525,1.022901,0.994475,0.959259
0.992674,0.966418,0.959259,0.986486
0.957565,0.944015,0.986486,0.968689
0.976879,1.010225,0.968689,0.993939
0.994083,0.98583,0.993939,1.00813
0.984127,1.002053,1.00813,1.014113
1.020161,1.010246,1.014113,1.001988
0.998024,1.010142,1.001988,1.005952
1.007921,1.006024,1.005952,0.998028
1.0,1.003992,0.998028,0.994071
0.996071,0.998012,0.994071,1.023857
1.017751,1.003984,1.023857,0.998058
1.00969,1.009921,0.998058,1.01751
1.007678,1.005894,1.01751,0.992352
1.019048,1.009766,0.992352,1.00578
0.97757,0.998066,1.00578,1.038314
1.045889,1.00969,1.038314,1.009225
1.02925,1.03071,1.009225,1.0
0.992895,1.009311,1.0,1.009141
0.998211,1.00738,1.009141,1.003623
0.998208,0.998168,1.003623,1.00361
1.012567,1.014679,1.00361,1.019784
1.010638,1.001808,1.019784,1.024691
1.026316,1.016245,1.024691,1.037866
1.042735,1.021314,1.037866,0.975124
1.014754,1.006957,0.975124,1.020408
0.972536,0.996546,1.020408,0.991667
1.001661,1.024263,0.991667,0.959664
0.991708,0.947547,0.959664,0.975482
0.961538,0.985714,0.975482,1.016158
0.991304,1.01087,1.016158,1.024735
1.019298,1.008961,1.024735,1.0
1.010327,1.023091,1.0,0.998276
1.001704,0.991319,0.998276,1.005181
0.996599,1.005254,1.005181,1.006873
1.011945,1.0,1.006873,1.001706
1.011804,1.005226,1.001706,0.962521
0.985,0.967071,0.962521,1.00531
0.967851,1.001792,1.00531,0.97007
0.993007,0.976744,0.97007,1.038113
1.012324,1.007326,1.038113,1.02972
1.026087,1.04,1.02972,1.001698
1.011864,1.022727,1.001698,1.030508
1.025126,1.001709,1.030508,0.996711
1.0,1.023891,0.996711,0.980198
1.003268,0.978333,0.980198,1.021886
0.996743,1.008518,1.021886,0.995058
0.995098,1.005068,0.995058,0.991722
1.01642,1.005042,0.991722,1.003339
0.975767,0.993311,1.003339,0.990017
1.011589,0.996633,0.990017,1.005042
0.981997,0.97973,1.005042,1.018395
1.031667,1.027586,1.018395,0.988506
0.990307,1.006711,0.988506,1.003322
0.988581,0.991667,1.003322,0.996689
1.006601,1.010084,0.996689,0.966777
0.985246,0.966722,0.966777,1.0189
0.990017,0.996558,1.0189,0.962901
1.0,0.979275,0.962901,0.992995
0.966387,0.994709,0.992995,0.977072
0.993043,0.97695,0.977072,1.018051
1.001751,1.0,1.018051,0.948582
0.968531,0.952813,0.948582,1.020561
0.987365,1.013333,1.020561,0.994505
1.009141,0.996241,0.994505,0.994475
0.987319,1.011321,0.994475,1.018519
1.014679,0.994403,1.018519,0.994545
0.992767,1.013133,0.994545,0.985375
0.998179,0.992593,0.985375,1.007421
0.992701,1.001866,1.007421,1.009208
1.007353,1.007449,1.009208,0.958029
1.001825,0.96488,0.958029,0.99619
0.974499,0.984674,0.99619,1.011472
0.990654,1.013619,1.011472,0.986767
1.0,0.994242,0.986767,0.967433
0.981132,0.971042,0.967433,1.0
0.980769,0.996024,1.0,1.019802
1.011765,1.003992,1.019802,0.996117
1.005814,1.015905,0.996117,1.001949
0.996146,1.0,1.001949,0.984436
0.994197,0.984344,0.984436,0.994071
0.998054,1.0,0.994071,0.984095
0.984405,0.976143,0.984095,1.0
0.984158,1.002037,1.0,1.0
1.01006,1.004065,1.0,0.979798
0.988048,0.961538,0.979798,1.012371
0.989919,1.018947,1.012371,1.03055
1.03055,1.010331,1.03055,0.986166
1.0,1.01636,0.986166,1.012024
0.998024,0.995976,1.012024,0.976238
1.00198,0.99596,0.976238,0.993915
0.982213,0.98783,0.993915,0.997959
0.991952,1.0,0.997959,1.018405
1.016227,1.01848,1.018405,1.02008
1.01996,0.997984,1.02008,1.01378
1.011742,1.024242,1.01378,1.003883
1.0,1.003945,1.003883,0.990329
0.998066,0.996071,0.990329,1.003906
1.001938,1.005917,1.003906,0.998054
1.0,1.003922,0.998054,0.996101
0.996132,0.994141,0.996101,1.013699
1.013592,1.011788,1.013699,1.001931
0.998084,1.001942,1.001931,0.988439
0.996161,0.986434,0.988439,1.0
0.992293,1.001965,1.0,1.001949
1.0,1.0,1.001949,0.970817
0.996117,0.970588,0.970817,1.002004
0.978558,1.00202,1.002004,0.994
1.001992,0.997984,0.994,0.985915
0.998012,0.983838,0.985915,1.008163
0.99004,1.002053,1.008163,1.012146
1.006036,1.004098,1.012146,1.014
1.016,1.018367,1.014,1.00789
1.009843,1.012024,1.00789,0.982387
0.996101,0.992079,0.982387,1.007968
0.998043,1.003992,1.007968,0.988142
0.996078,0.976143,0.988142,1.0
0.98622,1.01222,1.0,0.998
1.001996,0.993964,0.998,0.985972
0.992032,0.991903,0.985972,1.004065
0.993976,1.0,1.004065,0.995951
0.99798,0.997959,0.995951,1.004065
1.004049,1.002045,1.004065,0.993927
0.993952,0.997959,0.993927,1.0
1.0,0.993865,1.0,0.979633
0.991886,0.987654,0.979633,0.995842
0.98364,0.989583,0.995842,0.985386
0.997921,0.983158,0.985386,0.993644
0.99375,1.004283,0.993644,0.995736
0.989518,0.991471,0.995736,0.989293
0.993644,0.989247,0.989293,1.010823
1.0,1.0,1.010823,0.991435
0.993603,1.004348,0.991435,1.010799
1.008584,1.006494,1.010799,0.991453
0.987234,0.980645,0.991453,0.997845
1.00431,1.010965,0.997845,1.019438
1.012876,1.002169,1.019438,0.995763
1.0,1.015152,0.995763,1.0
1.0,0.993603,1.0,1.002128
0.997881,1.0,1.002128,1.0
1.002123,1.004292,1.0,0.987261
0.987288,0.987179,0.987261,1.023656
1.030043,1.008658,1.023656,1.1
1.091667,1.021459,1.1,0.956107
0.977099,1.048319,0.956107,0.97006
0.978516,0.96994,0.97006,1.018519
0.988024,0.995868,1.018519,0.993939
1.00202,1.012448,0.993939,1.002033
0.997984,1.002049,1.002033,1.004057
1.010101,1.006135,1.004057,1.00202
1.0,1.002033,1.00202,1.008065
1.004,1.004057,1.008065,0.996
0.998008,0.99596,0.996,1.002008
1.0,1.006085,1.002008,1.002004
1.0,1.0,1.002004,0.994
1.001996,1.0,0.994,0.975855
0.99004,0.97379,0.975855,1.012371
0.98994,1.004141,1.012371,0.99389
0.995935,1.002062,0.99389,1.0
1.002041,1.0,1.0,0.987705
0.995927,0.985597,0.987705,1.0
0.99591,1.004175,1.0,0.983402
0.98768,0.983368,0.983402,0.985232
0.989605,0.983087,0.985232,1.004283
0.993697,1.002151,1.004283,0.993603
0.997886,0.997854,0.993603,1.0
1.0,0.997849,1.0,1.008584
0.995763,0.99569,1.008584,1.002128
1.004255,1.008658,1.002128,1.004246
1.008475,1.006438,1.004246,1.010571
1.012605,1.010661,1.010571,0.995816
0.995851,0.99789,0.995816,0.989496
0.995833,0.993658,0.989496,0.993631
0.985356,0.993617,0.993631,0.997863
1.002123,0.995717,0.997863,0.997859
0.995763,0.993548,0.997859,1.042918
1.053191,1.010823,1.042918,1.0
1.0,1.025696,1.0,1.039095
1.042424,1.012526,1.039095,0.980198
0.974806,1.002062,0.980198,0.993939
0.984095,0.993827,0.993939,0.97561
0.99798,0.991718,0.97561,0.9875
0.973684,0.987474,0.9875,0.993671
0.991684,0.993658,0.993671,1.014862
1.004193,0.997872,1.014862,1.01046
1.02714,1.01919,1.01046,1.006211
0.995935,1.004184,1.006211,0.977366
0.991837,0.977083,0.977366,1.006316
0.985597,1.002132,1.006316,1.0
1.004175,1.010638,1.0,0.979079
0.989605,0.981053,0.979079,1.014957
1.004202,1.004292,1.014957,0.987368
1.002092,1.0,0.987368,1.010661
0.993737,0.997863,1.010661,1.023207
1.021008,1.004283,1.023207,1.006186
1.004115,1.021322,1.006186,1.008197
1.014344,1.008351,1.008197,0.985772
0.991919,0.99793,0.985772,1.002062
0.99389,0.997925,1.002062,1.006173
1.014344,1.002079,1.006173,1.002045
0.991919,1.008299,1.002045,0.997959
1.0,1.0,0.997959,0.99182
0.995927,0.99177,0.99182,0.997938
0.997955,0.993776,0.997938,0.995868
0.997951,0.997912,0.995868,1.0
0.995893,1.002092,1.0,1.0
0.993814,0.993737,1.0,1.0
1.006224,1.006303,1.0,1.006224
1.0,1.004175,1.006224,1.02268
1.03299,1.004158,1.02268,0.995968
0.992016,1.018634,0.995968,1.012146
1.034205,0.997967,1.012146,1.052
1.035019,1.010183,1.052,0.965779
0.990602,1.022177,0.965779,0.998031
0.973435,0.994083,0.998031,1.013807
1.001949,0.994048,1.013807,0.992218
1.011673,1.00998,0.992218,1.005882
0.996154,1.001976,1.005882,1.003899
1.0,1.005917,1.003899,0.990291
0.998069,0.996078,0.990291,0.970588
0.984526,0.972441,0.970588,1.016162
0.990177,1.002024,1.016162,0.992048
1.001984,1.006061,0.992048,1.014028
1.005941,0.997992,1.014028,1.001976
1.011811,1.016097,1.001976,1.00789
1.0,0.988119,1.00789,1.011742
