1.024891,1.017647,1.025109,0.99943
1.021745,1.011561,0.99943,0.977771
0.991708,0.971429,0.977771,0.996794
0.966834,0.973529,0.996794,1.023684
1.011242,1.033233,1.023684,0.999429
1.011117,0.994152,0.999429,0.94084
0.972371,0.967353,0.94084,1.011239
0.968397,0.979021,1.011239,1.003004
1.002695,1.015528,1.003004,1.032645
1.035234,1.009786,1.032645,1.009281
1.026247,1.04785,1.009281,0.951724
0.980888,0.953757,0.951724,0.966184
0.951289,0.94697,0.966184,0.981563
0.948795,0.97056,0.981563,0.990131
1.008254,1.02209,0.990131,0.942122
0.991499,0.93871,0.942122,1.000341
0.966974,0.986254,1.000341,1.010918
0.984893,1.013937,1.010918,1.003712
1.011671,1.003436,1.003712,0.965367
0.980224,0.979795,0.965367,1.00627
1.008742,1.006641,1.00627,1.069574
1.049667,0.983333,1.069574,0.970874
0.971419,1.05685,0.970874,0.943333
0.941484,0.935516,0.943333,0.987279
0.992014,0.971786,0.987279,0.994631
0.99195,1.012495,0.994631,1.010076
1.005293,1.013067,1.010076,1.009263
1.002106,1.005016,1.009263,1.042358
1.038529,1.017825,1.042358,0.984084
1.0,1.017163,0.984084,0.981762
0.987521,0.966942,0.981762,1.018226
0.993169,0.997863,1.018226,1.0
1.0,1.0,1.0,1.001721
1.014443,1.038187,1.001721,1.024742
1.011864,0.996219,1.024742,0.976861
1.0067,1.0,0.976861,1.010985
0.981032,0.986888,1.010985,0.9691
1.010176,0.98951,0.9691,0.988087
0.969107,0.992933,0.988087,1.006028
0.992723,1.006762,1.006028,1.022559
1.036649,0.979145,1.022559,0.976215
0.976094,1.018412,0.976215,0.998588
0.986547,0.993619,0.998588,0.981612
0.991259,0.988227,0.981612,0.977666
0.983069,0.975451,0.977666,1.001474
0.979189,0.994078,1.001474,1.020971
1.017222,1.016381,1.020971,1.007207
1.019092,1.014652,1.007207,1.011449
1.001414,0.99639,1.011449,1.000354
1.007413,1.018478,1.000354,1.0
1.010862,1.003557,1.0,0.991513
0.991334,0.992556,0.991513,0.977532
0.974476,0.975,0.977532,1.014593
1.000359,0.998535,1.014593,1.050701
1.068508,1.023478,1.050701,1.016085
1.002014,1.043011,1.016085,0.98518
0.998325,1.001375,0.98518,1.020513
1.010067,1.005834,1.020513,1.027806
1.024917,1.026953,1.027806,1.013038
1.029822,1.019269,1.013038,0.984878
0.977652,0.98957,0.984878,0.969618
0.977785,0.974638,0.969618,1.027291
1.004281,1.004055,1.027291,0.976714
1.009836,0.996971,0.976714,1.009402
0.988636,0.985145,1.009402,1.010978
1.0,1.024674,1.010978,1.0
1.0,1.0,1.0,0.986509
1.010509,1.002341,0.986509,0.932955
0.960351,0.930931,0.932955,1.005363
0.957022,0.982796,1.005363,1.026671
1.024752,1.029176,1.026671,0.992033
1.010352,0.995039,0.992033,1.026187
1.023907,1.014957,1.026187,1.06771
1.077385,1.041404,1.06771,1.035054
1.00774,1.01752,1.035054,1.003695
1.011982,1.045033,1.003695,0.949387
1.001821,0.970215,0.949387,1.049435
0.985152,0.994448,1.049435,0.984914
1.011996,1.037438,0.984914,1.040013
1.013678,0.969294,1.040013,0.90021
0.984708,0.977792,0.90021,0.955927
0.910475,0.935872,0.955927,1.018861
1.008361,0.999643,1.018861,0.954062
1.005307,0.992503,0.954062,0.989939
0.932036,0.964388,0.989939,1.031942
1.014159,1.026856,1.031942,0.990151
1.004188,1.017072,0.990151,0.957726
0.985749,0.962143,0.957726,1.019659
0.983427,0.976986,1.019659,1.000728
1.005737,1.026596,1.000728,0.993093
1.004635,1.007402,0.993093,1.009517
0.982612,0.969875,1.009517,1.036258
1.050199,1.052652,1.036258,0.981805
0.996561,1.00036,0.981805,0.980756
0.977571,0.98777,0.980756,1.030887
1.005295,0.994538,1.030887,0.986606
1.017907,1.020505,0.986606,0.953198
0.961366,0.954431,0.953198,0.985757
0.96699,0.966165,0.985757,1.009125
0.987013,1.011673,1.009125,0.986059
1.003383,1.004231,0.986059,0.990447
0.979018,0.97319,0.990447,0.959491
0.979717,0.971271,0.959491,1.000402
0.984375,0.995138,1.000402,1.041801
1.031349,1.014658,1.041801,0.98341
0.993074,1.021268,0.98341,1.013731
1.011236,1.00668,1.013731,1.003096
1.012261,1.006245,1.003096,0.995756
0.991294,0.989915,0.995756,1.029446
1.018709,0.998433,1.029446,0.993978
0.997751,1.031005,0.993978,0.981068
0.981968,0.968786,0.981068,0.994211
0.992731,1.003929,0.994211,0.986801
0.989595,0.98865,0.986801,0.98033
1.001558,0.982185,0.98033,1.0
1.0,1.0,1.0,0.914125
0.912131,0.910117,0.914125,0.948639
0.979113,0.952613,0.948639,0.983341
0.936874,0.942352,0.983341,0.989176
0.980019,1.00296,0.989176,1.02902
1.028924,1.019675,1.02902,1.003236
1.003226,1.026532,1.003236,0.986175
1.008268,1.00094,0.986175,1.057944
1.04328,0.987793,1.057944,1.011484
1.020961,1.060837,1.011484,0.972926
0.969632,0.983423,0.972926,1.016158
1.027349,1.024146,1.016158,0.972173
0.980678,0.978648,0.972173,1.019082
0.988616,0.990909,1.019082,1.099866
1.09256,1.027523,1.099866,1.071342
1.085529,1.1,1.071342,0.987893
0.991412,1.02057,0.987893,1.01532
1.0,0.995349,1.01532,0.999623
1.009416,1.012461,0.999623,1.000377
1.014179,1.003077,1.000377,0.992078
0.988962,0.989264,0.992078,1.030798
1.012277,1.00814,1.030798,1.030247
1.050717,1.023453,1.030247,0.972789
0.976565,1.014275,0.972789,1.017667
1.000716,1.007407,1.017667,0.99132
1.023264,1.007353,0.99132,1.004013
0.962924,0.966423,1.004013,0.969477
0.996731,1.005287,0.969477,1.011619
0.987609,0.98272,1.011619,1.008151
1.005904,1.020642,1.008151,0.99853
1.038885,1.015356,0.99853,1.059993
1.032839,0.992254,1.059993,1.008333
1.008205,1.045725,1.008333,0.999656
0.995253,1.013153,0.999656,1.07475
1.074276,1.017193,1.07475,0.986538
0.99334,1.057606,0.986538,1.006823
1.013729,0.985323,1.006823,0.992578
0.985827,0.986428,0.992578,0.947009
0.976677,0.975839,0.947009,1.005149
0.968924,0.997593,1.005149,1.003757
1.004727,0.98759,1.003757,0.97278
0.984207,0.997557,0.97278,1.016439
1.016729,1.007698,1.016439,1.018582
1.002351,1.0,1.018582,1.025
1.023116,1.028125,1.025,0.991101
0.988867,0.999662,0.991101,0.993681
1.009934,0.992568,0.993681,1.002343
1.005574,1.016338,1.002343,0.985309
0.986306,0.982251,0.985309,1.043036
1.02281,1.005796,1.043036,0.995776
1.014867,1.026441,0.995776,1.011419
0.99172,0.990753,1.011419,0.96129
0.998715,0.991333,0.96129,0.999329
0.967203,0.977471,0.999329,1.007052
1.009973,1.020296,1.007052,0.998666
0.999013,1.001686,0.998666,0.959265
0.985173,0.961966,0.959265,0.982597
0.969231,0.976207,0.982597,1.004959
0.993099,1.010036,1.004959,0.994008
0.99583,0.993612,0.994008,1.023404
1.011165,1.009286,1.023404,1.023909
1.022774,1.026185,1.023909,0.97868
0.996964,0.993103,0.97868,1.030775
1.042301,1.001042,1.030775,1.038578
1.005519,1.026708,1.038578,1.1
1.099774,1.074662,1.1,1.069877
1.1,1.1,1.069877,1.053238
1.048839,1.005574,1.053238,1.01433
1.033079,1.039634,1.01433,1.099923
1.05468,1.039723,1.099923,1.029426
1.097384,1.058974,1.029426,0.932169
0.951053,0.990315,0.932169,1.077634
0.995525,1.001711,1.077634,1.1
1.094853,1.061997,1.1,1.001848
1.062615,1.1,1.001848,1.015369
1.0,1.0,1.015369,1.030272
1.0,0.990309,1.030272,0.970225
0.998261,1.02082,0.970225,0.974763
0.976389,0.964715,0.974763,0.995857
0.977998,1.004651,0.995857,0.983777
0.989461,0.991162,0.983777,1.073573
1.058173,0.989384,1.073573,0.955888
0.993999,1.040773,0.955888,0.928101
0.944499,0.925773,0.928101,1.048835
0.989691,1.013808,1.048835,1.011217
1.0325,1.04152,1.011217,1.002302
0.97276,0.976587,1.002302,1.051785
1.046878,1.015335,1.051785,1.015287
1.016247,1.052967,1.015287,1.059249
1.096705,1.030303,1.059249,0.955695
0.988267,1.009412,0.955695,1.017964
0.974996,0.972999,1.017964,0.9
0.963469,0.946896,0.9,0.936116
0.9,0.919249,0.936116,1.002703
0.972904,0.994266,1.002703,0.999102
0.986404,0.975317,0.999102,1.026079
1.029569,1.019631,1.026079,0.97305
0.977327,0.979819,0.97305,1.031074
1.013478,1.039299,1.031074,1.006333
1.021147,1.030296,1.006333,1.011285
1.027327,1.00818,1.011285,0.974034
0.958437,0.984211,0.974034,0.984358
1.001735,0.953654,0.984358,1.0047
0.987013,1.025701,1.0047,1.039652
1.045833,1.041002,1.039652,0.9985
0.988048,1.001751,0.9985,1.004506
1.011036,0.998253,1.004506,1.022004
1.02225,0.984683,1.022004,0.973871
0.985626,1.033778,0.973871,0.971668
0.983333,0.971625,0.971668,1.040645
1.012712,0.985177,1.040645,1.060497
1.046025,1.063553,1.060497,0.995997
1.008,1.041174,0.995997,1.011455
1.042857,1.005881,1.011455,1.020068
1.002664,1.019153,1.020068,1.002532
0.979317,0.996439,1.002532,1.011852
1.033327,0.97439,1.011852,1.028034
1.010313,1.058476,1.028034,0.956668
0.999814,0.985178,0.956668,0.978329
0.959532,0.976749,0.978329,0.979645
0.971561,0.962392,0.979645,1.018945
1.07507,1.027021,1.018945,0.973411
0.925171,0.967416,0.973411,0.99466
0.982182,0.993724,0.99466,1.033657
1.03139,1.014737,1.033657,1.037954
1.043083,1.037552,1.037954,1.004042
1.035809,1.040192,1.004042,1.027985
0.982806,0.980777,1.027985,0.984151
1.001117,1.028028,0.984151,0.964191
0.979736,0.956149,0.964191,0.974062
0.982543,0.987039,0.974062,0.995158
0.968328,0.983838,0.995158,1.013785
1.006382,1.006776,1.013785,0.988402
1.001784,1.001428,0.988402,0.906332
0.979228,0.910387,0.906332,0.972991
0.909091,0.96689,0.972991,0.980041
0.976667,0.978714,0.980041,1.044944
1.017065,1.013712,1.044944,0.918011
0.989933,0.944496,0.918011,1.012201
0.960452,0.992593,1.012201,0.953713
0.981176,0.98209,0.953713,1.003286
0.964029,0.988095,1.003286,1.026707
1.014428,1.0182,1.026707,1.031166
1.043404,1.004783,1.031166,1.004046
0.996475,1.031822,1.004046,1.007111
1.003538,1.005342,1.007111,1.009649
1.029377,1.027295,1.009649,0.935897
0.970091,0.940983,0.935897,1.036613
0.981407,0.984508,1.036613,1.011773
1.021343,1.051015,1.011773,1.048207
1.049307,1.019078,1.048207,0.996375
1.002238,1.035782,0.996375,1.029104
1.011386,0.995424,1.029104,0.992046
1.002208,1.011262,0.992046,0.976615
0.985242,0.990909,0.976615,1.027366
1.011178,0.994495,1.027366,0.971143
1.014371,1.003229,0.971143,1.000229
0.961639,0.997011,1.000229,1.025823
1.027879,1.014526,1.025823,0.993094
0.990077,0.993409,0.993094,1.019964
1.013363,1.008922,1.019964,0.996701
1.014945,1.012245,0.996701,0.989188
0.987007,0.989023,0.989188,0.979924
0.997806,0.994337,0.979924,1.027089
0.99934,0.995444,1.027089,1.085993
1.082288,1.041419,1.085993,0.987143
0.99817,1.046144,0.987143,0.996072
0.989002,1.0,0.996072,0.969282
0.989086,0.978156,0.969282,1.05182
1.062877,0.99635,1.05182,1.039495
1.004505,1.028017,1.039495,0.9
0.926287,0.963312,0.9,0.979108
0.958316,0.958433,0.979108,0.979773
1.007469,0.981153,0.979773,0.999093
0.983428,1.015969,0.999093,0.990463
0.988692,0.986333,0.990463,0.992435
0.984301,0.984527,0.992435,1.022176
1.013898,1.017124,1.022176,0.987345
1.004494,1.006688,0.987345,1.003433
0.991051,0.993585,1.003433,1.017108
1.026637,1.012912,1.017108,0.98318
0.992524,0.994764,0.98318,0.976505
0.976739,0.979176,0.976505,0.974305
0.97936,0.967516,0.974305,1.050108
1.015053,1.007729,1.050108,1.025342
1.031713,1.035475,1.025342,0.987308
0.992923,1.020833,0.987308,1.0
1.0,1.0,1.0,1.009698
1.018931,1.012472,1.009698,0.961358
0.972459,0.95252,0.961358,1.009991
0.977298,0.989419,1.009991,0.976766
0.99517,1.000713,0.976766,1.004946
0.988445,1.0,1.004946,1.003515
1.015198,1.011399,1.003515,0.978982
0.980884,0.983799,0.978982,1.010735
0.997652,1.002387,1.010735,1.023602
1.030831,1.015476,1.023602,0.966336
0.974886,0.976553,0.966336,0.959198
0.976581,0.961825,0.959198,0.986816
0.969544,0.98652,0.986816,0.994958
0.993816,0.989879,0.994958,0.982265
0.992534,0.989264,0.982265,1.019345
0.992477,0.998708,1.019345,0.991397
1.000505,1.00207,0.991397,0.952272
0.990909,0.957397,0.952272,0.99732
0.957696,0.998652,0.99732,0.984682
0.989622,0.967054,0.984682,1.017194
1.013176,1.022619,1.017194,1.026831
1.016189,1.029492,1.026831,0.991638
1.00235,0.995225,0.991638,0.973386
0.984106,0.984275,0.973386,1.02301
1.002118,1.001354,1.02301,0.97883
0.997358,0.997837,0.97883,1.052447
1.051656,0.998645,1.052447,1.004367
0.998992,1.031479,1.004367,0.986957
0.998487,1.014996,0.986957,1.002591
0.981818,0.99663,1.002591,0.962781
0.996656,0.96749,0.962781,1.003758
0.969548,0.994624,1.003758,1.000267
1.007453,0.984054,1.000267,0.99492
1.011889,1.0195,0.99492,1.012094
1.009922,0.999461,1.012094,0.990706
0.979835,0.997844,0.990706,1.029483
1.01847,0.985683,1.029483,0.994793
1.0,1.041381,0.994793,1.020675
1.015026,0.98,1.020675,1.003333
1.012762,1.036251,1.003333,0.997444
0.986391,1.002332,0.997444,0.991033
0.995657,0.989142,0.991033,0.986556
1.005902,0.993466,0.986556,0.99869
0.978316,0.989213,0.99869,0.99449
0.995567,0.996809,0.99449,1.02058
1.015715,1.006137,1.02058,0.993537
1.01083,1.018298,0.993537,0.976581
0.976276,0.976562,0.976581,0.994138
1.002874,0.994133,0.994138,1.00134
0.983325,0.992758,1.00134,1.029176
1.023847,1.01432,1.029176,0.992458
1.001553,1.013053,0.992458,1.018344
1.010078,0.994741,1.018344,1.014153
1.015093,1.015067,1.014153,1.009388
1.014365,1.022656,1.009388,0.996481
0.993043,1.000509,0.996481,1.002018
1.017013,1.008908,1.002018,1.016113
1.000738,1.001009,1.016113,1.090436
1.091445,1.015121,1.090436,1.009089
1.004054,1.078203,1.009089,1.014636
1.017497,1.014967,1.014636,0.982912
0.991843,0.993194,0.982912,0.98984
1.004223,1.000914,0.98984,1.004334
0.978752,0.98859,1.004334,1.020668
1.026232,1.006694,1.020668,1.0
1.0,1.0,1.0,1.0
1.0,1.0,1.0,1.099911
1.089246,1.1,1.099911,1.049363
1.096095,1.038236,1.049363,1.035473
1.014396,1.011691,1.035473,0.986967
0.988173,1.015216,0.986967,1.000377
0.994292,0.991842,1.000377,1.000754
1.002778,1.003252,1.000754,0.978142
0.985042,0.988561,0.978142,0.968022
0.978628,0.966249,0.968022,0.994627
0.974713,0.986228,0.994627,1.014606
1.005896,1.00081,1.014606,0.996253
0.996092,1.003438,0.996253,0.980008
1.003531,0.99738,0.980008,1.023632
0.992377,0.997373,1.023632,1.003946
1.003939,1.00081,1.003946,0.994497
1.012164,1.014372,0.994497,1.012253
0.998255,1.00898,1.012253,0.960367
0.978058,0.971321,0.960367,0.961374
0.970419,0.941153,0.961374,1.006555
0.984043,0.99524,1.006555,1.002311
1.014553,1.03413,1.002311,1.014462
0.993852,0.981711,1.014462,0.996074
1.010309,1.027837,0.996074,1.010786
0.994898,0.996042,1.010786,1.014981
1.023385,1.018825,1.014981,0.985645
0.992183,0.999179,0.985645,0.974564
0.989697,0.975961,0.974564,0.984424
0.968973,0.974947,0.984424,1.006842
1.010322,1.008206,1.006842,1.033765
1.020017,1.00921,1.033765,0.996097
1.003679,1.02483,0.996097,1.051557
1.045825,1.000207,1.051557,0.998235
0.993963,1.039752,0.998235,0.979961
0.991379,0.985265,0.979961,0.971131
1.009881,0.978375,0.971131,0.994839
0.950685,0.97831,0.994839,0.980909
0.998353,0.996622,0.980909,1.004231
0.981443,0.983263,1.004231,0.970718
0.991597,0.991597,0.970718,0.982856
0.975847,0.972403,0.982856,1.028483
1.014763,1.012291,1.028483,0.986475
1.005135,1.013687,0.986475,0.994995
0.994466,0.99216,0.994995,1.016842
0.995291,0.989903,1.016842,1.000645
1.005806,1.015521,1.000645,1.0
1.0,1.0,1.0,0.998495
1.009194,1.013319,0.998495,0.956297
0.971398,0.956259,0.956297,0.998199
0.973828,0.989184,0.998199,1.057285
1.056663,1.007973,1.057285,0.957765
0.981136,1.012655,0.957765,1.013808
0.984662,0.977684,1.013808,1.005712
1.020184,1.028989,1.005712,1.025994
1.014624,1.020408,1.025994,0.959762
1.003603,0.978261,0.959762,0.971606
0.960929,0.970667,0.971606,0.9
0.9,0.9,0.9,0.914596
0.936469,0.914419,0.914596,0.93322
0.951838,0.905275,0.93322,1.030928
0.929271,0.993108,1.030928,1.016471
1.02459,1.052366,1.016471,1.014468
1.016571,1.032374,1.014468,0.98688
1.000562,0.994193,0.98688,0.951445
0.960674,0.953855,0.951445,1.012151
0.98655,0.993876,1.012151,0.954382
0.983995,0.96488,0.954382,0.986164
0.968675,0.996807,0.986164,1.032526
1.008706,0.98911,1.032526,1.036442
1.056104,1.023964,1.036442,0.992253
1.0,1.041746,0.992253,1.006006
0.995914,1.009107,1.006006,1.081194
1.063892,1.023466,1.081194,0.984539
1.008264,1.038213,0.984539,0.988783
0.984153,0.986976,0.988783,0.994895
0.975014,0.959266,0.994895,1.0
1.030752,1.037679,1.0,1.007982
0.99337,1.002882,1.007982,0.984163
0.998331,0.994828,0.984163,1.033333
1.009471,1.006932,1.033333,1.004449
1.009934,1.005737,1.004449,0.977298
0.980328,1.004564,0.977298,1.007365
1.011706,1.005679,1.007365,1.055681
1.04022,1.012422,1.055681,0.993607
0.995763,1.029002,0.993607,0.956568
0.99734,0.95935,0.956568,1.001121
0.967467,0.99774,1.001121,0.961366
0.975744,0.959796,0.961366,0.980198
0.971186,0.979351,0.980198,0.995841
0.981966,0.987952,0.995841,0.974344
1.000592,0.989634,0.974344,0.98714
0.972173,0.971657,0.98714,0.992556
0.997564,1.012048,0.992556,1.003125
0.992063,0.996241,1.003125,1.018069
1.006154,1.015094,1.018069,0.942472
0.99633,0.947955,0.942472,1.019481
0.994475,1.024837,1.019481,0.984076
0.961728,0.971939,0.984076,0.967638
0.992298,0.97769,0.967638,1.009365
0.983182,0.994631,1.009365,1.010603
1.023026,1.024291,1.010603,0.989508
0.986495,0.974967,0.989508,0.993373
0.988266,1.000676,0.993373,0.978652
0.994063,0.989196,0.978652,0.948194
0.970139,0.948805,0.948194,0.966211
0.963748,0.956835,0.966211,0.934524
0.941803,0.93985,0.934524,1.038217
0.984928,0.988,1.038217,0.992331
0.995409,1.004049,0.992331,1.001546
1.013836,1.034677,1.001546,0.972994
1.00834,0.982073,0.972994,1.0
1.0,1.0,1.0,1.048374
1.015038,1.003968,1.048374,0.996974
0.994815,1.024506,0.996974,0.986343
0.992554,0.996914,0.986343,0.996923
0.978245,0.966718,0.996923,1.003858
1.008436,1.015212,1.003858,1.01691
1.01749,1.030757,1.01691,0.950113
1.008969,0.958684,0.950113,0.970565
0.940741,0.967279,0.970565,1.019672
0.981102,0.981848,1.019672,1.099678
1.097913,1.026891,1.099678,1.1
1.1,1.1,1.1,1.1
1.1,1.096615,1.1,0.980676
1.001208,1.025723,0.980676,0.966749
0.986731,0.963009,0.966749,0.957325
0.97555,0.975911,0.957325,1.099135
1.035714,0.994663,1.099135,0.955206
0.989111,1.046278,0.955206,1.012041
0.992661,1.001923,1.012041,0.991234
0.990758,1.00064,0.991234,0.9741
0.988184,0.969949,0.9741,1.035019
1.029578,1.00857,1.035019,0.978697
0.976773,1.007843,0.978697,1.088988
1.075094,1.008431,1.088988,0.994709
0.993015,1.057878,0.994709,1.005319
1.03517,1.027356,1.005319,1.008818
0.984711,0.965089,1.008818,1.059441
1.06153,1.026364,1.059441,0.988999
0.994583,1.063919,0.988999,0.987764
0.990741,0.988209,0.987764,1.002252
0.993403,0.988636,1.002252,1.008989
1.012175,1.007471,1.008989,0.99833
0.998907,1.002852,0.99833,0.98048
0.98358,0.989761,0.98048,0.991468
0.99054,0.98908,0.991468,0.992542
1.003371,1.003486,0.992542,1.043931
1.013438,0.993631,1.043931,0.998893
1.009945,1.032634,0.998893,1.001663
0.998359,1.004515,1.001663,1.012175
1.018082,1.015169,1.012175,0.985785
1.002153,0.997233,0.985785,0.987243
0.964554,0.979467,0.987243,1.000562
1.014477,0.997167,1.000562,0.99607
0.982986,1.001705,0.99607,1.027057
1.032384,1.008508,1.027057,0.990121
0.995133,1.013498,0.990121,0.983925
0.979891,0.970588,0.983925,0.981972
0.987243,0.994282,0.981972,1.016064
1.002247,1.004025,1.016064,1.027668
1.029148,1.016609,1.027668,0.982967
0.995643,1.0,0.982967,1.020123
1.006565,1.0,1.020123,0.937534
1.007065,0.96169,0.937534,0.975453
0.929843,0.963679,0.975453,1.01438
0.986651,1.004255,1.01438,1.027171
1.024706,1.015738,1.027171,0.974123
1.016073,1.007151,0.974123,1.023613
1.005085,0.998817,1.023613,0.984429
0.980326,1.007109,0.984429,0.980668
0.976491,0.975882,0.980668,1.007168
0.994715,0.996986,1.007168,0.983986
1.009445,0.998791,0.983986,0.913201
0.959649,0.914044,0.913201,0.964356
0.919561,0.947682,0.964356,0.989049
0.980119,0.990915,0.989049,1.053979
1.03313,1.019041,1.053979,0.997374
1.001309,1.034602,0.997374,0.971692
0.990196,0.986622,0.971692,1.038618
1.014521,0.980339,1.038618,0.993477
1.001301,1.030429,0.993477,1.0
1.0,1.0,1.0,1.032173
1.035088,1.04698,1.032173,1.013359
1.016949,0.994231,1.013359,0.966729
0.987037,0.991618,0.966729,1.044156
1.008755,1.008453,1.044156,0.995025
1.00496,1.02579,0.995025,1.02
1.00987,0.999371,1.02,0.980392
1.0,1.0,0.980392,1.00625
0.995113,0.969811,1.00625,1.019255
1.012891,1.02594,1.019255,1.023766
1.042424,1.029077,1.023766,0.986905
0.982558,1.014742,0.986905,1.069964
1.07574,1.01816,1.069964,1.005073
0.994499,1.043401,1.005073,1.008413
1.001106,0.998291,1.008413,0.994994
0.996133,1.002854,0.994994,0.987144
1.0,0.996585,0.987144,0.961495
0.965058,0.968018,0.961495,1.007067
0.991379,0.99705,1.007067,0.990643
1.008696,0.997041,0.990643,0.972255
0.993103,0.973887,0.972255,0.984821
0.946759,0.965265,0.984821,0.992602
1.018949,1.010732,0.992602,1.019255
0.988002,1.004372,1.019255,0.971968
0.988464,0.987562,0.971968,1.015674
1.010442,0.992443,1.015674,1.024074
1.009119,1.032995,1.024074,0.987945
1.003012,0.996929,0.987945,0.989628
0.998799,0.998152,0.989628,0.985203
0.981359,0.97963,0.985203,1.017522
0.996936,0.970384,1.017522,1.01845
1.029502,1.048701,1.01845,0.978865
0.989254,1.000619,0.978865,0.995682
0.983705,0.983911,0.995682,0.990706
0.999387,1.0,0.990706,0.943089
0.96194,0.94717,0.943089,0.996684
0.973835,0.994024,0.996684,1.001331
0.995413,0.995324,1.001331,0.986711
1.005267,0.99396,0.986711,0.989899
0.987557,0.989872,0.989899,1.028571
1.005968,1.004775,1.028571,0.977513
0.985498,0.995927,0.977513,1.015562
1.005351,0.997955,1.015562,0.988008
1.001996,1.012295,0.988008,1.018206
1.004648,0.995951,1.018206,1.007285
1.020489,1.023035,1.007285,0.981591
0.981218,0.984768,0.981591,1.004019
0.99934,1.000672,1.004019,0.961975
0.978864,0.968414,0.961975,0.953537
0.97166,0.950729,0.953537,1.004364
0.965278,0.985401,1.004364,1.013034
1.032374,1.014815,1.013034,0.973553
0.994425,0.992701,0.973553,1.022761
0.976875,0.971324,1.022761,1.005025
1.043759,1.053747,1.005025,0.989286
0.980069,0.986351,0.989286,1.020939
1.001403,1.019665,1.020939,0.970297
0.976891,0.966429,0.970297,1.027697
1.017921,1.002217,1.027697,0.94539
0.980986,0.981563,0.94539,0.993248
0.964106,0.986476,0.993248,1.008308
1.006701,0.998477,1.008308,1.062921
1.068047,1.007628,1.062921,0.982382
0.993075,1.048448,0.982382,0.976327
0.979777,0.981949,0.976327,1.017634
0.992883,0.991176,1.017634,1.024549
1.017921,1.01632,1.024549,0.996476
1.017606,1.027007,0.996476,0.991513
0.990311,0.993603,0.991513,0.991441
0.987421,0.972818,0.991441,1.007194
1.001415,1.001471,1.007194,0.977857
0.991519,1.002203,0.977857,1.003652
0.997149,0.998535,1.003652,1.011645
1.005004,1.006603,1.011645,0.997842
1.009957,1.0,0.997842,0.957462
0.978873,0.959184,0.957462,1.01506
0.985612,1.010638,1.01506,0.974036
0.984672,0.982707,0.974036,1.020564
0.994811,1.00306,1.020564,1.029104
1.031297,1.014493,1.029104,0.997099
1.000723,1.022556,0.997099,1.023273
1.041877,1.011029,1.023273,0.997157
0.979903,1.001455,0.997157,0.990734
0.999293,1.005084,0.990734,0.972662
0.979476,0.975434,0.972662,1.008876
0.986272,0.98,1.008876,0.979472
0.996337,1.005291,0.979472,1.003743
0.992647,0.998496,1.003743,1.008949
1.005926,1.003012,1.008949,0.990392
0.994109,0.993243,0.990392,1.008955
1.006667,1.006047,1.008955,0.984467
0.997792,0.994741,0.984467,1.01127
1.000737,1.003021,1.01127,0.971025
0.983788,0.982681,0.971025,0.96557
0.976779,0.965517,0.96557,1.012678
0.994632,1.0,1.012678,0.981221
0.990748,0.994444,0.981221,1.003987
0.987549,0.982442,1.003987,1.010326
1.013396,1.016247,1.010326,1.011006
1.008554,1.007994,1.011006,0.997667
1.016191,1.009516,0.997667,1.000779
0.981791,0.98586,1.000779,1.008567
1.002318,1.021514,1.008567,1.074131
1.094834,1.014821,1.074131,1.003595
0.996479,1.053805,1.003595,0.989971
0.978799,1.0,0.989971,1.010854
1.021661,1.005106,1.010854,0.976378
0.989399,0.988389,0.976378,1.014663
1.013571,1.009545,1.014663,0.969653
0.983087,0.974545,0.969653,0.982116
0.966308,0.977612,0.982116,1.015933
0.997774,0.998473,1.015933,0.949216
0.998513,0.969419,0.949216,1.012589
0.986597,0.995268,1.012589,1.01554
1.001509,1.0,1.01554,0.986993
0.991711,1.015848,0.986993,0.991473
0.994681,0.99532,0.991473,1.053167
1.05042,1.002351,1.053167,1.030438
1.014545,1.032838,1.030438,0.971182
0.996416,1.010598,0.971182,1.031899
1.008633,1.017228,1.031899,1.001438
1.002853,1.010309,1.001438,0.977746
0.987909,0.991983,0.977746,1.00514
0.9964,0.986774,1.00514,1.003652
1.001445,1.005957,1.003652,0.992722
1.003608,1.006662,0.992722,0.990469
0.991373,0.978676,0.990469,1.025167
1.010152,1.018032,1.025167,0.995668
1.0,1.01476,0.995668,1.006526
0.997846,0.989818,1.006526,0.986311
1.000719,1.0,0.986311,0.978086
0.982746,0.977223,0.978086,0.979836
0.987564,0.984962,0.979836,0.981707
0.976296,0.979389,0.981707,1.000776
0.995448,1.0,1.000776,1.01474
1.001524,1.007015,1.01474,1.022171
1.018265,1.006192,1.022171,1.012715
1.014948,1.015385,1.012715,0.999261
1.002209,1.015909,0.999261,1.016999
1.025716,1.001491,1.016999,0.982558
0.984241,0.991809,0.982558,1.0
0.999272,1.009009,1.0,0.95784
0.972323,0.96131,0.95784,1.002317
0.976779,0.99613,1.002317,1.005393
1.007669,1.000777,1.005393,0.984674
0.999239,0.993789,0.984674,1.009339
0.989337,1.0,1.009339,0.968389
0.992302,0.975,0.968389,0.968949
0.972847,0.960737,0.968949,0.999178
0.976077,0.999166,0.999178,0.990132
1.006536,1.003339,0.990132,1.019103
0.997565,0.990849,1.019103,0.984515
0.991863,1.001679,0.984515,1.000828
1.003281,1.005029,1.000828,0.984285
0.990188,0.99166,0.984285,0.963025
0.97853,0.962994,0.963025,1.001745
0.975527,0.987773,1.001745,0.982578
1.000865,0.992927,0.982578,1.009752
0.991357,0.998219,1.009752,0.924495
0.998256,0.935772,0.924495,1.014245
0.941485,0.99428,1.014245,1.049625
1.054731,1.014382,1.049625,0.985727
0.995602,1.043478,0.985727,1.040724
1.04682,1.0,1.040724,1.010435
0.983966,1.025362,1.010435,1.008606
1.046312,1.001767,1.008606,0.990614
0.964754,1.014109,0.990614,0.973299
0.989805,0.981739,0.973299,1.052212
1.025751,1.0,1.052212,1.030278
1.069456,1.06023,1.030278,0.991837
0.973396,1.006683,0.991837,1.005761
0.996785,1.005809,1.005761,1.012275
1.004032,0.982673,1.012275,1.001617
1.044177,1.038623,1.001617,0.999193
0.966154,0.990299,0.999193,1.027464
1.020701,0.995918,1.027464,0.999214
1.0078,1.032787,0.999214,0.998426
1.013932,1.005556,0.998426,1.00788
0.977863,0.984215,1.00788,1.007037
1.010929,1.014435,1.007037,0.985248
1.017761,0.993676,0.985248,1.012608
0.977997,1.002387,1.012608,0.99144
0.995345,0.992063,0.99144,1.031397
1.02728,1.004,1.031397,0.990868
1.004552,1.024701,0.990868,0.969278
0.982628,0.974339,0.969278,1.029319
0.998463,0.993615,1.029319,1.007698
1.018476,1.036948,1.007698,1.008403
1.034014,1.0,1.008403,0.977273
0.96345,0.995352,0.977273,1.015504
1.005311,1.006226,1.015504,1.021374
1.023396,1.007734,1.021374,0.979073
0.986726,1.0,0.979073,0.985496
0.976831,0.969302,0.985496,0.979086
1.00153,0.989707,0.979086,1.0
0.971734,1.0064,1.0,1.024525
1.019654,1.006359,1.024525,1.010039
1.018504,1.022117,1.010039,1.006881
1.021196,1.008501,1.006881,1.018223
1.014085,1.00613,1.018223,1.000746
0.98538,1.001523,1.000746,1.038748
1.054154,1.020532,1.038748,1.008608
1.01126,1.018629,1.008608,0.992176
0.983299,1.010241,0.992176,0.987097
0.992923,0.989862,0.987097,1.00581
1.004277,1.004389,1.00581,0.969675
0.988644,0.975965,0.969675,0.973939
0.970567,0.970896,0.973939,1.014526
0.982988,1.004612,1.014526,0.959307
0.985704,0.96863,0.959307,0.998429
0.977099,0.99684,0.998429,1.0
1.003906,1.00317,1.0,0.973249
0.982879,0.977093,0.973249,1.005659
0.996041,0.995958,1.005659,1.028939
1.017488,1.006494,1.028939,0.985156
0.998437,1.000806,0.985156,0.942902
0.978091,0.946011,0.942902,1.012616
0.9672,1.005963,1.012616,1.004153
1.006617,1.007621,1.004153,1.024814
1.045193,0.997479,1.024814,0.988701
0.986635,1.023589,0.988701,0.983673
0.972908,0.9893,0.983673,0.988382
1.000819,0.979201,0.988382,1.004198
0.99018,1.007647,1.004198,1.010033
1.002479,0.994098,1.010033,0.984272
1.00742,1.004241,0.984272,0.976451
0.97545,0.978885,0.976451,1.013781
0.994128,0.999137,1.013781,1.024639
1.018565,1.01209,1.024639,0.997512
1.009114,1.020478,0.997512,0.995844
0.990148,0.996656,0.995844,0.999165
1.004146,0.999161,0.999165,0.973266
0.98431,0.973132,0.973266,1.001717
0.988255,0.997412,1.001717,0.982862
0.990662,0.973183,0.982862,0.985179
0.989717,1.002667,0.985179,1.000885
0.988745,0.992908,1.000885,0.994695
0.997373,1.0,0.994695,0.983111
0.996488,0.983036,0.983111,0.986438
0.965639,0.974569,0.986438,1.007333
1.017336,1.015843,1.007333,1.014559
1.0,1.002752,1.014559,0.988341
1.006278,1.006404,0.988341,0.985481
0.983957,0.986364,0.985481,0.957643
0.978261,0.958525,0.957643,1.009615
0.977778,0.975,1.009615,0.989524
0.999053,1.015779,0.989524,1.0
0.994313,0.995146,1.0,1.026949
1.020019,1.014634,1.026949,0.991565
0.993458,1.009615,0.991565,0.960302
0.995296,0.965714,0.960302,1.01378
0.982987,1.003945,1.01378,0.943689
0.982692,0.943026,0.943689,0.968107
0.965753,0.979167,0.968107,0.98406
0.947315,0.974468,0.98406,1.015119
1.018182,1.012009,1.015119,1.014894
1.006303,1.020496,1.014894,1.01782
1.029228,0.995772,1.01782,0.986612
0.992901,1.012739,0.986612,0.97286
0.9857,0.968553,0.97286,1.01824
0.986528,0.996753,1.01824,1.003161
1.00105,1.02063,1.003161,0.97584
1.006296,0.987234,0.97584,1.004306
0.990615,0.996767,1.004306,1.019293
1.002105,0.995676,1.019293,1.099895
1.098739,1.010858,1.099895,1.018164
1.030593,1.097744,1.018164,0.994366
1.000928,1.023483,0.994366,1.003777
1.000927,0.991396,1.003777,0.967074
0.981481,0.990357,0.967074,1.009728
0.983019,0.995131,1.009728,1.00578
1.011516,0.999022,1.00578,1.057471
1.070209,0.998041,1.057471,0.980978
0.98227,1.058881,0.980978,1.0
0.994585,0.991659,1.0,0.993536
1.004537,1.000935,0.993536,0.999071
0.999097,0.981326,0.999071,0.966512
0.971971,0.984776,0.966512,1.021174
0.987907,0.995169,1.021174,0.990575
1.03484,1.019417,0.990575,0.975262
0.969063,0.950476,0.975262,0.932683
0.948357,0.941884,0.932683,0.993724
0.952475,0.985106,0.993724,0.984211
0.989605,0.99892,0.984211,0.974332
0.971639,0.980541,0.974332,1.026345
1.032432,0.970232,1.026345,0.950802
0.968586,1.009091,0.950802,0.99775
0.983784,0.970721,0.99775,0.914318
0.973626,0.939675,0.914318,0.97164
0.931151,0.904938,0.97164,0.994924
0.970909,1.030014,0.994924,0.975765
1.007491,1.006623,0.975765,1.006536
0.995043,0.978947,1.006536,0.990909
0.961395,0.997312,0.990909,1.017038
1.010363,1.018868,1.017038,0.998711
1.00641,0.997354,0.998711,1.033548
1.035669,0.994695,1.033548,0.982522
0.99754,1.048,0.982522,0.92249
0.951911,0.919847,0.92249,1.004132
0.971503,0.994467,1.004132,1.049383
1.026667,1.013908,1.049383,1.04183
1.051948,1.048011,1.04183,0.962359
0.98642,0.998691,0.962359,1.005215
0.982478,0.985583,1.005215,1.005188
0.988535,1.010638,1.005188,1.011613
1.056701,1.010526,1.011613,0.982143
0.958537,0.996094,0.982143,0.967532
0.998728,0.973856,0.967532,0.998658
0.955414,0.974497,0.998658,1.02957
1.038667,1.024793,1.02957,0.980418
0.993582,0.997312,0.980418,1.011984
1.010336,1.005391,1.011984,0.981579
0.970588,0.993298,0.981579,0.975871
0.981555,0.975709,0.975871,1.008242
1.0,1.005533,1.008242,1.017711
1.004027,1.008253,1.017711,1.021419
1.042781,1.012278,1.021419,1.005242
1.003846,1.01752,1.005242,1.08605
1.077905,1.001325,1.08605,1.003601
1.029621,1.059524,1.003601,0.990431
0.98504,1.017478,0.990431,0.975845
0.96729,0.981595,0.975845,1.024752
1.014493,1.005,1.024752,1.080918
1.070238,1.021144,1.080918,0.96648
0.987764,1.048721,0.96648,0.981503
0.995495,0.981417,0.981503,0.982332
0.967195,0.986982,0.982332,0.989209
1.015205,0.977218,0.989209,1.013333
0.973502,0.992638,1.013333,0.978469
0.994083,1.007417,0.978469,1.017115
1.007143,1.004908,1.017115,0.985577
0.991726,0.998779,0.985577,0.979268
0.995232,0.973105,0.979268,1.022416
0.988024,1.008794,1.022416,1.007308
1.008485,1.01868,1.007308,1.013301
1.02524,1.0,1.013301,0.970167
0.982415,0.984108,0.970167,0.99262
0.97494,0.993789,0.99262,1.007435
1.002448,0.99125,1.007435,1.00738
1.007326,1.017654,1.00738,1.032967
1.06303,1.003717,1.032967,0.971631
0.95667,1.007407,0.971631,1.001217
0.989273,1.002451,1.001217,1.020656
1.024096,1.001222,1.020656,1.020238
1.017647,1.021978,1.020238,1.031505
1.052023,1.016726,1.031505,0.987557
0.97033,1.011751,0.987557,0.972509
0.993205,0.976771,0.972509,0.995289
0.976055,0.992866,0.995289,0.96213
0.98715,0.972455,0.96213,1.00123
0.969231,0.986453,1.00123,1.009828
1.009768,1.018727,1.009828,0.982968
0.993954,0.980392,0.982968,0.997525
0.991484,1.0025,0.997525,0.968983
0.997546,0.971322,0.968983,1.014085
0.99754,1.005135,1.014085,1.007576
0.988903,1.007663,1.007576,1.006266
1.003741,0.992395,1.006266,0.997509
0.997516,1.012771,0.997509,1.0
1.014944,0.98739,1.0,1.014981
1.0,1.024266,1.014981,1.00861
1.018405,1.006234,1.00861,0.993902
0.99759,1.0,0.993902,0.965644
0.983092,0.972739,0.965644,1.022872
1.022113,1.006369,1.022872,0.987578
0.961538,0.997468,0.987578,1.040252
1.04375,1.0,1.040252,1.015719
1.019162,1.031726,1.015719,0.986905
0.994125,1.01107,0.986905,0.968637
0.972813,0.974453,0.968637,0.985056
0.982989,0.97628,0.985056,0.970923
0.983931,0.969309,0.970923,0.979167
0.981156,0.976253,0.979167,1.014628
0.985915,1.014865,1.014628,0.996068
0.993506,0.997337,0.996068,1.009211
1.006536,1.009346,1.009211,0.984355
1.011688,0.993386,0.984355,0.994702
0.969191,0.977364,0.994702,0.998668
1.023841,1.010899,0.998668,1.009333
0.989651,1.005391,1.009333,0.978864
0.996078,0.989276,0.978864,0.997301
0.980315,0.993225,0.997301,1.012179
1.016064,1.005457,1.012179,0.973262
0.98419,0.987788,0.973262,1.008242
0.994645,1.001374,1.008242,1.016349
1.013459,1.005487,1.016349,1.024129
1.015936,1.0191,1.024129,0.990838
1.001307,1.009371,0.990838,1.002642
0.998695,0.998674,1.002642,1.01581
1.024837,1.003984,1.01581,0.990921
0.996173,1.009259,0.990921,0.989529
0.980794,0.986894,0.989529,1.001323
0.997389,1.0,1.001323,1.018494
1.01178,1.003984,1.018494,1.015564
1.028461,1.033069,1.015564,0.992337
0.983648,0.987196,0.992337,0.958816
0.994885,0.964981,0.958816,1.018792
0.978149,1.0,1.018792,1.011858
1.017083,1.010753,1.011858,1.002604
1.00646,1.022606,1.002604,1.007792
0.997433,0.996099,1.007792,1.007732
1.019305,1.002611,1.007732,0.997442
1.018939,1.010417,0.997442,0.978205
0.960347,0.978093,0.978205,0.992136
0.992258,0.993412,0.992136,0.997358
0.990897,0.997347,0.997358,0.972185
0.997375,0.973404,0.972185,0.998638
0.972368,0.989071,0.998638,0.998636
0.99594,1.006906,0.998636,0.994536
1.009511,0.995885,0.994536,0.973901
0.990579,0.975207,0.973901,0.990127
0.964674,0.977401,0.990127,1.002849
1.004225,1.008671,1.002849,0.990057
0.992987,0.987106,0.990057,0.971306
0.984463,0.965167,0.971306,1.026588
0.998565,1.007519,1.026588,1.031655
1.030172,1.026866,1.031655,0.994421
1.029289,1.024709,0.994421,0.966339
0.96206,0.965957,0.966339,0.986938
0.966197,0.991189,0.986938,0.957353
0.989796,0.961481,0.957353,1.001536
0.963181,0.992296,1.001536,0.976994
1.003058,0.987578,0.976994,1.00157
0.984756,0.995283,1.00157,0.984326
0.99226,0.984202,0.984326,0.998408
0.99844,1.001605,0.998408,1.012759
0.995312,0.99359,1.012759,0.988976
0.99843,0.996774,0.988976,1.004777
1.011006,1.008091,1.004777,0.969889
0.981337,0.977528,0.969889,0.988562
0.973059,0.985222,0.988562,1.008264
1.003257,1.008333,1.008264,1.02623
1.017857,1.0,1.02623,0.98722
1.004785,1.019835,0.98722,1.021036
1.007937,0.995138,1.021036,0.998415
1.004724,1.011401,0.998415,0.992063
0.996865,0.995169,0.992063,0.9888
0.981132,0.991909,0.9888,0.983819
0.990385,0.978793,0.983819,1.006579
0.991909,1.001667,1.006579,1.019608
1.02447,1.019967,1.019608,1.025641
1.033439,1.011419,1.025641,0.9875
0.979969,1.012903,0.9875,1.001582
1.007862,0.995223,1.001582,1.00158
0.99688,1.0,1.00158,1.009464
1.007825,1.0096,1.009464,0.982812
0.992236,0.990491,0.982812,1.006359
0.99687,0.9968,1.006359,0.99684
1.010989,1.012841,0.99684,0.976228
0.979814,0.973059,0.976228,0.957792
0.969889,0.960912,0.957792,0.972881
0.97549,0.964407,0.972881,0.998258
0.963149,0.98594,0.998258,0.977312
0.994783,0.996435,0.977312,1.0
0.982517,0.9839,1.0,1.003571
1.007117,1.009091,1.003571,0.991103
0.992933,0.990991,0.991103,1.012567
1.033808,1.009091,1.012567,0.989362
0.967298,0.992793,0.989362,0.992832
1.0,1.0,0.992832,0.936823
0.97331,0.936479,0.936823,1.011561
0.978062,0.992248,1.011561,1.005714
1.005607,1.005859,1.005714,1.013258
1.013011,1.017476,1.013258,0.975701
0.966972,0.990458,0.975701,1.028736
1.024668,1.0,1.028736,0.992551
0.996296,1.019268,0.992551,0.998124
0.994424,0.988658,0.998124,0.975564
1.001869,0.988528,0.975564,1.1
1.065299,0.994197,1.1,0.992995
1.003503,1.071984,0.992995,1.001764
0.99651,1.005445,1.001764,0.982394
0.996497,1.001805,0.982394,0.989247
0.989455,0.992793,0.989247,1.0
0.996448,0.99274,1.0,0.980072
0.998217,0.981718,0.980072,1.005545
0.976786,1.0,1.005545,1.029412
1.02925,1.01676,1.029412,0.978571
1.001776,1.001832,0.978571,1.016423
0.989362,0.998172,1.016423,1.025135
1.039427,1.012821,1.025135,0.996497
0.989655,1.0217,0.996497,1.00703
1.003484,0.989381,1.00703,0.984293
0.989583,0.998211,0.984293,1.007092
1.001754,1.005376,1.007092,0.977113
1.001751,0.987522,0.977113,1.003604
0.982517,0.998195,1.003604,0.994614
0.998221,1.001808,0.994614,1.005415
1.008913,0.99278,1.005415,0.965889
0.989399,0.976364,0.965889,1.003717
0.971429,0.990689,1.003717,1.001852
1.003676,1.005639,1.001852,1.001848
1.007326,1.0,1.001848,0.97048
0.992727,0.981308,0.97048,0.965779
0.965201,0.958095,0.965779,1.023622
0.994307,1.00994,1.023622,0.992308
0.996183,1.009843,0.992308,1.007752
1.0,0.986355,1.007752,0.998077
1.007663,1.017787,0.998077,1.003854
1.009506,1.0,1.003854,1.051823
1.071563,1.005825,1.051823,1.005474
0.984183,1.034749,1.005474,1.099819
1.082143,1.026119,1.099819,1.036304
1.1,1.1,1.036304,0.963376
0.937031,0.973984,0.963376,0.947107
0.9728,0.954925,0.947107,1.006981
0.967105,0.982517,1.006981,0.986135
0.981293,0.987544,0.986135,0.984183
0.998267,1.003604,0.984183,1.039286
1.024306,1.0,1.039286,0.97079
0.983051,1.008977,0.97079,1.00177
0.986207,0.992883,1.00177,1.003534
1.003497,1.008961,1.003534,0.982394
0.989547,0.987567,0.982394,1.010753
1.001761,0.998201,1.010753,0.962766
0.994728,0.978378,0.962766,1.0
0.973498,0.992634,1.0,1.001842
1.012704,1.007421,1.001842,0.988971
0.985663,0.981584,0.988971,1.003717
0.985455,0.996248,1.003717,0.992593
0.99631,1.0,0.992593,0.992537
0.998148,1.0,0.992537,1.016917
1.005566,1.0,1.016917,0.996303
0.998155,1.003766,0.996303,0.992579
1.005545,1.0,0.992579,1.003738
1.0,1.0,1.003738,1.005587
0.996324,1.003752,1.005587,0.981481
0.99631,0.990654,0.981481,1.013208
1.005556,0.992453,1.013208,0.959032
0.983425,0.973384,0.959032,1.009709
0.986891,1.003906,1.009709,1.015385
1.009488,1.005837,1.015385,1.007576
1.007519,1.009671,1.007576,0.996241
1.020522,0.996169,0.996241,1.0
0.978062,1.009615,1.0,0.996226
0.998131,1.00381,0.996226,1.011364
1.013109,1.001898,1.011364,1.007491
1.003697,1.007576,1.007491,1.020446
1.025783,1.005639,1.020446,1.0
0.991023,1.013084,1.0,1.014572
1.01087,0.98524,1.014572,1.0
1.02509,1.031835,1.0,1.023339
1.062937,1.016334,1.023339,1.001754
0.962171,1.001786,1.001754,0.992995
0.991453,0.996435,0.992995,1.003527
0.989655,0.998211,1.003527,1.005272
0.996516,1.007168,1.005272,1.008741
1.027972,1.014235,1.008741,0.979203
0.982993,0.989474,0.979203,0.982301
0.980969,0.980496,0.982301,1.001802
0.992945,0.998192,1.001802,0.991007
0.992895,0.998188,0.991007,1.021779
1.0161,0.998185,1.021779,1.005329
1.021127,1.018182,1.005329,1.037102
1.022414,1.010714,1.037102,1.011925
1.01855,1.021201,1.011925,1.030303
1.05298,1.025952,1.030303,0.993464
0.970126,1.013491,0.993464,1.013158
1.032415,1.008319,1.013158,1.019481
0.993721,1.006601,1.019481,0.998408
1.026856,1.009836,0.998408,1.022329
0.990769,1.003247,1.022329,1.00936
1.055901,1.033981,1.00936,1.0
0.960294,0.98748,1.0,0.967543
1.001531,0.990491,0.967543,0.998403
0.964832,0.9888,0.998403,1.0096
1.006339,1.006472,1.0096,0.988906
0.995276,0.996785,0.988906,1.022436
1.014241,0.98871,1.022436,0.970219
0.98908,1.006525,0.970219,1.016155
1.003155,1.001621,1.016155,1.012719
1.012579,1.011327,1.012719,1.012559
1.02795,1.016,1.012559,0.989147
0.975831,1.0,0.989147,0.984326
0.995356,0.979528,0.984326,1.0
0.981337,0.993569,1.0,0.980892
0.995246,0.990291,0.980892,0.969156
0.990446,0.973856,0.969156,1.0
0.971061,0.998322,1.0,1.001675
1.009934,1.001681,1.001675,1.010033
0.991803,0.984899,1.010033,1.009934
1.01157,1.022147,1.009934,1.016393
1.014706,1.015,1.016393,1.006452
1.022544,1.019704,1.006452,1.011218
0.99685,1.003221,1.011218,1.001585
1.004739,1.00321,1.001585,1.0
1.011006,0.9968,1.0,0.990506
0.978227,0.995185,0.990506,0.998403
1.012719,1.001613,0.998403,1.0128
0.993721,1.00161,1.0128,1.018957
1.025276,1.016077,1.018957,0.968992
1.004622,0.988924,0.968992,0.9968
0.966258,0.9824,0.9968,1.022472
1.02381,1.011401,1.022472,1.028257
1.018605,1.019324,1.028257,1.032061
1.09589,1.014218,1.032061,1.001479
0.95,1.028037,1.001479,1.033973
1.03655,1.004545,1.033973,0.98
0.994358,1.024133,0.98,0.991254
0.978723,0.995582,0.991254,1.008824
1.007246,0.998521,1.008824,1.002915
1.027338,1.016296,1.002915,1.00436
0.971989,0.979592,1.00436,1.024602
1.021614,1.008929,1.024602,1.008475
1.040903,1.035398,1.008475,1.058824
1.050136,1.008547,1.058824,0.986772
1.0,1.033898,0.986772,0.979893
0.962581,0.987705,0.979893,0.957592
0.983914,0.964039,0.957592,0.978571
0.953678,0.969871,0.978571,1.007299
0.99,1.007396,1.007299,0.969565
1.001443,0.98091,0.969565,0.992526
0.982709,0.989521,0.992526,0.986446
0.980938,0.981846,0.986446,1.006107
0.992526,1.006163,1.006107,0.990895
0.996988,0.992343,0.990895,1.027565
1.015106,1.009259,1.027565,1.014903
1.02381,1.01682,1.014903,1.004405
1.002907,1.01203,1.004405,1.026316
1.031884,1.008915,1.026316,1.004274
1.011236,1.029455,1.004274,1.014184
1.002778,1.001431,1.014184,0.973427
0.99169,0.991429,0.973427,1.008621
0.984637,0.995677,1.008621,0.980057
1.014184,0.986975,0.980057,1.015988
0.981818,1.008798,1.015988,1.017167
1.029915,1.001453,1.017167,1.042194
1.026279,1.024673,1.042194,0.985155
1.002695,1.024079,0.985155,0.99589
0.99328,0.993084,0.99589,0.984869
0.993234,0.993036,0.984869,0.980447
0.976839,0.97756,0.980447,1.004274
0.986053,1.002869,1.004274,0.994326
1.007072,1.001431,0.994326,1.005706
0.991573,0.987143,1.005706,1.029787
1.045326,1.023155,1.029787,1.023416
1.012195,1.022631,1.023416,0.995962
1.002677,1.008299,0.995962,1.005405
1.024032,1.00823,1.005405,0.989247
0.972621,0.97551,0.989247,1.013587
1.038874,1.012552,1.013587,1.012064
0.984516,1.013774,1.012064,1.038411
1.047182,1.023098,1.038411,1.09949
1.078849,1.055777,1.09949,0.961717
1.019722,1.006289,0.961717,1.004825
0.971559,0.98875,1.004825,0.942377
1.018735,0.986094,0.942377,1.02293
0.927586,0.976923,1.02293,0.997509
1.006196,1.027559,0.997509,1.012484
1.007389,1.006386,1.012484,0.982737
0.988998,0.992386,0.982737,1.040151
1.030902,0.997442,1.040151,0.973462
0.986811,1.021795,0.973462,0.995043
1.008505,1.003764,0.995043,1.049813
1.036145,0.9875,1.049813,1.040332
1.052326,1.068354,1.040332,0.933865
0.954696,0.947867,0.933865,1.001221
0.971065,1.01,1.001221,1.046341
1.023838,1.018564,1.046341,1.026807
1.034924,1.025516,1.026807,0.980704
1.024747,1.007109,0.980704,0.969907
0.948408,0.984706,0.969907,1.041766
1.011574,0.994026,1.041766,1.099656
1.098398,1.045673,1.099656,0.961458
1.03125,1.049425,0.961458,1.002167
0.941414,0.980285,1.002167,0.974054
1.008584,0.995531,0.974054,0.975583
0.971277,0.984287,0.975583,0.969283
0.952903,0.958951,0.969283,1.0
0.994253,1.001189,1.0,0.965962
0.991908,0.972684,0.965962,1.030377
0.98951,0.996337,1.030377,0.998821
1.012956,1.028186,0.998821,0.927981
1.011628,0.924911,0.927981,1.034351
0.93908,1.015464,1.034351,1.03075
1.028152,1.021574,1.03075,1.004773
1.02381,1.028571,1.004773,0.997625
1.0,1.0,0.997625,1.02381
1.015116,0.997585,1.02381,0.996512
1.009164,1.012107,0.996512,0.97783
0.969353,0.998804,0.97783,0.986874
0.98829,0.977246,0.986874,0.975816
0.988152,0.98652,0.975816,0.980173
0.968825,0.981366,0.980173,1.022756
1.001238,1.002532,1.022756,0.998764
1.032138,1.020202,0.998764,0.97401
0.983234,0.971535,0.97401,0.951715
0.962241,0.938854,0.951715,0.99733
0.956962,1.002714,0.99733,1.012048
1.001323,1.008119,1.012048,1.003968
1.010568,1.009396,1.003968,1.017128
1.013072,0.992021,1.017128,1.002591
1.012903,1.032172,1.002591,1.014212
1.0,0.98961,1.014212,1.008917
1.056051,1.038058,1.008917,0.997475
0.960193,0.99115,0.997475,1.035443
1.030151,1.0,1.035443,0.991443
1.003659,1.02551,0.991443,1.067818
1.08384,1.001244,1.067818,0.990762
0.984305,1.04472,0.990762,1.005828
0.992027,1.010702,1.005828,0.964079
1.032147,0.976471,0.964079,1.078125
1.017798,1.020482,1.078125,0.981048
0.967213,0.992916,0.981048,0.993182
1.014689,1.027348,0.993182,0.981693
0.976615,0.980324,0.981693,1.022145
1.010262,0.998819,1.022145,0.994299
1.018059,1.020095,0.994299,1.012615
0.98337,0.995365,1.012615,1.01359
1.012401,1.01979,1.01359,1.017877
1.016704,1.018265,1.017877,1.0
1.012048,1.008969,1.0,0.992316
0.993506,0.995556,0.992316,1.021018
1.019608,1.007812,1.021018,0.976165
0.986111,0.967885,0.976165,0.988901
0.975081,1.009153,0.988901,1.026936
1.026667,1.002268,1.026936,1.005464
1.010823,1.031674,1.005464,1.020652
1.033191,1.005482,1.020652,0.970181
0.98342,0.991276,0.970181,1.020856
0.992624,0.992299,1.020856,1.011828
1.006369,1.017738,1.011828,1.010627
1.010549,1.010893,1.010627,1.026288
1.028184,1.025862,1.026288,0.976434
0.988832,0.982143,0.976434,0.975866
0.975359,0.962567,0.975866,1.029032
1.013684,1.026667,1.029032,1.014629
1.01973,1.031385,1.014629,0.991761
1.016293,1.005247,0.991761,0.957425
0.987976,0.960334,0.957425,1.027115
0.970588,0.988043,1.027115,1.022175
1.026123,1.046205,1.022175,1.002066
1.077393,1.006309,1.002066,1.037113
0.961248,1.003135,1.037113,1.016899
1.023599,1.04375,1.016899,1.02346
1.037464,1.008982,1.02346,1.00191
1.003704,1.003956,1.00191,1.022879
1.002768,1.02266,1.022879,0.958062
0.99908,0.973988,0.958062,1.011673
0.960405,0.984174,1.011673,0.961538
0.995206,1.003015,0.961538,1.003
0.977842,0.987976,1.003,0.95015
1.006897,0.943205,0.95015,0.949633
0.936399,0.965591,0.949633,0.966851
0.948798,0.964365,0.966851,1.026286
0.990088,1.010393,1.026286,1.028953
1.030033,1.017143,1.028953,0.994589
1.0,1.021348,0.994589,1.001088
1.00432,0.9956,1.001088,0.991304
0.990323,0.99558,0.991304,0.971491
0.991314,0.978912,0.971491,1.013544
0.992333,0.987528,1.013544,1.022272
1.014349,1.025258,1.022272,0.995643
1.010881,1.020157,0.995643,1.013129
1.004306,0.990121,1.013129,1.050756
1.04716,1.026608,1.050756,1.017472
1.018424,1.035637,1.017472,1.017172
1.019095,1.014599,1.017172,1.034757
1.048323,1.02261,1.034757,0.928983
1.007526,0.970854,0.928983,0.996901
0.933707,0.975155,0.996901,1.1
1.062,1.023355,1.1,1.0
1.016949,1.065353,1.0,1.007533
1.032407,1.011685,1.007533,1.07757
1.046637,0.973051,1.07757,0.992194
1.023993,1.1,0.992194,0.999126
0.973222,0.991971,0.999126,1.022747
1.031814,1.008993,1.022747,0.980325
0.993333,1.00713,0.980325,0.992147
0.970638,0.984956,0.992147,1.027265
1.035436,1.012579,1.027265,1.0
1.010017,1.019521,1.0,0.973459
0.980992,0.983464,0.973459,1.023747
0.992418,0.953097,1.023747,0.957904
1.000849,1.028784,0.957904,0.900448
0.939779,0.906137,0.900448,1.010956
0.927798,0.946215,1.010956,1.046305
1.036965,1.072632,1.046305,0.952919
1.010319,0.981354,0.952919,0.900198
0.936862,0.911,0.900198,0.954995
0.941526,0.90011,0.954995,1.051724
0.975789,0.976829,1.051724,0.915847
1.0,1.044944,0.915847,0.9
0.920173,0.900836,0.9,0.900531
0.9,0.900531,0.900531,0.954345
0.982895,0.9,0.954345,0.902778
0.9,0.954173,0.902778,0.950427
0.925278,0.903945,0.950427,1.1
1.051546,1.037951,1.1,1.099673
1.099673,1.1,1.099673,1.099554
1.099554,1.093248,1.099554,0.964865
1.040541,1.030882,0.964865,0.90056
0.907792,0.917261,0.90056,1.040435
0.97568,0.962675,1.040435,1.059791
1.052786,1.080775,1.059791,0.99859
1.016713,1.037369,0.99859,1.00565
0.983562,0.98415,1.00565,1.0
1.0,1.0,1.0,1.030899
1.033426,1.027818,1.030899,0.991826
1.051213,1.025641,0.991826,0.9
0.924359,0.909722,0.9,0.983206
0.912621,0.90229,0.983206,1.051242
1.033435,1.069374,1.051242,0.958641
1.008824,1.022152,0.958641,1.0
0.957726,0.98452,1.0,1.038521
1.028919,0.990566,1.038521,1.068249
1.069527,1.050794,1.068249,0.975
0.993084,1.042296,0.975,1.021368
1.036212,0.988406,1.021368,1.013947
0.985215,1.039589,1.013947,1.035763
1.035471,1.016925,1.035763,0.98672
0.998682,1.018031,0.98672,0.997308
1.006596,0.990463,0.997308,1.014845
0.990826,0.997249,1.014845,0.989362
1.02381,1.024828,0.989362,1.016129
0.984496,0.978466,1.016129,0.907407
1.011811,0.935351,0.907407,1.033528
0.928664,0.955882,1.033528,0.984485
1.00838,1.070769,0.984485,0.939828
0.957064,0.929598,0.939828,0.9
0.924747,0.911901,0.9,0.9
0.9,0.9,0.9,1.039548
1.010772,0.952919,1.039548,1.047101
1.033748,1.073123,1.047101,1.048443
1.046392,1.051565,1.048443,0.950495
0.973727,1.003503,0.950495,0.977431
0.994941,0.972077,0.977431,0.953819
0.962712,0.942549,0.953819,1.014898
0.996479,1.028571,1.014898,1.040367
1.007067,0.998148,1.040367,1.037037
1.042105,1.044527,1.037037,0.988095
0.993266,1.007105,0.988095,0.994836
0.988136,1.0,0.994836,0.941176
1.0,0.917108,0.941176,0.988971
0.989708,1.005769,0.988971,1.092937
1.024263,0.99044,1.092937,0.960884
1.010152,1.088803,0.960884,0.99292
0.956449,0.975177,0.99292,1.032086
1.021016,0.994545,1.032086,1.010363
1.027444,1.053016,1.010363,0.957265
0.966611,0.963542,0.957265,1.1
1.063903,1.010811,1.1,1.1
1.1,1.058824,1.1,1.022124
1.036873,1.050505,1.022124,0.900433
0.945946,1.0,0.900433,1.0
0.957895,0.967949,1.0,1.008013
1.018838,1.034768,1.008013,0.99682
0.990755,0.984,0.99682,1.031898
1.040435,1.014634,1.031898,1.01391
0.988042,1.003205,1.01391,0.974085
1.019667,1.009585,0.974085,1.023474
0.97181,0.984177,1.023474,1.024465
1.033588,1.040193,1.024465,1.029851
1.035451,1.01391,1.029851,1.023188
1.039943,1.028963,1.023188,0.9
0.954733,0.940741,0.9,1.017323
0.935345,0.970079,1.017323,1.013932
1.013825,1.030844,1.013932,0.99084
1.007576,1.011024,0.99084,0.978428
0.968421,0.948598,0.978428,0.974803
0.992236,1.013136,0.974803,1.01454
0.992175,1.001621,1.01454,0.980892
0.987382,0.990291,0.980892,0.983766
0.98722,0.986928,0.983766,1.00495
0.990291,0.995033,1.00495,1.037767
1.037582,1.011647,1.037767,1.02057
1.03622,1.036184,1.02057,1.009302
0.995441,1.015873,1.009302,1.02765
1.045802,1.003125,1.02765,1.011958
0.99562,1.015576,1.011958,0.98966
1.001466,1.016871,0.98966,0.989552
0.995608,0.998492,0.989552,0.963801
0.973529,0.960725,0.963801,1.017214
0.981873,0.974843,1.017214,1.007692
1.033846,1.048387,1.007692,0.981679
0.982143,0.984615,0.981679,1.026439
1.007576,1.0,1.026439,0.995455
0.996992,1.020312,0.995455,0.972603
0.993967,0.977029,0.972603,0.99061
0.975721,0.976489,0.99061,1.012638
0.998445,1.011236,1.012638,1.00936
1.024922,1.01746,1.00936,0.913447
0.981763,0.909516,0.913447,0.988156
0.924149,0.96741,0.988156,1.001712
0.9933,1.024823,1.001712,1.025641
1.013491,1.00346,1.025641,1.01
1.018303,1.024138,1.01,0.990099
0.996732,0.998316,0.990099,1.011667
0.996721,1.008432,1.011667,0.976936
0.991776,0.981605,0.976936,1.020236
1.004975,0.988075,1.020236,1.01157
1.072607,1.053448,1.01157,0.988562
0.938462,0.967267,0.988562,1.046281
1.037705,1.00846,1.046281,0.979463
1.0,1.026846,0.979463,0.998387
0.992101,1.001634,0.998387,1.01454
1.007962,1.009788,1.01454,0.995223
0.992101,0.996769,0.995223,1.0272
1.031847,1.004862,1.0272,1.0
0.996914,1.025806,1.0,1.023364
1.018576,1.004717,1.023364,1.0
1.027356,1.00626,1.0,0.989346
0.968935,0.995334,0.989346,0.966154
1.0,0.978125,0.966154,1.011146
0.972519,0.985623,1.011146,1.004724
1.006279,1.016207,1.004724,0.985893
1.00624,1.00319,0.985893,0.920509
0.975194,0.91256,0.920509,1.003454
0.941176,0.97561,1.003454,1.099828
1.079392,1.0375,1.099828,0.901408
1.00939,0.989673,0.901408,1.1
0.982946,1.043478,1.1,1.037855
1.099369,1.083333,1.037855,0.975684
0.961263,0.910769,0.975684,0.964174
1.007463,1.02027,0.964174,1.030695
0.974815,0.922185,1.030695,0.901254
0.962006,1.030521,0.901254,0.93913
0.9,0.905923,0.93913,1.014815
0.992883,1.019231,1.014815,0.990876
0.994624,0.986792,0.990876,0.966851
1.009009,0.996176,0.966851,1.04
1.005357,1.013436,1.04,1.02381
1.010657,1.032197,1.02381,0.928444
0.964851,0.93578,0.928444,1.013487
0.983607,0.994118,1.013487,0.942966
0.966667,0.976331,0.942966,1.014113
0.978927,0.991919,1.014113,0.930417
0.978474,0.936864,0.930417,1.017094
0.96,1.01087,1.017094,0.995798
0.991667,0.980645,0.995798,1.018987
1.021008,1.037281,1.018987,0.995859
1.004115,1.008457,0.995859,1.004158
0.997951,0.979036,1.004158,1.028986
1.034908,1.034261,1.028986,1.016097
1.015873,1.020704,1.016097,1.00396
1.021484,1.014199,1.00396,0.996055
0.975143,1.002,0.996055,1.1
1.090196,1.00998,1.1,1.023381
1.039568,1.067194,1.023381,0.97188
0.972318,1.009259,0.97188,0.902351
1.001779,0.913761,0.902351,1.042084
0.950266,0.991968,1.042084,0.963462
0.996262,0.947368,0.963462,1.033932
0.981238,1.053419,1.033932,1.059846
1.057361,1.03854,1.059846,0.989071
1.014467,1.048828,0.989071,1.005525
1.01426,0.970205,1.005525,1.047619
1.010545,1.049904,1.047619,0.982517
1.036522,1.005484,0.982517,0.935943
0.902685,0.938182,0.935943,0.969582
0.990706,0.984496,0.969582,1.001961
0.973734,0.98622,1.001961,1.027397
1.028902,1.023952,1.027397,0.986667
0.983146,0.996101,0.986667,0.982625
0.998095,0.990215,0.982625,1.021611
0.996183,1.001976,1.021611,1.026923
1.02682,1.023669,1.026923,1.031835
1.029851,1.021195,1.031835,0.978221
0.987319,1.00566,0.978221,1.003711
1.001835,1.007505,1.003711,0.961183
0.979853,0.968343,0.961183,1.013462
0.985047,0.998077,1.013462,0.988615
1.011385,0.998073,0.988615,0.994242
0.983114,0.988417,0.994242,1.025097
1.013359,1.015625,1.025097,1.001883
1.011299,1.009615,1.001883,1.009398
1.005587,1.007619,1.009398,1.01676
1.012963,1.009452,1.01676,1.007326
1.010969,1.003745,1.007326,0.996364
1.016275,1.018657,0.996364,1.036496
1.012456,0.996337,1.036496,1.1
1.098418,1.047794,1.1,1.0944
1.1,1.066667,1.0944,1.04386
1.0625,1.1,1.04386,0.931373
0.964432,0.957353,0.931373,0.972932
0.934752,0.976959,0.972932,0.993818
0.98786,0.982704,0.993818,0.986003
0.995392,1.0016,0.986003,0.951104
0.99537,0.93131,0.951104,1.016584
0.981395,1.034305,1.016584,1.003263
0.974724,0.971808,1.003263,1.013008
1.017828,1.02901,1.013008,0.983949
1.017516,0.996683,0.983949,0.97553
0.962441,0.988353,0.97553,1.003344
0.977236,0.973064,1.003344,1.008333
1.013311,1.024221,1.008333,1.013223
1.00821,1.005068,1.013223,0.985318
0.996743,1.005042,0.985318,1.008278
1.001634,0.994983,1.008278,0.935961
0.993475,0.952941,0.935961,0.935088
0.931034,0.920635,0.935088,0.994371
0.94709,1.007663,0.994371,0.99434
1.009311,1.001901,0.99434,1.00759
0.98155,0.952562,1.00759,0.996234
1.013158,1.041833,0.996234,1.009452
0.992579,0.998088,1.009452,1.007491
1.039252,1.02682,1.007491,0.968401
0.965827,0.960821,0.968401,0.998081
0.986965,1.005825,0.998081,1.007692
0.990566,0.980695,1.007692,1.003817
1.015238,1.029528,1.003817,0.98289
0.986867,0.978967,0.98289,1.030948
1.028517,1.013672,1.030948,0.996248
0.998152,1.0,0.996248,0.996234
0.994444,1.007707,0.996234,0.988658
0.994413,0.996176,0.988658,1.038241
1.018727,1.007678,1.038241,0.996317
1.016544,1.028571,0.996317,1.018484
1.01085,0.998148,1.018484,0.99274
0.985689,0.983302,0.99274,0.992687
0.994555,1.016981,0.992687,0.996317
0.998175,1.0,0.996317,0.996303
0.992687,0.988868,0.996303,0.948052
0.979742,0.956848,0.948052,0.996086
0.966165,0.990196,0.996086,1.019646
1.01751,0.994059,1.019646,0.992293
0.994264,1.017928,0.992293,1.071845
1.090385,1.015656,1.071845,0.972826
0.962963,1.025048,0.972826,0.990689
1.003663,0.99812,0.990689,1.031955
1.005474,0.996234,1.031955,0.994536
1.012704,1.022684,0.994536,0.970696
0.987455,0.948244,0.970696,1.035849
1.00726,1.023392,1.035849,1.007286
1.001802,1.032381,1.007286,0.994575
1.007194,1.009225,0.994575,1.003636
0.996429,1.003656,1.003636,0.994565
1.003584,0.996357,0.994565,1.04918
1.0375,0.994516,1.04918,1.003472
1.012048,1.049632,1.003472,1.00346
0.998299,0.996497,1.00346,1.02069
1.017036,1.01406,1.02069,0.974662
0.994975,0.994801,0.974662,1.029463
1.057239,1.005226,1.029463,1.052189
1.028662,1.034662,1.052189,0.9952
0.975232,1.023451,0.9952,0.990354
0.995238,0.99018,0.990354,0.980519
0.99681,0.993388,0.980519,0.983444
0.9696,0.978369,0.983444,1.008418
0.990099,0.994898,1.008418,0.988314
1.001667,1.011966,0.988314,1.001689
1.009983,0.996622,1.001689,0.98145
0.981878,0.977966,0.98145,1.006873
0.988255,1.0,1.006873,1.023891
1.018676,1.012132,1.023891,0.946667
1.005,0.953767,0.946667,1.015845
0.970149,1.012567,1.015845,1.006932
1.013675,1.015957,1.006932,1.010327
0.993255,0.993019,1.010327,1.006814
1.005093,1.019332,1.006814,1.003384
1.013514,1.012069,1.003384,0.993255
0.993333,0.996593,0.993255,1.0
0.996644,1.0,1.0,1.056027
1.053872,1.011966,1.056027,0.985531
0.990415,1.023649,0.985531,1.019576
1.056452,1.006601,1.019576,1.008
0.996947,1.018033,1.008,1.007937
0.97856,0.985507,1.007937,1.0
1.015649,1.022876,1.0,1.018898
1.012327,1.009585,1.018898,0.981453
0.990868,1.001582,0.981453,0.981102
0.99232,0.974724,0.981102,1.001605
0.970588,0.990276,1.001605,0.995192
0.998405,1.003273,0.995192,0.995169
0.998403,1.0,0.995169,0.996764
0.992,1.0,0.996764,0.983766
0.995161,0.978793,0.983766,1.0
0.995138,1.003333,1.0,1.00495
0.998371,1.006645,1.00495,1.00821
1.006525,1.00495,1.00821,1.011401
1.011345,1.011494,1.011401,0.972625
0.996795,0.978896,0.972625,1.004967
0.983923,0.995025,1.004967,1.018122
1.03268,1.016667,1.018122,1.011327
0.992089,1.006557,1.011327,0.984
0.995215,0.996743,0.984,1.01626
1.003205,0.998366,1.01626,0.9824
1.009585,1.00491,0.9824,0.952769
0.960443,0.947883,0.952769,1.003419
0.976936,1.005155,1.003419,1.001704
1.008432,0.998291,1.001704,1.011905
1.0,1.010274,1.011905,1.008403
1.011706,1.0,1.008403,0.998333
0.998347,1.00678,0.998333,1.010017
1.016556,1.013468,1.010017,0.996694
0.991857,0.996678,0.996694,0.986733
1.009852,0.985,0.986733,1.005042
0.973984,0.993232,1.005042,1.001672
1.010017,1.013629,1.001672,1.03005
1.026446,1.023529,1.03005,1.016207
1.014493,1.004926,1.016207,1.009569
1.020635,1.019608,1.009569,1.004739
0.990669,1.004808,1.004739,0.992138
0.99686,0.998405,0.992138,1.0
1.011024,1.003195,1.0,1.0
0.984424,0.985669,1.0,1.050713
1.098101,1.022617,1.050713,1.010558
0.969741,1.025276,1.010558,0.992537
1.034175,1.016949,0.992537,0.995489
0.96408,0.990909,0.995489,0.992447
0.989568,0.986239,0.992447,1.1
1.088855,1.020155,1.1,1.060858
1.091286,1.094225,1.060858,0.95176
0.956907,1.011111,0.95176,1.006849
0.986755,0.986264,1.006849,0.989116
0.995973,1.001393,0.989116,1.004127
0.987871,0.993046,1.004127,0.99863
1.00955,1.004202,0.99863,0.971193
1.012162,0.983264,0.971193,1.016949
0.965287,0.985816,1.016949,1.009722
1.041494,1.031655,1.009722,1.020633
1.017264,1.011158,1.020633,0.971698
0.967363,0.986207,0.971698,1.006935
0.987854,0.983217,1.006935,1.002755
1.006831,1.025605,1.002755,1.039835
1.069199,1.001387,1.039835,1.040951
1.03934,1.029086,1.040951,0.968274
0.981685,1.018843,0.968274,0.992136
0.956468,0.985469,0.992136,1.005284
0.9987,0.99866,1.005284,0.969777
0.986979,0.986577,0.969777,0.987805
0.989446,0.987755,0.987805,1.027435
1.005333,1.012397,1.027435,0.971963
0.997347,0.979592,0.971963,1.004121
0.99867,1.008333,1.004121,0.99316
0.969374,0.96832,0.99316,1.011019
1.013736,1.02845,1.011019,0.967302
0.98645,0.972337,0.967302,0.969014
0.967033,0.970128,0.969014,1.014535
1.002841,1.010264,1.014535,0.982808
0.997167,0.98984,0.982808,1.014577
0.988636,0.994135,1.014577,0.989943
1.007184,1.016224,0.989943,1.024673
1.011412,0.995646,1.024673,0.985836
0.994358,1.010204,0.985836,0.994253
0.987234,0.991342,0.994253,0.946532
1.005747,0.950509,0.946532,1.0
0.94,0.981623,1.0,0.998473
1.010638,1.00312,0.998473,1.006116
1.010526,1.012442,1.006116,1.00152
0.988095,1.004608,1.00152,1.004552
1.0,0.996942,1.004552,0.993958
1.0,1.0,0.993958,1.006079
0.998494,1.007669,1.006079,0.986405
0.996983,0.989346,0.986405,0.966309
0.987897,0.967692,0.966309,0.990491
0.958652,0.968203,0.990491,0.9984
1.001597,1.01642,0.9984,1.001603
1.00638,1.0,1.001603,1.0048
1.001585,1.001616,1.0048,0.998408
1.0,1.006452,0.998408,1.017544
1.015823,1.008013,1.017544,1.010972
1.007788,1.011129,1.010972,1.007752
1.026275,1.011006,1.007752,1.006154
0.995482,1.006221,1.006154,1.013761
1.003026,1.004637,1.013761,1.003017
1.021116,1.007692,1.003017,0.978947
0.994092,0.99084,0.978947,0.980031
0.971768,0.979969,0.980031,1.0
0.989297,0.995283,1.0,0.976489
1.001546,0.963665,0.976489,1.004815
0.975309,1.013115,1.004815,1.015974
1.009494,1.008091,1.015974,1.001572
1.007837,1.011236,1.001572,1.012559
1.004666,1.004762,1.012559,1.020155
1.03096,1.017378,1.020155,1.006079
1.001502,1.012422,1.006079,0.998489
0.991004,1.003067,0.998489,1.013616
1.018154,1.010703,1.013616,0.99403
1.013373,1.006051,0.99403,1.010511
0.98827,0.996992,1.010511,0.992571
1.002967,1.001508,0.992571,1.017964
1.007396,0.995482,1.017964,1.007353
1.020558,1.024206,1.007353,1.018978
1.017266,1.01034,1.018978,1.1
1.08628,1.033626,1.1,1.022135
1.036458,1.069307,1.022135,0.965605
0.973618,0.994709,0.965605,1.003958
0.99871,1.00266,1.003958,0.968463
0.98062,0.96817,0.968463,1.02578
1.009223,1.019178,1.02578,1.002646
1.003916,0.997312,1.002646,1.003958
0.9987,1.013477,1.003958,0.984231
1.009115,0.982713,0.984231,0.998665
0.969032,0.991881,0.998665,1.005348
1.027963,1.023192,1.005348,1.011968
0.992228,0.996,1.011968,1.032852
1.037859,1.014726,1.032852,0.984733
0.992453,1.01715,0.984733,0.979328
0.973384,0.975357,0.979328,1.009235
1.018229,1.007979,1.009235,0.979085
0.991049,0.98285,0.979085,1.00267
0.972903,0.998658,1.00267,0.970706
0.98939,0.969086,0.970706,1.00823
1.0,1.011096,1.00823,1.046259
1.048257,1.002743,1.046259,0.989597
0.993606,1.038304,0.989597,1.014455
0.998713,1.002635,1.014455,1.009067
1.01933,1.014455,1.009067,0.993582
1.003793,0.988342,0.993582,1.054264
1.065491,1.038008,1.054264,0.979167
0.972813,1.003788,0.979167,1.010013
0.993925,0.988679,1.010013,0.996283
0.998778,1.005089,0.996283,0.996269
0.996328,1.005063,0.996269,0.962547
0.9914,0.969773,0.962547,1.015564
0.981413,0.997403,1.015564,1.048531
1.051768,1.023438,1.048531,1.014616
1.046819,1.044529,1.014616,1.055222
1.011468,1.001218,1.055222,1.005688
1.034014,1.059611,1.005688,0.996606
0.968202,0.98163,0.996606,1.019296
1.026048,1.011696,1.019296,1.003341
1.014349,1.027746,1.003341,0.90566
0.952122,0.912261,0.90566,1.0
0.941714,0.990136,1.0,0.98652
1.001214,1.001245,0.98652,0.975155
0.981818,0.968905,0.975155,1.0
0.979012,0.985879,1.0,0.996178
1.002522,1.016927,0.996178,0.964194
0.979874,0.956466,0.964194,0.997347
0.973042,0.982597,0.997347,1.025266
1.01847,1.021798,1.025266,0.998703
1.006477,0.994667,0.998703,0.997403
1.0,1.012064,0.997403,1.020833
1.011583,1.011921,1.020833,0.991071
1.002545,1.001309,0.991071,1.0
0.989848,1.006536,1.0,0.978121
1.002564,0.983117,0.978121,1.005263
0.982097,0.990753,1.005263,0.971204
0.994792,0.988,0.971204,0.944744
0.962042,0.935223,0.944744,0.991441
0.957823,0.992785,0.991441,1.010072
1.002841,1.002907,1.010072,0.961538
0.998584,0.975362,0.961538,1.001481
0.963121,0.976226,1.001481,1.013314
1.011782,1.021309,1.013314,1.00146
1.014556,1.017884,1.00146,1.026239
1.012912,0.992679,1.026239,0.992898
1.012748,1.026549,0.992898,1.0
0.987413,0.991379,1.0,0.989986
0.994334,1.001449,0.989986,0.995665
1.008547,0.992764,0.995665,0.997097
0.991525,0.988338,0.997097,0.998544
0.982906,0.988201,0.998544,1.053936
1.050725,1.016418,1.053936,0.991701
1.012414,1.048458,0.991701,0.990237
0.990463,0.991597,0.990237,0.991549
0.984869,0.987288,0.991549,1.022727
1.00838,1.001431,1.022727,1.008333
1.033241,1.031429,1.008333,1.015152
0.991957,0.99446,1.015152,1.009498
1.006757,1.006964,1.009498,0.986559
0.998658,1.006916,0.986559,1.001362
0.990591,0.998626,1.001362,0.995918
1.009498,1.005502,0.995918,1.034153
1.034946,0.997264,1.034153,1.009247
0.997403,1.030178,1.009247,0.997382
1.007812,1.009321,0.997382,0.997375
0.989664,0.993404,0.997375,1.023684
1.023499,1.002656,1.023684,0.993573
0.997449,1.019868,0.993573,1.009056
0.998721,0.994805,1.009056,0.988462
1.008963,1.003916,0.988462,1.002594
0.992386,0.979194,1.002594,1.023286
1.016624,1.021248,1.023286,1.011378
1.018868,1.018205,1.011378,1.01125
1.012346,1.010217,1.01125,1.012361
1.019512,1.02402,1.012361,0.992674
0.982057,0.993827,0.992674,1.03075
1.025579,1.002484,1.03075,0.995227
0.992874,1.022305,0.995227,1.003597
1.016746,1.009697,1.003597,1.014337
1.028235,1.009604,1.014337,1.045936
1.024027,1.002378,1.045936,1.016892
1.025698,1.045077,1.016892,0.951274
0.984749,0.970488,0.951274,1.039581
0.99115,0.990643,1.039581,1.052632
1.077009,1.081464,1.052632,1.007447
0.997927,1.017467,1.007447,1.044351
1.062305,0.98176,1.044351,1.070779
1.042033,1.063388,1.070779,1.1
1.092871,1.075026,1.1,1.019742
1.030043,1.082218,1.019742,1.023569
1.040833,1.025618,1.023569,0.972039
0.980785,0.992248,0.972039,0.999154
0.969796,0.993056,0.999154,1.0
1.030303,1.01486,1.0,0.916173
0.955065,0.922481,0.916173,1.015712
0.952951,1.004669,1.015712,1.084622
1.085278,1.018587,1.084622,0.942953
0.979322,1.013686,0.942953,1.008897
1.01098,1.0045,1.008897,1.0194
0.969089,0.99552,1.0194,0.967993
1.064655,1.0036,0.967993,1.06613
0.968421,0.965919,1.06613,0.974015
1.01087,1.056639,0.974015,1.099828
1.057072,0.999121,1.099828,0.969484
0.984351,1.060686,0.969484,0.9
0.991256,0.924544,0.9,1.013453
0.921411,0.986547,1.013453,1.002655
1.003481,0.989091,1.002655,0.992056
1.004337,1.014706,0.992056,1.05427
1.029361,1.024457,1.05427,1.003376
1.0,1.017683,1.003376,1.003364
1.028523,1.011295,1.003364,0.9715
0.969821,0.99055,0.9715,0.958585
0.965517,0.950564,0.958585,0.9982
0.978223,0.994526,0.9982,1.035167
1.048085,1.022936,1.035167,1.015679
0.992353,1.010762,1.015679,0.98542
1.020548,1.015084,0.98542,1.05396
1.057047,0.988636,1.05396,1.045417
1.027778,1.051282,1.045417,1.016588
1.04556,1.066442,1.016588,0.986014
0.963072,0.977918,0.986014,1.009456
1.000767,1.004839,1.009456,0.976581
0.990805,1.00321,0.976581,1.003197
0.993039,0.9904,1.003197,0.994422
1.003894,0.99273,0.994422,1.018429
0.989139,0.988609,1.018429,0.990559
1.021176,1.032922,0.990559,1.01668
0.997696,0.996813,1.01668,0.974219
0.990762,0.989608,0.974219,0.926223
0.968143,0.92084,0.926223,1.006061
0.935795,1.0,1.006061,0.998279
1.015437,1.012281,0.998279,1.015517
1.000845,0.993934,1.015517,0.967742
0.993249,0.992153,0.967742,1.005263
0.984707,0.983304,1.005263,0.966841
0.989646,0.982127,0.966841,1.013538
0.99041,1.010009,1.013538,1.023152
1.022887,1.011712,1.023152,0.978242
0.987091,0.99911,0.978242,1.012456
0.994769,0.994652,1.012456,0.995606
1.011394,1.006272,0.995606,0.970874
0.979203,0.96171,0.970874,0.993636
0.980531,1.001852,0.993636,0.982617
0.997292,0.971349,0.982617,1.027002
1.002715,1.021884,1.027002,0.999093
1.009025,1.004655,0.999093,0.983666
0.982111,1.000927,0.983666,0.967712
0.999089,0.965741,0.967712,0.973308
0.946217,0.972196,0.973308,1.024486
1.009634,1.003945,1.024486,0.997132
0.997137,1.003929,0.997132,1.004794
1.008612,1.010763,1.004794,1.021947
1.023719,1.014521,1.021947,1.03268
1.035218,1.014313,1.03268,0.966546
1.000895,1.004704,0.966546,0.959775
0.954383,0.956929,0.959775,1.031189
0.995314,0.997065,1.031189,0.986767
1.000942,1.020608,0.986767,1.004789
1.009407,1.003846,1.004789,0.967588
0.977633,0.958812,0.967588,1.021675
0.99428,0.994006,1.021675,1.036644
1.051774,1.026131,1.036644,0.99907
0.990884,1.03428,0.99907,1.005587
1.024839,1.016098,1.005587,0.988889
0.967684,0.984157,0.988889,1.030899
1.022263,0.999053,1.030899,1.007266
1.027223,1.035071,1.007266,0.983769
0.971731,0.979853,0.983769,0.993584
1.004545,1.002804,0.993584,0.931734
0.984615,0.923579,0.931734,1.018812
0.945772,0.9889,1.018812,0.990282
1.012634,1.030612,0.990282,1.015702
1.0,0.99802,1.015702,0.97971
1.011516,1.00496,0.97971,1.016765
0.983871,0.972359,1.016765,0.987391
1.012536,1.027411,0.987391,1.052063
1.021905,0.995059,1.052063,1.022409
1.031687,1.053625,1.022409,0.99726
1.001807,1.02262,0.99726,0.990842
0.987376,0.976959,0.990842,1.005545
1.016438,1.007547,1.005545,0.950368
0.97035,0.957865,0.950368,1.000967
0.962037,0.983382,1.000967,0.964251
0.989413,0.991054,0.964251,1.01503
0.991245,0.995988,1.01503,1.009872
1.009814,1.018127,1.009872,0.977517
0.997085,0.987141,0.977517,1.014
0.989279,0.996994,1.014,0.987179
1.00197,0.99799,0.987179,0.988012
0.990167,0.993958,0.988012,1.055612
1.037736,1.010132,1.055612,0.992337
1.003828,1.027081,0.992337,0.978764
0.993327,0.981445,0.978764,1.000986
0.981766,0.99204,1.000986,1.0
1.006843,1.017051,1.0,0.984236
0.987379,0.981262,0.984236,1.015015
1.0,0.99799,1.015015,1.006903
1.037365,1.01712,1.006903,1.029383
1.002844,1.00297,1.029383,0.992388
0.999055,1.019743,0.992388,1.038351
1.033113,1.012585,1.038351,0.999077
1.005495,1.027725,0.999077,1.027726
1.014572,1.004651,1.027726,0.985612
1.001795,1.009259,0.985612,1.041058
1.060036,1.011009,1.041058,0.999124
0.966188,1.019056,0.999124,0.986842
1.009624,0.990205,0.986842,0.971556
0.979203,0.978417,0.971556,0.997255
0.986726,0.994485,0.997255,0.945872
0.982063,0.948244,0.945872,1.00582
0.955251,0.996101,1.00582,1.010608
1.016252,0.999022,1.010608,1.020038
1.008467,1.023506,1.020038,0.995323
1.010261,1.013397,0.995323,1.029135
1.017544,1.01322,1.029135,1.03379
1.029038,1.007456,1.03379,0.965548
0.983245,0.9963,0.965548,1.015554
1.013453,1.01857,1.015554,0.984685
0.977876,0.987238,0.984685,1.015554
1.027149,1.017544,1.015554,1.01982
1.010573,0.995463,1.01982,0.9947
0.985179,1.000912,0.9947,0.965364
1.019469,0.984517,0.965364,1.059798
1.00434,0.962072,1.059798,1.030382
1.05013,1.085577,1.030382,0.987363
1.005761,1.014172,0.987363,1.001706
1.018822,1.023581,1.001706,0.959114
0.935743,0.938567,0.959114,0.9
0.933906,0.920909,0.9,0.999013
0.938419,0.977295,0.999013,0.994071
1.018609,1.015152,0.994071,1.005964
0.977885,0.98806,1.005964,1.027668
1.024582,1.02719,1.027668,1.025
1.03071,1.0,1.025,1.010319
1.007449,1.032353,1.010319,0.96286
0.996303,0.982906,0.96286,0.995178
0.970315,0.984541,0.995178,0.989341
0.992352,0.997056,0.989341,0.98237
0.978805,0.982283,0.98237,0.998006
0.997047,0.998998,0.998006,1.038961
1.030602,1.002006,1.038961,0.975962
0.993295,1.011011,0.975962,1.00197
0.9865,0.994059,1.00197,0.996067
0.995112,0.996016,0.996067,1.012833
1.013752,1.007,1.012833,0.988304
0.996124,1.003972,0.988304,1.000986
0.996109,0.990109,1.000986,0.993103
0.988281,1.000999,0.993103,0.954365
0.996047,0.949102,0.954365,0.952183
0.944444,0.955836,0.952183,1.001092
0.969538,0.988999,1.001092,0.989095
1.001083,1.005562,0.989095,0.990077
0.988095,0.986726,0.990077,0.912027
0.940854,0.90583,0.912027,1.014652
0.975553,1.002475,1.014652,1.019254
1.016706,1.02963,1.019254,0.984652
0.996479,0.984412,0.984652,1.027578
1.01649,1.013398,1.027578,0.996499
1.0,1.019231,0.996499,0.984778
1.011587,0.988208,0.984778,0.970273
0.948454,0.9642,0.970273,1.0
1.003623,1.006188,1.0,1.002451
0.99278,0.99508,1.002451,1.031785
1.025455,1.013597,1.031785,0.996445
1.00591,1.021951,0.996445,0.983353
0.987074,0.98568,0.983353,1.009674
1.004762,1.002421,1.009674,0.965269
0.983412,0.969807,0.965269,0.991315
0.984337,0.992528,0.991315,1.015019
0.99388,1.002509,1.015019,1.01233
1.018473,1.011264,1.01233,0.967113
0.986699,0.977723,0.967113,1.015113
0.988971,1.005063,1.015113,1.024814
1.030979,1.017632,1.024814,0.984262
0.987981,1.0,0.984262,0.98032
0.990268,0.983911,0.98032,0.997491
0.988943,0.997484,0.997491,0.913208
0.967702,0.9029,0.913208,1.011019
0.943517,1.00419,1.011019,0.997275
1.004082,1.012517,0.997275,1.016393
1.014905,1.004121,1.016393,1.005376
1.004005,1.010944,1.005376,0.995989
1.00266,1.0,0.995989,1.009396
1.01061,1.009472,1.009396,1.005319
1.001312,1.0,1.005319,0.993386
1.0,1.002681,0.993386,1.001332
0.990826,0.991979,1.001332,1.0
1.001323,1.004043,1.0,0.989362
1.0,0.993289,0.989362,1.034946
1.018494,0.997297,1.034946,1.002597
1.003891,1.031165,1.002597,1.001295
1.00646,1.009198,1.001295,0.94696
0.985879,0.950521,0.94696,1.005464
0.963542,0.99726,1.005464,0.997283
1.008108,1.0,0.997283,1.00545
0.993298,1.001374,1.00545,1.001355
1.005398,1.006859,1.001355,0.955345
0.98255,0.957766,0.955345,0.950425
0.924863,0.950213,0.950425,1.005961
1.017725,1.002994,1.005961,1.005926
0.995646,1.008955,1.005926,1.007364
0.998542,0.991124,1.007364,1.005848
1.010219,1.014925,1.005848,1.010174
1.014451,1.013235,1.010174,0.97554
0.991453,0.975327,0.97554,0.9941
0.981322,0.995536,0.9941,1.022255
1.013177,1.007474,1.022255,0.992743
1.00578,1.013353,0.992743,1.013158
1.0,0.998536,1.013158,1.033189
1.045977,1.01173,1.033189,0.944134
0.998626,0.944928,0.944134,1.051775
0.98762,1.007669,1.051775,1.033755
1.066852,1.074581,1.033755,1.02449
0.992167,0.998584,1.02449,0.982736
1.001316,1.02695,0.982736,0.990541
0.965834,0.975138,0.990541,0.967258
1.002721,1.0,0.967258,0.994358
0.975577,0.990085,0.994358,1.012766
0.994437,0.962804,1.012766,0.955182
0.99021,1.0,0.955182,0.998534
0.967514,0.988113,0.998534,0.98091
1.00438,1.003008,0.98091,0.941617
0.97093,0.938531,0.941617,1.0
0.958084,0.968051,1.0,1.028617
1.010937,1.033003,1.028617,1.004637
1.015456,1.023962,1.004637,0.958462
0.968037,0.954758,0.958462,1.025682
1.009434,1.014706,1.025682,0.995305
1.0,1.011272,0.995305,1.011006
1.015576,1.014331,1.011006,0.990669
0.981595,0.982732,0.990669,0.990581
1.001562,1.00639,0.990581,0.995246
0.99688,0.993651,0.995246,1.014331
0.998435,0.979233,1.014331,1.025118
1.028213,1.02447,1.025118,1.035222
1.044207,1.039809,1.035222,0.995562
1.00438,1.022971,0.995562,0.997028
0.989826,1.0,0.997028,1.004471
1.008811,1.002994,1.004471,1.004451
1.001456,1.002985,1.004451,0.994092
0.986919,0.988095,0.994092,0.976226
1.007364,0.987952,0.976226,0.986301
0.964912,0.963415,0.986301,1.021605
1.034848,1.022152,1.021605,1.018127
0.994143,1.018576,1.018127,1.035608
1.029455,1.010638,1.035608,0.985673
0.994278,1.02406,0.985673,1.007267
1.001439,0.995595,1.007267,0.975469
0.994253,0.99115,0.975469,1.0
0.978324,0.985119,1.0,1.001479
1.01034,1.015106,1.001479,0.963072
0.988304,0.967262,0.963072,1.003067
0.974852,0.98,1.003067,0.98318
1.0,1.00471,0.98318,1.007776
0.986343,0.985937,1.007776,1.00463
1.006154,1.019017,1.00463,0.986175
1.010703,0.995334,0.986175,0.996885
0.97882,0.992187,0.996885,0.985937
0.993818,0.990551,0.985937,1.019017
1.00311,1.004769,1.019017,1.012442
1.020155,1.015823,1.012442,0.99232
0.993921,1.003115,0.99232,0.98452
0.995413,0.986025,0.98452,0.995283
0.990783,0.99685,0.995283,0.995261
0.979845,0.976303,0.995261,1.007937
1.009494,1.009709,1.007937,0.984252
0.996865,1.001603,0.984252,1.0
1.003145,0.9936,1.0,1.016
1.012539,1.017713,1.016,0.99685
0.989164,0.995253,0.99685,0.974724
0.99061,0.976153,0.974724,1.0
0.982622,0.998371,1.0,1.014587
1.011254,1.006525,1.014587,0.995208
0.99841,1.004862,0.995208,0.988764
0.995223,0.991935,0.988764,1.021104
1.0112,0.996748,1.021104,1.014308
1.012658,1.017945,1.014308,0.99373
0.998437,1.011218,0.99373,1.018927
1.017214,1.001585,1.018927,0.995356
1.001538,1.009494,0.995356,1.006221
1.012289,1.009404,1.006221,0.998454
0.996965,1.001553,0.998454,1.010836
0.996956,0.99845,1.010836,0.981623
1.0,0.993789,0.981623,1.029641
1.012214,1.00625,1.029641,1.006061
1.012066,1.018634,1.006061,0.938253
0.973174,0.940549,0.938253,1.020867
0.97856,0.97731,1.020867,0.955975
0.998435,1.0,0.955975,0.955592
0.959248,0.960199,0.955592,1.02926
0.977124,1.001727,1.02926,0.956522
0.988294,0.986207,0.956522,1.024476
0.993232,0.980769,1.024476,1.035836
1.052811,1.044563,1.035836,0.981878
0.993528,1.011945,0.981878,1.010067
0.996743,0.998314,1.010067,1.008306
0.99183,0.981419,1.008306,1.021417
1.044481,1.04475,1.021417,0.970968
0.977918,0.990115,0.970968,1.019934
0.996774,0.998336,1.019934,1.013029
1.021036,1.026667,1.013029,0.995177
0.998415,0.996753,0.995177,1.024233
1.007937,1.009772,1.024233,0.990536
0.998425,0.998387,0.990536,0.993631
0.993691,0.998384,0.993631,0.990385
0.996825,0.996764,0.990385,1.0
0.998408,1.001623,1.0,0.993528
0.988836,0.993517,0.993528,1.022801
1.012903,1.0,1.022801,1.015924
1.019108,1.008157,1.015924,0.998433
1.009375,1.019417,0.998433,1.020408
1.006192,1.0,1.020408,0.990769
1.006154,1.019048,0.990769,0.998447
0.986239,0.985981,0.998447,0.976672
0.993798,0.988942,0.976672,0.998408
0.979719,0.98722,0.998408,0.99681
1.003185,1.001618,0.99681,0.96
0.992063,0.966074,0.96,0.98
0.9632,0.981605,0.98,1.005102
0.991694,1.001704,1.005102,1.015228
1.01005,0.994898,1.015228,0.985
1.008292,1.010256,0.985,1.00846
0.983553,0.993232,1.00846,1.031879
1.036789,1.030664,1.031879,1.0
0.996774,1.008264,1.0,0.993496
0.996764,0.986885,0.993496,0.988543
0.993506,0.996678,0.988543,1.011589
1.003268,1.003333,1.011589,0.993453
1.0,1.0,0.993453,0.996705
1.0,1.0,0.996705,0.998347
0.990228,0.998339,0.998347,1.006623
1.008224,0.996672,1.006623,0.978618
0.991843,0.989983,0.978618,0.994958
0.981908,0.988196,0.994958,0.993243
0.994975,0.994881,0.993243,0.991497
0.996633,1.0,0.991497,0.998285
0.989865,0.993139,0.998285,0.993127
0.994881,0.98791,0.993127,1.008651
1.0,1.003497,1.008651,0.982847
0.994854,0.979094,0.982847,0.99651
0.993103,1.008897,0.99651,0.980736
1.012153,0.985891,0.980736,1.005357
0.975986,1.001789,1.005357,0.996448
0.994728,0.994643,0.996448,1.005348
1.010601,1.001795,1.005348,1.021277
1.012238,1.0,1.021277,1.006944
1.006908,1.023297,1.006944,1.0
0.998285,1.007005,1.0,1.0
1.015464,1.005217,1.0,0.993103
0.98308,0.99308,0.993103,1.006944
1.0,1.0,1.006944,1.015517
1.027539,1.012195,1.015517,0.998302
0.9866,0.998279,0.998302,1.005102
1.008489,1.008621,1.005102,1.003384
1.018519,0.998291,1.003384,1.013491
1.0,1.011986,1.013491,0.993344
0.995041,1.003384,0.993344,0.978224
0.990033,0.979764,0.978224,1.0
0.986577,1.0,1.0,1.0
1.0,0.994836,1.0,1.0
1.0,1.008651,1.0,1.001712
1.008503,1.0,1.001712,0.986325
0.988196,0.977702,0.986325,0.996534
0.991468,1.007018,0.996534,1.003478
1.005164,0.996516,1.003478,1.024263
1.015411,1.012238,1.024263,1.018613
1.020236,1.018998,1.018613,1.006645
1.004959,1.015254,1.006645,1.013201
1.016447,1.006678,1.013201,0.993485
0.998382,1.008292,0.993485,0.993443
0.993517,0.996711,0.993443,1.034653
1.029364,1.00165,1.034653,0.990431
1.0,1.016474,0.990431,1.009662
1.00317,1.004862,1.009662,0.982456
0.992101,0.990323,0.982456,1.008117
0.990446,0.991857,1.008117,1.05475
1.053055,1.021346,1.05475,1.015267
1.058015,1.040193,1.015267,0.993985
0.981241,1.009274,0.993985,1.004539
0.982353,0.998469,1.004539,1.006024
1.007485,1.004601,1.006024,1.007485
1.017831,1.018321,1.007485,1.035661
1.017518,1.005997,1.035661,1.015782
1.017217,1.023845,1.015782,1.05226
1.062059,1.021834,1.05226,0.939597
0.976096,0.977208,0.939597,1.027143
0.978231,1.014577,1.027143,0.994437
1.027816,1.002874,0.994437,0.986014
0.989175,1.0,0.986014,0.977305
0.97948,0.975645,0.977305,1.023222
0.993017,1.005874,1.023222,1.025532
1.02391,1.026277,1.025532,0.984786
0.991758,1.00569,0.984786,1.008427
1.00554,0.997171,1.008427,0.998607
0.993113,1.008511,0.998607,0.995816
0.993065,0.991561,0.995816,1.004202
1.011173,0.994326,1.004202,0.969317
0.994475,0.988588,0.969317,1.011511
0.977778,0.987013,1.011511,1.031294
1.0625,1.048246,1.031294,1.071724
1.064171,1.013947,1.071724,1.047619
1.035176,1.063274,1.047619,0.987715
0.998786,1.032342,0.987715,1.016169
0.99757,0.997494,1.016169,1.046512
1.059683,1.028894,1.046512,1.030409
1.043678,1.047619,1.030409,0.996595
0.97467,1.008159,0.996595,0.994305
1.00226,0.991908,0.994305,0.985109
1.007892,1.001166,0.985109,1.022093
0.993289,0.990687,1.022093,0.973834
1.009009,1.0047,0.973834,1.035047
0.995536,1.0,1.035047,1.002257
1.002242,1.026901,1.002257,0.978604
0.989933,0.985194,0.978604,1.017261
1.00904,0.983815,1.017261,0.969457
0.995521,1.0,0.969457,1.004667
0.991001,1.003525,1.004667,1.015099
1.00454,1.001171,1.015099,0.941648
0.989831,0.952047,0.941648,0.979344
0.950913,0.982801,0.979344,0.980149
0.97479,0.97625,0.980149,1.0
0.993842,1.002561,1.0,0.922785
0.966543,0.916986,0.922785,1.010974
0.95641,1.01532,1.010974,0.983718
0.989276,0.980796,0.983718,0.993103
0.990515,0.998601,0.993103,1.027778
1.01368,1.005602,1.027778,0.997297
1.006748,1.013928,0.997297,0.993225
0.991957,0.998626,0.993225,1.024557
1.018919,1.01238,1.024557,1.01731
1.013263,1.016304,1.01731,0.968586
1.001309,0.985294,0.968586,1.006757
0.973856,0.982361,1.006757,1.021477
1.022819,1.019337,1.021477,0.992116
1.030184,1.020325,0.992116,0.996026
0.975796,0.985392,0.996026,0.99734
0.989556,1.004043,0.99734,1.008
1.005277,0.995973,1.008,0.9
0.9,0.9,0.9,0.991497
0.978405,0.989726,0.991497,0.982847
0.991511,0.986159,0.982847,1.0
1.003425,0.991228,1.0,0.966841
0.977816,0.971681,0.966841,0.998195
0.975567,1.001821,0.998195,1.01085
1.010733,1.010909,1.01085,0.996422
0.99646,0.998201,0.996422,0.994614
0.996448,0.983784,0.994614,1.034296
1.023173,1.009158,1.034296,0.984293
0.996516,1.021779,0.984293,1.007092
0.998252,0.998224,1.007092,0.987676
1.001751,0.996441,0.987676,1.01426
1.0,0.994643,1.01426,0.991213
1.0,1.007181,0.991213,1.010638
1.012238,1.016043,1.010638,1.026316
1.010363,0.998246,1.026316,1.006838
1.015385,1.022847,1.006838,1.001698
1.006734,1.005155,1.001698,0.988136
0.98495,0.981197,0.988136,1.005146
1.003396,1.008711,1.005146,0.994881
0.998308,1.005181,0.994881,1.003431
0.991525,0.993127,1.003431,1.015385
1.017094,1.017301,1.015385,0.991582
0.996639,0.994898,0.991582,0.991511
0.993255,0.989744,0.991511,0.998288
0.994907,1.001727,0.998288,1.003431
1.001706,0.996552,1.003431,0.962393
0.994889,0.968858,0.962393,0.991119
0.967466,0.989286,0.991119,0.992832
0.99292,0.99639,0.992832,0.99639
1.0,0.996377,0.99639,1.005435
0.99287,1.0,1.005435,1.014414
1.012567,1.0,1.014414,1.007105
1.005319,1.016364,1.007105,0.994709
1.0,1.001789,0.994709,0.994681
0.996473,0.994643,0.994681,1.0
1.00708,1.003591,1.0,0.994652
0.991213,0.987478,0.994652,0.992832
0.992908,0.996377,0.992832,1.00361
1.007143,1.005455,1.00361,0.998201
0.989362,1.0,0.998201,1.0
0.996416,0.998192,1.0,0.990991
1.0,0.994565,0.990991,1.007273
1.0,1.001821,1.007273,0.99639
0.996403,0.998182,0.99639,0.987319
1.0,0.989071,0.987319,0.970642
0.974729,0.970534,0.970642,0.973535
0.983333,0.97723,0.973535,0.970874
0.954802,0.947573,0.970874,1.002
1.001972,1.022541,1.002,1.0
1.0,1.0,1.0,0.986028
0.994094,0.981964,0.986028,1.018219
0.99604,1.004082,1.018219,0.988072
0.996024,1.004065,0.988072,1.008048
1.017964,1.010121,1.008048,1.013972
0.998039,0.983968,1.013972,0.998031
1.001965,1.026477,0.998031,1.043393
1.045098,1.011905,1.043393,1.032136
1.037523,1.037255,1.032136,1.025641
1.016275,1.018904,1.025641,1.014286
1.017794,1.027829,1.014286,1.005282
1.005245,1.023466,1.005282,1.005254
1.010435,0.987654,1.005254,1.015679
1.015491,1.017857,1.015679,0.994854
0.994915,1.0,0.994854,1.013793
1.008518,1.019298,1.013793,0.979592
1.003378,0.986231,0.979592,1.010417
0.993266,1.00349,1.010417,0.993127
0.989831,0.996522,0.993127,1.0
0.996575,0.984293,1.0,1.00346
1.013746,1.024823,1.00346,0.994828
0.988136,0.991349,0.994828,1.015598
1.005146,1.005236,1.015598,0.981229
1.0,0.996528,0.981229,1.050435
1.046075,1.001742,1.050435,0.983444
0.986949,1.022609,0.983444,0.989899
1.01157,0.989796,0.989899,0.967687
0.960784,0.975945,0.967687,1.001757
0.97449,0.994718,1.001757,0.994737
0.998255,0.99292,0.994737,1.003527
0.996503,1.005348,1.003527,0.97188
0.994737,0.978723,0.97188,0.998192
0.989418,0.996377,0.998192,1.0
0.994652,0.985455,1.0,1.0
1.001792,1.016605,1.0,1.007246
1.005367,1.0,1.007246,1.0
0.996441,1.001815,1.0,0.998201
1.0,1.0,0.998201,0.994595
0.989286,0.992754,0.994595,1.003623
1.001805,1.00365,1.003623,1.034296
1.034234,1.009091,1.034296,1.010471
1.013937,1.030631,1.010471,1.008636
1.005155,1.001748,1.008636,0.986301
1.0,1.00349,0.986301,0.996528
0.989744,0.991304,0.996528,0.972125
1.0,0.975439,0.972125,1.016129
0.981002,1.001799,1.016129,1.007055
1.007042,1.007181,1.007055,0.989492
1.001748,1.00713,0.989492,1.00885
0.994764,0.99823,1.00885,0.982456
0.998246,0.98227,0.982456,1.0
0.99297,1.00361,1.0,0.978571
0.99115,0.985612,0.978571,0.994526
0.985714,0.992701,0.994526,1.0
0.992754,0.994485,1.0,0.99633
0.998175,0.983364,0.99633,0.998158
0.996344,1.015038,0.998158,1.01107
1.011009,0.996296,1.01107,0.990876
0.998185,1.001859,0.990876,0.996317
0.994545,1.0,0.996317,0.998152
1.0,1.001855,0.998152,0.97963
0.985375,0.97963,0.97963,1.005671
0.990724,0.996219,1.005671,0.994361
0.998127,1.0,0.994361,1.003781
1.003752,1.001898,1.003781,0.979284
0.998131,0.979167,0.979284,1.015385
0.990637,0.996132,1.015385,1.00947
1.009452,1.021359,1.00947,1.003752
1.016854,1.005703,1.003752,1.026168
1.01105,1.0,1.026168,1.007286
1.021858,1.026465,1.007286,1.0434
1.037433,1.014733,1.0434,0.994801
0.996564,1.027223,0.994801,1.008711
1.006897,1.010601,1.008711,0.998273
0.998288,0.993007,0.998273,0.987889
0.991424,1.0,0.987889,0.992995
0.99481,0.991197,0.992995,0.991182
0.989565,0.989343,0.991182,0.975089
0.987698,0.978456,0.975089,1.009124
0.985765,0.998165,1.009124,0.998192
1.001805,1.005515,0.998192,1.04529
1.046847,1.009141,1.04529,0.980936
0.998279,1.014493,0.980936,0.991166
0.975862,0.996429,0.991166,0.991087
0.991166,0.987455,0.991087,1.043165
1.040998,1.014519,1.043165,0.993103
1.0,1.021467,0.993103,1.013889
1.015411,1.007005,1.013889,0.994863
0.998314,1.006957,0.994863,1.017212
1.001689,0.996546,1.017212,0.99154
1.015177,1.013865,0.99154,0.967577
0.973422,0.965812,0.967577,1.015873
0.984642,0.99646,1.015873,0.994792
0.996534,1.005329,0.994792,1.010471
1.006957,1.0053,1.010471,0.998273
1.025907,1.01406,0.998273,1.036332
1.013468,0.991334,1.036332,0.998331
