0.98621,0.995747,1.006359,0.979989
0.986535,0.993059,0.979989,0.98388
0.988976,0.978495,0.98388,1.021846
0.994161,1.003846,1.021846,0.961518
1.041111,0.982485,0.961518,1.0
1.0,1.0,1.0,0.927738
0.9,0.928134,0.927738,1.015578
0.968661,0.996399,1.015578,1.010029
1.008824,1.006024,1.010029,0.992407
0.997085,1.008982,0.992407,1.00824
1.01345,1.008309,1.00824,0.960304
0.988459,0.964097,0.960304,1.031003
0.99533,1.010989,1.031003,1.039505
1.056305,1.003623,1.039505,0.980147
0.97779,1.030084,0.980147,1.001157
1.009654,0.985397,1.001157,0.96474
0.978065,0.987552,0.96474,0.972439
0.959747,0.963385,0.972439,1.001848
1.000599,0.998754,1.001848,0.985855
0.973653,0.976294,0.985855,1.003119
1.01353,1.022364,1.003119,1.031095
1.008495,0.984375,1.031095,0.989747
0.997593,1.034921,0.989747,0.986594
1.003016,0.981595,0.986594,0.995676
0.980156,0.998125,0.995676,1.009926
1.000613,1.003757,1.009926,1.012285
1.015941,1.018715,1.012285,0.996359
1.001811,1.003062,0.996359,1.015834
1.007831,1.001832,1.015834,0.984412
0.994023,0.996344,0.984412,0.981121
0.987974,0.976147,0.981121,1.00807
0.989653,0.996241,1.00807,1.017857
1.0246,1.018868,1.017857,1.00121
1.0006,1.009259,1.00121,1.022356
1.020996,1.007339,1.022356,0.999409
1.001763,1.018822,0.999409,1.00414
0.995894,0.991657,1.00414,0.968198
1.004711,0.983774,0.968198,1.005474
0.975967,1.000611,1.005474,1.019964
1.013213,1.001832,1.019964,1.008304
1.018969,1.012797,1.008304,0.998235
1.005817,1.013839,0.998235,1.006482
0.997687,1.000593,1.006482,0.990047
0.994203,0.999407,0.990047,0.975163
0.985423,0.973887,0.975163,1.019406
0.997041,1.004266,1.019406,1.014277
1.012463,1.007282,1.014277,0.994721
1.005862,1.018072,0.994721,1.005896
0.995338,0.998225,1.005896,1.003517
1.018735,1.011263,1.003517,0.980724
0.988506,0.981829,0.980724,1.001191
0.988372,1.0,1.001191,0.983938
0.988824,0.985075,0.983938,1.021161
1.024985,0.996364,1.021161,1.047365
1.032501,1.029197,1.047365,1.003392
0.998876,1.036643,1.003392,0.990986
1.012943,1.00171,0.990986,1.018192
0.997222,0.999431,1.018192,0.999442
1.007242,1.013098,0.999442,1.001117
1.002212,1.000562,1.001117,0.981585
0.987859,0.980899,0.981585,0.980671
0.981564,0.978809,0.980671,1.007536
0.990324,1.006437,1.007536,0.976985
1.001724,0.982558,0.976985,1.023557
1.001147,1.005917,1.023557,0.985616
0.997708,0.999412,0.985616,1.0
0.986789,0.993526,1.0,0.980152
0.99709,0.991706,0.980152,0.918404
0.967309,0.918757,0.918404,0.996757
0.946288,0.979194,0.996757,1.008458
0.990434,1.001992,1.008458,0.973548
0.990341,0.984758,0.973548,1.010603
1.008453,1.009421,1.010603,0.987541
0.989684,1.0,0.987541,0.966799
0.977199,0.96,0.966799,1.030907
1.004667,1.0125,1.030907,0.994004
1.015262,1.021948,0.994004,1.030161
1.009804,1.003356,1.030161,0.960312
0.983819,0.979264,0.960312,1.015583
0.993421,0.989071,1.015583,0.945297
0.984768,0.976519,0.945297,0.978829
0.95427,0.975248,0.978829,1.025234
1.007047,1.0,1.025234,0.962025
1.021693,0.986222,0.962025,1.02193
0.965753,0.983824,1.02193,1.017883
1.01844,1.032138,1.017883,0.983837
0.987465,1.002896,0.983837,0.959286
0.976023,0.968953,0.959286,1.0
1.0,1.0,1.0,1.014892
1.002168,1.002981,1.014892,0.988261
0.993511,0.999257,0.988261,1.013363
0.991292,0.96803,1.013363,1.030769
1.037335,1.052995,1.030769,0.975124
0.986591,0.996353,0.975124,0.995627
0.990701,0.994143,0.995627,1.008785
0.999278,0.988218,1.008785,0.991292
1.010116,1.013413,0.991292,0.968521
0.980687,0.970588,0.968521,0.966742
0.970095,0.954545,0.966742,1.009382
0.97218,1.0,1.009382,0.986832
1.016241,1.010317,0.986832,1.009419
0.980974,0.994501,1.009419,0.989891
0.993018,0.992101,0.989891,0.996072
1.001562,1.000796,0.996072,0.9
0.9,0.9,0.9,0.958608
0.97277,1.042312,0.958608,0.995093
0.997104,1.00297,0.995093,1.016765
1.020329,1.001974,1.016765,1.011639
1.009488,1.009852,1.011639,1.040268
1.027256,1.017561,1.040268,0.997235
1.0,1.025887,0.997235,0.984288
0.992681,0.982243,0.984288,1.006573
1.0,1.000951,1.006573,1.001866
0.999078,1.007605,1.001866,1.000931
0.998155,1.0,1.000931,0.939535
1.0,0.94717,0.939535,0.994059
0.945471,0.987052,0.994059,1.001992
0.995112,1.0,1.001992,1.022863
1.019646,1.006054,1.022863,0.987366
0.992293,1.001003,0.987366,1.018701
1.007767,1.009018,1.018701,0.993237
0.99711,1.004965,0.993237,1.008755
1.016425,1.016798,1.008755,1.032787
1.030418,0.996113,1.032787,1.027077
1.026753,1.037073,1.027077,0.990909
0.989218,1.007526,0.990909,1.009174
1.017257,1.015873,1.009174,0.97
0.991071,0.977022,0.97,1.0
0.963964,0.988711,1.0,1.028116
1.037383,1.001903,1.028116,1.032817
1.032432,1.044634,1.032817,0.995587
0.992147,1.016364,0.995587,1.015957
1.010554,1.001789,1.015957,1.008726
1.024369,1.011607,1.008726,0.991349
0.983008,0.999117,0.991349,0.983421
0.9879,0.989399,0.983421,1.023957
1.012248,1.0,1.023957,1.004333
1.0121,1.022321,1.004333,1.012079
1.009394,1.00262,1.012079,1.022165
1.015228,1.016551,1.022165,0.976647
1.003333,1.002571,0.976647,1.005978
0.979236,0.981197,1.005978,0.981324
0.995759,0.998258,0.981324,1.010381
0.997445,0.990401,1.010381,0.998288
1.011102,1.008811,0.998288,0.957976
0.992399,0.967686,0.957976,0.999105
0.962553,0.990975,0.999105,0.987455
0.990274,0.994536,0.987455,1.009074
0.996429,0.978938,1.009074,1.021583
1.020609,1.022451,1.021583,1.014085
1.015803,1.031107,1.014085,1.0
1.009507,1.011535,1.0,1.018229
1.016267,1.013158,1.018229,0.976982
0.998315,0.987879,0.976982,1.008726
0.994093,1.0,1.008726,0.99827
0.997453,0.997371,0.99827,0.962738
0.97617,0.973638,0.962738,1.0018
0.978204,0.99278,1.0018,1.002695
0.998217,1.004545,1.002695,1.010753
1.013393,1.004525,1.010753,0.986702
0.992952,0.993694,0.986702,1.024259
1.038154,1.00544,1.024259,1.008772
0.994872,1.024346,1.008772,0.981739
0.989691,0.977113,0.981739,1.030115
1.013021,1.014414,1.030115,0.995701
1.001714,1.019538,0.995701,0.97323
0.983747,0.979965,0.97323,0.98669
0.986957,0.981333,0.98669,1.008094
0.992952,0.998188,1.008094,0.996432
1.000887,0.998185,0.996432,1.001791
1.003546,1.010909,1.001791,0.972297
0.987633,0.972122,0.972297,0.974265
0.97585,0.972248,0.974265,0.993396
0.984418,0.997146,0.993396,1.004748
0.996276,0.997137,1.004748,1.0
0.996262,1.007656,1.0,1.00189
0.998124,0.994302,1.00189,0.977358
0.996241,0.986628,0.977358,1.001931
0.99434,0.990319,1.001931,1.026012
1.017078,1.001955,1.026012,1.028169
1.025187,1.034146,1.028169,1.032877
1.044586,1.028302,1.032877,1.0
0.988676,1.025688,1.0,1.052166
1.055507,1.00805,1.052166,1.004202
1.045075,1.056788,1.004202,1.077824
1.034345,0.990764,1.077824,1.020963
1.058687,1.099153,1.020963,1.034221
0.994894,0.990748,1.034221,0.986765
1.024194,1.033463,0.986765,0.963487
0.964209,0.962349,0.963487,1.00232
0.985152,0.989828,1.00232,1.022377
1.006782,1.004743,1.022377,0.989434
1.007485,1.02439,0.989434,0.990084
0.999257,0.989247,0.990084,0.997689
0.977695,0.993012,0.997689,0.985328
0.996198,0.9914,0.985328,1.007837
0.992366,1.0,1.007837,0.993779
1.006154,0.984227,0.993779,1.039124
1.024465,1.001603,1.039124,0.993976
0.994776,1.044,0.993976,0.996212
1.004501,1.0,0.996212,1.005323
1.009709,1.007663,1.005323,0.980333
0.982249,0.975665,0.980333,0.959105
0.970633,0.958691,0.959105,1.00885
0.986036,1.008943,1.00885,0.92504
0.981117,0.933118,0.92504,1.015517
0.946271,0.984456,1.015517,1.0
1.0,1.0,1.0,1.0
1.0,1.0,1.0,1.0
1.0,1.0,1.0,1.0
1.0,1.0,1.0,1.0
1.0,1.0,1.0,1.0
1.0,1.0,1.0,0.9
0.904237,0.900877,0.9,1.012428
0.997188,1.004869,1.012428,0.981114
0.986842,1.001938,0.981114,0.979788
0.986667,0.977756,0.979788,0.978389
0.991313,0.969337,0.978389,1.008032
0.986368,1.014286,1.008032,1.003984
1.010859,1.013078,1.003984,1.00496
0.993164,0.998014,1.00496,1.010859
1.010816,1.00398,1.010859,0.996094
0.996109,0.99108,0.996094,0.985294
0.996094,1.0,0.985294,0.983085
0.984314,0.988,0.983085,1.013158
1.0,0.993927,1.013158,1.018981
1.017928,1.013238,1.018981,0.995098
1.001957,1.01809,0.995098,1.006897
1.010742,1.0,1.006897,0.983366
0.98744,0.988154,0.983366,0.995025
0.986301,0.993007,0.995025,0.983
0.998016,0.973843,0.983,1.029502
1.00994,1.006198,1.029502,1.0
1.0,1.0,1.0,1.008893
1.045276,1.011294,1.008893,1.014691
0.986817,1.015228,1.014691,0.98166
1.009542,1.003,0.98166,0.982301
0.973535,0.995015,0.982301,0.994995
0.976699,0.983968,0.994995,0.993964
0.99503,0.98778,0.993964,1.006073
0.995005,1.012371,1.006073,1.021127
1.021084,1.00611,1.021127,0.992118
1.00295,1.016194,0.992118,1.004965
0.995098,0.996016,1.004965,1.050395
1.057143,1.005,1.050395,0.969897
0.989748,1.024876,0.969897,1.022308
1.002825,0.991262,1.022308,1.013283
1.004695,1.020568,1.013283,0.990637
1.003738,1.010557,0.990637,0.983932
0.98324,0.978158,0.983932,0.959654
0.983902,0.961165,0.959654,1.002002
0.971126,1.0,1.002002,1.013986
1.007929,1.00202,1.013986,0.972414
0.998033,0.992944,0.972414,1.021277
1.019704,1.00203,1.021277,1.002976
0.988406,1.014184,1.002976,1.013848
1.010753,1.008991,1.013848,1.003902
0.997099,1.008911,1.003902,1.008746
1.012609,0.992149,1.008746,0.983622
0.993295,1.002967,0.983622,1.001959
0.992285,1.0,1.001959,1.000978
0.999028,1.000986,1.000978,0.981445
1.000973,0.975369,0.981445,1.01393
0.991254,1.011111,1.01393,0.999019
1.00098,1.005994,0.999019,1.031434
1.032321,1.01291,1.031434,0.992381
1.006641,1.020588,0.992381,1.005758
0.991517,0.994236,1.005758,1.020038
1.046578,1.014493,1.020038,0.998129
0.984559,1.001905,0.998129,0.997188
0.983395,0.988593,0.997188,0.966165
1.001876,0.985577,0.966165,0.998054
0.969101,0.993171,0.998054,1.003899
0.999034,0.997053,1.003899,1.002913
1.009671,1.000985,1.002913,1.010649
1.002874,1.005906,1.010649,1.008621
1.015282,1.016634,1.008621,1.016144
1.018815,1.000962,1.016144,1.026168
1.040628,1.017308,1.026168,1.019126
0.997338,1.02552,1.019126,1.008043
1.036477,1.032258,1.008043,1.006206
0.986266,0.995536,1.006206,0.993833
1.0,1.004484,0.993833,0.974291
0.975631,0.972321,0.974291,0.99909
0.996432,1.001837,0.99909,0.999089
0.988362,0.99725,0.999089,0.979945
0.990942,0.972426,0.979945,1.00186
0.993601,0.989603,1.00186,0.978644
0.980681,0.992359,0.978644,1.008539
1.010319,1.016362,1.008539,1.000941
0.994429,1.000947,1.000941,1.034774
1.031746,1.003784,1.034774,1.007266
1.019005,1.03016,1.007266,0.996393
0.994671,1.004575,0.996393,1.01629
1.008929,1.008197,1.01629,0.995548
1.022124,1.00813,0.995548,1.013417
0.995671,0.991039,1.013417,1.005296
1.002609,1.011754,1.005296,0.971905
0.993062,0.983021,0.971905,1.022584
0.993886,1.002727,1.022584,1.026502
1.032513,1.026292,1.026502,0.996558
0.996596,1.015018,0.996558,0.996546
0.99146,0.994778,0.996546,0.981802
0.997416,0.987752,0.981802,0.990291
0.988774,0.985828,0.990291,1.018717
1.0,1.0,1.018717,0.990376
1.008734,1.015274,0.990376,1.015901
1.000866,0.99292,1.015901,0.994783
1.00346,1.011586,0.994783,0.971154
0.981897,0.977093,0.971154,0.994599
0.986831,0.992786,0.994599,1.00724
1.00089,1.006358,1.00724,0.985624
0.989333,0.979242,0.985624,0.994531
0.989218,0.999078,0.994531,1.010999
1.009991,1.002768,1.010999,1.00816
1.009892,1.00368,1.00816,0.994604
1.01959,1.011916,0.994604,0.9566
0.959825,0.951087,0.9566,0.992439
0.962693,0.989524,0.992439,0.974286
0.990548,0.981713,0.974286,1.000978
0.987595,0.998039,1.000978,0.995117
0.992271,0.997053,0.995117,1.002944
1.001947,1.002956,1.002944,1.007828
1.001944,1.0,1.007828,0.993204
1.0,1.001965,0.993204,0.982405
0.992241,0.980392,0.982405,1.012935
0.997067,0.999,1.012935,0.986248
0.998039,1.004004,0.986248,1.011952
1.010806,0.998006,1.011952,1.00689
0.997085,1.008991,1.00689,0.993157
1.0,1.00396,0.993157,1.005906
1.001949,1.000986,1.005906,0.976517
0.993191,0.980296,0.976517,0.986974
0.981391,0.986935,0.986974,0.984772
0.987026,0.986762,0.984772,1.0
1.0,1.0,1.0,0.990722
0.991911,0.990712,0.990722,0.993757
0.986748,0.990625,0.993757,1.008377
0.995868,0.994742,1.008377,0.990654
0.995851,1.002114,0.990654,0.953878
0.983333,0.951477,0.953878,1.002198
0.96822,0.997783,1.002198,1.001096
1.0,1.003333,1.001096,0.996714
1.0,0.997785,0.996714,0.99011
1.0,0.99889,0.99011,1.008879
0.996718,0.997778,1.008879,0.992299
0.995609,0.996659,0.992299,1.015521
1.014333,1.005587,1.015521,0.969432
0.976087,0.984444,0.969432,0.980856
0.983296,0.981941,0.980856,0.997704
0.994337,0.996552,0.997704,1.004603
0.995444,0.997693,1.004603,1.003436
1.012586,1.008092,1.003436,1.0
0.99548,0.994266,1.0,1.013699
1.012486,1.00346,1.013699,1.023649
1.025785,1.012644,1.023649,0.9956
0.997814,1.020431,0.9956,0.994475
0.992333,0.994438,0.994475,0.986667
0.995585,0.993289,0.986667,1.010135
1.004435,0.998874,1.010135,1.005574
1.009934,1.005637,1.005574,1.019956
1.006557,1.01009,1.019956,0.994565
1.001086,1.008879,0.994565,0.989071
0.990239,0.990099,0.989071,1.0
1.004381,1.003333,1.0,1.012155
1.005453,1.0,1.012155,0.992358
0.993492,1.003322,0.992358,0.983498
0.987991,0.985651,0.983498,1.01566
1.00442,1.00112,1.01566,1.006608
1.005501,1.012304,1.006608,1.006565
1.008753,1.00221,1.006565,0.994565
1.002169,1.005513,0.994565,0.990164
0.985931,0.989035,0.990164,0.996689
1.003293,0.995565,0.996689,0.985604
0.991247,0.989978,0.985604,1.001124
0.988962,0.998875,1.001124,0.959596
0.991071,0.957207,0.959596,1.0
0.966216,0.998824,1.0,1.007018
1.004662,1.001178,1.007018,0.990708
0.993039,0.995294,0.990708,1.030481
1.060748,0.997636,1.030481,0.987486
0.963656,1.024882,0.987486,0.988479
0.985143,0.982659,0.988479,1.0
1.00348,0.994118,1.0,1.001166
1.0,1.010651,1.001166,0.983702
0.981503,0.981265,0.983702,0.95503
1.0,0.949881,0.95503,1.001239
0.956419,0.977387,1.001239,1.001238
1.012315,1.037275,1.001238,1.024722
1.012165,0.986369,1.024722,0.993969
1.004808,1.030151,0.993969,1.029126
1.016746,0.997561,1.029126,0.985849
1.001176,1.020782,0.985849,0.998804
0.991774,0.997605,0.998804,0.980838
0.99763,0.983193,0.980838,0.990232
0.967933,0.976801,0.990232,0.993835
1.003681,1.00125,0.993835,1.023573
1.00978,1.006242,1.023573,0.996364
1.013317,1.01737,0.996364,1.043796
1.027479,1.00122,1.043796,0.997669
0.996512,1.028015,0.997669,0.971963
0.983664,0.978673,0.971963,0.996394
1.008304,1.002421,0.996394,0.997587
0.982353,0.986715,0.997587,1.004837
1.007186,1.008568,1.004837,0.987966
0.991677,0.990291,0.987966,0.986602
0.980815,0.987745,0.986602,1.002469
1.002445,0.995037,1.002469,1.023399
1.017073,1.011222,1.023399,0.991576
1.005995,1.013564,0.991576,1.009709
1.005959,1.006083,1.009709,0.996394
0.988152,0.986699,0.996394,1.007238
1.005995,1.003676,1.007238,1.00479
1.008343,1.015873,1.00479,1.0
1.007092,1.008413,1.0,0.983313
0.980047,0.979738,0.983313,1.006061
1.001198,0.998783,1.006061,1.022892
1.021531,1.003654,1.022892,0.977621
0.995316,1.006068,0.977621,1.0
0.988235,0.99035,1.0,0.981928
0.992857,0.990256,0.981928,1.0
0.98801,1.00123,1.0,0.988957
1.001214,0.985258,0.988957,1.004963
0.990303,0.998753,1.004963,1.002469
1.003672,1.008739,1.002469,0.975369
0.993902,0.977723,0.975369,1.021465
1.013497,1.012658,1.021465,1.048208
1.030266,0.99875,1.048208,1.001179
1.0047,1.052566,1.001179,1.0
0.99883,0.991677,1.0,1.003534
1.009368,1.013189,1.003534,0.9777
0.982599,0.983432,0.9777,1.003601
1.003542,1.001203,1.003601,0.98445
0.98,0.980769,0.98445,1.018226
1.016807,1.003676,1.018226,1.041766
1.044864,1.019536,1.041766,1.0252
1.020339,1.039521,1.0252,0.992179
0.998893,1.020737,0.992179,1.004505
1.001109,1.0,1.004505,1.006726
1.009967,1.005643,1.006726,0.991091
0.987939,0.994388,0.991091,1.010112
1.012209,0.996614,1.010112,1.032258
1.019737,1.0,1.032258,0.988147
1.003226,1.037373,0.988147,1.007634
0.997856,0.998908,1.007634,0.99026
0.996778,1.0,0.99026,1.0
0.99569,0.996721,1.0,1.006557
1.004329,1.002193,1.006557,0.969598
0.987069,0.974836,0.969598,0.99776
0.981441,0.996633,0.99776,1.016835
1.020022,1.005631,1.016835,0.990066
0.988004,0.99888,0.990066,0.991081
1.005519,0.986547,0.991081,0.996625
0.98573,0.998864,0.996625,0.990971
1.001114,0.990899,0.990971,0.990888
0.978865,0.983927,0.990888,1.011494
1.005682,0.997666,1.011494,0.9875
1.00339,1.010526,0.9875,1.012658
0.996622,0.990741,1.012658,1.011364
1.012429,1.022196,1.011364,1.005618
1.008929,1.011429,1.005618,1.011173
1.004425,1.00678,1.011173,0.969061
0.996696,0.982043,0.969061,1.035348
1.030939,1.027429,1.035348,1.022026
1.003215,1.005562,1.022026,1.006466
1.009615,1.009956,1.006466,0.991435
1.0,1.005476,0.991435,1.015119
1.001058,1.0,1.015119,1.010638
1.009514,1.01634,1.010638,0.978947
0.989529,0.995713,0.978947,0.989247
0.986243,0.988159,0.989247,0.990217
0.996781,0.991285,0.990217,1.001098
0.993541,0.994505,1.001098,0.995614
0.993499,1.0,0.995614,1.037445
1.030534,0.990055,1.037445,1.008493
1.006349,1.02567,1.008493,0.986316
1.022082,1.010881,0.986316,0.994664
0.983539,1.002153,0.994664,1.016094
0.998954,0.994629,1.016094,0.976769
1.003141,0.992441,0.976769,0.997838
0.974948,0.991295,0.997838,0.990249
0.998929,1.001098,0.990249,0.992341
0.986066,0.968202,0.992341,1.003308
0.994565,1.00906,1.003308,1.01978
1.017486,1.021324,1.01978,0.983836
1.004296,1.001099,0.983836,1.033954
1.028877,0.998902,1.033954,1.002119
0.995842,1.026374,1.002119,0.993658
1.004175,0.998929,0.993658,1.020213
0.997921,0.997856,1.020213,0.982273
0.998958,1.009667,0.982273,1.005308
0.997914,0.995745,1.005308,0.978881
0.99582,0.987179,0.978881,0.998921
0.98426,0.989177,0.998921,1.029158
1.018124,1.0,1.029158,0.975866
0.998953,1.015317,0.975866,1.024731
1.0,1.00431,1.024731,1.040923
1.04717,1.01824,1.040923,0.975806
0.987988,1.01686,0.975806,0.998967
0.986829,0.992746,0.998967,0.98759
0.99692,0.994781,0.98759,1.039791
1.029866,1.002099,1.039791,1.0
1.002,1.026178,1.0,0.984894
0.992016,0.989796,0.984894,0.980573
0.980885,0.983505,0.980573,1.021898
1.012308,1.003145,1.021898,0.989796
0.992908,1.009404,0.989796,0.991753
0.995918,0.993789,0.991753,0.99896
0.992828,0.9875,0.99896,0.988554
0.990712,0.996835,0.988554,1.002105
1.0,0.996825,1.002105,1.006303
1.002083,1.008493,1.006303,0.994781
1.002079,0.998947,0.994781,1.001049
1.009336,1.004215,1.001049,1.007338
0.988695,0.997901,1.007338,1.004162
1.003119,1.0,1.004162,1.003109
1.003109,1.009464,1.003109,1.009298
1.010331,1.002083,1.009298,0.990788
1.007157,1.004158,0.990788,1.007231
1.001015,1.00207,1.007231,0.990769
0.990872,0.996901,0.990769,0.998965
0.997953,0.996891,0.998965,1.013472
1.005128,1.003119,1.013472,0.990798
1.003061,1.002073,0.990798,0.97936
0.986775,0.978283,0.97936,0.990516
0.979381,0.991543,0.990516,1.006383
1.001053,1.003198,1.006383,1.0
0.998948,0.998937,1.0,0.988372
0.994737,0.987234,0.988372,1.009626
1.002116,1.00431,1.009626,0.979873
1.007392,0.991416,0.979873,0.983784
0.974843,0.982684,0.983784,1.003297
0.984946,0.988987,1.003297,1.002191
1.0,1.004454,1.002191,0.981421
0.997817,0.991131,0.981421,1.004454
0.992341,0.995526,1.004454,1.011086
1.011025,1.006742,1.011086,0.989035
0.993457,1.002232,0.989035,1.0
0.994512,0.998886,1.0,0.998891
1.0,0.996656,0.998891,0.983352
0.996689,0.983221,0.983352,0.984199
0.977852,0.989761,0.984199,1.008028
0.998867,0.998851,1.008028,1.002275
1.0,0.989643,1.002275,0.998865
1.0,1.012791,0.998865,0.980682
0.99093,0.989667,0.980682,1.015064
1.002288,0.9942,1.015064,0.990868
1.003425,1.005834,0.990868,1.031106
1.032992,1.00232,1.031106,0.992179
0.984581,1.021991,0.992179,1.001126
0.998881,0.998867,1.001126,0.986502
0.996641,0.992063,0.986502,1.021665
1.011236,1.001143,1.021665,0.996652
0.996667,1.013699,0.996652,1.027996
1.027871,1.005631,1.027996,0.996732
1.004338,1.020157,0.996732,1.036066
1.074514,0.998902,1.036066,0.99789
0.960804,1.027473,0.99789,0.9926
0.996862,1.00107,0.9926,0.99361
0.990556,0.99359,0.99361,1.022508
1.021186,1.010753,1.022508,0.992662
0.994813,1.002128,0.992662,1.013728
1.004171,0.998938,1.013728,1.0
1.002077,1.008502,1.0,0.998958
0.997927,0.997893,0.998958,0.977059
0.990654,0.987328,0.977059,1.001067
0.995807,0.997861,1.001067,0.997868
0.995789,0.996785,0.997868,0.996795
1.002114,1.001075,0.996795,0.994641
0.979958,0.984962,0.994641,0.969828
0.996771,0.980371,0.969828,1.014444
0.990281,1.002225,1.014444,0.974808
0.990185,0.981132,0.974808,0.998876
0.986784,0.972851,0.998876,1.011249
1.004464,1.037209,1.011249,0.994438
1.006667,0.993274,0.994438,0.991051
0.992274,0.997743,0.991051,1.002257
0.992214,1.0,1.002257,1.011261
1.006726,0.998869,1.011261,1.0
1.0,1.0,1.0,0.996659
1.006682,1.007928,0.996659,0.995531
0.99115,0.994382,0.995531,0.992144
0.997768,0.99096,0.992144,0.970588
0.975391,0.974914,0.970588,1.004662
0.99656,1.00117,1.004662,1.012761
1.004603,1.005841,1.012761,0.990836
1.011455,1.004646,0.990836,0.975723
0.983012,0.969942,0.975723,1.004739
0.979263,0.996424,1.004739,0.997642
1.004706,0.994019,0.997642,1.015366
1.009368,1.012034,1.015366,0.987194
0.99652,1.003567,0.987194,1.051887
1.040745,1.005924,1.051887,0.95852
0.964206,1.0,0.95852,0.99883
1.00348,0.996466,0.99883,1.004684
1.002312,1.007092,1.004684,0.991841
0.987313,0.989437,0.991841,0.990599
1.001168,0.998814,0.990599,1.005931
0.997666,0.995249,1.005931,0.98467
0.997661,0.99642,0.98467,0.998802
0.987104,0.99521,0.998802,1.021583
1.019002,1.001203,1.021583,0.998826
0.997669,1.014423,0.998826,1.005875
1.010514,1.004739,1.005875,1.010514
1.021965,1.004717,1.010514,1.0
0.987557,0.996479,1.0,0.991908
0.986254,0.990577,0.991908,0.959207
0.990708,0.977408,0.959207,1.001215
0.98007,0.998783,1.001215,0.991505
0.994019,0.991474,0.991505,0.99388
0.98556,0.977887,0.99388,1.008621
1.007326,1.015075,1.008621,0.976801
0.995152,0.985149,0.976801,1.025
0.998782,1.001256,1.025,1.010976
1.015854,1.005019,1.010976,0.998794
1.0012,1.026217,0.998794,0.977053
0.992806,0.981752,0.977053,0.992583
0.977053,0.986369,0.992583,0.998755
1.001236,1.001256,0.998755,1.002494
0.997531,1.002509,1.002494,0.995025
1.0,1.0,0.995025,1.01625
1.017327,1.002503,1.01625,1.00615
1.004866,1.014981,1.00615,1.007335
1.001211,1.00492,1.007335,0.998786
1.003628,1.0,0.998786,0.99514
0.993976,0.997552,0.99514,1.003663
0.996364,1.001227,1.003663,1.004866
1.004866,1.002451,1.004866,0.991525
1.0,0.996333,0.991525,1.003663
1.001211,1.003681,1.003663,0.998783
0.992745,0.993888,0.998783,0.997564
1.008526,1.00492,0.997564,0.985348
0.990338,0.985312,0.985348,1.003717
0.992683,1.0,1.003717,0.981481
0.996314,0.986335,0.981481,0.994969
0.98397,0.991184,0.994969,1.002528
0.997494,1.0,1.002528,0.991173
0.993719,0.994917,0.991173,1.003817
1.0,1.001277,1.003817,0.99493
0.998736,0.998724,0.99493,1.0
0.997468,0.997446,1.0,0.991083
0.994924,0.993598,0.991083,1.0
0.996173,0.992268,1.0,1.011568
1.014085,1.005195,1.011568,0.997459
0.996212,1.007752,0.997459,1.005096
1.00507,1.003846,1.005096,1.003802
1.001261,1.003831,1.003802,0.994949
0.997481,0.996183,0.994949,0.98731
0.996212,0.99106,0.98731,0.988432
0.986058,0.987113,0.988432,1.007802
0.998715,1.0,1.007802,1.028387
1.03861,1.013055,1.028387,0.998745
0.988848,1.01933,0.998745,0.991206
0.996241,0.99115,0.991206,1.003802
1.0,0.997449,1.003802,0.992424
0.996226,1.003836,0.992424,1.005089
1.005051,0.998726,1.005089,0.981013
0.991206,0.98852,0.981013,0.994839
0.983523,0.992258,0.994839,0.997406
0.996134,0.9987,0.997406,0.976593
0.994825,0.977865,0.976593,1.0
0.986996,0.996005,1.0,0.998668
0.993412,0.986631,0.998668,0.990667
0.992042,1.00271,0.990667,0.985195
0.995989,0.985135,0.985195,1.02459
1.020134,1.002743,1.02459,1.008
0.997368,1.01368,1.008,0.993386
1.005277,1.006748,0.993386,1.019973
1.010499,1.006702,1.019973,0.998695
0.996104,1.013316,0.998695,0.994771
0.997392,0.996058,0.994771,1.013141
1.013072,1.005277,1.013141,0.996109
0.99871,0.998688,0.996109,1.022135
1.023256,1.002628,1.022135,1.0
1.002525,1.023591,1.0,1.005096
0.997481,1.002561,1.005096,0.997465
0.997475,1.002554,0.997465,1.002541
1.003797,0.996178,1.002541,0.991128
0.998739,0.998721,0.991128,0.993606
0.991162,0.991037,0.993606,0.997426
0.996178,1.0,0.997426,0.980645
0.996164,0.978036,0.980645,0.992105
0.970475,0.984148,0.992105,1.002653
1.006614,1.002685,1.002653,1.002646
0.997372,1.006693,1.002646,1.019789
1.02635,1.003989,1.019789,1.01423
1.006418,1.019868,1.01423,0.996173
1.008929,1.01039,0.996173,0.996159
0.997472,0.987147,0.996159,0.996144
0.991128,1.005208,0.996144,0.980645
0.991049,0.983161,0.980645,0.993421
0.987097,0.990777,0.993421,1.018543
1.005229,1.005319,1.018543,0.983095
1.0,0.997354,0.983095,1.006614
0.993498,1.002653,1.006614,0.990802
0.998691,0.992063,0.990802,1.002653
1.002621,0.997333,1.002653,1.006614
0.996078,1.005348,1.006614,0.986859
1.003937,0.99734,0.986859,1.022636
1.005229,1.001333,1.022636,0.996094
1.0,1.013316,0.996094,1.006536
1.006502,1.003942,1.006536,1.001299
0.997416,1.001309,1.001299,0.998703
1.006477,0.996078,0.998703,0.988312
0.996139,0.997375,0.988312,0.997372
0.99354,0.996053,0.997372,1.001318
0.992198,0.998679,1.001318,0.973684
0.997379,0.97619,0.973684,1.006757
0.981603,1.001355,1.006757,1.040268
1.045515,1.005413,1.040268,1.011613
1.007682,1.036339,1.011613,1.029337
1.041931,1.012987,1.029337,1.023544
1.028049,1.053846,1.023544,1.013317
1.014235,1.00365,1.013317,1.015532
1.002339,1.006061,1.015532,0.976471
0.989498,0.996386,0.976471,1.1
1.076651,1.003628,1.1,1.016429
1.038335,1.1,1.016429,0.997845
0.998945,1.004376,0.997845,0.992441
0.979937,0.992375,0.992441,0.997824
0.991379,0.982437,0.997824,0.989095
0.996739,0.994413,0.989095,1.002205
1.007634,1.011236,1.002205,1.022002
1.020563,0.994444,1.022002,0.98493
0.981972,1.012291,0.98493,0.978142
0.99676,0.986755,0.978142,1.011173
0.991333,1.002237,1.011173,1.016575
1.016393,1.012277,1.016575,0.988043
1.016129,0.997795,0.988043,1.027503
0.989418,1.00221,1.027503,0.978587
1.010695,0.998897,0.978587,0.996718
0.971429,0.993377,0.996718,1.0
1.003268,1.005556,1.0,0.972558
0.994571,0.976796,0.972558,1.042889
1.018559,0.993213,1.042889,0.996753
0.993569,1.038724,0.996753,0.984799
0.994606,0.986842,0.984799,1.014333
1.013015,0.997778,1.014333,1.026087
1.019272,1.024499,1.026087,1.004237
1.0,1.009783,1.004237,1.031646
1.058824,1.006459,1.031646,1.006135
0.997024,1.032086,1.006135,1.0
1.030846,1.004145,1.0,1.012195
0.970077,1.002064,1.012195,1.043173
1.036816,1.023687,1.043173,1.000962
1.006718,1.027163,1.000962,0.984615
0.998093,0.990206,0.984615,0.999023
0.989494,0.98912,0.999023,1.032258
1.021236,1.009,1.032258,1.0
1.039698,1.044599,1.0,0.982955
0.956364,0.969639,0.982955,0.99711
0.992395,0.998043,0.99711,0.973913
0.992337,0.969608,0.973913,1.008929
0.989382,1.004044,1.008929,0.988201
0.999024,1.003021,0.988201,1.0199
1.014648,1.013052,1.0199,0.983415
0.983638,0.975223,0.983415,0.957341
0.973581,0.971545,0.957341,0.997927
0.98995,0.996862,0.997927,1.006231
0.996954,1.006296,1.006231,0.998968
1.02444,0.995829,0.998968,1.019628
0.989066,1.01466,1.019628,1.033435
1.025126,1.013416,1.033435,0.985294
1.002941,1.011202,0.985294,0.941294
0.967742,0.936556,0.941294,1.051797
1.009091,1.008602,1.051797,1.00201
1.012012,1.053305,1.00201,0.964895
0.993076,0.97166,0.964895,1.009356
0.98008,1.0,1.009356,0.992791
0.990854,0.995833,0.992791,0.965768
1.002051,0.965481,0.965768,0.989259
0.957011,0.989166,0.989259,1.001086
0.994652,1.0,1.001086,1.006508
1.024731,0.996714,1.006508,0.97306
0.977964,0.987912,0.97306,1.014396
0.987124,0.996663,1.014396,1.043668
1.041304,1.021205,1.043668,1.003138
1.015658,1.038251,1.003138,1.008342
1.005139,1.003158,1.008342,0.998966
1.001022,1.008395,0.998966,0.97412
0.987743,0.978148,0.97412,1.009564
1.005171,1.006383,1.009564,0.937895
0.95679,0.903805,0.937895,1.012346
0.976344,1.039766,1.012346,1.001109
0.998899,1.003375,1.001109,1.0
1.003308,1.007848,1.0,1.001107
1.002198,1.003337,1.001107,0.997788
0.994518,0.977827,0.997788,0.992239
1.007718,1.00907,0.992239,0.996648
0.9814,0.993258,0.996648,1.0
1.004459,1.007919,1.0,0.997758
0.99556,0.994388,0.997758,1.002247
1.0,1.003386,1.002247,1.013453
1.007804,0.995501,1.013453,0.992257
1.001106,1.00791,0.992257,1.006689
0.998895,0.995516,1.006689,1.03876
1.042035,1.01464,1.03876,0.99467
0.995754,1.031077,0.99467,0.960343
0.998934,0.962325,0.960343,1.011161
0.98079,1.0,1.011161,0.990066
0.98803,0.996644,0.990066,1.010033
1.011013,1.007856,1.010033,1.014349
1.001089,1.004454,1.014349,1.016322
1.02938,1.017738,1.016322,1.008565
1.006342,1.014161,1.008565,0.991507
0.989496,1.0,0.991507,1.004283
1.011677,1.004296,1.004283,0.990405
0.986359,0.987166,0.990405,1.010764
1.001064,1.002167,1.010764,0.99574
1.001063,1.006486,0.99574,0.988235
0.994692,0.989259,0.988235,1.007576
0.994664,1.003257,1.007576,1.017186
1.017167,0.998918,1.017186,1.023231
1.023207,1.018418,1.023231,1.007224
1.023711,1.023404,1.007224,0.98873
0.981873,0.994802,0.98873,1.003109
0.995897,1.001045,1.003109,0.979339
0.993821,0.987474,0.979339,1.005274
0.992746,0.996829,1.005274,0.995803
1.001044,1.003181,0.995803,1.026344
1.016684,0.998943,1.026344,0.995893
1.007179,1.022222,0.995893,0.997938
0.992872,0.994824,0.997938,0.990702
0.998974,0.996878,0.990702,0.996872
0.99076,0.994781,0.996872,0.98954
0.994819,0.988458,0.98954,0.996829
0.989583,0.993631,0.996829,0.977731
0.990526,0.980769,0.977731,0.992408
0.987248,0.991285,0.992408,0.972678
0.974166,0.96044,0.972678,1.004494
0.99116,1.01373,1.004494,0.993289
1.0,1.001129,0.993289,1.007883
1.00223,1.003382,1.007883,0.98324
0.992214,0.975281,0.98324,0.971591
0.985426,0.982719,0.971591,1.017544
1.002275,0.991794,1.017544,0.943678
0.980704,0.966903,0.943678,1.0
0.951389,0.929095,1.0,0.982948
1.004866,1.047368,0.982948,1.018587
0.995157,1.013819,1.018587,1.025547
1.037713,1.007435,1.025547,0.988138
0.985932,1.00861,0.988138,0.995198
0.992866,1.004878,0.995198,0.987937
0.992814,0.985437,0.987937,1.009768
1.00965,1.0,1.009768,0.996372
0.997611,1.013547,0.996372,0.970874
0.980838,0.972053,0.970874,1.00625
0.991453,1.00125,1.00625,1.012422
1.017241,1.002497,1.012422,1.067485
1.069007,1.01868,1.067485,0.965517
0.980747,1.025672,0.965517,1.015476
1.0,0.998808,1.015476,1.009379
0.994226,1.002387,1.009379,1.004646
1.013937,1.014286,1.004646,0.932948
0.942726,0.946009,0.932948,0.977695
0.991495,0.976427,0.977695,1.007605
0.976716,0.991105,1.007605,1.022642
1.028858,1.015385,1.022642,0.98278
0.987805,0.996212,0.98278,0.994994
0.997531,1.002535,0.994994,0.998742
0.988861,0.996207,0.998742,0.979849
0.988736,0.986041,0.979849,1.007712
1.010127,1.005148,1.007712,1.0
0.996241,0.996159,1.0,1.015306
1.005031,1.007712,1.015306,0.997487
1.008761,1.01148,0.997487,1.008816
0.996278,0.997478,1.008816,0.998752
1.0,1.002528,0.998752,0.9975
1.008717,1.005044,0.9975,1.0
0.995062,0.994981,1.0,1.001253
0.998759,0.993695,1.001253,1.02378
1.017391,1.010152,1.02378,1.0
1.001221,1.020101,1.0,0.993888
1.009756,1.0,0.993888,0.98893
0.986715,0.988916,0.98893,1.014925
1.082007,0.992528,1.014925,1.003676
0.93552,1.003764,1.003676,0.992674
1.001209,1.015,0.992674,0.99508
0.992754,0.991379,0.99508,0.998764
0.99635,1.0,0.998764,0.987624
0.992674,0.982609,0.987624,1.017544
0.99877,1.00885,1.017544,0.998768
1.004926,1.012531,0.998768,0.992602
0.992647,0.990099,0.992602,1.004969
1.004938,1.0075,1.004969,1.002472
1.001229,0.996278,1.002472,0.997534
1.0,1.002491,0.997534,1.012361
1.006135,1.003727,1.012361,0.996337
1.003659,1.008663,0.996337,0.996324
0.993925,0.995092,0.996324,1.00738
1.00978,0.998767,1.00738,1.06105
1.067797,1.014815,1.06105,0.991945
0.981859,1.032847,0.991945,1.0
1.016166,1.011779,1.0,1.030162
1.023864,0.995343,1.030162,0.986486
0.987791,1.014035,0.986486,0.98516
0.994382,0.989619,0.98516,0.984936
0.981921,0.98951,0.984936,1.007059
0.987342,0.996466,1.007059,1.0
1.002331,1.001182,1.0,0.977804
0.993023,0.983471,0.977804,0.992832
0.990632,0.996399,0.992832,0.986763
0.98227,0.985542,0.986763,1.007317
0.99639,1.002445,1.007317,1.0
1.007246,1.002439,1.0,1.010896
1.002398,0.997567,1.010896,1.005988
1.010766,1.009756,1.005988,0.980952
0.994083,0.993961,0.980952,1.018204
1.00119,1.00486,1.018204,1.0
1.001189,1.008464,1.0,0.990465
0.996437,0.992806,0.990465,0.991576
0.990465,0.992754,0.991576,0.998786
0.998797,0.998783,0.998786,1.00243
1.001205,1.001218,1.00243,1.010909
1.00361,0.997567,1.010909,0.990408
0.998801,1.004878,0.990408,1.006053
1.015606,1.003641,1.006053,1.001203
0.991726,0.996372,1.001203,1.004808
1.009535,1.009709,1.004808,1.001196
0.992916,0.989183,1.001196,1.0227
1.030916,1.015796,1.0227,1.003505
0.997693,1.011962,1.003505,0.976717
0.990751,0.989362,0.976717,1.013111
0.995333,1.0,1.013111,0.990588
1.007034,1.004779,0.990588,0.995249
0.98021,0.985731,0.995249,0.986874
0.991686,0.996381,0.986874,1.007255
1.00479,1.003632,1.007255,0.9988
1.004768,1.0,0.9988,0.996394
0.991696,1.0,0.996394,1.004825
1.003589,1.0,1.004825,0.971188
0.992849,0.973462,0.971188,0.997528
0.97479,0.993804,0.997528,1.012392
1.018473,1.004988,1.012392,1.031824
1.020556,1.011166,1.031824,0.991696
0.995261,1.020859,0.991696,1.002392
1.00119,1.001202,1.002392,0.99284
0.992866,0.986795,0.99284,0.996394
1.0,1.006083,0.996394,0.991556
0.998802,0.989117,0.991556,1.0
0.992806,1.003667,1.0,1.010949
1.01087,0.998782,1.010949,1.00722
1.005974,1.010976,1.00722,1.0
0.998812,1.007238,1.0,1.011947
1.015458,1.0,1.011947,0.997639
0.994145,1.001198,0.997639,1.004734
1.010601,1.005981,1.004734,0.997644
0.988345,1.003567,0.997644,0.991736
0.996462,0.992891,0.991736,1.0
0.997633,0.995227,1.0,0.997619
1.001186,1.003597,0.997619,0.994033
0.99763,0.994026,0.994033,0.995198
0.991686,0.992788,0.995198,0.998794
0.996407,0.998789,0.998794,0.996377
1.004808,1.0,0.996377,1.0
0.994019,0.998788,1.0,1.003636
1.002407,1.001214,1.003636,0.992754
0.9988,0.995152,0.992754,0.976886
0.991587,0.974421,0.976886,1.004981
0.985455,1.00125,1.004981,0.993804
0.99877,0.992509,0.993804,1.006234
0.995074,1.003774,1.006234,0.977695
0.997525,0.97995,0.977695,1.015209
1.003722,1.008951,1.015209,0.997503
0.997528,1.010139,0.997503,1.012516
1.009913,0.993726,1.012516,0.99382
0.993865,1.010101,0.99382,0.99005
0.990123,0.99,0.99005,0.986181
0.995012,0.988636,0.986181,1.002548
0.992481,0.996169,1.002548,1.005083
1.001263,0.998718,1.005083,0.992415
1.002522,1.006418,0.992415,1.0
0.993711,0.996173,1.0,1.014013
1.022785,1.006402,1.014013,1.01005
1.001238,1.006361,1.01005,0.986318
0.995056,0.997472,0.986318,0.998739
0.991304,0.993663,0.998739,0.987374
0.992481,0.996173,0.987374,1.002558
0.996212,0.99872,1.002558,1.002551
1.00507,1.005128,1.002551,1.016539
1.008827,1.002551,1.016539,0.989987
0.9975,1.005089,0.989987,1.002528
1.002506,0.996203,1.002528,0.994956
0.99125,0.997459,0.994956,1.010139
1.007566,1.006369,1.010139,0.998745
1.003755,1.001266,0.998745,0.98995
0.990025,0.994943,0.98995,1.002538
0.994962,0.993647,1.002538,1.010127
1.012658,1.008951,1.010127,1.013784
1.025,1.008872,1.013784,1.001236
0.997561,1.01005,1.001236,1.004938
1.008557,0.996269,1.004938,0.997543
0.986667,1.006242,0.997543,0.998768
1.003686,1.001241,0.998768,0.98397
0.991432,0.986369,0.98397,1.046366
1.054321,1.002513,1.046366,0.976048
0.983607,1.02005,0.976048,0.98773
0.971429,0.982801,0.98773,0.978882
0.980392,0.9775,0.978882,0.991117
0.99625,0.996164,0.991117,1.005122
0.989962,0.998716,1.005122,1.006369
1.016477,1.003856,1.006369,1.0
0.987531,0.99872,1.0,1.006329
1.011364,1.005128,1.006329,1.001258
0.996255,1.001276,1.001258,0.991206
0.998747,1.001274,0.991206,1.001267
0.994981,0.991094,1.001267,0.991139
1.002522,1.002567,0.991139,0.945083
0.979874,0.944942,0.945083,1.002703
0.958922,0.98916,1.002703,1.008086
1.017403,1.006849,1.008086,1.012032
1.014474,1.020408,1.012032,0.988111
0.980545,0.992,0.988111,1.006684
1.003968,1.004032,1.006684,0.997344
0.99473,1.001339,0.997344,0.998668
0.994702,0.993316,0.998668,0.992
1.013316,1.0,0.992,1.033602
1.018397,0.997308,1.033602,1.007802
1.007742,1.032389,1.007802,0.994839
0.996159,1.005229,0.994839,0.996109
0.997429,0.997399,0.996109,1.002604
1.006443,0.98957,1.002604,1.007792
0.99872,1.01054,1.007792,0.998711
0.998718,1.002608,0.998711,1.003871
1.001284,1.0013,1.003871,1.008997
1.010256,1.007792,1.008997,0.992357
1.002538,1.0,0.992357,1.003851
0.993671,0.998711,1.003851,1.02046
1.035669,1.005161,1.02046,0.993734
0.98893,1.014121,0.993734,1.005044
1.003731,1.001266,1.005044,1.011292
1.002478,1.005057,1.011292,0.992556
0.998764,0.998742,0.992556,0.9775
0.990099,0.983627,0.9775,1.003836
0.9875,0.997439,1.003836,0.998726
0.998734,1.005135,0.998726,0.997449
0.993663,0.989783,0.997449,0.982097
1.001276,0.988387,0.982097,1.011719
0.992357,0.998695,1.011719,0.997426
1.003851,1.00915,0.997426,0.996129
0.997442,0.996114,0.996129,1.0
1.005128,1.0013,1.0,0.998705
0.992347,0.998701,0.998705,1.009079
1.001285,1.0,1.009079,1.002571
1.011553,1.011704,1.002571,1.002564
0.992386,0.992288,1.002564,1.0
1.003836,1.007772,1.0,0.996164
1.001274,1.0,0.996164,1.006418
1.007634,1.001285,1.006418,1.001276
0.996212,1.003851,1.001276,1.014013
1.011407,1.005115,1.014013,0.994975
0.997494,1.005089,0.994975,1.0
1.001256,1.0,1.0,0.991162
0.997491,0.993671,0.991162,1.002548
0.994969,0.996178,1.002548,0.988564
0.996207,0.991049,0.988564,1.003856
0.994924,1.005161,1.003856,1.012804
1.012755,0.998716,1.012804,0.997472
1.006297,1.011568,0.997472,1.007605
0.994994,1.001271,1.007605,1.001258
1.005031,1.006345,1.001258,0.998744
0.998748,0.998739,0.998744,1.002516
1.0,0.998737,1.002516,0.992472
1.001253,0.998736,0.992472,1.001264
0.993742,0.998734,1.001264,0.998737
1.003778,1.002535,0.998737,0.992415
0.992472,0.988622,0.992415,1.010191
1.002528,1.001279,1.010191,0.994956
1.002522,0.998723,0.994956,0.998733
1.001258,1.003836,0.998733,1.007614
0.997487,1.001274,1.007614,1.001259
1.003778,1.006361,1.001259,0.989937
0.998745,0.992415,0.989937,1.010165
1.008794,1.003822,1.010165,1.010063
1.002491,1.008883,1.010063,0.995019
0.996273,1.002516,0.995019,0.991239
0.996259,0.977415,0.991239,0.991162
0.993742,1.003851,0.991162,1.003822
0.994962,1.002558,1.003822,1.001269
1.002532,1.003827,1.001269,1.00507
1.005051,1.001271,1.00507,1.0
0.997487,1.0,1.0,1.005044
1.005038,1.005076,1.005044,0.997491
1.0,1.0,0.997491,1.006289
1.006266,1.003788,1.006289,0.99625
1.0,1.0,0.99625,1.001255
0.996264,1.0,1.001255,1.005013
1.005,1.003774,1.005013,0.997506
0.998756,1.001253,0.997506,0.99875
0.998755,0.996245,0.99875,1.002503
0.998753,1.0,1.002503,0.987516
1.0,0.993719,0.987516,1.001264
0.990012,0.998736,1.001264,1.0
1.005044,0.994937,1.0,1.005051
1.0,1.003817,1.005051,1.002513
1.002509,1.00507,1.002513,1.0
1.0,1.0,1.0,0.998747
1.0,0.996217,0.998747,1.005019
1.005006,1.006329,1.005019,1.003745
1.002491,1.006289,1.003745,1.006219
1.006211,1.00125,1.006219,1.0
1.002469,1.004994,1.0,1.025958
1.029557,1.004969,1.025958,0.951807
0.952153,0.967862,0.951807,1.043038
1.042714,1.012771,1.043038,1.021845
1.051807,1.044136,1.021845,1.0
0.983963,1.008454,1.0,1.013064
0.994179,1.001198,1.013064,0.987104
1.008197,1.005981,0.987104,1.015439
0.996516,0.995244,1.015439,0.985965
0.993007,0.998805,0.985965,0.989324
0.988263,0.990431,0.989324,0.986811
0.991686,0.990338,0.986811,1.001215
0.99521,1.002439,1.001215,1.010922
1.006017,1.002433,1.010922,0.993998
0.995215,1.0,0.993998,0.992754
1.001202,0.987864,0.992754,0.993917
0.989196,1.002457,0.993917,1.007344
1.001214,0.998775,1.007344,1.003645
1.003636,1.008589,1.003645,1.0
1.0,0.998783,1.0,0.998789
0.998792,1.001218,0.998789,0.992727
0.998791,0.990268,0.992727,1.007326
1.0,0.998771,1.007326,0.991515
0.997579,1.00369,0.991515,0.99511
0.996359,0.993873,0.99511,1.001229
0.997564,1.003699,1.001229,0.997546
1.0,0.996314,0.997546,1.00861
1.003663,1.002466,1.00861,1.002439
1.00365,1.00492,1.002439,1.017032
1.014545,1.004896,1.017032,1.005981
1.015532,1.017052,1.005981,1.003567
0.994118,1.0,1.003567,1.00237
1.00355,1.008383,1.00237,1.002364
1.010613,1.003563,1.002364,0.991745
0.989498,0.991716,0.991745,1.004756
1.011792,1.001193,1.004756,1.001183
0.987179,1.0,1.001183,1.004728
1.005903,1.003576,1.004728,1.011765
1.015258,1.004751,1.011765,0.989535
1.001156,0.997636,0.989535,1.003525
0.998845,0.99763,1.003525,1.004684
0.997688,1.010689,1.004684,0.979021
0.995365,0.984724,0.979021,1.003571
0.987194,0.998807,1.003571,1.014235
1.014151,1.002389,1.014235,0.995322
1.001163,1.010727,0.995322,1.018801
1.00813,1.0,1.018801,1.020761
1.028802,1.025943,1.020761,1.016949
1.011198,1.014943,1.016949,1.011111
1.013289,1.014723,1.011111,0.99011
1.001093,0.998884,0.99011,0.994451
0.983624,0.984358,0.994451,0.998884
0.99667,1.0,0.998884,0.994413
1.002227,1.00454,0.994413,1.01573
1.007778,1.00113,1.01573,1.015487
1.044101,1.011287,1.015487,1.002179
0.979937,1.001116,1.002179,0.997826
1.006466,1.011148,0.997826,0.974946
0.98394,0.985667,0.974946,1.0
0.98803,0.998881,1.0,1.024581
1.018722,1.005599,1.024581,1.004362
1.006486,1.016704,1.004362,0.968512
0.984962,0.972618,0.968512,1.024664
0.997819,1.006757,1.024664,1.020788
1.032787,1.020134,1.020788,1.050375
1.046561,1.02193,1.050375,1.094898
1.08999,1.049356,1.094898,0.99534
1.004638,1.07771,0.99534,1.003745
1.009234,0.990512,1.003745,0.981343
0.983532,0.994253,0.981343,1.0
0.989767,1.00289,1.0,1.041825
1.081767,1.003842,1.041825,1.052007
1.004344,1.033493,1.052007,0.978317
1.057093,1.017593,0.978317,0.998227
0.923077,0.992721,0.998227,0.982238
1.025709,1.008249,0.982238,0.972875
0.952463,0.961818,0.972875,1.000929
0.994555,1.0,1.000929,0.974002
0.980839,0.986767,0.974002,1.004766
0.985116,0.995211,1.004766,1.016129
1.020774,1.00385,1.016129,1.044818
1.042553,1.006711,1.044818,1.010724
1.03638,1.028571,1.010724,1.011494
0.989726,1.023148,1.011494,1.048951
1.057093,1.019005,1.048951,1.015
1.020458,1.059503,1.015,1.094417
1.072975,1.010059,1.094417,0.95949
1.044096,1.055602,0.95949,1.046912
0.992842,0.984277,1.046912,0.966393
0.987022,1.004792,0.966393,1.046368
0.993426,1.007949,1.046368,1.007386
1.058088,1.031546,1.007386,1.0
0.968728,0.996177,1.0,0.904692
0.994261,0.942441,0.904692,1.019449
0.919913,0.958469,1.019449,1.020668
1.040784,1.045879,1.020668,0.989875
0.985682,1.025995,0.989875,0.994493
0.970948,0.978622,0.994493,1.088608
1.085039,1.017799,1.088608,1.09593
1.098694,1.065183,1.09593,0.948939
0.993395,1.052239,0.948939,1.004892
0.976064,0.985816,1.004892,1.015994
1.055858,1.020863,1.015994,0.951403
0.941935,0.971811,0.951403,0.951799
0.960274,0.93401,0.951799,1.046107
1.00214,1.032609,1.046107,1.030347
1.017082,1.030827,1.030347,0.993689
1.055283,1.009482,0.993689,1.015526
0.966844,1.015173,1.015526,1.018068
1.012346,1.011388,1.018068,1.004096
1.009485,1.006334,1.004096,0.979606
1.004698,0.987413,0.979606,0.986815
0.9666,0.993626,0.986815,0.963432
0.988252,0.972202,0.963432,1.010949
1.01958,0.989736,1.010949,0.973285
0.950617,0.980741,0.973285,0.990356
0.982684,1.004532,0.990356,1.00824
1.008076,1.004511,1.00824,1.032689
1.01311,0.996257,1.032689,0.997122
1.014378,1.030804,0.997122,0.900433
0.940468,0.908892,0.900433,1.016827
0.963828,0.994387,1.016827,1.046493
1.04613,1.020161,1.046493,0.99247
0.99701,1.029249,0.99247,1.003035
1.015742,1.012289,1.003035,1.005295
0.983026,0.984825,1.005295,0.987961
0.999249,0.988444,0.987961,0.991622
0.994741,1.002338,0.991622,0.982335
0.977341,0.990669,0.982335,1.002346
1.00541,0.99843,1.002346,0.978939
0.977709,0.976415,0.978939,1.018327
1.007862,1.008052,1.018327,0.978091
1.00234,0.996805,0.978091,1.0128
1.050584,1.011218,1.0128,0.970774
0.934074,0.967512,0.970774,1.010578
0.996035,0.994267,1.010578,1.017713
1.01035,1.016474,1.017713,1.001582
1.003152,1.017018,1.001582,1.00079
1.0,0.998406,1.00079,1.01105
1.027494,1.011173,1.01105,1.008587
0.993119,1.004736,1.008587,1.003096
1.009238,1.014925,1.003096,0.97608
0.987796,0.975232,0.97608,1.038735
1.015444,1.000794,1.038735,0.99239
1.004563,1.030928,0.99239,1.003067
0.993944,0.994615,1.003067,0.970183
0.990861,0.980665,0.970183,0.993696
0.982321,0.985804,0.993696,0.984933
0.985915,0.9888,0.984933,1.004026
1.0,1.003236,1.004026,1.1
1.088889,1.006452,1.1,1.000729
1.044461,1.075321,1.000729,1.00437
0.989532,1.013413,1.00437,1.06454
1.069817,1.031618,1.06454,0.98842
1.01648,1.019957,0.98842,1.012405
0.961738,1.002795,1.012405,1.008169
1.005394,1.016028,1.008169,1.008103
1.013414,1.00823,1.008103,0.978567
0.983455,0.989116,0.978567,1.017796
1.020861,0.99381,1.017796,1.007397
0.994726,1.023529,1.007397,0.985981
0.998012,0.992563,0.985981,0.972241
0.975432,0.973433,0.972241,1.023677
1.028591,0.995801,1.023677,0.990476
0.97816,1.014055,0.990476,1.028846
1.02571,1.012474,1.028846,0.991322
1.019789,1.010267,0.991322,1.005387
0.97542,0.998645,1.005387,0.997321
0.998011,0.995929,0.997321,1.007388
0.998007,1.003406,1.007388,1.04
1.048602,1.023082,1.04,1.027564
1.019048,1.010617,1.027564,0.98378
1.033022,1.033487,0.98378,1.025365
0.982509,0.988564,1.025365,1.009895
1.023327,1.03856,1.009895,0.985303
0.980204,0.983911,0.985303,1.028589
1.028764,1.003145,1.028589,1.013897
0.99881,1.015674,1.013897,1.004172
1.02025,1.021605,1.004172,0.950148
1.0,0.963746,0.950148,1.014366
0.950379,0.989342,1.014366,1.034483
1.036241,1.025349,1.034483,1.004167
1.012448,1.029666,1.004167,0.967991
0.978923,0.966987,0.967991,1.033068
1.009569,1.015518,1.033068,1.08773
1.099526,1.03912,1.08773,0.978747
0.97306,1.03,0.978747,0.977171
1.006091,1.001142,0.977171,0.997151
0.966428,0.976041,0.997151,0.946286
1.006834,0.958504,0.946286,1.003623
0.978507,1.00061,1.003623,1.0
0.974566,1.000609,1.0,1.0
1.005931,0.977467,1.0,1.040313
1.022406,1.020561,1.040313,1.013881
1.016724,1.042735,1.013881,0.994295
1.030062,1.004684,0.994295,0.99082
0.981278,0.998252,0.99082,0.968153
0.979798,0.967309,0.968153,0.97488
0.957617,0.980084,0.97488,1.053988
1.042464,1.003695,1.053988,1.001746
1.011474,1.037423,1.001746,1.006973
0.984118,1.005322,1.006973,1.040392
1.046686,1.020588,1.040392,1.034387
1.045154,1.054755,1.034387,1.002145
0.989463,0.992896,1.002145,0.984484
1.002662,1.008255,0.984484,0.996739
1.056293,0.99345,0.996739,1.034896
0.977878,0.984066,1.034896,1.060063
1.048843,1.027359,1.060063,1.005467
1.002451,1.065217,1.005467,1.066733
1.08802,1.012755,1.066733,1.026877
1.066517,1.068514,1.026877,1.0
1.0,1.0,1.0,1.0
1.0,1.0,1.0,1.0
1.0,1.0,1.0,1.0
1.0,1.0,1.0,1.0
1.0,1.0,1.0,0.960289
0.990308,0.993399,0.960289,0.959586
0.906383,0.954912,0.959586,0.991185
0.976526,0.990557,0.991185,1.000494
0.998558,0.987958,1.000494,0.980247
0.987,0.993398,0.980247,0.952141
0.990244,0.956033,0.952141,1.030688
0.962069,0.964706,1.030688,1.041581
1.040451,1.079823,1.041581,1.001479
1.066929,1.028234,1.001479,0.99065
0.983856,0.928607,0.99065,1.077
1.036099,1.056989,1.077,1.051661
1.073303,1.070702,1.051661,0.9
0.948567,0.974822,0.9,0.910819
0.911556,0.900097,0.910819,0.9
0.906875,0.910666,0.9,1.053508
0.994624,1.0,1.053508,0.98702
0.975135,0.950654,0.98702,0.9
0.927938,0.984365,0.9,1.099111
1.03405,0.910419,1.099111,1.068208
1.095898,1.1,1.068208,1.000541
0.998419,1.056716,1.000541,0.978367
0.968321,0.988701,0.978367,0.978441
1.0,0.992571,0.978441,1.010169
0.990185,1.00806,1.010169,1.026846
1.018722,1.015991,1.026846,0.972767
0.987027,0.997189,0.972767,1.003359
0.996714,0.992108,1.003359,0.99721
0.997253,1.002841,0.99721,1.019586
1.006061,1.003966,1.019586,1.011526
1.039978,1.023138,1.011526,0.900163
0.985782,0.915058,0.900163,1.021097
0.915064,0.946353,1.021097,1.023022
1.015762,1.06242,1.023022,0.960185
0.988506,0.986811,0.960185,1.019832
1.004651,0.990279,1.019832,1.038892
1.021412,1.025153,1.038892,1.010777
1.012465,1.034111,1.010777,0.979237
0.994404,1.006944,0.979237,0.995989
0.999437,0.983908,0.995989,1.013234
0.998311,1.013435,1.013234,1.029529
1.027073,1.001729,1.029529,0.980695
0.996705,1.012083,0.980695,0.978628
0.973003,0.980671,0.978628,1.005172
0.997735,0.990145,1.005172,0.997141
0.999432,1.014637,0.997141,0.982225
0.986371,0.975188,0.982225,0.941039
1.006333,0.939645,0.941039,1.003722
0.937071,0.97733,1.003722,0.967862
0.985958,1.001933,0.967862,0.956577
0.97709,0.95627,0.956577,0.9
0.923954,0.906523,0.9,0.905786
0.937586,0.9,0.905786,1.058968
0.979517,1.014839,1.058968,1.099768
1.061987,1.056052,1.099768,1.037975
1.040084,1.096923,1.037975,1.061653
1.061528,1.023843,1.061653,1.015954
1.022293,1.027397,1.015954,0.964824
0.983178,1.008,0.964824,0.96224
0.980989,0.974206,0.96224,1.021651
0.985788,0.991174,1.021651,1.007947
1.005898,1.017123,1.007947,0.994087
0.99544,1.00404,0.994087,0.997356
0.998037,1.00939,0.997356,1.00729
0.999344,0.954817,1.00729,0.977632
0.988189,1.021573,0.977632,1.03432
1.043825,1.002044,1.03432,0.990241
0.984733,1.027872,0.990241,0.992116
0.987726,0.99537,0.992116,1.01457
1.00654,0.998671,1.01457,1.02154
1.02989,1.013307,1.02154,0.927796
0.946372,0.952068,0.927796,1.001377
0.979333,0.997931,1.001377,0.991747
0.997277,0.993089,0.991747,1.01387
1.000683,1.0,1.01387,0.97606
0.993861,0.986778,0.97606,1.016819
1.005491,1.007052,1.016819,1.017229
1.023891,1.02521,1.017229,1.026423
1.014667,1.007514,1.026423,1.028383
1.032194,1.027797,1.028383,1.003851
1.005092,1.001979,1.003851,0.973146
0.979734,1.001317,0.973146,1.017083
1.001939,0.999343,1.017083,1.013566
1.02,1.017105,1.013566,1.0
1.011385,1.003881,1.0,1.003824
0.99187,0.998711,1.003824,1.027302
1.067465,1.003871,1.027302,1.029048
0.995275,1.017352,1.029048,1.021622
1.024926,1.039166,1.021622,1.005879
1.022003,1.034043,1.005879,0.987142
0.963173,0.970606,0.987142,0.976317
0.994118,0.993337,0.976317,1.016374
0.998817,1.006707,1.016374,1.009547
1.010664,1.00848,1.009547,0.983452
1.008206,0.998198,0.983452,0.97476
0.971512,0.973526,0.97476,1.071517
1.041293,1.004326,1.071517,1.06099
1.098851,1.052923,1.06099,1.002169
0.987448,1.044418,1.002169,1.021104
1.075212,1.04197,1.021104,0.980392
0.935468,0.970999,0.980392,0.98
0.966298,0.993916,0.98,0.998897
1.00654,0.998887,0.998897,0.977361
0.990796,0.983287,0.977361,1.00339
0.972678,0.98017,1.00339,1.02027
1.055618,1.036994,1.02027,1.021523
1.016498,0.992754,1.021523,0.995678
0.973822,1.017967,0.995678,0.992404
1.007527,1.005516,0.992404,0.980864
0.979189,0.981898,0.980864,0.994426
0.979837,0.988268,0.994426,1.008969
1.009455,1.003957,1.008969,0.996667
1.018182,1.006757,0.996667,0.93311
0.965909,0.922819,0.93311,1.012545
0.954622,0.993939,1.012545,0.99705
1.002934,1.006098,0.99705,1.092308
1.087771,1.014545,1.092308,1.004875
1.036579,1.077061,1.004875,0.959569
0.957447,0.983916,0.959569,0.996067
0.973984,0.990981,0.996067,0.995488
1.001113,0.986348,0.995488,1.007365
0.997777,1.012111,1.007365,0.990439
1.014485,1.002849,0.990439,0.975582
0.96156,0.969886,0.975582,1.034924
1.026842,0.995899,1.034924,0.974128
0.987208,1.013529,0.974128,1.002887
0.989859,1.004643,1.002887,1.013241
1.017075,1.00751,1.013241,1.017045
1.037493,1.000573,1.017045,1.029609
1.017799,1.0149,1.029609,1.007596
1.00212,1.037267,1.007596,1.004308
1.012692,1.000544,1.004308,1.017694
1.002089,1.009249,1.017694,0.999473
1.002606,1.009164,0.999473,0.949921
0.985447,0.959402,0.949921,1.007214
0.957806,0.98441,1.007214,0.985675
0.998899,1.002262,0.985675,0.98938
0.994487,0.996614,0.98938,0.932203
0.982262,0.929219,0.932203,1.005455
0.952032,0.944546,1.005455,1.01085
0.997036,1.067097,1.01085,0.933214
0.983948,0.938331,0.933214,1.033866
1.0,1.000644,1.033866,0.95241
0.976435,0.972312,0.95241,1.00584
0.974629,1.019868,1.00584,0.982581
0.99619,0.983766,0.982581,1.015102
0.992989,0.976898,1.015102,1.014877
1.035302,1.043919,1.014877,1.005099
0.988841,0.995469,1.005099,1.022194
1.011912,1.016905,1.022194,0.975186
0.995663,0.994885,0.975186,0.977735
1.001867,0.986504,0.977735,0.999349
0.973913,0.981759,0.999349,0.996745
0.985332,0.995355,0.996745,0.944481
0.987055,0.963333,0.944481,1.009682
0.965246,0.975087,1.009682,0.970548
0.993886,1.0,0.970548,1.031757
1.013671,1.001419,1.031757,0.9829
0.989211,1.007087,0.9829,1.01531
1.000682,1.008445,1.01531,0.993146
0.98842,0.997209,0.993146,1.015183
1.015162,1.014696,1.015183,0.990483
1.002716,1.001379,0.990483,0.990391
0.982397,0.975895,0.990391,1.029799
1.028946,1.023289,1.029799,1.026918
1.028801,1.026897,1.026918,0.998034
1.004557,1.015447,0.998034,0.987525
0.990927,0.987434,0.987525,1.03391
1.030739,1.008707,1.03391,0.990354
0.984772,1.008632,0.990354,1.003247
1.0,1.001317,1.003247,0.939159
0.992268,0.942801,0.939159,1.011716
0.95974,1.01046,1.011716,0.993869
0.993234,0.966184,0.993869,1.014393
1.01158,1.025714,1.014393,1.033108
1.032997,1.025766,1.033108,1.022237
1.022816,1.032587,1.022237,1.018554
1.028681,1.019066,1.018554,1.008794
1.005576,1.005161,1.008794,0.991283
0.982748,0.992298,0.991283,0.984925
0.987461,0.991591,0.984925,0.984694
1.003175,1.004566,0.984694,1.009067
0.989873,0.992857,1.009067,1.000642
1.026215,1.017659,1.000642,1.014753
0.990654,0.987147,1.014753,1.001264
1.01195,1.016276,1.001264,0.987374
0.990677,0.998078,0.987374,1.018542
1.001882,1.002567,1.018542,1.023854
1.031309,1.019206,1.023854,0.992643
1.003643,1.012563,0.992643,0.996294
0.982456,0.993176,0.996294,0.982021
0.987685,0.988757,0.982021,0.998737
0.995012,0.998105,0.998737,0.993679
1.00188,0.992405,0.993679,1.000636
0.999375,0.998087,1.000636,1.026701
1.015645,1.009585,1.026701,0.996904
1.000616,1.012658,0.996904,1.003727
0.998768,0.9875,1.003727,1.006188
1.011097,1.005063,1.006188,0.990775
0.994512,1.007557,0.990775,0.985723
0.99019,0.99125,0.985723,1.003149
0.996285,0.994956,1.003149,1.006905
1.006215,1.009506,1.006905,0.996259
0.992588,0.996861,0.996259,1.008135
1.015557,1.008816,1.008135,1.004966
0.998162,1.003745,1.004966,1.012353
1.008594,1.003731,1.012353,0.981086
0.992088,0.995663,0.981086,1.002488
0.995092,0.997511,1.002488,0.991935
0.996917,0.973175,0.991935,0.996873
0.999382,1.014103,0.996873,1.006901
0.998144,1.000632,1.006901,0.988785
0.991321,0.998105,0.988785,1.013863
1.007505,1.002532,1.013863,1.011187
1.016139,1.013258,1.011187,1.039951
1.050703,1.031776,1.039951,0.993499
0.994186,1.00785,0.993499,1.021416
1.028655,1.007789,1.021416,1.001165
0.985219,1.009512,1.001165,0.999418
0.995961,1.001767,0.999418,0.981374
1.0,0.990594,0.981374,1.002372
0.99073,0.994659,1.002372,0.985207
0.991228,0.988067,0.985207,1.028829
1.023599,1.005435,1.028829,1.0
0.998271,1.019219,1.0,0.992995
0.992494,1.000589,0.992995,1.002352
0.998255,1.0,1.002352,1.002346
0.997669,1.002945,1.002346,0.991808
0.997664,0.984733,0.991808,1.00531
0.999415,1.006559,1.00531,1.001761
1.002929,1.002962,1.001761,1.001172
1.004673,1.006497,1.001172,0.996489
0.995349,0.992958,0.996489,1.009982
1.006425,1.007683,1.009982,0.998837
0.998259,0.999413,0.998837,0.995343
0.998837,1.002934,0.995343,1.003509
1.001164,0.995319,1.003509,1.042541
1.044186,1.009406,1.042541,0.993292
1.012249,1.032615,0.993292,1.007878
0.988449,1.00282,1.007878,1.001675
1.001669,1.003375,1.001675,0.996656
1.006667,1.001682,0.996656,0.9
0.9,0.9,0.9,0.98152
0.985787,0.982438,0.98152,0.969665
0.984552,0.969506,0.969665,1.005394
0.983264,1.0,1.005394,1.002146
1.006383,0.994577,1.002146,0.987152
0.988372,1.002181,0.987152,1.005423
0.99893,1.002176,1.005423,0.996764
0.998929,0.998914,0.996764,1.012987
1.005359,1.005435,1.012987,1.004274
1.00533,1.004324,1.004274,0.995745
0.99894,0.998924,0.995745,0.991453
1.006369,0.992457,0.991453,1.005388
0.988397,1.001086,1.005388,0.992497
0.992529,0.997831,0.992497,1.011879
1.008602,1.003261,1.011879,1.002134
1.003198,1.009751,1.002134,1.00426
1.007439,1.004292,1.00426,1.021209
1.033755,1.002137,1.021209,1.007269
0.992857,1.01919,1.007269,0.998969
0.998972,1.00523,0.998969,0.990712
0.996914,0.989594,0.990712,0.995833
0.990712,1.0,0.995833,1.001046
1.003125,1.003155,1.001046,1.021944
1.015576,0.998952,1.021944,1.02863
1.048057,1.032529,1.02863,0.999006
0.997073,1.017276,0.999006,1.00597
0.995108,1.001998,1.00597,1.024728
1.027532,1.005982,1.024728,0.984556
0.998086,1.000991,0.984556,0.990196
0.980825,0.99703,0.990196,1.028713
1.025415,1.004965,1.028713,0.99615
0.99428,1.017787,0.99615,0.997101
1.0,0.996117,0.997101,1.021318
1.01534,1.001949,1.021318,0.98482
1.012276,0.98249,0.98482,0.981696
0.963619,0.99802,0.981696,1.013739
1.00484,1.007937,1.013739,0.997096
1.000963,0.998031,0.997096,0.990291
0.991338,0.998028,0.990291,0.990196
0.991262,0.98913,0.990196,0.99604
0.996082,1.000999,0.99604,1.021869
1.017699,1.003992,1.021869,0.997082
0.992271,1.006958,0.997082,1.005854
1.005842,1.005923,1.005854,1.00097
1.00484,1.005888,1.00097,1.025194
1.05973,1.004878,1.025194,1.046314
1.008182,1.02233,1.046314,1.015357
1.035167,1.048433,1.015357,0.969751
0.979965,0.970109,0.969751,0.988073
0.972444,1.000934,0.988073,1.007428
1.001828,0.996269,1.007428,1.000922
0.99635,1.009363,1.000922,1.004604
1.004579,0.989796,1.004604,1.003666
1.006381,1.015933,1.003666,0.993607
0.998188,1.0,0.993607,0.987132
0.983666,0.976015,0.987132,1.000931
0.999077,1.010397,1.000931,0.995349
0.992613,0.992516,0.995349,1.006542
1.002791,1.00754,1.006542,1.011142
1.022263,1.000935,1.011142,0.996327
0.99637,1.009346,0.996327,0.990783
0.993625,0.988889,0.990783,0.995349
0.989001,0.997191,0.995349,1.0
0.995366,0.999061,1.0,1.000935
1.006518,1.003759,1.000935,0.993464
0.992599,0.994382,0.993464,0.986842
0.993476,0.987759,0.986842,0.979048
0.9803,0.973308,0.979048,0.987354
0.988517,0.988247,0.987354,0.996059
0.989351,0.999009,0.996059,1.01088
1.001957,1.005952,1.01088,1.004892
1.005859,1.001972,1.004892,0.999026
1.001942,0.999016,0.999026,1.005848
1.002907,1.008867,1.005848,1.003876
1.003865,1.004883,1.003876,0.975869
0.9923,0.981535,0.975869,1.007913
0.990301,0.994059,1.007913,0.993131
1.0,1.003984,0.993131,1.01087
1.006856,1.003968,1.01087,1.002933
1.008755,1.008893,1.002933,1.003899
0.995178,1.0,1.003899,0.993204
1.0,0.996082,0.993204,0.991202
0.989341,0.9941,0.991202,1.002959
0.998041,1.001978,1.002959,0.99705
0.998037,0.998026,0.99705,0.987179
0.999017,0.988131,0.987179,1.007992
0.997047,0.996997,1.007992,0.999009
1.0,1.009036,0.999009,1.006944
1.004936,1.000995,1.006944,1.027586
1.026523,1.006958,1.027586,1.016299
1.037321,1.031589,1.016299,0.999057
0.986162,1.001914,0.999057,0.981114
0.988775,0.987584,0.981114,1.002887
0.989593,0.998066,1.002887,1.008637
1.028681,1.00969,1.008637,0.998097
0.981413,0.998081,0.998097,1.016206
1.014205,1.006731,1.016206,0.992495
0.997199,1.009551,0.992495,1.005671
1.003745,0.993377,1.005671,0.996241
1.010261,1.006667,0.996241,0.998113
0.98338,0.996216,0.998113,1.00189
1.001878,0.998101,1.00189,0.987736
0.994377,0.987631,0.987736,1.005731
1.005655,1.009634,1.005731,1.010446
1.0,1.003817,1.010446,1.005639
1.019681,1.007605,1.005639,1.003738
0.990809,1.00566,1.003738,0.995345
0.996289,1.000938,0.995345,0.991581
0.995345,0.988754,0.991581,0.991509
0.993452,0.995261,0.991509,1.015224
1.013183,0.998095,1.015224,1.027179
1.020446,1.017176,1.027179,1.037409
1.054645,1.027205,1.037409,0.997361
0.997409,1.028311,0.997361,1.027337
1.01039,1.006217,1.027337,1.016309
1.041131,1.036187,1.016309,1.002534
1.003292,0.996593,1.002534,0.970514
0.987695,0.973504,0.970514,1.025174
0.990033,1.009658,1.025174,0.988146
1.010906,1.001739,0.988146,1.003428
0.973444,0.989583,1.003428,0.970965
1.00341,0.995614,0.970965,1.003518
0.971963,0.988546,1.003518,1.021034
1.024476,1.019608,1.021034,1.012876
1.023038,1.01049,1.012876,0.987288
0.999166,0.997405,0.987288,0.99485
0.973289,0.987858,0.99485,1.009491
1.016295,1.011414,1.009491,0.946154
0.978903,0.953125,0.946154,0.98916
0.957759,0.989071,0.98916,0.986301
0.983798,0.992634,0.986301,0.97963
0.990851,0.965677,0.97963,1.016068
0.99446,1.018252,1.016068,0.99907
1.004643,1.004717,0.99907,0.990689
0.990758,0.99061,0.990689,1.0
0.994403,0.98673,1.0,0.989662
0.998124,1.008646,0.989662,1.001899
0.994361,1.000952,1.001899,1.010427
1.009452,1.001903,1.010427,1.016886
1.021536,1.016144,1.016886,1.037823
1.041247,1.03271,1.037823,1.011556
1.013204,1.009955,1.011556,1.001757
0.993918,1.016129,1.001757,0.983333
0.996503,0.9806,0.983333,1.010705
1.000877,1.000899,1.010705,0.985878
0.995618,1.001797,0.985878,0.984781
0.987676,0.98565,0.984781,1.001818
0.991087,0.993631,1.001818,1.009982
1.021583,1.004579,1.009982,1.015274
0.99912,1.005469,1.015274,0.999115
1.0,1.012693,0.999115,1.017715
1.014097,1.004476,1.017715,0.99913
1.010426,1.016934,0.99913,1.000871
0.990542,0.999124,1.000871,0.983464
0.996528,0.988596,0.983464,1.023009
1.008711,0.999113,1.023009,0.99827
1.000864,1.013321,0.99827,0.995667
1.002588,1.006135,0.995667,0.990426
0.990534,0.987805,0.990426,0.988576
0.99305,0.981481,0.988576,1.013333
0.997375,1.006289,1.013333,0.998246
0.999123,1.007143,0.998246,0.994728
1.006146,1.0,0.994728,1.022085
1.011344,1.003546,1.022085,1.025929
1.035375,1.007067,1.025929,0.99326
0.995,1.029825,0.99326,1.019508
1.025126,1.005111,1.019508,1.010815
0.999183,1.017797,1.010815,0.976955
0.991823,0.98418,0.976955,1.050548
1.031327,0.999154,1.050548,0.985565
0.998401,1.03641,0.985565,1.005696
0.991193,0.995098,1.005696,0.987864
1.004039,0.997537,0.987864,1.003276
0.987128,0.990123,1.003276,0.988571
0.997555,1.004156,0.988571,1.010735
1.006536,0.998344,1.010735,0.992647
0.998377,1.002488,0.992647,0.980247
0.992683,0.983457,0.980247,0.994123
0.977887,0.99159,0.994123,1.016892
1.010888,1.004241,1.016892,1.009967
1.008285,1.010135,1.009967,0.993421
1.000822,1.004181,0.993421,0.980132
0.995074,0.975853,0.980132,0.993243
0.978548,1.001706,0.993243,1.002551
1.0,0.987223,1.002551,1.005089
1.008432,1.012942,1.005089,1.000844
0.994147,1.005111,1.000844,1.012648
1.022708,1.005085,1.012648,0.98418
0.990132,0.990725,0.98418,0.990694
0.98505,0.990638,0.990694,1.003416
0.994941,1.000859,1.003416,0.97617
0.992373,0.980258,0.97617,1.018309
1.009394,1.004378,1.018309,1.014555
1.003384,1.014821,1.014555,1.005907
1.016863,1.014605,1.005907,0.999161
0.993367,1.00254,0.999161,0.982368
0.999165,0.987331,0.982368,1.0
0.984962,0.996578,1.0,1.02735
1.021204,1.004292,1.02735,1.001664
1.004153,1.018803,1.001664,0.995017
0.99421,0.997483,0.995017,0.994157
0.997504,0.996636,0.994157,0.984047
0.993328,0.982278,0.984047,1.00256
0.987406,0.991409,1.00256,0.987234
0.994898,1.0,0.987234,0.990517
0.989744,0.987868,0.990517,0.990426
0.997409,0.991228,0.990426,0.98594
0.982684,0.970796,0.98594,0.977718
0.988546,0.998177,0.977718,1.004558
0.989305,0.984475,1.004558,0.997278
0.996396,1.012059,0.997278,1.028207
1.033454,1.010082,1.028207,0.985841
0.993876,1.0,0.985841,1.003591
0.991197,1.009074,1.003591,0.988372
0.997336,0.990108,0.988372,1.00724
0.995548,0.99455,1.00724,0.948787
0.988372,0.958904,0.948787,0.982008
0.959276,0.982857,0.982008,0.985535
0.979245,0.982558,0.985535,1.001957
0.999037,1.0,1.001957,0.991211
0.987464,0.989152,0.991211,0.986207
0.990234,0.991027,0.986207,1.010989
1.0,1.003018,1.010989,1.017787
1.031558,1.023069,1.017787,1.014563
1.005736,1.0,1.014563,1.033493
1.03327,1.020588,1.033493,0.998148
1.01104,1.0317,0.998148,0.988868
0.980892,0.976723,0.988868,0.986867
0.990724,0.998093,0.986867,0.997148
0.993446,0.995224,0.997148,1.00286
0.99623,1.003839,1.00286,0.981939
0.998108,0.977055,0.981939,1.020329
1.01327,1.005871,1.020329,0.998102
0.991581,1.0107,0.998102,1.054183
1.05566,1.008662,1.054183,1.000902
1.001787,1.046756,1.000902,0.999099
1.006244,1.003646,0.999099,1.004509
0.990248,1.001817,1.004509,0.986535
1.001791,0.990027,0.986535,0.981802
0.981233,0.979853,0.981802,1.006487
0.989982,1.000935,1.006487,1.01105
1.013799,1.009337,1.01105,0.995446
0.998185,0.995375,0.995446,1.007319
1.008182,1.011152,1.007319,0.988193
0.996393,0.997243,0.988193,1.000919
0.988235,0.995392,1.000919,0.992654
0.997253,0.992593,0.992654,0.997225
0.996327,1.003731,0.997225,1.0
0.997235,0.999071,1.0,1.004638
1.003697,1.00093,1.004638,0.99446
1.000921,0.996283,0.99446,1.004643
0.99724,1.002799,1.004643,1.007394
1.023985,1.002791,1.007394,1.001835
0.983784,0.996289,1.001835,1.014652
1.020147,1.015829,1.014652,1.00361
1.002693,1.010082,1.00361,1.017986
1.022381,1.00363,1.017986,1.000883
0.994746,1.014467,1.000883,0.989409
0.993838,0.993761,0.989409,0.997324
0.9938,0.996413,0.997324,0.988372
0.997326,0.991899,0.988372,1.013575
1.002681,1.0,1.013575,0.997321
1.006239,1.005445,0.997321,0.996419
0.992028,1.0,0.996419,0.994609
0.995536,0.99639,0.994609,1.01897
1.023318,1.000906,1.01897,1.015957
1.021911,1.024434,1.015957,1.024433
1.007719,1.013251,1.024433,1.01448
1.014468,1.018309,1.01448,1.008396
1.034396,1.01113,1.008396,0.9
0.9,0.9,0.9,1.009674
0.981265,0.993888,1.009674,0.988024
0.995227,1.00861,0.988024,0.985455
0.98801,0.984146,0.985455,1.00492
0.996359,0.997522,1.00492,0.985312
1.001218,0.998758,0.985312,0.993789
0.990268,0.988806,0.993789,1.00125
0.987715,0.996226,1.00125,0.997503
0.998756,1.002525,0.997503,1.0
1.0,1.0,1.0,1.0
1.0,1.0,1.0,0.994994
1.012453,0.998741,0.994994,0.986164
0.97663,0.983607,0.986164,1.005102
0.997481,1.003846,1.005102,1.0
0.997475,1.0,1.0,0.989848
0.997468,0.989783,0.989848,0.99359
0.989848,0.997419,0.99359,0.997419
1.001282,0.994825,0.997419,0.976714
0.987196,0.980494,0.976714,1.006623
0.989624,0.998674,1.006623,1.018421
1.02228,1.00664,1.018421,0.994832
0.991026,1.011873,0.994832,1.001299
0.998706,0.996089,1.001299,1.002594
1.003886,1.002618,1.002594,0.996119
1.0,1.002611,0.996119,1.0
0.997419,0.997396,1.0,1.016883
1.016818,1.0,1.016883,0.993614
1.003817,1.013055,0.993614,1.051414
1.038023,1.014175,1.051414,1.002445
1.019536,1.033037,1.002445,1.004878
0.991617,1.00369,1.004878,0.990291
1.0,0.995098,0.990291,0.987745
0.986715,0.98399,0.987745,1.001241
0.99388,1.002503,1.001241,1.01487
1.008621,1.001248,1.01487,1.002442
1.010989,1.013716,1.002442,0.997564
0.992754,0.99877,0.997564,0.992674
1.00365,0.998768,0.992674,0.99877
0.991515,1.0,0.99877,1.012315
1.011002,1.001233,1.012315,0.998783
0.995163,0.997537,0.998783,0.992692
0.996355,1.003704,0.992692,0.990184
0.99878,0.99016,0.990184,0.996283
0.986569,0.997516,0.996283,1.002488
1.006188,1.0,1.002488,0.992556
0.99139,0.988792,0.992556,1.00375
1.0,1.001259,1.00375,1.001245
1.004963,1.005031,1.001245,1.004975
1.0,1.001252,1.004975,0.988861
0.996296,0.99625,0.988861,1.0
0.993804,0.998745,1.0,0.989987
1.0,0.992462,0.989987,0.994943
0.991272,0.993671,0.994943,1.005083
0.998742,1.001274,1.005083,1.012642
1.030227,1.016539,1.012642,1.006242
0.986553,0.998748,1.006242,0.996278
1.001239,1.002506,0.996278,1.002491
0.997525,1.0,1.002491,1.0
1.0,1.00125,1.0,1.003727
1.006203,1.0,1.003727,0.992574
1.001233,1.001248,0.992574,1.001247
0.991379,0.998753,1.001247,0.987547
0.996273,0.987516,0.987547,1.001261
0.991272,0.996207,1.001261,0.993703
0.998742,0.998731,0.993703,1.00507
1.001259,1.001271,1.00507,0.998739
1.0,1.0,0.998739,0.988636
0.993711,0.989848,0.988636,1.01788
1.010127,1.002564,1.01788,1.006274
1.016291,1.017903,1.006274,0.993766
0.993835,1.0,0.993766,0.993726
0.992556,0.992462,0.993726,0.993687
0.99125,0.987342,0.993687,1.003812
0.997478,1.001282,1.003812,0.974684
0.994943,0.984635,0.974684,1.009091
0.994917,1.002601,1.009091,1.002574
1.001277,1.003891,1.002574,1.002567
0.997449,1.002584,1.002567,0.994878
1.0,0.996134,0.994878,1.021879
1.030691,1.005175,1.021879,1.003778
0.992556,1.014157,1.003778,0.997491
1.0,1.003807,0.997491,0.989937
0.99375,0.99115,0.989937,1.033037
1.027673,1.0,1.033037,1.02214
1.019584,1.030612,1.02214,1.004813
1.012005,1.019802,1.004813,1.002395
1.008304,1.008495,1.002395,0.989247
0.997647,0.979543,0.989247,0.992754
0.976415,0.992629,0.992754,1.0
0.995169,1.00495,1.0,0.992701
0.993932,0.996305,0.992701,1.0
1.003663,0.995056,1.0,1.0
1.001217,1.006211,1.0,0.988971
0.991495,0.991358,0.988971,1.001239
0.991422,0.998755,1.001239,1.012376
1.019778,1.002494,1.012376,0.997555
0.996364,1.006219,0.997555,0.993873
0.990268,0.99382,0.993873,0.995068
0.995086,1.0,0.995068,0.987608
0.996296,0.977612,0.987608,0.986198
0.98513,0.998728,0.986198,1.001272
0.991195,0.994904,1.001272,0.992376
1.001269,0.99872,0.992376,0.993598
0.989861,0.99359,0.993598,0.998711
0.99872,0.996129,0.998711,1.012903
1.007692,1.003886,1.012903,1.001274
1.001272,1.005161,1.001274,0.997455
1.002541,1.001284,0.997455,0.992347
0.99493,0.99359,0.992347,1.0
1.002548,1.00129,1.0,1.008997
0.998729,0.998711,1.008997,0.989809
0.997455,0.99871,0.989809,0.994852
0.993622,0.992248,0.994852,1.001294
0.994865,1.005208,1.001294,1.007752
1.012903,1.001295,1.007752,1.005128
1.002548,1.005175,1.005128,1.001276
1.001271,1.003861,1.001276,0.997452
0.996193,1.0,0.997452,1.007663
1.006369,1.0,1.007663,1.022814
1.022785,1.010256,1.022814,1.006196
1.009901,1.017766,1.006196,1.018473
1.026961,1.017456,1.018473,1.009674
1.011933,1.009804,1.009674,1.010778
1.004717,1.01335,1.010778,1.009479
1.002347,0.997605,1.009479,1.055164
1.080796,1.031212,1.055164,1.005562
0.991333,1.037253,1.005562,1.024336
1.031694,1.016835,1.024336,1.00324
0.988347,1.0,1.00324,1.008611
1.013934,1.01766,1.008611,0.995731
1.024313,0.998915,0.995731,1.006431
0.98452,0.989142,1.006431,1.056443
1.053459,1.026345,1.056443,0.978831
0.99801,1.018182,0.978831,1.00309
0.977069,0.989496,1.00309,1.046201
1.040816,1.010616,1.046201,0.983317
1.008824,1.032563,0.983317,0.999002
0.97862,0.986775,0.999002,1.025974
1.03575,1.014433,1.025974,0.960078
0.978907,1.001016,0.960078,0.953347
1.004897,0.950254,0.953347,0.984043
0.936647,0.969017,0.984043,0.942703
0.931322,0.943771,0.942703,1.018349
0.994413,1.011682,1.018349,1.02027
1.032584,1.030023,1.02027,0.994481
0.996736,0.997758,0.994481,1.029967
1.019651,1.031461,1.029967,1.017241
1.017131,1.005447,1.017241,1.006356
1.014737,1.013001,1.006356,0.951579
0.989627,0.963636,0.951579,1.001106
0.963312,0.987791,1.001106,1.012155
1.001088,1.006742,1.012155,0.9869
0.992391,0.991071,0.9869,0.99115
1.001095,1.005631,0.99115,1.00558
0.990153,0.984323,1.00558,1.006659
1.029834,1.023891,1.006659,0.99118
0.97103,0.99,0.99118,1.001112
1.001105,1.005612,1.001112,0.988889
1.002208,0.985491,0.988889,0.998876
0.994493,1.003398,0.998876,0.991001
0.982281,0.988713,0.991001,0.998865
1.0,1.0,0.998865,0.986364
0.994363,0.990868,0.986364,1.001152
0.985261,0.990783,1.001152,1.006904
1.006904,1.002326,1.006904,0.997714
1.011429,1.008121,0.997714,0.975945
0.988701,0.975834,0.975945,0.955399
0.948571,0.943396,0.955399,0.976658
0.971084,0.9825,0.976658,1.005031
1.008685,1.006361,1.005031,0.993742
1.00123,0.99115,0.993742,1.036524
1.015971,1.0,1.036524,0.99271
0.993954,1.039541,0.99271,0.990208
1.00365,0.988957,0.990208,0.991347
0.97697,0.986352,0.991347,1.017456
1.023573,1.008805,1.017456,1.007353
1.002424,1.002494,1.007353,1.034063
1.027811,1.016169,1.034063,1.022353
1.028235,1.03672,1.022353,0.974684
0.988558,0.996458,0.974684,0.983471
0.989583,0.984597,0.983471,0.955582
0.968421,0.953069,0.955582,0.994975
0.969807,0.994949,0.994975,1.008838
1.008717,1.005076,1.008838,1.003755
1.0,1.006313,1.003755,0.981297
0.988889,0.979925,0.981297,1.010165
0.995006,1.00128,1.010165,1.026415
1.036386,1.02046,1.026415,1.003676
0.993947,1.015038,1.003676,0.998779
1.025579,1.007407,0.998779,1.033007
1.003563,0.998775,1.033007,1.00355
1.018935,1.035583,1.00355,1.01533
1.004646,0.994076,1.01533,0.981417
1.0,1.003576,0.981417,1.007101
0.988439,0.986936,1.007101,1.009401
1.011696,1.015644,1.009401,0.993015
0.988439,1.00237,0.993015,0.994138
1.00117,0.99409,0.994138,1.020047
1.021028,1.009512,1.020047,1.019653
1.032037,1.014134,1.019653,1.0
0.991131,1.012776,1.0,0.982993
0.985459,0.987385,0.982993,0.99308
0.987514,0.995354,0.99308,1.010453
1.004598,0.998833,1.010453,1.0
1.004577,1.011682,1.0,0.982759
0.990888,0.981524,0.982759,0.981287
0.982759,0.981176,0.981287,0.988081
0.984795,0.992806,0.988081,1.0
0.991686,0.997585,1.0,0.995175
0.99521,0.993947,0.995175,0.989091
0.995187,0.979294,0.989091,0.981618
0.981862,0.992537,0.981618,1.013733
1.004926,1.006266,1.013733,1.0
1.020833,1.004981,1.0,1.017241
0.993998,1.006196,1.017241,0.996368
0.998792,0.998768,0.996368,0.985419
0.992745,0.993835,0.985419,0.998767
0.997564,1.001241,0.998767,0.979012
0.986569,0.976456,0.979012,1.001261
0.987624,0.997462,1.001261,0.993703
0.997494,0.996183,0.993703,0.987326
0.991206,0.993614,0.987326,1.012837
1.002535,0.997429,1.012837,1.021546
1.026549,1.015464,1.021546,0.973945
0.996305,0.98731,0.973945,1.006369
0.980222,1.006427,1.006369,1.005063
1.013871,1.007663,1.005063,1.010076
0.998756,1.001267,1.010076,0.985037
1.013699,0.998734,0.985037,0.991139
0.964373,0.970849,0.991139,0.983397
1.001274,0.998695,0.983397,0.988312
0.982188,0.986928,0.988312,1.015769
1.001295,1.003974,1.015769,0.96119
0.996119,0.976253,0.96119,1.008075
0.977922,0.990541,1.008075,0.99733
1.001328,1.012278,0.99733,1.0
1.001326,1.0,1.0,1.001339
0.997351,0.985175,1.001339,1.030749
1.023904,1.024624,1.030749,0.997406
1.003891,1.016021,0.997406,0.984395
0.98708,0.986859,0.984395,1.015852
1.014398,1.005326,1.015852,1.0
0.997419,1.011921,1.0,0.984395
0.994825,0.98822,0.984395,1.001321
0.988296,0.997351,1.001321,0.998681
1.009211,1.001328,0.998681,1.001321
0.992177,0.997347,1.001321,1.05277
1.051248,0.99734,1.05277,1.013784
1.02125,1.050667,1.013784,0.995056
1.00612,1.019036,0.995056,1.006211
0.987835,0.997509,1.006211,0.992593
1.007389,1.002497,0.992593,0.998756
0.987775,0.990037,0.998756,1.004981
1.008663,1.006289,1.004981,0.957869
0.98773,0.9525,0.957869,0.998706
0.983851,1.010499,0.998706,0.979275
0.978535,0.97013,0.979275,0.994709
0.983226,1.005355,0.994709,1.00266
1.003937,0.996005,1.00266,1.011936
0.998693,0.987968,1.011936,0.950197
0.959424,0.978349,0.950197,1.012414
1.006821,0.997234,1.012414,1.001362
1.0,1.01387,1.001362,0.987755
0.98916,0.980848,0.987755,0.991736
0.994521,1.002789,0.991736,0.991667
0.995868,0.991655,0.991667,0.997199
0.991701,0.985975,0.997199,0.998596
1.002789,1.009957,0.998596,1.012658
1.001391,1.002817,1.012658,1.004167
1.011111,1.007022,1.004167,0.993084
0.991758,1.0,0.993084,0.998607
1.00277,0.993026,0.998607,1.02371
1.038674,1.002809,1.02371,1.008174
0.985372,1.018207,1.008174,0.998649
1.005398,1.013755,0.998649,1.00406
1.0,1.0,1.00406,0.985175
1.0,0.990502,0.985175,1.008208
0.991946,1.0,1.008208,0.991859
0.997294,0.993151,0.991859,1.010944
1.008141,1.002759,1.010944,0.982409
0.991925,0.998624,0.982409,0.987603
0.990502,0.986226,0.987603,1.001395
0.991781,0.997207,1.001395,0.995822
0.990331,0.995798,0.995822,1.004196
1.002789,1.002813,1.004196,0.997214
1.001391,1.001403,0.997214,1.00838
1.005556,0.998599,1.00838,0.998615
0.998619,1.007013,0.998615,0.987517
0.995851,0.990251,0.987517,1.01264
1.002778,0.995781,1.01264,1.008322
1.018006,1.011299,1.008322,1.004127
1.002721,1.013966,1.004127,1.034247
1.027137,1.004132,1.034247,0.993377
0.996037,1.02332,0.993377,1.006667
1.015915,1.006702,1.006667,1.0
0.992167,0.998668,1.0,1.013245
1.014474,1.005333,1.013245,0.969935
0.981842,0.977454,0.969935,1.0
0.988111,0.998643,1.0,1.005391
1.002674,1.002717,1.005391,0.965147
0.978667,0.95664,0.965147,1.011111
0.997275,1.001416,1.011111,0.983516
0.997268,1.009901,0.983516,0.993017
0.991781,0.994398,0.993017,1.005626
0.995856,0.995775,1.005626,0.987413
0.991678,0.997171,0.987413,1.026912
1.013986,0.988652,1.026912,1.030345
1.041379,1.040172,1.030345,0.978581
0.989404,1.002759,0.978581,1.017784
1.033467,1.005502,1.017784,1.017473
0.984456,0.994528,1.017473,0.992074
1.002632,1.023384,0.992074,0.98269
0.994751,0.985215,0.98269,1.025745
1.006596,1.001364,1.025745,0.968296
0.97772,0.987738,0.968296,0.982265
0.986595,0.993103,0.982265,1.011111
0.993207,0.994444,1.011111,0.986264
0.987688,0.99581,0.986264,1.002786
1.001385,1.002805,1.002786,0.994444
0.998617,1.0,0.994444,0.99581
0.998615,0.995804,0.99581,0.985975
0.984743,0.983146,0.985975,1.009957
1.001408,1.0,1.009957,1.007042
1.009845,1.004286,1.007042,0.991608
0.997214,1.007112,0.991608,1.005642
0.997207,1.0,1.005642,1.002805
1.007003,1.001412,1.002805,1.00979
1.004172,1.005642,1.00979,0.984765
0.995845,0.99439,0.984765,1.001406
0.991655,0.995769,1.001406,0.994382
1.001403,1.0,0.994382,0.990113
0.994398,0.992918,0.990113,1.001427
0.992958,0.998573,1.001427,0.995726
0.998582,0.997143,0.995726,1.004292
1.0,0.998567,1.004292,0.991453
1.002841,0.997131,0.991453,1.002874
0.988669,0.997122,1.002874,1.010029
1.015759,1.01443,1.010029,1.0
0.994358,0.997155,1.0,0.992908
0.997163,0.99572,0.992908,0.992857
0.99431,0.994269,0.992857,1.0
0.997139,0.998559,1.0,0.981295
0.994261,0.982684,0.981295,1.001466
0.988456,1.0,1.001466,1.001464
1.00146,1.001468,1.001464,1.002924
1.004373,0.998534,1.002924,0.985423
0.994194,0.992658,0.985423,0.997041
0.988321,0.989645,0.997041,0.992582
0.997046,0.995516,0.992582,0.989537
0.995556,0.992492,0.989537,0.993958
0.988095,0.992436,0.993958,0.986322
0.989458,0.983232,0.986322,1.004622
0.99239,0.99845,1.004622,0.992331
0.995399,0.995342,0.992331,0.998454
1.001541,1.00468,0.998454,0.996904
1.006154,0.996894,0.996904,1.003106
0.992355,1.0,1.003106,0.986068
0.996918,0.990654,0.986068,1.006279
0.996909,1.0,1.006279,1.021841
1.017054,0.998428,1.021841,0.998473
1.004573,1.022047,0.998473,0.995413
0.990895,1.001541,0.995413,1.00768
1.013783,1.003077,1.00768,0.996951
0.993958,0.998466,0.996951,1.0
1.0,1.0,1.0,0.989297
0.995441,0.99232,0.989297,1.010819
1.001527,1.0,1.010819,1.013761
1.012195,1.010836,1.013761,0.992459
0.998494,1.006126,0.992459,1.028875
1.027149,1.003044,1.028875,1.005908
1.005874,1.027314,1.005908,0.988253
0.99562,0.991137,0.988253,1.001486
0.992669,1.0,1.001486,1.007418
1.004431,1.0,1.007418,1.025037
1.032353,1.011923,1.025037,1.002874
1.008547,1.020619,1.002874,1.001433
0.991525,0.995671,1.001433,0.995708
1.0,1.008696,0.995708,1.002874
1.002849,0.998563,1.002874,0.997135
0.99858,0.994245,0.997135,1.0
0.992888,1.0,1.0,1.014368
1.020057,1.004342,1.014368,1.009915
1.008427,1.012968,1.009915,1.001403
0.998607,1.008535,1.001403,0.97619
0.994421,0.981664,0.97619,1.020086
0.997195,1.005747,1.020086,1.002813
1.014065,1.01,1.002813,0.978962
0.98613,0.978784,0.978962,0.992837
0.984529,0.998555,0.992837,1.010101
1.001429,0.98987,1.010101,1.068571
1.075606,1.032164,1.068571,0.97861
1.0,1.033994,0.97861,1.025956
1.027851,0.99726,1.025956,0.990679
0.975484,1.017857,0.990679,1.033602
1.017196,0.99865,1.033602,1.009103
1.036411,1.037838,1.009103,0.996134
0.973651,0.998698,0.996134,1.040103
1.043814,1.031291,1.040103,1.012438
1.022222,1.016435,1.012438,0.958231
0.966184,0.96393,0.958231,1.003846
0.9875,0.992258,1.003846,1.003831
1.006329,1.014304,1.003831,0.984733
0.986164,0.985897,0.984733,0.98708
0.993622,0.988296,0.98708,1.005236
0.997433,1.007895,1.005236,1.033854
1.024453,1.006527,1.033854,1.002519
1.016332,1.027237,1.002519,1.007538
1.003708,1.0,1.007538,1.003741
0.995074,1.007576,1.003741,0.993789
0.997525,0.992481,0.993789,0.96875
0.98263,0.97601,0.96875,0.990968
0.987374,0.987063,0.990968,1.005208
0.996164,1.003932,1.005208,0.993523
0.98973,0.996084,0.993523,1.031291
1.028534,1.005242,1.031291,1.035398
1.037831,1.039113,1.035398,1.018315
1.029162,1.036386,1.018315,1.005995
0.991736,0.995157,1.005995,1.027414
1.029762,1.021898,1.027414,1.044084
1.082081,1.039286,1.044084,0.986667
0.971154,1.011455,0.986667,1.02027
1.0044,0.99547,1.02027,0.966887
1.0,0.994312,0.966887,1.010274
0.973713,0.996568,1.010274,1.014689
1.051744,1.027555,1.014689,1.035635
0.99893,0.987709,1.035635,0.984946
1.0,1.028281,0.984946,0.994541
0.987152,0.9956,0.994541,1.005488
1.002169,1.003315,1.005488,0.956332
0.993506,0.95815,0.956332,1.009132
0.977124,1.005747,1.009132,1.004525
1.006689,0.998857,1.004525,0.972973
0.981174,0.987414,0.972973,0.969907
0.979684,0.967555,0.969907,1.022673
1.001152,1.011976,1.022673,1.011669
1.008055,1.009467,1.011669,0.958478
0.969178,0.961313,0.958478,1.019254
1.005889,1.007317,1.019254,1.005903
1.022248,1.002421,1.005903,0.969484
0.979381,0.993961,0.969484,1.01937
0.988304,1.0,1.01937,0.980998
0.992899,1.001215,0.980998,1.004843
0.997616,0.992718,1.004843,1.018072
1.014337,1.020782,1.018072,0.998817
1.0,0.998802,0.998817,0.982227
0.995289,0.990408,0.982227,0.962606
0.968047,0.96247,0.962606,1.018797
0.997555,1.005031,1.018797,1.02952
1.03799,1.030038,1.02952,1.0
0.996458,1.00486,1.0,1.020311
1.018957,1.013301,1.020311,0.978923
0.977907,0.97494,0.978923,0.996411
0.995244,1.00612,0.996411,0.996399
0.998805,1.002433,0.996399,0.989157
0.992823,0.992718,0.989157,1.01218
1.003614,1.003667,1.01218,0.99278
1.007203,0.998782,0.99278,1.0
0.986889,0.99878,1.0,1.0
1.004831,1.003663,1.0,0.993939
0.99399,0.997567,0.993939,1.00122
1.004837,0.997561,1.00122,1.026797
1.016847,1.003667,1.026797,0.998814
1.0,1.015834,0.998814,0.997625
1.002367,1.002398,0.997625,0.980952
0.996458,0.979665,0.980952,1.006068
0.984597,1.003663,1.006068,0.998794
1.002407,1.00365,0.998794,1.012077
1.014406,1.013333,1.012077,1.02864
1.029586,1.001196,1.02864,0.99536
0.998851,1.017921,0.99536,0.988345
0.993096,0.987089,0.988345,0.982311
0.98146,0.982164,0.982311,0.993998
0.987013,1.001211,0.993998,1.001208
1.0,0.998791,1.001208,0.996381
0.992823,0.996368,0.996381,1.015738
1.010843,1.013366,1.015738,1.009535
1.011919,1.002398,1.009535,1.008264
1.010601,1.005981,1.008264,1.007026
1.011655,1.015458,1.007026,1.001163
0.996544,0.997658,1.001163,0.981417
0.995376,0.983568,0.981417,0.997633
0.987224,1.00358,0.997633,0.984579
0.998824,0.984542,0.984579,1.001205
0.984688,0.997585,1.001205,1.020457
1.017943,1.002421,1.020457,1.0
1.001175,1.007246,1.0,0.997642
1.002347,1.014388,0.997642,1.0
0.994145,0.995272,1.0,0.985816
0.992933,0.989311,0.985816,1.003597
1.0,1.002401,1.003597,1.001195
1.002372,0.996407,1.001195,1.0
0.997633,1.001202,1.0,1.01074
1.010676,1.007203,1.01074,1.028335
1.0223,1.010727,1.028335,1.003444
1.006889,1.022406,1.003444,1.003432
1.002281,1.00692,1.003432,0.997719
1.004551,1.001145,0.997719,0.947429
0.95017,0.943936,0.947429,1.004825
0.997616,1.002424,1.004825,0.971188
0.9773,0.973398,0.971188,0.985167
0.992665,0.987578,0.985167,0.996236
0.981527,0.98239,0.996236,1.0
1.002509,1.006402,1.0,1.020151
1.018773,1.013995,1.020151,0.996296
1.002457,1.008783,0.996296,1.011152
1.0,1.002488,1.011152,0.980392
0.995098,0.991315,0.980392,1.00125
0.997537,1.002503,1.00125,1.003745
0.993827,0.982522,1.003745,0.993781
1.0,1.011436,0.993781,0.986233
0.987578,0.961055,0.986233,0.991117
0.991195,1.016993,0.991117,0.991037
0.993655,0.992288,0.991037,1.003876
0.994891,1.001295,1.003876,1.003861
1.003851,1.003881,1.003861,0.989744
0.98977,0.988402,0.989744,1.006477
1.015504,1.013038,1.006477,1.007722
1.001272,1.0,1.007722,1.002554
0.997459,1.0,1.002554,0.993631
1.006369,1.001287,0.993631,1.003846
0.993671,1.001285,1.003846,1.001277
1.001274,1.002567,1.001277,1.030612
1.034351,1.005122,1.030612,1.012376
1.02091,1.031847,1.012376,1.011002
0.99759,1.008642,1.011002,0.997582
1.016908,1.003672,0.997582,1.002424
0.982185,0.997561,1.002424,1.008464
1.010883,1.012225,1.008464,1.005995
1.005981,1.008454,1.005995,0.996424
1.002378,0.99521,0.996424,0.983254
0.989324,0.986763,0.983254,1.001217
0.992806,1.0,1.001217,1.001215
0.998792,0.99878,1.001215,1.004854
1.001209,1.003663,1.004854,0.9843
0.996377,0.985401,0.9843,0.997546
0.991515,1.001235,0.997546,1.00369
1.003667,0.996301,1.00369,1.03799
1.045067,1.012376,1.03799,1.016529
1.008159,1.028117,1.016529,0.997677
1.009249,1.011891,0.997677,1.022119
1.013746,0.9953,1.022119,0.994305
1.011299,1.024793,0.994305,0.995418
0.978771,0.991935,0.995418,1.035673
1.02968,1.005807,1.035673,1.012222
1.04102,1.04157,1.012222,1.003293
0.981896,1.0,1.003293,1.0
1.022777,1.007761,1.0,0.986871
0.970308,0.986799,0.986871,0.987805
0.997814,0.982163,0.987805,1.01459
1.003286,1.00454,1.01459,0.987832
0.991266,0.99548,0.987832,0.993281
0.987885,1.005675,0.993281,1.009019
1.011148,1.0,1.009019,1.001117
0.990077,0.996614,1.001117,0.988839
0.997773,0.998867,0.988839,0.98307
0.989955,0.981859,0.98307,1.008037
0.990981,1.0,1.008037,0.982916
1.0,0.989607,0.982916,1.020857
1.006826,1.001167,1.020857,1.00227
1.010169,1.02331,1.00227,1.012458
1.016779,1.001139,1.012458,0.996644
0.9956,1.007964,0.996644,0.997755
0.987845,0.996614,0.997755,0.995501
1.003356,1.001133,0.995501,0.969492
0.981048,0.968326,0.969492,1.013986
0.993182,1.0,1.013986,0.996552
0.998856,1.007009,0.996552,0.995386
0.997709,0.99884,0.995386,0.99073
0.996556,0.990708,0.99073,1.009357
0.998848,0.998828,1.009357,0.997683
0.998847,1.003521,0.997683,0.97561
0.991917,0.981287,0.97561,0.996429
0.979045,0.991657,0.996429,0.998805
1.003567,1.002404,0.998805,1.008373
1.008294,1.005995,1.008373,0.991696
0.9953,0.994041,0.991696,0.992823
0.989374,0.992806,0.992823,1.0
0.99284,0.998792,1.0,0.996386
1.0,0.996372,0.996386,0.998791
0.997596,0.997573,0.998791,1.003632
1.0,0.998783,1.003632,0.996381
0.99759,1.0,0.996381,1.0
1.004831,0.998782,1.0,1.002421
1.0,1.004878,1.002421,1.006039
1.002404,1.002427,1.006039,0.995198
0.997602,1.002421,0.995198,1.020507
1.018029,1.001208,1.020507,0.991726
0.997639,1.010856,0.991726,1.015495
1.008284,1.004773,1.015495,0.996479
1.002347,1.002375,0.996479,1.034158
1.043326,1.00237,1.034158,0.994305
0.992144,1.030733,0.994305,1.003436
1.004525,0.998853,1.003436,1.001142
0.996622,1.003444,1.001142,0.986317
1.00226,0.988558,0.986317,1.004624
0.981962,0.998843,1.004624,0.990794
0.998852,0.993048,0.990794,1.011614
1.002299,1.003501,1.011614,1.008037
1.019495,1.006977,1.008037,0.996583
0.985377,0.988453,0.996583,1.002286
