0.973641,1.027108,0.998872,0.978543
1.025945,1.011144,0.978543,0.940565
0.949423,0.934455,0.940565,0.998773
0.944991,0.977033,0.998773,0.965602
1.001838,0.994282,0.965602,1.017812
0.982263,0.991054,1.017812,0.975625
0.993151,1.002579,0.975625,1.021781
1.006897,1.003859,1.021781,1.007524
1.008717,1.013453,1.007524,0.996266
0.999383,0.999368,0.996266,0.991255
0.987647,0.986717,0.991255,0.929427
0.997498,0.929487,0.929427,1.025763
0.952351,1.0,1.025763,0.951091
0.98025,0.969655,0.951091,0.978457
0.967092,0.997155,0.978457,1.014915
0.997917,1.001427,1.014915,1.029391
1.050104,1.009972,1.029391,0.983005
0.966203,1.002116,0.983005,0.99101
0.987654,0.986629,0.99101,0.937893
0.991667,0.945078,0.937893,0.977679
0.952381,0.98566,0.977679,1.01446
0.988235,0.958652,1.01446,1.010503
1.035714,1.023962,1.010503,0.959169
0.949713,0.99844,0.959169,1.017028
0.998487,1.002344,1.017028,0.988584
0.99697,1.003897,0.988584,1.013087
1.00152,1.004658,1.013087,1.00076
1.008346,1.003864,1.00076,1.002278
1.000752,1.009238,1.002278,0.980303
0.992481,0.987033,0.980303,0.993045
0.981061,0.96677,0.993045,1.084047
1.084942,1.01279,1.084047,1.0
1.001423,1.078137,1.0,0.984207
0.99076,1.002928,0.984207,1.041575
1.037303,1.00073,1.041575,0.998599
0.994467,1.021882,0.998599,0.98878
0.987483,0.992862,0.98878,0.958156
1.012676,0.963336,0.958156,0.992598
0.951321,0.991045,0.992598,1.025354
1.008772,1.012048,1.025354,0.995636
1.004348,1.005952,0.995636,1.013879
1.024531,1.013314,1.013879,0.989193
0.979577,0.983942,0.989193,0.970867
0.989216,0.988131,0.970867,0.983496
0.963663,0.97973,0.983496,1.007628
0.998492,1.000766,1.007628,1.018168
1.021148,1.013017,1.018168,1.00223
1.006657,1.010582,1.00223,1.008902
1.005143,0.980553,1.008902,1.018382
1.016082,1.032799,1.018382,0.986282
0.997842,1.007386,0.986282,0.989751
0.995674,0.989003,0.989751,0.965237
0.984794,0.962194,0.965237,1.014559
0.983824,0.996148,1.014559,1.008308
1.010463,1.015468,1.008308,1.001498
1.004438,1.005331,1.001498,1.000748
0.989691,1.0,1.000748,1.041854
1.053571,1.011364,1.041854,1.015065
1.012712,1.033708,1.015065,1.004947
1.01046,1.017391,1.004947,1.013361
0.995859,0.999288,1.013361,1.009022
1.043659,1.01283,1.009022,1.002751
0.984728,1.014075,1.002751,0.98011
0.997303,0.983345,0.98011,1.004199
0.992563,0.976711,1.004199,1.019512
0.997956,1.031792,1.019512,0.969925
1.005461,0.980392,0.969925,0.997886
0.970808,1.007143,0.997886,0.937853
0.986014,0.932624,0.937853,1.0
1.0,1.0,1.0,1.03991
0.980851,1.01597,1.03991,0.98407
1.001446,1.010479,0.98407,0.999264
1.00361,1.001481,0.999264,0.984536
0.984173,0.97855,0.984536,1.023934
1.001462,1.001512,1.023934,1.003652
1.010219,1.011321,1.003652,0.973071
1.010116,0.992537,0.973071,0.92745
0.965665,0.925564,0.92745,0.999194
0.928148,0.965069,0.999194,1.032284
1.023943,1.015993,1.032284,0.95778
1.005456,1.014085,0.95778,1.0
1.0,1.0,1.0,0.976327
0.95814,0.955065,0.976327,0.9699
1.002427,0.989735,0.9699,0.950862
0.943503,0.922213,0.950862,1.021759
0.964072,1.003749,1.021759,0.99024
1.002662,1.028011,0.99024,0.9
0.973451,0.911898,0.9,1.013944
0.938182,0.978088,1.013944,1.000982
1.002907,1.014257,1.000982,0.970559
0.997101,0.988956,0.970559,1.013145
0.977713,0.959391,1.013145,1.060878
1.067393,1.057143,1.060878,0.98683
1.004643,1.042042,0.98683,1.007626
0.98244,0.999039,1.007626,1.057711
1.062088,1.019231,1.057711,0.984794
0.992028,1.030189,0.984794,1.025431
1.044643,0.997253,1.025431,1.011515
1.041026,1.023875,1.011515,0.965849
0.91133,0.949776,0.965849,0.980961
1.000901,1.011331,0.980961,0.989834
0.969397,0.985061,0.989834,0.957049
0.970288,0.964929,0.957049,1.014634
1.008612,1.001965,1.014634,1.032692
1.021822,1.014706,1.032692,0.996276
1.009285,1.029952,0.996276,1.0
0.99724,0.99531,1.0,1.01215
1.01107,1.013195,1.01215,0.952909
0.991788,0.95814,0.952909,1.046512
0.99724,1.0,1.046512,1.006481
1.010148,1.038835,1.006481,0.983441
0.999087,0.990654,0.983441,1.019645
0.999086,1.0,1.019645,0.965138
0.995425,0.985849,0.965138,1.000951
0.986213,0.999043,1.000951,0.956315
0.996272,0.960728,0.956315,1.015889
0.968195,0.962114,1.015889,0.983382
1.006763,1.037306,0.983382,0.991054
0.975048,0.974026,0.991054,1.0
0.989173,0.992821,1.0,1.026078
1.028856,1.01343,1.026078,1.002933
0.99323,1.033639,1.002933,0.997076
1.011685,1.001972,0.997076,1.055718
1.043311,0.999016,1.055718,1.005556
1.005535,1.050246,1.005556,0.989871
0.992661,0.991557,0.989871,1.022326
1.024954,1.017029,1.022326,0.961783
1.001803,0.978605,0.961783,1.035951
0.994599,0.989544,1.035951,1.028311
1.044344,1.032661,1.028311,1.007993
0.990468,1.037209,1.007993,1.002643
1.014873,1.004484,1.002643,1.032513
1.013793,1.011607,1.032513,0.990638
1.001701,1.015887,0.990638,1.031787
1.027165,1.004344,1.031787,0.972523
1.002479,1.008651,0.972523,1.018836
0.985161,0.986278,1.018836,1.0
1.012552,1.017391,1.0,0.989916
0.978512,0.988889,0.989916,1.004244
1.01098,1.011236,1.004244,0.967878
0.993317,0.976068,0.967878,1.012227
0.976451,0.992119,1.012227,0.999137
1.008613,1.012357,0.999137,1.01209
1.001708,0.994769,1.01209,1.052901
1.071611,1.027169,1.052901,0.944895
0.976134,0.993174,0.944895,1.007719
0.96251,0.987973,1.007719,0.969362
0.990686,0.985217,0.969362,1.017559
0.994017,1.0,1.017559,1.016393
1.026655,1.015004,1.016393,1.012733
1.002513,1.026087,1.012733,0.999162
1.005013,0.99661,0.999162,0.997483
0.995844,1.002551,0.997483,1.000841
1.013356,1.000848,1.000841,1.019328
1.009885,1.010169,1.019328,0.998351
1.003263,1.00755,0.998351,0.952106
0.98374,0.957535,0.952106,1.01301
0.971074,1.005217,1.01301,0.995719
0.995745,0.99481,0.995719,1.037833
1.033333,1.011304,1.037833,0.984258
0.992556,1.012898,0.984258,0.98064
0.9925,0.982173,0.98064,1.024893
1.015953,1.011236,1.024893,1.017588
1.01405,1.021368,1.017588,1.003292
1.00326,1.004184,1.003292,0.993437
0.995126,0.996667,0.993437,1.022296
1.049796,1.018395,1.022296,0.970921
0.963453,0.982759,0.970921,1.011647
0.988701,0.991646,1.011647,1.010691
1.008163,1.012637,1.010691,0.994304
1.006478,1.012479,0.994304,0.986907
0.987932,0.987675,0.986907,0.966003
0.986971,0.963394,0.966003,0.99485
0.969472,0.994819,0.99485,0.992235
0.99234,0.985243,0.992235,0.989565
0.996569,0.993833,0.989565,1.030756
1.017212,1.009752,1.030756,0.988917
1.003384,1.003512,0.988917,1.025
1.020236,0.993876,1.025,0.993272
0.987603,1.03169,0.993272,1.032176
1.030126,1.006826,1.032176,1.013946
1.028432,1.038983,1.013946,1.1
1.07425,0.991028,1.1,1.079412
1.1,1.1,1.079412,1.002044
1.016043,0.997141,1.002044,0.993882
0.998026,1.009319,0.993882,0.937756
0.963085,0.958807,0.937756,1.02407
0.978097,1.011852,1.02407,1.032051
1.046186,0.994143,1.032051,0.975845
0.973244,1.0243,0.975845,0.993635
0.985567,0.997843,0.993635,1.032028
1.035565,1.0,1.032028,0.981379
1.009428,1.008646,0.981379,0.979621
0.950634,0.992857,0.979621,0.977762
0.991579,0.977698,0.977762,1.019076
0.985846,1.007358,1.019076,1.017279
1.022972,1.01534,1.017279,0.978061
0.993684,0.992806,0.978061,1.016643
1.0,0.98913,1.016643,1.019217
1.012006,1.019048,1.019217,1.063547
1.08723,1.023005,1.063547,0.994747
0.985237,1.04357,0.994747,0.982838
0.992834,0.992593,0.982838,1.0
1.0,1.0,1.0,0.981867
1.007218,0.990502,0.981867,0.907661
0.955049,0.90411,0.907661,1.038433
0.963165,1.015152,1.038433,0.952104
0.982295,0.967164,0.952104,0.983994
0.958904,0.98534,0.983994,1.012393
0.991729,1.006265,1.012393,1.002295
1.000758,0.980545,1.002295,1.005344
1.007576,1.02381,1.005344,0.971147
0.992481,0.970543,0.971147,1.029711
0.998485,1.007188,1.029711,1.01139
1.028832,1.041237,1.01139,1.015015
1.026549,0.99543,1.015015,0.976331
0.969828,0.995409,0.976331,0.957576
0.982963,0.948501,0.957576,0.998418
0.962321,1.012966,0.998418,1.009509
1.017228,1.0096,1.009509,0.989796
0.992302,0.986529,0.989796,1.003965
0.992242,1.004016,1.003965,1.014218
1.006255,1.0008,1.014218,0.989097
1.000777,1.01279,0.989097,0.970866
0.986025,0.971586,0.970866,1.009732
0.984252,0.996751,1.009732,1.028112
1.024,1.01793,1.028112,1.025
1.029687,1.016813,1.025,1.054878
1.091806,1.011024,1.054878,0.976156
0.961779,1.043614,0.976156,0.978534
0.979046,0.978358,0.978534,0.975038
0.989668,0.95042,0.975038,1.022498
0.990306,1.039326,1.022498,0.988619
1.006777,1.002317,0.988619,0.995395
0.985789,0.993837,0.995395,0.993061
0.991654,0.984496,0.993061,0.985248
1.013007,0.992913,0.985248,0.951931
0.972054,0.957177,0.951931,1.01904
0.965035,0.995857,1.01904,0.987002
0.995974,1.004992,0.987002,1.021399
1.007276,1.009106,1.021399,1.023368
1.02488,1.027892,1.023368,0.991339
0.994518,0.993615,0.991339,0.984114
1.000787,0.988755,0.984114,1.0
0.985838,0.993501,1.0,0.984665
0.988827,0.994276,0.984665,0.992623
0.999193,0.990954,0.992623,0.980182
0.98546,0.965145,0.980182,1.026959
1.0,1.011178,1.026959,0.965546
0.988525,1.0,0.965546,0.948173
0.980929,0.946429,0.948173,0.993728
0.946746,0.984726,0.993728,1.018936
1.009821,1.013686,1.018936,0.956637
1.017683,0.968497,0.956637,1.017576
0.974805,1.005576,1.017576,0.981818
0.98574,0.991682,0.981818,0.97963
0.990054,0.978565,0.97963,1.023629
0.994521,1.007619,1.023629,1.01662
1.014692,1.009452,1.01662,1.012716
1.0181,1.022472,1.012716,1.009865
1.003556,1.008242,1.009865,0.997336
1.008857,1.016349,0.997336,0.971505
0.985075,0.974084,0.971505,1.025665
0.998217,1.000917,1.025665,1.035746
1.036607,1.021082,1.035746,1.047455
1.048234,1.027828,1.047455,1.036244
1.087099,1.042795,1.036244,1.006359
0.977324,1.036013,1.006359,0.981043
0.994586,0.993533,0.981043,0.97504
0.975894,0.973149,0.97504,1.012386
0.977689,0.998328,1.012386,0.963295
1.008965,0.988275,0.963295,1.016935
0.975767,0.992373,1.016935,0.995004
0.999172,1.00854,0.995004,1.005858
1.004143,0.999153,1.005858,1.023295
1.018152,1.005932,1.023295,0.990244
0.996759,1.020219,0.990244,0.99179
0.999187,0.990917,0.99179,0.995861
0.992677,1.0,0.995861,1.0133
1.00082,0.998333,1.0133,1.025431
1.033579,1.017529,1.025431,0.9912
0.993661,1.007383,0.9912,0.998386
0.996013,1.004072,0.998386,0.974939
0.996797,0.977291,0.974939,0.987562
0.976707,0.987552,0.987562,1.004198
0.990954,0.996639,1.004198,0.968227
1.0,0.956998,0.968227,1.007772
0.971784,1.012335,1.007772,0.995716
1.020495,0.980853,0.995716,1.001721
0.983264,1.025732,1.001721,0.997423
1.000851,0.99654,0.997423,0.999139
0.994048,0.993924,0.999139,1.014655
1.008554,1.008734,1.014655,0.991504
1.011026,1.008658,0.991504,1.007712
0.989933,1.001717,1.007712,1.034864
1.044068,1.007712,1.034864,0.972062
0.984578,1.003401,0.972062,0.979713
0.981863,0.980508,0.979713,0.981881
0.984047,0.982714,0.981881,1.013181
0.985495,0.99912,1.013181,1.002602
1.003463,0.99912,1.002602,1.007785
1.012079,1.014097,1.007785,1.00515
1.00341,1.000869,1.00515,1.00427
1.010195,1.013889,1.00427,1.009354
1.000841,0.993151,1.009354,0.99663
0.995798,1.001724,0.99663,1.003381
1.007595,1.011188,1.003381,0.998315
1.001675,0.988085,0.998315,0.993249
0.994147,1.006891,0.993249,0.968564
0.987384,0.973482,0.968564,1.0
1.0,1.0,1.0,1.0
1.0,1.0,1.0,1.0
1.0,1.0,1.0,1.0
1.0,1.0,1.0,1.0
1.0,1.0,1.0,0.980702
0.996593,0.976274,0.980702,1.065295
1.037607,0.989199,1.065295,1.007557
0.995058,1.037307,1.007557,1.016667
1.012417,1.02807,1.016667,0.987705
1.009812,1.012799,0.987705,1.013278
0.991903,1.002527,1.013278,0.972973
0.996735,0.992437,0.972973,1.048822
1.033579,1.001693,1.048822,1.001605
1.007924,1.042265,1.001605,1.000801
0.994497,0.994323,1.000801,0.972778
0.985771,0.988581,0.972778,1.058436
1.036889,0.99835,1.058436,1.000778
1.005414,1.049587,1.000778,1.010101
1.015385,0.995276,1.010101,1.003077
0.991667,1.003165,1.003077,0.97546
0.997708,1.002366,0.97546,0.988994
0.981623,0.985051,0.988994,0.930048
0.9922,0.919329,0.930048,0.988034
0.919025,0.980017,0.988034,0.980969
0.997434,1.004433,0.980969,1.0
1.0,1.0,1.0,0.992945
0.984563,0.9797,0.992945,1.005329
1.0,0.997297,1.005329,1.035336
1.025261,1.019874,1.035336,0.993174
1.002549,1.021258,0.993174,0.969931
0.978814,0.954033,0.969931,1.011515
0.996537,1.02,1.011515,0.996497
0.992181,0.999109,0.996497,0.991213
0.996497,0.99554,0.991213,0.963652
0.996485,0.973118,0.963652,0.986201
0.965608,0.969613,0.986201,1.012127
0.995434,0.997151,1.012127,1.015668
1.013761,1.028571,1.015668,0.983666
0.997285,1.000926,0.983666,0.976937
0.973684,0.975948,0.976937,0.977337
0.994408,0.981043,0.977337,0.978744
0.971884,0.971014,0.978744,1.007897
0.992285,1.006965,1.007897,0.996082
1.000972,0.988142,0.996082,1.012783
1.006796,0.997,1.012783,1.019417
1.021215,1.025075,1.019417,1.004762
1.010387,1.019569,1.004762,1.003791
0.997196,1.004798,1.003791,0.972616
0.987816,0.981853,0.972616,1.017476
0.996205,0.997082,1.017476,1.0
1.007619,1.017561,1.0,1.020992
1.017958,1.005753,1.020992,1.002804
1.000929,1.010486,1.002804,1.010252
1.013915,1.000943,1.010252,0.984317
0.992681,1.002828,0.984317,1.002812
0.98894,1.0,1.002812,1.004673
1.010252,1.00094,1.004673,0.970233
0.989852,0.978404,0.970233,1.03164
1.012116,0.995202,1.03164,1.035316
1.031308,1.032787,1.035316,1.0
1.001786,1.02521,1.0,0.993716
0.996435,0.993625,0.993716,1.004517
1.006261,0.99725,1.004517,0.982014
0.988444,0.999081,0.982014,0.981685
0.979317,0.985281,0.981685,1.001866
0.996327,1.000934,1.001866,0.962756
0.995392,0.960821,0.962756,1.009671
0.969444,1.000971,1.009671,1.024904
1.024833,1.00388,1.024904,0.988785
0.989748,1.014493,0.988785,1.007561
1.012241,1.000952,1.007561,1.02439
1.024186,1.008563,1.02439,1.013736
1.008174,1.014151,1.013736,1.012647
1.013514,1.010233,1.012647,0.988403
1.009778,1.016575,0.988403,0.977437
0.974472,0.969203,0.977437,0.993536
0.988257,0.934579,0.993536,0.997212
0.987203,1.03,0.997212,1.054054
1.072222,1.054369,1.054054,1.024757
1.018135,1.016575,1.024757,1.001726
1.011026,1.041667,1.001726,0.995693
0.979027,0.991304,0.995693,0.986159
1.008569,0.988596,0.986159,1.018421
0.994902,0.984028,1.018421,0.997416
0.99146,1.017133,0.997416,1.002591
1.021533,0.992908,1.002591,0.995693
0.990725,1.022321,0.995693,1.002595
0.998298,0.99738,1.002595,0.977567
0.99318,0.987741,0.977567,1.01677
0.993133,1.000887,1.01677,1.019097
1.021608,1.015058,1.019097,0.986371
0.992386,1.00349,0.986371,0.976684
0.995737,0.982609,0.976684,0.994695
0.973459,0.978761,0.994695,0.984
1.0,0.995479,0.984,0.992773
0.978892,0.991826,0.992773,0.976342
0.979335,0.978022,0.976342,1.002796
0.994495,0.994382,1.002796,1.022305
1.019373,1.017891,1.022305,0.988182
1.000905,1.0037,0.988182,0.99356
0.996383,0.99447,0.99356,0.993519
0.975499,0.984245,0.993519,1.013048
1.013023,0.996234,1.013048,0.9954
1.004591,1.021739,0.9954,0.998152
1.001828,0.997225,0.998152,1.008333
1.000912,0.992579,1.008333,0.996327
0.996354,1.0,0.996327,1.030415
1.032022,1.01028,1.030415,0.957961
0.992908,0.989824,0.957961,1.004669
0.973214,0.981308,1.004669,0.989777
0.994495,1.004762,0.989777,1.030047
1.013838,1.014218,1.030047,0.983592
1.00091,1.001869,0.983592,0.996293
0.990909,0.998134,0.996293,0.975814
0.995413,0.971963,0.975814,1.00572
0.986175,1.008654,1.00572,1.0
1.021495,0.993327,1.0,1.022749
0.989936,1.002879,1.022749,1.02873
1.03512,1.033493,1.02873,0.977477
0.9875,0.992593,0.977477,0.985253
0.991863,0.984142,0.985253,0.980355
0.97083,0.990521,0.980355,0.98855
0.994366,0.988517,0.98855,0.974903
0.978281,0.946757,0.974903,0.982178
0.975869,1.00818,0.982178,1.035282
1.023739,1.006085,1.035282,1.010711
1.009662,1.021169,1.010711,1.006744
1.005742,1.011846,1.006744,0.998086
0.999049,1.009756,0.998086,1.014382
1.013333,1.009662,1.014382,0.992439
0.99718,0.996172,0.992439,1.005714
1.00377,1.0,1.005714,1.027462
1.028169,0.991354,1.027462,1.001843
1.004566,1.043605,1.001843,1.01104
1.01,0.998143,1.01104,1.00182
0.9991,1.005581,1.00182,0.990009
0.997297,0.997225,0.990009,1.004587
0.990063,0.996289,1.004587,0.990868
1.00365,1.003724,0.990868,1.026728
1.027273,1.001855,1.026728,1.02693
1.028319,1.033333,1.02693,1.008741
1.006885,1.012545,1.008741,0.993068
0.994017,1.0,0.993068,1.005236
1.020636,1.015929,1.005236,1.00434
0.980623,0.993902,1.00434,1.000864
1.006014,0.994741,1.000864,1.006045
1.006832,1.011454,1.006045,1.019742
1.01866,1.019164,1.019742,0.964646
0.995837,0.94188,0.964646,1.018325
0.979933,1.025408,1.018325,1.02485
1.020478,1.032743,1.02485,0.998328
1.008361,1.01114,0.998328,0.981575
0.991708,0.967797,0.981575,0.996587
1.018395,1.021016,0.996587,0.998288
0.979475,0.986278,0.998288,0.943396
0.979883,0.953043,0.943396,0.999091
0.956373,0.976277,0.999091,0.988171
0.9839,1.008411,0.988171,1.0
0.997273,0.992586,1.0,1.049724
1.06381,1.006536,1.049724,0.992982
0.985433,1.034323,0.992982,0.980565
0.98087,0.975785,0.980565,1.009009
1.005319,1.008272,1.009009,1.0
1.000882,0.996354,1.0,1.026786
1.014978,1.0,1.026786,1.009565
1.013889,1.033852,1.009565,0.998277
1.001712,1.014159,0.998277,0.992235
1.000855,0.99651,0.992235,1.001739
0.988044,0.971979,1.001739,1.002604
1.010372,1.018919,1.002604,0.97316
0.988024,0.990274,0.97316,0.985765
0.978355,0.983929,0.985765,1.028881
1.069912,1.014519,1.028881,0.972807
0.933002,0.978533,0.972807,1.001803
0.988475,0.987203,1.001803,0.9964
1.008072,1.019444,0.9964,0.95664
0.991993,0.925522,0.95664,0.983003
0.941704,1.004907,0.983003,1.022094
1.022857,1.005859,1.022094,1.039474
1.035382,1.024272,1.039474,0.999096
1.011691,1.034123,0.999096,1.0
1.0,0.992667,1.0,0.971946
0.990222,0.979686,0.971946,0.977654
0.964093,0.97361,0.977654,1.038095
1.019553,1.012585,1.038095,0.983486
1.015525,1.00956,0.983486,1.010261
0.980216,0.994318,1.010261,1.010157
1.005505,1.02381,1.010157,0.994516
1.00365,1.007442,0.994516,0.983456
0.985455,0.981533,0.983456,0.992523
0.990775,0.996237,0.992523,1.013183
1.003724,1.002833,1.013183,1.005576
1.009276,1.008475,1.005576,1.022181
1.074449,1.015873,1.022181,0.983725
0.941831,0.990809,0.983725,1.014706
1.006358,1.002783,1.014706,0.997283
1.001805,1.013876,0.997283,1.003633
1.003604,0.999088,1.003633,0.99457
0.991023,0.992694,0.99457,0.990901
1.000906,0.987121,0.990901,1.006428
0.99638,1.007456,1.006428,0.998175
1.004541,1.004625,0.998175,1.019196
1.011754,0.999079,1.019196,0.994619
1.005362,1.013825,0.994619,1.0
0.992,0.992727,1.0,1.012624
1.006272,1.000916,1.012624,1.008014
1.012467,1.013724,1.008014,1.00265
1.003518,1.009928,1.00265,0.992952
1.013146,1.005362,0.992952,1.000887
0.985294,0.992,1.000887,1.003546
1.014925,1.002688,1.003546,0.989399
0.977509,0.993744,0.989399,1.010714
1.00531,1.002698,1.010714,1.009717
1.014085,1.009865,1.009717,0.978128
0.987847,0.978686,0.978128,1.010733
1.00703,1.002722,1.010733,1.020354
1.02007,1.024434,1.020354,1.007806
0.996578,1.011484,1.007806,0.995697
1.012017,1.001747,0.995697,1.019015
1.001696,1.006103,1.019015,0.961832
0.999153,0.966205,0.961832,0.981481
0.968644,0.986547,0.981481,1.017071
0.992126,1.001818,1.017071,1.018551
1.020282,1.009074,1.018551,1.015611
1.023336,1.017986,1.015611,0.990606
0.986486,1.007067,0.990606,0.974138
1.007705,0.990351,0.974138,0.993805
0.964316,0.9876,0.993805,1.0
0.999119,0.995516,1.0,1.007124
1.007937,1.013514,1.007124,1.0
1.0,1.0,1.0,1.0
1.0,1.0,1.0,0.979664
0.990376,0.960889,0.979664,1.027978
1.009717,1.017576,1.027978,1.00439
1.006124,1.026364,1.00439,0.998252
1.008696,1.007972,0.998252,1.013135
0.999138,0.984183,1.013135,1.010372
1.018119,1.021429,1.010372,1.023097
1.016949,1.012238,1.023097,0.98495
0.999167,1.011226,0.98495,1.009338
0.994996,1.0,1.009338,0.983179
1.00922,0.99146,0.983179,1.02053
0.995017,1.006029,1.02053,0.993294
0.999165,1.008562,0.993294,1.012658
1.004177,1.001698,1.012658,1.0
1.0,1.0,1.0,0.991667
1.002496,0.984746,0.991667,1.041176
1.032365,1.009466,1.041176,0.995964
1.016881,1.041773,0.995964,1.0
0.986561,1.001637,1.0,1.017828
1.010417,1.007353,1.017828,0.977707
0.995242,0.986212,0.977707,1.006515
0.988048,1.004934,1.006515,1.005663
1.008065,1.0,1.005663,1.021722
1.0184,0.99509,1.021722,0.986614
1.018068,1.027961,0.986614,1.018356
0.999228,1.004,1.018356,0.971003
0.985328,0.98008,0.971003,1.020178
1.007053,1.013008,1.020178,0.997627
0.984436,0.983949,0.997627,1.007137
1.013439,1.017945,1.007137,1.001575
1.00468,1.002404,1.001575,0.966195
0.984472,0.979217,0.966195,0.983727
0.979495,0.981224,0.983727,1.014888
0.991143,1.011647,1.014888,1.015485
1.019496,1.001645,1.015485,0.974318
1.007968,0.994253,0.974318,0.994234
0.966008,0.993394,0.994234,1.008285
0.997545,0.976725,1.008285,1.009039
1.010664,1.028936,1.009039,0.986971
0.997565,0.998346,0.986971,1.013201
1.007323,0.989229,1.013201,1.0057
0.998384,1.021776,1.0057,0.976518
0.994337,0.986066,0.976518,1.014925
0.996745,0.995844,1.014925,0.995098
1.007347,1.012521,0.995098,1.007389
1.010535,1.008244,1.007389,1.00326
1.006415,1.003271,1.00326,0.997563
0.98247,0.977995,0.997563,0.986156
0.995945,1.004167,0.986156,1.031379
1.01873,1.00249,1.031379,0.9
0.9,0.9,0.9,1.004825
1.002395,0.99139,1.004825,0.993998
0.998805,1.019851,0.993998,0.986715
0.991627,0.990268,0.986715,1.034272
1.049457,0.990172,1.034272,0.96213
0.965517,1.002481,0.96213,0.98524
0.966667,0.977723,0.98524,0.988764
0.993842,0.993671,0.988764,1.013889
0.997522,1.002548,1.013889,0.995019
1.009938,1.015248,0.995019,1.011264
0.99631,0.986233,1.011264,1.007426
1.006173,1.01269,1.007426,1.019656
1.031902,1.010025,1.019656,1.0
1.001189,1.01861,1.0,0.987952
0.998812,0.996346,0.987952,1.010976
0.995244,1.002445,1.010976,0.979493
0.997611,0.979268,0.979493,0.990148
0.971257,0.987547,0.990148,1.008706
1.001233,1.001261,1.008706,1.008631
1.013547,1.011335,1.008631,1.003667
1.001215,1.012453,1.003667,0.976857
1.007282,0.97786,0.976857,0.996259
0.971084,0.984906,0.996259,1.025031
1.01861,1.01788,1.025031,1.003663
1.007308,1.026349,1.003663,0.990268
0.992745,0.991443,0.990268,0.992629
0.992692,0.98397,0.992629,1.013614
1.01227,1.008772,1.013614,0.98779
0.992727,0.981366,0.98779,0.987639
0.98779,1.006329,0.987639,0.998748
0.995056,1.001258,0.998748,1.001253
0.997516,1.0,1.001253,0.946183
0.998755,0.93593,0.946183,0.993386
0.953865,1.0,0.993386,0.984021
0.989542,0.979866,0.984021,1.040595
1.017173,1.00137,1.040595,1.016905
1.023377,1.032832,1.016905,1.01023
1.019036,1.04106,1.01023,1.002532
1.003736,0.989822,1.002532,1.013889
1.003722,1.008997,1.013889,0.982565
0.995056,0.997452,0.982565,0.99493
0.983851,0.996169,0.99493,0.997452
0.998737,0.987179,0.997452,0.98212
0.994943,0.981818,0.98212,1.007802
1.0,1.013228,1.007802,1.016774
1.008895,1.010444,1.016774,1.007614
1.001259,1.007752,1.007614,1.008816
1.010063,1.012821,1.008816,0.988764
1.007472,0.993671,0.988764,1.0
0.988875,1.0,1.0,0.994949
0.9925,0.987261,0.994949,1.032995
1.049118,0.993548,1.032995,1.027027
1.008403,1.041558,1.027027,0.985646
1.003571,1.016209,0.985646,1.059466
1.042705,1.006135,1.059466,0.979381
1.036405,1.034146,0.979381,1.016374
0.960483,0.990566,1.016374,0.986191
1.025143,1.013095,0.986191,0.988331
0.953177,0.985899,0.988331,1.009445
1.012865,1.005959,1.009445,1.026901
1.033487,1.018957,1.026901,1.028474
1.03352,1.015116,1.028474,0.988926
0.971892,1.008018,0.988926,1.007839
1.016685,1.003409,1.007839,1.002222
1.02407,1.020385,1.002222,1.003326
0.982906,0.976693,1.003326,0.944751
0.977174,0.968182,0.944751,0.989474
0.972191,0.983568,0.989474,1.002364
0.977117,0.998807,1.002364,0.974057
0.995316,0.978495,0.974057,1.015738
1.004706,0.997558,1.015738,1.01907
1.010539,1.01836,1.01907,0.981287
0.98146,1.001202,0.981287,0.967819
0.991736,0.960384,0.967819,1.017241
0.994048,1.0025,1.017241,1.021792
1.017964,1.016209,1.021792,1.0
1.0,1.020859,1.0,1.022512
1.016471,1.013221,1.022512,1.001159
1.012731,1.020166,1.001159,0.993056
0.987429,0.981395,0.993056,1.02331
1.027778,1.015403,1.02331,1.004556
1.023649,1.012835,1.004556,0.981859
0.966997,0.990783,0.981859,0.975751
0.989761,0.981395,0.975751,1.008284
0.981609,0.998815,1.008284,0.995305
1.001171,1.005931,0.995305,1.036557
1.02924,0.996462,1.036557,0.990899
1.002273,1.023669,0.990899,0.983927
1.014739,0.982659,0.983927,1.032672
0.998883,0.994118,1.032672,0.969492
0.991051,1.002367,0.969492,1.016317
0.987585,0.991736,1.016317,1.004587
1.017143,1.035714,1.004587,1.041096
1.055056,0.995402,1.041096,1.001096
0.99361,1.039261,1.001096,0.996714
0.98821,1.001111,0.996714,1.007692
1.021692,1.006659,1.007692,1.003272
0.984076,0.964719,1.003272,0.986957
0.997843,1.030857,0.986957,0.992291
0.995676,0.981153,0.992291,0.99778
0.996743,0.99548,0.99778,0.998888
0.986928,1.00681,0.998888,0.998886
0.998896,0.997745,0.998886,1.007804
1.0,0.970621,1.007804,0.986726
0.99558,1.025611,0.986726,0.96861
0.984462,0.963678,0.96861,1.005787
0.985344,1.008245,1.005787,1.006904
1.016018,1.016355,1.006904,1.022857
1.009009,0.988506,1.022857,1.014525
1.032366,1.032558,1.014525,1.01652
0.998919,1.007883,1.01652,0.981582
0.997835,1.004469,0.981582,0.969095
0.97397,0.96218,0.969095,1.012528
0.996659,0.982659,1.012528,0.968504
0.998883,1.009412,0.968504,1.012776
0.978747,0.984848,1.012776,1.004587
1.013714,1.023669,1.004587,1.035388
1.029312,1.012717,1.035388,1.025358
1.024096,1.025114,1.025358,1.006452
1.027807,1.007795,1.006452,0.992521
0.995838,1.016575,0.992521,0.992465
0.973877,0.996739,0.992465,0.995662
1.0,0.995638,0.995662,0.957516
0.976395,0.947426,0.957516,1.002275
0.982418,0.996532,1.002275,1.032917
1.024609,1.022042,1.032917,0.986813
1.003275,1.018161,0.986813,0.995546
0.984766,0.981048,0.995546,1.012304
1.00221,1.013636,1.012304,1.01105
1.012128,1.008969,1.01105,0.972678
0.997821,0.986667,0.972678,1.025843
0.998908,0.97973,1.025843,1.020811
1.022951,1.037931,1.020811,1.002146
1.00641,1.017719,1.002146,0.996788
1.0,0.98259,0.996788,0.992481
0.989384,1.014396,0.992481,1.031385
1.035408,1.008734,1.031385,0.991605
1.001036,1.011905,0.991605,1.049735
1.030021,1.003209,1.049735,0.993952
1.020101,1.034115,0.993952,1.021298
0.999015,1.005155,1.021298,0.993049
0.999014,1.01641,0.993049,0.947
0.992103,0.933401,0.947,1.016895
0.965174,1.003243,1.016895,1.0
1.0,1.025862,1.0,0.98027
0.989691,0.984244,0.98027,1.008475
1.0,0.997866,1.008475,1.004202
1.0,1.011765,1.004202,1.023013
1.021875,1.005285,1.023013,0.972393
0.991845,0.995794,0.972393,0.998948
0.980473,0.983105,0.998948,0.983158
0.998952,0.978518,0.983158,0.990364
0.980063,1.007684,0.990364,1.016216
1.011777,1.002179,1.016216,1.010638
1.009524,1.016304,1.010638,1.0
1.001048,0.991444,1.0,0.986316
0.99267,1.006472,0.986316,1.01921
1.007384,0.997856,1.01921,1.001047
1.010471,1.011815,1.001047,1.008368
1.002073,1.0,1.008368,0.996888
1.004137,1.012739,0.996888,1.008325
1.006179,1.007338,1.008325,1.013416
1.009212,1.006243,1.013416,1.001018
1.024341,1.009307,1.001018,0.974568
0.974257,0.979508,0.974568,1.048017
1.026423,0.99477,1.048017,0.998008
1.005941,1.035752,0.998008,0.991018
0.996063,0.986802,0.991018,1.041289
1.028656,1.013374,1.041289,0.978723
1.002882,1.017259,0.978723,0.999012
0.982759,0.998004,0.999012,1.014837
1.000975,0.985,1.014837,1.011696
1.025316,1.031472,1.011696,0.954721
0.976258,0.969488,0.954721,1.028254
0.994163,0.993909,1.028254,0.994112
1.006849,1.026558,0.994112,0.98618
0.985423,0.981095,0.98618,0.972973
0.985207,0.975659,0.972973,1.007202
0.985986,1.006237,1.007202,0.981614
1.005076,0.981405,0.981614,1.0
0.978788,0.992632,1.0,1.0
1.007224,1.011665,1.0,1.01873
1.012295,1.006289,1.01873,0.993871
1.0,1.010417,0.993871,1.013361
1.0,1.003093,1.013361,1.013185
1.01417,1.00925,1.013185,1.018018
1.023952,1.014257,1.018018,0.999017
1.000975,1.004016,0.999017,1.041339
1.087634,1.052,1.041339,0.973535
0.932856,0.965779,0.973535,0.996117
0.993282,0.994094,0.996117,0.965887
0.982609,0.978218,0.965887,1.024218
1.00295,1.003036,1.024218,1.003941
1.008824,1.007064,1.003941,1.006869
1.019436,1.022044,1.006869,0.999025
0.996187,0.989216,0.999025,1.004878
0.992344,0.992071,1.004878,0.968932
0.998071,0.989011,0.968932,1.012024
0.982609,1.00202,1.012024,0.986139
0.999017,1.001008,0.986139,0.97992
0.979331,0.981873,0.97992,0.974385
0.978894,0.964103,0.974385,0.985279
0.969199,0.978723,0.985279,1.016009
1.012712,1.015217,1.016009,1.0
1.0,1.0,1.0,1.0
1.0,1.0,1.0,1.0
1.0,1.0,1.0,1.0
1.0,1.0,1.0,1.00105
1.025105,1.008565,1.00105,0.956978
0.967347,0.961783,0.956978,1.005482
0.970464,0.994481,1.005482,0.962923
0.993478,0.978912,0.962923,1.001133
0.991247,0.996599,1.001133,1.026018
1.009934,1.007964,1.026018,1.003308
0.998907,1.015801,1.003308,1.008791
1.00547,1.012222,1.008791,1.038126
1.039173,1.004391,1.038126,1.019937
1.031414,1.028415,1.019937,0.994856
0.988832,1.012752,0.994856,0.96484
0.99076,0.966422,0.96484,0.993569
0.972021,0.998914,0.993569,1.021575
1.010661,0.996739,1.021575,1.009504
1.017932,1.027263,1.009504,1.029289
1.020725,1.010616,1.029289,1.00813
1.010152,1.021008,1.00813,0.981855
1.00201,1.0,0.981855,0.985626
0.995988,0.975309,0.985626,0.998958
0.981873,0.990506,0.998958,1.021898
1.010256,1.007455,1.021898,1.008163
1.013198,1.028541,1.008163,0.988866
0.995992,1.0,0.988866,0.978506
0.987928,0.972251,0.978506,0.988494
0.985743,0.990486,0.988494,1.02328
1.004132,1.002134,1.02328,0.989659
1.001029,1.011715,0.989659,1.035528
1.02261,1.004211,1.035528,0.997982
1.003015,1.027254,0.997982,1.013145
1.007014,0.992857,1.013145,0.929142
0.995025,0.943474,0.929142,1.016112
0.953,1.004357,1.016112,1.080338
1.073452,1.027115,1.080338,0.993151
1.000978,1.053854,0.993151,1.002956
1.007812,0.98998,1.002956,0.972495
0.99031,0.995951,0.972495,0.978788
0.966732,0.95935,0.978788,0.933953
0.974696,0.940678,0.933953,0.974586
0.937695,0.917793,0.974586,0.993197
0.99557,1.045399,0.993197,1.002283
1.015573,1.0223,1.002283,1.012528
0.983571,0.988519,1.012528,0.968504
1.002227,0.97561,0.968504,0.972125
0.952222,0.970238,0.972125,0.968937
0.964994,0.986503,0.968937,1.007398
0.995163,0.988806,1.007398,0.997552
1.00486,1.021384,0.997552,0.957055
1.0,0.958128,0.957055,0.99359
0.956469,0.98329,0.99359,1.025806
1.005057,1.0,1.025806,1.027673
1.036478,1.033987,1.027673,0.982864
0.997573,1.012642,0.982864,1.032379
1.008516,1.002497,1.032379,0.996381
1.007238,1.013699,0.996381,0.968523
0.984431,0.980344,0.968523,0.9925
0.979319,0.987469,0.9925,0.955919
0.990062,0.961929,0.955919,1.01581
0.972396,0.978892,1.01581,1.018158
1.021935,1.02965,1.018158,0.984713
0.997475,0.994764,0.984713,0.994825
0.986076,1.005263,0.994825,1.003901
1.01027,1.001309,1.003901,1.003886
0.993647,1.0,1.003886,1.007742
1.003836,0.996078,1.007742,0.993598
1.005096,1.009186,0.993598,1.021907
1.007605,1.016905,1.021907,0.994956
1.007547,1.003836,0.994956,1.006337
0.992509,0.994904,1.006337,1.0
1.002516,1.00128,1.0,0.982368
0.996236,0.994885,0.982368,0.987179
0.983627,0.987147,0.987179,1.007792
0.997439,1.002604,1.007792,1.037371
1.03466,1.01039,1.037371,1.0
1.004963,1.025707,1.0,0.992547
1.0,0.992481,0.992547,1.002503
1.007407,1.005051,1.002503,0.987516
1.008578,0.986181,0.987516,1.003793
0.968408,0.992357,1.003793,0.982368
0.998745,0.998716,0.982368,1.00641
0.987437,0.993573,1.00641,0.994904
0.998728,1.003881,0.994904,0.988476
0.998726,0.985825,0.988476,1.029793
1.015306,1.006536,1.029793,1.0
1.002513,1.022078,1.0,0.987421
0.993734,0.993647,0.987421,1.002548
0.998739,1.0,1.002548,1.007624
1.013889,1.001279,1.007624,0.992434
0.996264,0.993614,0.992434,1.029225
1.035,1.011568,1.029225,1.002469
0.985507,1.015248,1.002469,0.993842
0.995098,1.005006,0.993842,1.007435
1.009852,1.004981,1.007435,1.0123
1.008537,1.006196,1.0123,1.029162
1.026602,1.007389,1.029162,0.992916
1.004711,1.01956,0.992916,1.005945
1.004689,0.997602,1.005945,1.008274
1.012835,1.010817,1.008274,0.981243
0.986175,0.991677,0.981243,0.982079
0.981308,0.978417,0.982079,1.015815
1.003571,1.002451,1.015815,1.02515
1.032028,1.023227,1.02515,0.998832
0.988506,1.009558,0.998832,1.008187
1.016279,1.00355,1.008187,0.980278
0.987414,0.972877,0.980278,1.008284
1.002317,1.015758,1.008284,1.008216
1.011561,1.011933,1.008216,1.009313
1.004571,1.011792,1.009313,0.99308
1.0,0.993007,0.99308,0.99187
0.984073,0.987089,0.99187,1.004684
1.004624,1.008323,1.004684,1.020979
1.009206,1.008255,1.020979,0.994292
1.003421,1.003509,0.994292,0.982778
0.984091,0.986014,0.982778,1.01285
1.023095,1.01182,1.01285,0.987313
0.974041,0.984813,0.987313,1.014019
1.012746,1.001186,1.014019,1.003456
1.018307,1.009479,1.003456,0.983927
0.985393,0.995305,0.983927,0.985998
0.979475,0.989387,0.985998,0.973964
0.990687,0.977354,0.973964,1.017011
1.010576,1.002439,1.017011,0.980884
0.97907,0.969586,0.980884,1.014616
0.995249,1.023839,1.014616,1.022809
1.027446,1.002451,1.022809,0.991784
1.009292,1.023227,0.991784,0.997633
0.982739,1.002389,0.997633,1.026097
1.02459,1.001192,1.026097,1.002312
1.014857,1.013095,1.002312,1.002307
1.0,1.00235,1.002307,0.966628
0.977477,0.982415,0.966628,0.990476
0.96659,0.976134,0.990476,1.019231
1.023838,1.00489,1.019231,0.964623
0.981374,0.986618,0.964623,0.996333
0.972716,0.986436,0.996333,1.011043
1.017073,1.015,1.011043,1.020631
1.010791,1.014778,1.020631,1.008323
1.017794,1.015777,1.008323,1.002358
0.995338,1.002389,1.002358,1.011765
1.012881,1.002384,1.011765,0.997674
1.00578,1.010702,0.997674,0.986014
0.994253,0.982353,0.986014,0.983452
0.990751,0.986826,0.983452,1.010817
0.982497,1.003641,1.010817,1.007134
1.013064,1.012092,1.007134,1.0
1.002345,0.998805,1.0,0.977568
0.983626,0.962919,0.977568,1.016908
1.009512,1.018634,1.016908,1.009501
1.005889,1.020732,1.009501,1.004706
1.01171,1.013142,1.004706,0.994145
0.991898,0.996462,0.994145,1.002356
0.997666,1.002367,1.002356,0.9953
0.99883,0.994097,0.9953,0.983471
0.992974,0.978622,0.983471,1.003601
1.001179,1.001214,1.003601,0.995215
0.98351,1.002424,0.995215,0.995192
1.016766,0.995163,0.995192,0.993961
0.984688,0.99514,0.993961,1.008505
1.002392,1.006105,1.008505,0.99759
1.005967,1.0,0.99759,0.971014
0.984579,0.970874,0.971014,0.996269
0.975904,0.995,0.996269,1.007491
1.011111,1.005025,1.007491,0.998761
0.991453,1.00125,0.998761,0.976427
0.996305,0.971286,0.976427,1.011436
0.990111,1.001285,1.011436,0.994975
1.004994,1.011553,0.994975,0.998737
0.986335,0.989848,0.998737,0.986094
0.993703,0.996154,0.986094,0.961538
0.987326,0.956242,0.961538,0.950667
0.956354,0.958277,0.950667,1.00561
0.965101,0.984551,1.00561,0.995816
1.008345,1.015692,0.995816,0.973389
0.991724,0.973315,0.973389,0.988489
0.972184,0.987013,0.988489,1.008734
1.007153,1.005848,1.008734,1.020202
1.004261,1.00436,1.020202,0.992928
1.001414,1.01013,0.992928,1.002849
1.0,1.002865,1.002849,0.991477
1.00565,0.991429,0.991477,0.991404
0.981742,0.992795,0.991404,1.007225
1.004292,1.004354,1.007225,1.020086
1.014245,1.007225,1.020086,0.995781
1.001404,1.012912,0.995781,1.002825
1.001403,1.0,1.002825,0.978873
0.992997,0.981586,0.978873,1.002878
0.987306,1.002886,1.002878,1.002869
1.004286,1.002878,1.002869,0.972818
0.995733,0.974175,0.972818,1.004412
0.977143,0.994109,1.004412,1.030747
1.030702,1.017778,1.030747,1.014205
1.017021,1.020378,1.014205,1.001401
1.001395,1.011412,1.001401,0.987413
0.997214,0.995769,0.987413,1.008499
0.998603,1.0,1.008499,1.015449
1.011189,1.007082,1.015449,0.982019
1.004149,0.997187,0.982019,1.042254
1.022039,1.00141,1.042254,0.991892
1.01752,1.030986,0.991892,0.982289
0.977483,0.976776,0.982289,1.0
0.979675,0.994406,1.0,1.0
1.020747,1.004219,1.0,0.976422
0.98374,0.969188,0.976422,1.052557
1.033058,1.010116,1.052557,0.997301
0.993333,1.040057,0.997301,0.998647
1.005369,1.002751,0.998647,0.982385
0.983979,0.987654,0.982385,0.994483
0.990502,0.997222,0.994483,1.001387
0.991781,0.991643,1.001387,0.98892
1.001381,1.0,0.98892,0.97479
0.987586,0.977528,0.97479,1.00431
0.977654,0.991379,1.00431,0.998569
1.004286,0.995652,0.998569,1.004298
1.002845,1.0131,1.004298,0.982882
0.992908,0.988506,0.982882,1.023222
1.01,1.013081,1.023222,0.997163
1.001414,1.004304,0.997163,0.987198
0.991525,0.982857,0.987198,1.001441
1.007123,1.002907,1.001441,1.034532
1.019802,1.001449,1.034532,1.027816
1.033287,1.037627,1.027816,1.027064
1.040268,1.022315,1.027064,1.01054
1.011613,1.016371,1.01054,1.001304
0.992347,1.006711,1.001304,0.964844
0.975578,0.982667,0.964844,0.975709
0.988142,0.975577,0.975709,1.005533
0.973333,0.994437,1.005533,1.002751
1.00411,1.013986,1.002751,0.990398
0.998636,0.990345,0.990398,1.009695
0.995902,0.997214,1.009695,1.00823
1.009602,1.011173,1.00823,0.990476
0.997283,1.0,0.990476,1.023352
1.016349,1.002762,1.023352,0.990604
1.002681,1.013774,0.990604,1.00542
0.998663,1.001359,1.00542,0.979784
0.991968,0.982361,0.979784,1.005502
0.994602,1.0,1.005502,0.991792
0.991859,0.995856,0.991792,1.0
0.994528,0.997226,1.0,0.977931
1.002751,0.984701,0.977931,0.990127
0.978052,0.988701,0.990127,1.012821
1.002805,1.005714,1.012821,0.990155
0.994406,0.997159,0.990155,0.984375
0.994374,0.985755,0.984375,0.978355
0.983027,0.975434,0.978355,1.004425
0.982734,0.995556,1.004425,1.004405
1.004392,1.008929,1.004405,1.002924
1.001458,0.99705,1.002924,1.0
1.004367,1.008876,1.0,0.992711
0.994203,0.995601,0.992711,1.001468
1.005831,1.0,1.001468,1.01173
1.011594,1.005891,1.01173,1.02029
1.011461,1.013177,1.02029,0.992898
1.002833,1.004335,0.992898,0.997139
0.992938,0.998561,0.997139,1.005739
1.004267,1.0,1.005739,0.99572
0.992918,0.995677,0.99572,0.992837
1.0,0.995658,0.992837,1.010101
1.015692,1.008721,1.010101,1.005714
0.991573,1.002882,1.005714,1.055398
1.094901,1.017241,1.055398,0.967699
0.96119,1.008475,0.967699,0.993046
0.971736,0.992997,0.993046,0.985994
0.99169,0.990127,0.985994,1.007102
0.99162,0.998575,1.007102,0.981664
1.001408,0.992867,0.981664,1.001437
0.984529,0.997126,1.001437,1.0
1.004286,1.001441,1.0,0.984218
0.991465,0.979856,0.984218,1.008746
0.994261,1.002937,1.008746,0.989884
0.998557,0.998536,0.989884,0.99562
0.99422,0.997067,0.99562,1.010264
1.002907,1.001471,1.010264,1.007257
1.010145,1.008811,1.007257,0.991354
0.992826,0.997089,0.991354,1.001453
1.00289,0.99854,1.001453,1.008708
1.001441,1.010234,1.008708,0.998561
1.002878,1.0,0.998561,0.994236
1.002869,0.997106,0.994236,0.97971
0.989986,0.976778,0.97971,1.005917
0.986994,1.002972,1.005917,1.005882
1.002928,1.007407,1.005882,0.994152
1.0,0.992647,0.994152,0.967647
0.972263,0.974815,0.967647,1.009119
1.0,1.00152,1.009119,1.0
1.003003,1.003035,1.0,1.006024
1.001497,1.003026,1.006024,1.005988
1.004484,1.004525,1.005988,1.002976
1.004464,1.003003,1.002976,1.0
1.001481,1.002994,1.0,0.998516
1.007396,0.998507,0.998516,1.001486
0.991189,1.001495,1.001486,1.005935
1.008889,1.004478,1.005935,0.986726
1.011747,0.994056,0.986726,1.001495
0.976778,0.99701,1.001495,1.002985
1.002972,1.0,1.002985,1.00744
1.004444,1.001499,1.00744,0.997046
1.0,1.007485,0.997046,1.004444
1.004425,1.001486,1.004444,0.9941
0.998532,0.997033,0.9941,1.001484
0.995588,0.997024,1.001484,0.994074
1.0,0.998507,0.994074,1.011923
1.005908,0.998505,1.011923,0.997054
1.0,1.010479,0.997054,1.008863
1.007342,1.001481,1.008863,1.008785
1.004373,1.011834,1.008785,1.015965
1.020319,1.008772,1.015965,0.997143
1.0,1.007246,0.997143,1.001433
1.0,1.0,1.001433,1.007153
1.002845,1.004317,1.007153,0.991477
1.001418,0.997135,0.991477,1.008596
0.998584,1.0,1.008596,1.005682
1.004255,1.008621,1.005682,1.002825
1.018362,1.007123,1.002825,1.001408
1.022191,1.0,1.001408,0.994374
0.972863,0.997171,0.994374,1.008487
0.997211,0.998582,1.008487,1.019635
1.018182,1.002841,1.019635,0.991747
1.012363,1.007082,0.991747,0.993065
0.981004,1.001406,0.993065,1.001397
0.995851,0.998596,1.001397,1.009763
1.005556,1.008439,1.009763,0.994475
1.001381,0.997211,0.994475,1.002778
1.0,1.004196,1.002778,0.990305
0.995862,0.991643,0.990305,1.004196
0.995845,1.0,1.004196,0.995822
1.002782,1.002809,0.995822,0.98042
0.993065,0.977591,0.98042,1.0
0.98324,1.001433,1.0,1.0
1.00142,0.998569,1.0,1.00428
0.998582,1.0,1.00428,1.004261
1.005682,1.004298,1.004261,1.009901
1.011299,1.007133,1.009901,1.007003
1.005587,1.012748,1.007003,1.006954
1.009722,1.001399,1.006954,1.004144
1.001376,1.005587,1.004144,0.998624
1.002747,1.002778,0.998624,1.004132
1.00137,1.001385,1.004132,1.0
1.015048,1.002766,1.0,1.006859
0.995957,1.0,1.006859,1.00545
1.0,1.006897,1.00545,0.97832
1.00406,0.987671,0.97832,1.00831
0.985175,0.997226,1.00831,1.010989
1.009576,1.006954,1.010989,1.012228
1.009485,1.009669,1.012228,0.995973
1.004027,1.00684,0.995973,1.014825
1.010695,1.005435,1.014825,1.009296
1.006614,1.008108,1.009296,0.993421
1.005256,1.008043,0.993421,0.992053
0.986928,0.990691,0.992053,1.020027
1.011921,1.005369,1.020027,0.990838
0.998691,1.006676,0.990838,1.011889
1.006553,1.0,1.011889,0.998695
1.010417,1.006631,0.998695,0.996078
0.990979,1.0,0.996078,0.997375
0.996099,0.98946,0.997375,0.997368
0.998695,1.002663,0.997368,0.998681
0.992157,0.996016,0.998681,0.990753
1.00527,0.998667,0.990753,0.986667
0.985583,0.975968,0.986667,1.008108
0.993351,1.010944,1.008108,0.993298
1.0,0.99594,0.993298,0.989204
0.997323,0.994565,0.989204,0.982265
0.990604,0.980874,0.982265,1.001389
0.98103,0.998607,1.001389,1.0
1.001381,0.998605,1.0,1.022191
1.016552,1.00838,1.022191,1.046133
1.05156,1.019391,1.046133,1.0
1.0,1.032609,1.0,1.018158
1.027097,1.0,1.018158,1.0
1.017588,1.017105,1.0,0.987261
0.964198,0.988357,0.987261,1.003871
1.006402,1.003927,1.003871,1.005141
0.998728,1.003911,1.005141,0.982097
1.012739,0.996104,0.982097,1.019531
0.992453,0.998696,1.019531,1.007663
1.012674,1.005222,1.007663,1.032953
1.021277,1.002597,1.032953,0.984049
0.995098,1.029793,0.984049,0.988778
0.982759,0.986164,0.988778,0.984868
0.998747,0.994898,0.984868,0.99872
0.997491,0.992308,0.99872,0.996154
0.988679,0.998708,0.996154,1.001287
0.991094,0.994825,1.001287,1.011568
1.017972,1.007802,1.011568,1.01906
1.022699,1.018065,1.01906,1.016209
1.019729,1.011407,1.016209,0.990184
0.990326,1.001253,0.990184,0.992565
0.991453,0.988736,0.992565,1.007491
0.996305,1.002532,1.007491,1.008674
1.023486,1.012626,1.008674,1.011057
0.998792,1.009975,1.011057,1.019441
1.029021,1.008642,1.019441,1.014303
1.003525,1.017136,1.014303,0.955347
0.996487,0.963899,0.955347,1.01353
0.971798,1.001248,1.01353,0.984223
1.027811,1.003741,0.984223,1.04439
0.997647,1.002484,1.04439,1.016529
1.035377,1.038414,1.016529,0.990708
0.986333,1.00358,0.990708,1.026964
1.012702,1.004756,1.026964,0.993151
0.99886,1.015385,0.993151,0.977011
1.0,0.980186,0.977011,0.989412
0.974886,0.995244,0.989412,1.026159
1.01171,0.992832,1.026159,0.99073
1.024306,1.00722,0.99073,0.959064
0.961582,0.972521,0.959064,1.003659
0.972973,0.995086,1.003659,1.019441
1.018116,1.006173,1.019441,1.013111
1.010676,1.020859,1.013111,0.984706
1.005869,0.997596,0.984706,0.97491
0.975496,0.980723,0.97491,1.011029
0.989234,0.995086,1.011029,1.049697
1.049577,1.019753,1.049697,1.017321
1.020737,1.03632,1.017321,0.99546
0.997743,1.008178,0.99546,0.995439
1.004525,1.00927,0.995439,0.980527
0.984234,0.98163,0.980527,0.963785
0.978261,0.953216,0.963785,1.013333
0.982456,1.004908,1.013333,0.982057
0.995238,0.998779,0.982057,1.023143
1.005981,1.003667,1.023143,0.996429
1.002378,1.010962,0.996429,0.941458
0.982206,0.93494,0.941458,1.029188
0.9843,1.015464,1.029188,1.039457
1.041718,1.029188,1.039457,0.991696
1.001178,1.027127,0.991696,0.996411
0.992941,0.993998,0.996411,1.019208
1.007109,0.992754,1.019208,1.011779
1.010588,1.026764,1.011779,0.990687
1.016298,1.004739,0.990687,0.994125
0.975945,0.977594,0.994125,1.015366
1.03169,1.016888,1.015366,1.053551
1.048919,1.002372,1.053551,0.994475
1.023861,1.059172,0.994475,1.056667
1.021186,0.996648,1.056667,1.006309
1.010373,1.053812,1.006309,1.032393
1.042094,1.018085,1.032393,0.952429
0.973399,0.969697,0.952429,1.032944
0.984818,0.997845,1.032944,0.943416
1.014388,0.982721,0.943416,1.016358
0.947315,1.006593,1.016358,1.026824
1.025668,0.998908,1.026824,0.99582
1.007299,1.029508,0.99582,1.001049
1.0,1.003185,1.001049,1.099581
1.085921,1.003175,1.099581,1.00286
1.007626,1.077004,1.00286,1.008555
1.023652,1.003918,1.008555,1.051838
1.067468,1.073171,1.051838,1.017025
1.019048,0.986364,1.017025,0.985022
0.972812,1.019355,0.985022,0.974061
0.969432,0.965642,0.974061,0.972452
0.981982,0.983146,0.972452,1.024551
1.005505,0.980952,1.024551,1.01659
1.036496,1.039806,1.01659,0.99184
0.979754,1.011204,0.99184,0.993601
0.991015,0.989843,0.993601,0.99908
1.004533,0.994403,0.99908,1.019337
1.001805,1.006567,1.019337,0.99187
1.000901,1.008388,0.99187,1.015483
1.015302,1.010166,1.015483,1.035874
1.024823,1.007319,1.035874,0.986147
1.016436,1.021798,0.986147,0.998244
0.97617,0.987556,0.998244,0.975374
0.986922,0.976598,0.975374,1.008115
0.998233,1.00553,1.008115,0.966905
0.983186,0.980752,0.966905,1.000925
0.984698,1.005607,1.000925,1.016636
1.006399,1.005576,1.016636,0.987273
1.008174,0.999076,0.987273,1.016575
0.996396,1.0,1.016575,1.018116
1.018987,1.022202,1.018116,1.009786
1.007986,1.004525,1.009786,1.034361
1.034331,1.024324,1.034361,0.969336
1.01617,0.986807,0.969336,0.964851
0.954774,0.966132,0.964851,1.008197
0.974561,1.000923,1.008197,1.019874
1.022502,1.017512,1.019874,1.023915
1.021127,1.003623,1.023915,0.964533
1.007759,1.00361,0.964533,1.008072
0.966638,0.977518,1.008072,1.074733
1.093805,1.036799,1.074733,1.018212
1.042071,1.047028,1.018212,1.022764
0.984472,1.025424,1.022764,0.999205
1.007886,1.028926,0.999205,0.981702
0.978091,0.967068,0.981702,0.995948
0.992,1.0,0.995948,1.001627
1.008065,1.004983,1.001627,0.956946
0.9904,0.96281,0.956946,1.011036
0.96769,0.998283,1.011036,1.0
1.008347,1.012898,1.0,1.04534
1.031457,1.003396,1.04534,0.961446
1.039326,1.00846,0.961446,0.944027
0.924324,0.927852,0.944027,0.942478
0.944027,0.961121,0.942478,1.023474
0.969912,0.994356,1.023474,1.027523
1.02281,1.032167,1.027523,1.027679
1.031222,1.027498,1.027679,0.977411
0.992215,0.997324,0.977411,1.058667
1.041848,1.002683,1.058667,0.998321
1.03431,1.052632,0.998321,0.989907
0.976537,0.99322,0.989907,1.029737
1.012428,1.0,1.029737,0.992574
1.00491,1.019625,0.992574,1.014131
0.997557,1.004184,1.014131,1.015574
1.016327,0.9975,1.015574,1.024213
1.026506,1.028404,1.024213,1.029945
1.031299,1.006499,1.029945,1.019893
1.013657,1.021792,1.019893,0.923481
1.036677,0.955766,0.923481,0.978879
0.906137,0.96281,0.978879,1.1
1.056574,1.035193,1.1,1.073906
1.088235,1.087065,1.073906,0.977528
0.99307,1.028986,0.977528,1.016523
0.99023,0.97109,1.016523,1.024735
1.046512,1.068702,1.024735,1.032414
1.030303,1.035714,1.032414,0.965264
0.984967,0.975862,0.965264,1.001384
0.979429,0.990106,1.001384,0.992398
0.992547,1.014276,0.992398,1.013928
1.006826,1.01126,1.013928,0.964286
0.991864,0.967293,0.964286,0.931624
0.958305,0.928777,0.931624,1.048165
0.980742,0.993029,1.048165,0.976659
0.991273,1.017161,0.976659,0.95295
1.003668,0.939417,0.95295,0.996865
0.953947,0.980408,0.996865,1.043239
1.025287,1.049126,1.043239,0.94951
1.008969,0.987302,0.94951,0.9
0.901481,0.901125,0.9,0.900089
0.949055,0.900089,0.900089,1.040634
0.921212,0.9,1.040634,0.921905
1.019737,1.056167,0.921905,0.97314
0.943779,0.927007,0.97314,0.915074
0.936523,0.953881,0.915074,1.042923
0.98853,0.946934,1.042923,0.9
0.941983,1.007472,0.9,0.956737
0.9,0.9,0.956737,1.099483
1.066416,1.06456,1.099483,1.099882
1.099882,1.1,1.099882,1.1
1.1,1.074286,1.1,0.935922
1.0,1.02234,0.935922,0.900415
0.923301,0.903226,0.900415,1.043779
0.97897,1.0,1.043779,1.057395
1.040816,1.048387,1.057395,1.006263
1.013416,1.021978,1.006263,1.045643
1.035642,1.004301,1.045643,0.994048
1.0,1.03212,0.994048,1.013972
1.00885,1.022822,1.013972,0.978346
1.016569,0.998986,0.978346,0.900402
0.970278,0.908629,0.900402,1.020112
0.916996,0.916201,1.020112,1.044907
1.03125,1.1,1.044907,0.984277
1.020899,1.031042,0.984277,1.024494
0.991812,0.991398,1.024494,1.048857
1.042312,0.993492,1.048857,1.029732
1.029703,1.082969,1.029732,0.986526
1.043269,1.03125,0.986526,1.032195
0.990783,0.957967,1.032195,1.02741
1.027907,1.073469,1.02741,1.036799
1.027149,1.024715,1.036799,0.97693
1.017621,1.006494,0.97693,0.956403
0.951515,0.969585,0.956403,1.025641
0.991811,0.990494,1.025641,1.009259
1.020183,1.037428,1.009259,1.1
1.078237,1.011101,1.1,0.93995
1.070892,0.987191,0.93995,1.094942
0.965732,0.982391,1.094942,0.926256
1.0,1.071698,0.926256,0.906387
0.921774,0.90581,0.906387,0.905405
0.9,0.905734,0.905405,0.9
0.944387,0.905579,0.9,1.015403
0.991276,0.962085,1.015403,1.063011
1.005501,1.052956,1.063011,1.05708
1.078775,1.064327,1.05708,0.949117
0.96856,0.99011,0.949117,0.901532
0.979058,0.91343,0.901532,0.990291
0.922995,0.927096,0.990291,1.011029
1.003476,1.072084,1.011029,1.049697
1.006928,0.984108,1.049697,1.036952
1.030963,1.078261,1.036952,0.96882
1.0,0.995392,0.96882,0.994253
0.98109,0.978009,0.994253,0.934104
1.005669,0.95503,0.934104,0.943069
0.913191,0.929368,0.943069,1.082677
1.034568,1.014667,1.082677,0.98303
1.034606,1.064389,0.98303,1.01233
0.960784,1.0,1.01233,1.025579
1.010804,0.987654,1.025579,0.997625
1.019002,1.03875,0.997625,0.969048
0.973193,0.975933,0.969048,1.022113
1.0,1.006165,1.022113,1.014423
1.071856,1.011029,1.014423,0.984597
0.941899,0.969697,0.984597,0.979543
0.98102,1.01375,0.979543,1.0086
1.002418,1.002466,1.0086,1.035323
1.047045,1.02829,1.035323,1.02
1.009217,1.020335,1.02,1.069204
1.089041,1.011723,1.069204,1.040992
1.030398,1.015064,1.040992,0.988601
1.015259,1.067352,0.988601,1.02935
0.987976,1.00107,1.02935,1.016293
1.059838,1.041667,1.016293,0.960922
0.95311,0.971282,0.960922,1.012513
0.977912,1.008448,1.012513,0.929969
1.00616,0.931937,0.929969,1.028793
0.95,1.003371,1.028793,1.044133
1.058002,1.031355,1.044133,0.984536
0.996954,1.016287,0.984536,0.987435
0.967413,0.971154,0.987435,0.988335
1.028421,1.016502,0.988335,1.01824
0.988741,0.996753,1.01824,0.986301
0.981366,0.993485,0.986301,0.982906
0.976793,0.978142,0.982906,0.991304
1.00216,1.004469,0.991304,1.036184
1.018319,1.007786,1.036184,1.013757
1.02963,1.036424,1.013757,1.024008
1.00925,1.011715,1.024008,0.998981
1.015275,1.010526,0.998981,1.014286
1.011033,1.005208,1.014286,1.030181
1.03373,1.047668,1.030181,0.966797
0.978887,0.974283,0.966797,0.992929
0.982353,0.985787,0.992929,1.009156
0.992016,0.986612,1.009156,0.978831
1.016097,1.012526,0.978831,1.00103
0.975248,0.989691,1.00103,1.015432
1.014213,1.005208,1.015432,1.015198
1.036036,1.027979,1.015198,0.98004
0.966184,0.978831,0.98004,0.99389
0.986,0.989701,0.99389,1.006148
0.997972,1.007284,1.006148,0.98778
1.002033,0.998967,0.98778,0.926804
0.977688,0.918304,0.926804,0.98109
0.939834,0.957207,0.98109,1.012472
1.0,1.018824,1.012472,1.013438
1.003311,1.011547,1.013438,1.01105
1.007701,1.023973,1.01105,0.977049
0.99345,0.993311,0.977049,1.01566
1.0,1.002245,1.01566,0.96696
0.991209,0.979843,0.96696,1.0
0.982262,0.994286,1.0,0.989749
0.996614,0.997701,0.989749,0.993096
0.987542,0.981567,0.993096,1.023175
1.013761,0.998826,1.023175,0.99547
1.003394,1.030552,0.99547,1.002275
1.001127,0.996579,1.002275,1.020431
1.015766,1.010297,1.020431,0.991101
0.995565,1.003398,0.991101,1.01459
1.012249,0.998871,1.01459,1.005531
1.0033,1.00565,1.005531,1.013201
1.013158,1.01573,1.013201,0.988056
0.997835,0.990044,0.988056,1.007692
0.996746,1.011173,1.007692,0.980371
1.008705,0.98895,0.980371,0.998888
0.975189,0.992179,0.998888,1.02784
1.02323,1.006757,1.02784,0.985915
0.996757,1.012304,0.985915,0.902198
0.9859,0.904972,0.902198,1.003654
0.929593,0.952381,1.003654,1.06432
1.042604,1.058974,1.06432,0.912201
0.976163,0.96247,0.912201,1.05875
1.009302,1.018868,1.05875,0.957497
1.010369,1.0,0.957497,1.009864
0.946408,0.990123,1.009864,1.003663
1.020482,1.021197,1.003663,1.023114
0.995277,0.965812,1.023114,0.954816
1.002372,1.011378,0.954816,1.01868
0.976331,0.98125,1.01868,1.020782
1.013333,1.019108,1.020782,0.978443
1.005981,1.0175,0.978443,0.971848
0.979786,0.971744,0.971848,1.017632
0.991505,0.988622,1.017632,1.007426
1.017136,1.033248,1.007426,0.910319
0.977136,0.907178,0.910319,0.97166
0.934729,0.964529,0.97166,0.994444
0.971014,1.004243,0.994444,1.027933
1.012212,1.008451,1.027933,1.008152
1.009383,1.015363,1.008152,1.016173
1.007968,1.017882,1.016173,1.006631
1.002635,1.0,1.006631,1.009223
1.021025,1.02027,1.009223,1.02611
1.043758,1.010596,1.02611,1.003817
0.977805,0.998689,1.003817,1.026616
1.022699,1.031496,1.026616,1.0
1.002466,1.01145,1.0,0.990123
1.00123,1.006289,0.990123,0.988778
0.985258,0.9875,0.988778,1.011349
1.006234,1.006329,1.011349,1.0
1.0,1.002516,1.0,1.002494
0.997522,0.993726,1.002494,0.942786
1.006211,0.948232,0.942786,1.002639
0.962963,0.990679,1.002639,0.963158
0.976923,0.97043,0.963158,1.013661
0.981627,1.0,1.013661,1.043127
1.036096,1.023546,1.043127,1.031008
1.032258,1.036536,1.031008,0.997494
1.0825,1.037859,0.997494,1.01005
0.935335,0.991195,1.01005,0.982587
0.995062,0.972081,0.982587,0.977215
0.973945,1.005222,0.977215,0.977979
0.994904,0.972727,0.977979,0.986755
0.96927,0.981308,0.986755,1.025503
1.022457,1.020408,1.025503,0.990838
0.992248,1.001333,0.990838,0.993395
0.994792,0.996005,0.993395,1.031915
1.022251,1.005348,1.031915,1.018041
1.021767,1.029255,1.018041,1.016456
1.007519,1.021964,1.016456,0.990037
0.993781,0.997472,0.990037,0.998742
0.998748,1.0,0.998742,0.988665
0.997494,0.989861,0.988665,1.011465
1.001256,0.99872,1.011465,1.017632
1.032622,1.019231,1.017632,0.990099
0.99757,0.996226,0.990099,1.02875
1.00609,1.016414,1.02875,1.012151
1.01937,1.02236,1.012151,0.980792
0.997625,0.985419,0.980792,1.007344
0.989286,0.995068,1.007344,1.003645
1.016847,1.013631,1.003645,0.989104
0.989349,0.99511,0.989104,0.986536
0.980861,0.979115,0.986536,1.063275
1.058537,1.035132,1.063275,0.994166
0.989631,1.019394,0.994166,1.005869
1.01397,1.01308,1.005869,0.998833
0.990815,0.995305,0.998833,0.982477
0.996524,0.988208,0.982477,0.98692
0.976744,0.977327,0.98692,1.003614
0.994048,1.003663,1.003614,0.959184
1.002395,0.948905,0.959184,0.993742
0.962963,1.014103,0.993742,1.023929
1.009926,0.99115,1.023929,0.99016
0.998771,1.007653,0.99016,1.0
0.99754,1.011392,1.0,0.993789
0.996301,0.992491,0.993789,0.99875
0.992574,0.996217,0.99875,1.0
1.003741,1.006329,1.0,1.027534
1.021118,0.997484,1.027534,1.010962
1.023114,1.030265,1.010962,0.996386
0.994055,1.007344,0.996386,0.970979
0.996411,0.973269,0.970979,0.990037
0.971188,0.973783,0.990037,0.986164
0.995056,1.001282,0.986164,0.994898
0.981366,0.997439,0.994898,1.032051
1.025316,0.994865,1.032051,0.973913
0.998765,0.99871,0.973913,1.012755
0.985167,1.003876,1.012755,0.994962
1.0,1.010296,0.994962,0.988608
0.988708,0.984713,0.988608,1.002561
1.005076,1.006468,1.002561,0.993614
0.988636,0.982005,0.993614,1.001285
1.001277,1.01178,1.001285,0.987163
0.996173,0.990944,0.987163,0.996099
0.993598,0.997389,0.996099,0.997389
0.992268,0.984293,0.997389,1.001309
0.997403,1.007979,1.001309,0.994771
1.00651,1.001319,0.994771,1.031537
1.019405,1.002635,1.031537,0.998726
1.0,1.021025,0.998726,1.002551
1.0,1.0,1.002551,0.996183
0.997462,0.997426,0.996183,1.002554
1.001272,1.002581,1.002554,1.002548
1.003812,1.005148,1.002548,0.997459
0.998734,0.987196,0.997459,0.963057
0.986058,0.979248,0.963057,1.002646
0.976864,0.996026,1.002646,1.014512
1.018421,1.0,1.014512,1.0013
1.005168,1.021277,1.0013,1.007792
1.001285,1.001302,1.007792,0.988402
0.992298,0.989597,0.988402,1.002608
1.001294,1.00657,1.002608,1.0
0.996124,0.992167,1.0,0.996099
1.001297,1.0,0.996099,0.988251
1.0,0.982895,0.988251,1.011889
0.998705,1.004016,1.011889,1.049608
1.049287,1.021333,1.049608,1.0
1.008653,1.032637,1.0,0.995025
0.991422,1.007585,0.995025,1.0125
1.009889,0.998745,1.0125,1.009877
1.009792,1.01005,1.009877,1.011002
1.02303,1.016169,1.011002,1.002418
0.982227,1.004896,1.002418,1.015682
1.0193,1.003654,1.015682,0.990499
1.03432,1.008495,0.990499,1.009592
0.981693,1.004813,1.009592,1.005938
0.990676,1.0,1.005938,1.01889
1.018824,1.011976,1.01889,0.993048
1.0,1.008284,0.993048,0.987165
0.988453,0.987089,0.987165,1.054374
1.053738,1.003567,1.054374,0.993274
1.001109,1.031991,0.993274,1.024831
1.006645,1.005741,1.024831,1.001101
1.014301,1.028539,1.001101,0.982398
0.994577,0.984462,0.982398,1.0
0.983642,0.998873,1.0,1.00224
0.995565,1.005643,1.00224,0.978771
1.012249,0.971942,0.978771,1.02968
1.0011,0.998845,1.02968,0.973392
0.989011,1.008092,0.973392,0.998861
0.983333,0.980505,0.998861,1.019384
1.012429,1.021053,1.019384,1.014541
1.02567,1.014891,1.014541,1.007718
0.996736,1.007901,1.007718,0.998906
1.001092,1.013438,0.998906,1.0
1.0,1.0,1.0,1.024096
1.023991,1.009945,1.024096,0.975401
0.992545,0.997812,0.975401,1.007675
0.997854,0.994518,1.007675,1.007617
1.003226,1.006615,1.007617,1.009719
1.01179,1.010953,1.009719,1.011765
1.006356,1.005417,1.011765,1.036998
1.042105,1.011853,1.036998,0.993884
0.994949,1.025559,0.993884,0.97641
0.992893,0.984424,0.97641,1.0
0.986708,1.001055,1.0,1.004202
0.995855,0.997893,1.004202,0.978033
0.997919,0.980993,0.978033,1.002139
0.979145,0.995694,1.002139,0.995731
1.001065,1.003243,0.995731,1.01179
1.021277,1.005388,1.01179,0.992585
0.989583,0.996785,0.992585,1.0
0.992632,0.998925,1.0,0.989328
0.992577,0.990312,0.989328,0.98274
0.991453,0.980435,0.98274,1.010977
0.997845,1.002217,1.010977,1.005429
1.00324,1.006637,1.005429,0.99892
1.006459,1.008791,0.99892,0.993514
0.989305,0.995643,0.993514,0.989119
1.002162,0.991247,0.989119,0.993399
0.981661,0.990066,0.993399,1.017719
1.010989,1.004459,1.017719,1.01741
1.030435,1.032186,1.01741,0.997861
0.985232,0.989247,0.997861,0.990354
1.001071,0.998913,0.990354,1.001082
0.994652,1.0,1.001082,1.016216
1.015054,1.010881,1.016216,0.998936
1.005297,1.004306,0.998936,0.988285
0.992624,0.984995,0.988285,1.00431
0.990446,1.002176,1.00431,0.992489
1.006431,1.002172,0.992489,1.001081
0.990415,0.99675,1.001081,1.014039
1.010753,1.001087,1.014039,1.022364
1.031915,1.02063,1.022364,0.9875
0.991753,1.005319,0.9875,0.99789
0.985447,0.996825,0.99789,0.995772
1.007384,0.996815,0.995772,0.995754
0.987435,0.992545,0.995754,1.0
1.004242,1.004292,1.0,1.011727
1.003168,0.998932,1.011727,0.989463
1.002105,0.994652,0.989463,1.00213
0.988445,1.002151,1.00213,0.977683
1.0,0.976395,0.977683,1.01087
0.992561,1.0,1.01087,1.003226
1.001071,1.018681,1.003226,1.002144
1.00107,0.995685,1.002144,1.005348
1.00641,1.006501,1.005348,1.006383
1.019108,1.011841,1.006383,0.987315
0.991667,0.980851,0.987315,1.017131
0.997899,1.010846,1.017131,0.989474
1.005263,1.008584,0.989474,1.002128
0.994764,0.994681,1.002128,1.027601
1.021053,1.003209,1.027601,1.002066
1.005155,1.023454,1.002066,0.983505
1.0,0.989583,0.983505,0.980084
0.982564,0.978947,0.980084,1.010695
0.990605,1.009677,1.010695,1.004233
1.0,0.996805,1.004233,1.023182
1.02529,1.009615,1.023182,1.029866
1.038027,1.020106,1.029866,0.986
0.994059,1.011411,0.986,0.989858
0.98506,0.986667,0.989858,0.989754
0.987867,0.99896,0.989754,1.003106
0.997953,1.0,1.003106,1.001032
0.997949,1.001041,1.001032,0.996907
1.004111,1.00104,0.996907,0.996898
0.996929,0.997923,0.996898,1.01556
1.00616,0.987513,1.01556,1.008172
1.030612,1.03372,1.008172,0.98075
0.974257,0.986748,0.98075,0.992769
0.994919,0.991736,0.992769,1.003122
0.990807,0.998958,1.003122,0.985477
0.995876,0.990615,0.985477,1.002105
0.988613,0.993684,1.002105,0.99895
1.003141,1.007415,0.99895,1.004206
0.996868,0.993691,1.004206,0.982199
1.001047,0.991534,0.982199,1.001066
0.992678,1.001067,1.001066,0.971246
1.001054,0.970149,0.971246,1.010965
0.973684,0.994505,1.010965,0.994577
1.0,1.001105,0.994577,1.008724
1.010811,1.007726,1.008724,1.0
0.994652,1.003286,1.0,1.024865
1.02043,1.004367,1.024865,0.987342
0.996839,1.002174,0.987342,1.012821
1.002114,1.008677,1.012821,0.992616
1.006329,1.010753,0.992616,0.995749
0.995807,0.975532,0.995749,0.987193
0.982105,0.998909,0.987193,0.992432
0.994641,1.0,0.992432,1.001089
0.996767,0.997817,1.001089,0.995647
0.995676,0.996718,0.995647,0.993443
0.996743,0.992316,0.993443,1.012101
1.003268,1.003319,1.012101,1.005435
1.005429,1.009923,1.005435,0.993514
1.0,0.997817,0.993514,1.016322
1.014039,1.003282,1.016322,1.010707
1.01065,1.015267,1.010707,0.952331
0.979979,0.95811,0.952331,0.957731
0.962366,0.961883,0.957731,0.99187
0.969832,0.994172,0.99187,1.018735
1.006912,0.989449,1.018735,1.014943
1.016018,1.001185,1.014943,0.992072
0.990991,1.020118,0.992072,0.994292
1.002273,1.00348,0.994292,0.987371
0.986395,0.991908,0.987371,1.010465
1.002299,1.001166,1.010465,1.003452
1.00344,1.008149,1.003452,1.002294
1.0,1.002309,1.002294,1.0
1.001143,1.001152,1.0,1.001144
1.001142,1.004603,1.001144,0.995429
1.0,0.991982,0.995429,1.004592
1.0,1.002309,1.004592,0.995429
1.00114,1.001152,0.995429,1.004592
0.996583,0.998849,1.004592,1.003429
1.004571,1.004608,1.003429,1.009112
1.011377,1.008028,1.009112,1.001129
1.0,1.002275,1.001129,0.997745
1.0,1.001135,0.997745,1.00339
1.012373,1.002268,1.00339,1.010135
1.0,1.001131,1.010135,0.987737
0.998889,1.0,0.987737,1.010158
0.996663,0.99887,1.010158,1.015642
1.017857,1.005656,1.015642,1.008801
1.006579,1.014623,1.008801,0.985823
1.002179,0.997783,0.985823,1.003319
0.988043,0.998889,1.003319,0.99559
1.0011,0.996663,0.99559,0.992248
0.991209,0.991071,0.992248,1.007812
1.003326,1.002252,1.007812,0.988926
1.001105,1.0,0.988926,0.99776
0.986755,0.988764,0.99776,1.002245
1.004474,1.011364,1.002245,1.015677
1.011136,0.998876,1.015677,0.992282
1.002203,1.006749,0.992282,1.014444
1.005495,1.004469,1.014444,0.998905
1.0,1.003337,0.998905,0.996711
0.995628,0.994457,0.996711,0.993399
0.998902,1.004459,0.993399,0.997785
0.994505,0.994451,0.997785,1.00444
1.001105,1.002232,1.00444,0.992265
1.003311,0.998886,0.992265,1.001114
0.992299,0.994426,1.001114,1.011123
1.013304,1.002242,1.011123,0.992299
0.997812,1.006711,0.992299,0.996674
0.992325,0.991111,0.996674,1.024472
1.01768,1.004484,1.024472,0.994571
1.004343,1.018973,0.994571,0.992358
0.994595,0.993428,0.992358,1.0011
0.992391,0.99559,1.0011,0.998901
1.013143,0.99557,0.998901,1.0
0.992432,1.007786,1.0,1.011001
1.001089,0.995585,1.011001,0.992383
0.996736,1.004435,0.992383,0.997807
0.996725,1.001104,0.997807,1.005495
1.012048,0.992282,1.005495,1.002186
0.995671,0.992222,1.002186,1.029444
1.043478,1.038074,1.029444,0.995763
0.998958,1.010787,0.995763,0.994681
0.984359,0.995731,0.994681,1.035294
1.026483,1.004287,1.035294,0.98657
1.00516,1.016009,0.98657,0.994764
0.988706,0.982143,0.994764,1.018947
1.006231,1.010695,1.018947,0.974174
1.001032,0.995767,0.974174,0.986214
0.97732,0.967056,0.986214,0.997849
0.991561,1.010989,0.997849,0.99569
0.991489,1.003261,0.99569,1.006494
1.002146,0.970748,1.006494,1.023656
1.020343,1.03125,1.023656,0.997899
1.008395,1.020563,0.997899,0.998947
0.994797,0.997879,0.998947,0.984194
0.99477,0.98406,0.984194,0.989293
0.984227,0.993521,0.989293,0.952381
0.982906,0.948913,0.952381,1.011364
0.977174,0.990836,1.011364,0.977528
0.994438,1.002312,0.977528,0.990805
0.980984,0.989619,0.990805,0.99884
0.993158,0.986014,0.99884,0.950058
0.989667,0.962175,0.950058,1.013447
0.962877,0.9914,1.013447,1.004825
1.007229,1.022305,1.004825,0.995198
0.997608,0.993939,0.995198,1.024125
1.034772,1.010976,1.024125,0.976443
0.99073,0.989144,0.976443,0.998794
0.973099,0.993902,0.998794,1.006039
1.003606,1.002454,1.006039,1.0012
1.008383,1.01224,1.0012,0.996403
0.996437,1.003628,0.996403,1.008424
1.004768,1.001205,1.008424,0.99284
0.996441,0.998797,0.99284,0.997596
0.994048,0.985542,0.997596,1.015663
1.014371,1.01467,1.015663,1.008304
1.005903,1.007229,1.008304,1.007059
1.008216,1.01555,1.007059,1.004673
1.003492,0.996466,1.004673,1.002326
1.0,1.007092,1.002326,0.993039
1.00116,1.003521,0.993039,1.010514
1.002317,0.996491,1.010514,0.987283
0.988439,0.992958,0.987283,1.004684
1.004678,0.998818,1.004684,0.997669
1.005821,1.001183,0.997669,1.005841
0.997685,1.002364,1.005841,1.001161
1.00232,1.008255,1.001161,1.009281
1.008102,1.003509,1.009281,0.994253
1.003444,1.005828,0.994253,0.981503
0.985126,0.975666,0.981503,1.003534
0.990708,1.0,1.003534,1.010563
1.010551,1.008314,1.010563,0.990708
0.99768,1.003534,0.990708,1.007034
1.001163,1.0,1.007034,1.006985
1.004646,1.004695,1.006985,1.021965
1.027746,1.004673,1.021965,0.994344
1.0,1.017442,0.994344,1.009101
1.004499,1.0,1.009101,0.994363
0.996641,1.0,0.994363,0.980726
0.991011,0.977143,0.980726,0.993064
0.984127,0.99883,0.993064,1.001164
0.995392,0.998829,1.001164,0.993023
1.0,0.996483,0.993023,1.009368
0.998843,1.005882,1.009368,1.00232
1.003476,1.00117,1.00232,0.972222
0.996536,0.978972,0.972222,1.008333
0.983778,0.998807,1.008333,1.010626
1.009423,1.007168,1.010626,1.001168
1.004667,1.011862,1.001168,0.996499
1.001161,0.996483,0.996499,1.002342
1.00116,1.001176,1.002342,1.002336
0.998841,1.001175,1.002336,0.997669
0.99884,0.998826,0.997669,1.007009
1.001161,1.001175,1.007009,0.991879
1.00116,0.995305,0.991879,1.0
0.991889,1.002358,1.0,1.002339
1.002336,1.0,1.002339,0.995333
0.998834,1.001176,0.995333,1.002345
1.0,0.99765,1.002345,1.003509
1.003501,1.003534,1.003509,1.012821
1.013953,1.007042,1.012821,0.994246
1.001147,1.002331,0.994246,0.99537
0.993127,0.994186,0.99537,0.980233
0.997693,0.983626,0.980233,0.998814
0.974566,0.995244,0.998814,1.009501
1.008304,1.003584,1.009501,0.997647
1.003529,1.004762,0.997647,1.017689
1.012896,1.00237,1.017689,1.001159
1.008102,1.01182,1.001159,1.0
0.996556,1.002336,1.0,1.002315
1.00576,1.003497,1.002315,0.993072
0.995418,0.989547,0.993072,0.99186
0.989643,0.997653,0.99186,0.994138
0.996512,0.994118,0.994138,1.009434
0.998833,1.00355,1.009434,1.016355
1.01986,1.008255,1.016355,1.05977
1.088202,1.010526,1.05977,0.979393
0.967368,1.040509,0.979393,1.005537
1.007617,1.0,1.005537,1.004405
0.984881,1.003337,1.004405,0.985746
1.001096,0.996674,0.985746,1.0
0.989047,0.988877,1.0,0.995551
0.998893,1.00225,0.995551,0.992179
1.004435,0.993266,0.992179,1.018018
1.013245,1.00226,1.018018,0.986726
0.982571,1.0,0.986726,0.991031
0.994457,0.992108,0.991031,0.996606
0.987737,0.998864,0.996606,0.99319
0.998871,0.994312,0.99319,1.006857
0.99887,0.996568,1.006857,1.00227
1.0,1.005741,1.00227,0.996602
1.001131,1.003425,0.996602,1.002273
1.00339,0.998862,1.002273,0.988662
0.997748,0.993166,0.988662,0.994266
0.986456,0.987385,0.994266,0.988466
0.997712,0.995354,0.988466,1.002334
0.989679,0.997666,1.002334,1.002328
1.002317,1.002339,1.002328,1.003484
1.002312,1.0,1.003484,1.003472
1.00346,1.008168,1.003472,1.002307
1.005747,1.002315,1.002307,0.998849
0.995429,0.997691,0.998849,0.991935
0.997704,0.99537,0.991935,1.001161
0.995397,0.997674,1.001161,1.008121
1.008092,1.004662,1.008121,0.989643
1.00344,0.99536,0.989643,1.017442
1.008,1.003497,1.017442,0.985143
0.992063,0.996516,0.985143,0.974478
0.985143,0.977855,0.974478,1.009524
0.984919,0.997616,1.009524,1.001179
1.004711,1.007168,1.001179,0.996466
0.997655,0.998814,0.996466,1.007092
1.00235,1.005938,1.007092,1.0
1.003517,1.002361,1.0,0.978873
0.994159,0.981154,0.978873,0.986811
0.983549,0.980792,0.986811,1.006075
0.989247,1.001224,1.006075,0.997585
1.0,1.00489,0.997585,0.992736
1.0,0.991484,0.992736,0.990244
0.993961,0.992638,0.990244,1.01601
1.00486,1.002472,1.01601,0.996364
0.998791,1.007398,0.996364,0.998783
1.001211,1.002448,0.998783,0.995128
0.993954,0.990232,0.995128,0.992656
0.995134,0.993835,0.992656,0.995068
0.993888,1.0,0.995068,0.997522
0.99754,0.995037,0.997522,1.0
0.996301,1.0,1.0,0.996273
1.001238,0.998753,0.996273,0.985037
0.995056,0.97628,0.985037,0.993671
0.981366,0.980818,0.993671,0.997452
0.994937,1.011734,0.997452,1.001277
1.008906,1.007732,1.001277,0.98852
0.992434,0.985934,0.98852,1.002581
0.994917,1.001297,1.002581,0.994852
0.996169,0.992228,0.994852,1.011643
1.00641,1.006527,1.011643,1.01023
1.030573,1.019455,1.01023,1.026582
1.016069,1.007634,1.026582,0.996301
1.019465,1.010101,0.996301,0.975248
0.995227,0.98125,0.975248,0.964467
0.944844,0.961783,0.964467,0.998684
0.967005,0.989404,0.998684,0.993412
0.996063,0.998661,0.993412,1.005305
1.00527,1.009383,1.005305,0.997361
0.997379,0.997344,0.997361,0.994709
1.002628,0.994674,0.994709,1.00133
0.992136,1.004016,1.00133,1.034529
1.044914,1.005333,1.034529,0.985879
0.989886,1.006631,0.985879,0.99349
0.984674,0.996047,0.99349,0.989515
0.992218,0.990741,0.989515,1.074172
1.079739,1.010681,1.074172,1.01233
1.029056,1.038309,1.01233,1.070646
1.056471,1.020356,1.070646,0.972696
1.004454,1.05985,0.972696,1.037427
1.002217,0.968235,1.037427,0.952649
0.981195,1.019441,0.952649,0.96213
0.935738,0.954708,0.96213,0.99631
0.983133,0.997503,0.99631,1.012346
1.020833,1.006258,1.012346,0.996341
0.990396,1.0,0.996341,0.998776
0.991515,1.004975,0.998776,0.991422
0.998778,0.997525,0.991422,1.0
0.990208,0.988834,1.0,1.009889
1.021014,1.010038,1.009889,1.039168
1.035109,1.009938,1.039168,0.976443
1.003509,1.01722,0.976443,0.978287
0.965035,0.978235,0.978287,1.001233
1.01087,0.992583,1.001233,0.995074
0.980884,1.0,0.995074,0.964109
0.978076,0.965131,0.964109,1.005135
0.982565,1.00129,1.005135,0.994891
0.997465,1.002577,0.994891,1.01027
1.003812,0.996144,1.01027,1.006353
1.006329,1.010323,1.006353,1.020202
1.031447,1.012771,1.020202,0.988861
0.982927,0.992434,0.988861,0.993742
0.990074,1.005083,0.993742,1.0
1.007519,0.99115,1.0,0.991184
0.987562,1.001276,0.991184,0.982211
0.992443,0.982166,0.982211,0.983182
0.98731,0.981842,0.983182,1.017105
1.0,1.001321,1.017105,1.0
0.994859,0.990765,1.0,0.958603
0.998708,0.970706,0.958603,1.008097
0.976714,0.995885,1.008097,0.994645
0.994702,1.016529,0.994645,0.952894
0.984021,0.95393,0.952894,1.024011
0.989175,1.008523,1.024011,1.009655
1.01368,1.023944,1.009655,1.004098
0.995951,1.004127,1.004098,1.016327
1.01897,1.008219,1.016327,1.012048
1.027926,1.013587,1.012048,1.003968
0.992238,1.009383,1.003968,0.988142
0.990874,0.992032,0.988142,0.992
0.982895,0.986613,0.992,1.021505
1.028112,0.998643,1.021505,0.980263
0.99349,1.009511,0.980263,1.002685
0.985583,1.001346,1.002685,1.013387
1.009309,0.995968,1.013387,1.014531
1.019763,1.014845,1.014531,0.994792
0.996124,1.010638,0.994792,1.001309
0.998703,1.001316,1.001309,1.002614
0.997403,1.001314,1.002614,0.990874
1.002604,0.996063,0.990874,0.986842
0.992208,0.986825,0.986842,0.990667
0.985602,0.989319,0.990667,1.0
0.99336,1.00135,1.0,0.995962
0.997326,0.995957,0.995962,1.0
0.995979,0.986468,1.0,1.006757
1.016151,1.020576,1.006757,0.994631
0.994702,0.991935,0.994631,0.960864
0.978695,0.95664,0.960864,1.011236
0.985034,0.998584,1.011236,1.011111
1.012431,1.019858,1.011111,0.990385
0.99045,0.998609,0.990385,1.008322
1.006887,1.002786,1.008322,1.011004
1.009576,1.008333,1.011004,1.014966
1.01355,1.009642,1.014966,1.012064
1.045455,1.004093,1.012064,0.978808
0.966752,1.002717,0.978808,0.989175
0.97619,0.98374,0.989175,1.010944
1.00542,1.008264,1.010944,1.00406
1.004043,1.008197,1.00406,0.989218
0.997315,0.990515,0.989218,0.998638
0.993271,1.001368,0.998638,1.002729
1.0,0.991803,1.002729,0.985034
1.001355,0.997245,0.985034,1.002762
0.986468,0.98895,1.002762,0.998623
1.004115,1.009777,0.998623,0.977931
0.990437,0.97787,0.977931,1.002821
0.988966,0.998586,1.002821,1.011252
1.005579,1.005666,1.011252,0.988873
0.997226,0.990141,0.988873,0.990155
0.988873,0.997155,0.990155,1.0
0.995781,1.0,1.0,1.008523
1.008475,1.00428,1.008523,1.028169
1.026611,1.002841,1.028169,0.987671
0.993179,1.016997,0.987671,1.019417
1.01511,1.004178,1.019417,1.012245
1.017591,1.015257,1.012245,0.990591
0.992021,1.001366,0.990591,0.991859
0.991957,0.986357,0.991859,0.995896
0.990541,1.002766,0.995896,1.001374
1.001364,1.002759,1.001374,1.0
0.998638,0.998624,1.0,1.0
1.004093,1.0,1.0,1.006859
1.004076,1.001377,1.006859,1.036785
1.041949,1.002751,1.036785,1.009198
1.01039,1.03155,1.009198,1.028646
1.034704,1.018617,1.028646,0.968354
0.971429,0.993473,0.968354,1.001307
0.997442,1.001314,1.001307,1.013055
1.00641,0.997375,1.013055,0.983247
0.991083,1.001316,0.983247,1.007864
0.997429,1.0,1.007864,0.968791
0.981959,0.955322,0.968791,1.006711
0.993438,1.01238,1.006711,1.037333
1.029062,1.01087,1.037333,0.985861
1.002567,1.028226,0.985861,1.014342
0.99872,0.988235,1.014342,1.01671
1.015385,1.010582,1.01671,0.983565
0.996212,1.014398,0.983565,0.985861
0.986058,0.974194,0.985861,0.975228
0.985861,0.980132,0.975228,1.016043
0.992177,1.004054,1.016043,0.978947
1.002628,0.998654,0.978947,1.001344
0.986894,0.998652,1.001344,0.995973
1.001328,0.99865,0.995973,0.958221
0.981432,0.956757,0.958221,1.025316
0.986486,1.00565,1.025316,0.984911
1.009589,1.007022,0.984911,0.9
0.9,0.9,0.9,0.983813
0.991119,1.018692,0.983813,1.021938
1.008961,0.994495,1.021938,0.989267
1.001776,1.01845,0.989267,0.987342
0.989362,0.983696,0.987342,1.016484
0.998208,1.001842,1.016484,0.996396
1.008977,1.011029,0.996396,1.003617
0.991103,0.990909,1.003617,0.985586
1.001795,1.001835,0.985586,1.001828
1.008961,0.998168,1.001828,0.976277
0.976909,0.952294,0.976277,1.031776
1.007273,1.030829,1.031776,1.019928
1.019856,1.026168,1.019928,0.980462
0.989381,0.996357,0.980462,1.012681
1.005367,1.0,1.012681,1.019678
1.023132,1.012797,1.019678,1.014035
1.012174,1.01444,1.014035,0.989619
1.005155,1.012456,0.989619,1.026224
1.008547,1.001757,1.026224,1.001704
1.008475,1.021053,1.001704,1.02381
1.033613,1.012027,1.02381,1.009967
0.99187,1.008489,1.009967,0.988487
1.001639,1.006734,0.988487,1.0
0.991817,1.001672,1.0,1.001664
1.00165,0.991653,1.001664,0.995017
0.995058,1.005051,0.995017,1.008347
1.009934,1.00335,1.008347,1.009934
1.003279,1.003339,1.009934,0.97541
1.0,0.988353,0.97541,0.993277
0.980392,0.969697,0.993277,1.018613
1.016667,1.017361,1.018613,0.981728
0.993443,1.003413,0.981728,1.030457
1.006601,1.003401,1.030457,1.036125
1.042623,1.023729,1.036125,0.998415
0.993711,1.014901,0.998415,0.985714
0.995253,1.011419,0.985714,0.991948
0.984102,0.975806,0.991948,1.032468
1.030695,1.009917,1.032468,0.957547
1.001567,0.99509,0.957547,0.993432
0.962441,0.970395,0.993432,0.996694
0.996748,1.015254,0.996694,0.996683
0.985318,0.988314,0.996683,1.014975
1.009934,1.010135,1.014975,1.001639
1.006557,1.008361,1.001639,0.981997
1.004886,0.988391,0.981997,0.995
0.975689,0.986577,0.995,1.030151
1.021595,1.008503,1.030151,0.995122
0.998374,1.025295,0.995122,0.990196
0.991857,0.981908,0.990196,0.981848
1.001642,0.99665,0.981848,1.008403
0.993443,0.991597,1.008403,1.001667
0.993399,1.008475,1.001667,1.018303
1.021595,1.008403,1.018303,0.993464
1.004878,1.013333,0.993464,1.011513
1.019417,1.004934,1.011513,1.004878
0.987302,0.978723,1.004878,1.014563
1.025723,1.021739,1.014563,0.974482
0.979624,0.98527,0.974482,0.993453
0.984,1.003322,0.993453,1.051071
1.037398,0.995033,1.051071,1.003135
1.034483,1.046589,1.003135,1.046875
1.040909,0.99682,1.046875,0.998507
1.010189,1.038278,0.998507,1.00299
0.978386,1.012289,1.00299,0.988077
0.985272,0.989378,0.988077,1.001508
0.998505,1.003067,1.001508,0.996988
1.002994,1.006116,0.996988,0.995468
1.010448,0.99696,0.995468,0.986343
0.974889,0.984756,0.986343,1.007692
1.001515,1.006192,1.007692,0.996947
1.016641,0.98,0.996947,1.024502
0.995536,1.014129,1.024502,0.994021
1.019432,1.006192,0.994021,0.935338
0.954545,0.927692,0.935338,0.974277
0.952381,0.953566,0.974277,0.975248
0.987097,1.022609,0.975248,1.021997
1.011438,0.989796,1.021997,1.0
0.988691,1.013746,1.0,0.932119
0.98366,0.947458,0.932119,1.015986
0.951827,0.958855,1.015986,1.02972
1.04014,1.063433,1.02972,0.96944
0.986577,0.996491,0.96944,0.998249
0.979592,0.982394,0.998249,0.977193
0.970486,0.978495,0.977193,1.008977
1.023256,1.021978,1.008977,0.983986
0.987762,0.985663,0.983986,1.003617
0.987611,0.981818,1.003617,1.028829
1.03405,1.024074,1.028829,0.998249
1.003466,1.028933,0.998249,1.015789
1.005181,0.994728,1.015789,1.043178
1.037801,1.017668,1.043178,0.985099
1.004967,1.019097,0.985099,0.996639
0.985173,0.998296,0.996639,0.98145
0.994983,0.989761,0.98145,0.991409
0.983193,0.991379,0.991409,1.015598
1.006838,1.003478,1.015598,1.008532
1.010187,1.0,1.008532,1.010152
1.008403,1.020797,1.010152,1.041876
1.041667,1.025467,1.041876,0.980707
0.984,1.001656,0.980707,1.008197
1.0,1.001653,1.008197,0.972358
0.995122,0.983498,0.972358,0.993311
0.973856,0.971477,0.993311,1.010101
1.015101,1.013817,1.010101,0.968333
0.98843,0.984668,0.968333,0.977625
0.976589,0.979239,0.977625,1.001761
0.981164,0.998233,1.001761,1.012302
1.008726,0.99823,1.012302,0.987847
1.010381,1.007092,0.987847,0.998243
0.974315,0.982394,0.998243,1.019366
1.02812,1.030466,1.019366,1.018998
1.020513,1.001739,1.018998,0.976271
0.974874,0.993056,0.976271,0.991319
0.998282,0.994755,0.991319,0.998249
0.986231,0.994728,0.998249,1.003509
1.008726,1.001767,1.003509,1.003497
0.99308,1.0,1.003497,0.998258
1.012195,1.003527,0.998258,1.012216
1.001721,1.012302,1.012216,0.97931
0.998282,0.986111,0.97931,0.992958
0.979346,0.966549,0.992958,0.994681
0.991213,1.010929,0.994681,0.99287
1.001773,1.0,0.99287,0.994614
0.99115,0.990991,0.994614,0.990975
0.985714,0.992727,0.990975,1.01275
1.007246,1.005495,1.01275,0.97482
0.994604,0.979964,0.97482,0.990775
0.985533,0.988848,0.990775,1.0
1.005505,1.005639,1.0,1.0
0.987226,0.996262,1.0,1.001862
1.001848,1.001876,1.001862,1.0
1.00369,1.003745,1.0,1.013011
1.005515,0.988806,1.013011,1.009174
1.007313,1.024528,1.009174,1.018182
1.038113,1.001842,1.018182,0.992857
0.991259,1.020221,0.992857,0.992806
0.985891,0.994595,0.992806,1.001812
0.992844,0.992754,1.001812,1.0
1.005405,1.007299,1.0,1.005425
1.003584,0.998188,1.005425,0.98741
0.994643,0.994555,0.98741,0.996357
0.991023,0.99635,0.996357,1.003656
0.998188,1.0,1.003656,1.009107
1.009074,0.998168,1.009107,0.987365
0.998201,1.00367,0.987365,1.02011
1.007207,0.996344,1.02011,1.003584
1.003578,1.016514,1.003584,0.992857
1.0,1.001805,0.992857,1.01259
1.008913,1.003604,1.01259,1.012433
1.008834,0.998205,1.012433,1.003509
1.014011,1.016187,1.003509,0.987762
0.994819,0.99115,0.987762,1.00708
0.993056,1.008929,1.00708,1.012302
1.008741,1.00354,1.012302,1.003472
1.001733,1.007055,1.003472,1.00346
1.00519,1.003503,1.00346,1.010345
1.010327,1.00349,1.010345,0.981229
0.996593,0.998261,0.981229,1.015652
1.0,1.001742,1.015652,0.996575
1.011966,1.005217,0.996575,0.996564
0.984797,0.99481,0.996564,0.991379
0.996569,0.994783,0.991379,1.008696
1.0,0.998252,1.008696,1.031034
1.032702,1.017513,1.031034,0.996656
1.015,1.013769,0.996656,1.001678
0.993432,1.005093,1.001678,0.99665
0.996694,1.0,0.99665,1.015126
1.011609,0.998311,1.015126,1.006623
1.014754,1.01692,1.006623,1.006579
0.993538,1.003328,1.006579,1.011438
1.011382,1.00995,1.011438,1.006462
1.012862,1.004926,1.006462,0.955056
0.988889,0.96732,0.955056,1.021849
0.977528,1.006757,1.021849,1.004934
1.014778,1.006711,1.004934,0.98527
0.990291,0.998333,0.98527,0.991694
0.988562,0.989983,0.991694,1.025126
1.016529,1.008432,1.025126,1.013072
1.00813,1.016722,1.013072,1.030645
1.059677,1.006579,1.030645,0.978091
0.969559,1.00817,0.978091,0.9952
0.987441,1.004862,0.9952,1.001608
0.992051,0.991935,1.001608,0.987159
0.998397,0.99187,0.987159,0.98374
0.993579,0.990164,0.98374,1.006612
0.98546,0.995033,1.006612,0.990148
0.998361,1.0,0.990148,1.016584
1.00821,0.998336,1.016584,1.017945
1.027687,1.021667,1.017945,0.998397
0.993661,1.013051,0.998397,1.006421
1.001595,1.0,1.006421,1.00319
1.007962,1.008052,1.00319,0.995231
1.00316,0.990415,0.995231,1.020767
1.006299,1.003226,1.020767,0.985915
0.995305,1.0,0.985915,0.992063
0.996855,1.004823,0.992063,1.0
0.992114,0.9968,1.0,1.0
1.011129,1.00321,1.0,1.0224
1.009434,0.9952,1.0224,1.00626
1.004673,1.016077,1.00626,0.970451
0.989147,0.97943,0.970451,1.0
0.984326,0.998384,1.0,0.991987
0.998408,0.998382,0.991987,0.980614
0.988836,0.983793,0.980614,1.009885
0.990323,0.995058,1.009885,0.982055
1.003257,0.995033,0.982055,0.983389
0.974026,0.980033,0.983389,0.981419
0.993333,0.983022,0.981419,1.012048
0.989933,1.003454,1.012048,0.935374
0.976271,0.939759,0.935374,1.010909
0.972222,1.005495,1.010909,0.998201
0.998214,0.992714,0.998201,0.998198
0.996422,1.012844,0.998198,1.019856
1.016158,0.998188,1.019856,0.99823
1.022968,1.00726,0.99823,0.978723
0.967185,0.994595,0.978723,1.012681
1.0,1.0,1.012681,1.0
1.0,1.003623,1.0,0.982111
1.0,0.98556,0.982111,0.996357
0.980357,0.990842,0.996357,1.010969
1.016393,1.007394,1.010969,0.996383
0.998208,1.007339,0.996383,0.987296
0.992819,0.990893,0.987296,1.007353
1.0,1.0,1.007353,1.014599
1.007233,1.007353,1.014599,0.992806
1.001795,1.005474,0.992806,1.001812
0.994624,0.998185,1.001812,1.003617
1.007207,1.0,1.003617,0.998198
0.996422,1.003636,0.998198,1.0
1.001795,1.001812,1.0,1.0
0.996416,0.98915,1.0,1.00722
1.005396,1.012797,1.00722,1.003584
1.008945,1.00361,1.003584,1.010714
1.005319,1.007194,1.010714,1.017668
1.017637,1.007143,1.017668,0.989583
0.994801,1.008865,0.989583,1.005263
1.012195,1.0,1.005263,0.984293
0.993115,0.991213,0.984293,1.008865
0.989601,1.0,1.008865,1.005272
1.005254,1.007092,1.005272,1.01049
1.013937,1.014085,1.01049,0.979239
0.979381,0.973958,0.979239,1.001767
1.003509,1.005348,1.001767,0.998236
0.994755,0.996454,0.998236,0.992933
0.994728,0.991103,0.992933,1.008897
1.007067,1.005386,1.008897,1.007055
1.015789,1.0125,1.007055,0.996497
0.993092,0.998236,0.996497,1.015817
1.008696,1.012367,1.015817,0.99827
1.0,1.0,0.99827,0.998267
0.996552,1.0,0.998267,1.005208
1.00173,1.00349,1.005208,0.996546
1.003454,0.996522,0.996546,0.982669
0.994836,0.986038,0.982669,1.007055
0.991349,1.00177,1.007055,0.989492
0.99651,0.9947,0.989492,1.00531
1.0,1.005329,1.00531,1.001761
0.998249,0.998233,1.001761,1.003515
1.007018,0.989381,1.003515,1.001751
1.003484,1.017889,1.001751,0.991259
0.996528,0.994728,0.991259,0.987654
1.001742,0.985866,0.987654,1.030357
1.005217,1.0,1.030357,0.987868
1.00346,1.017921,0.987868,0.998246
0.993103,0.996479,0.998246,1.010545
1.0,1.007067,1.010545,1.0
1.005208,0.992982,1.0,1.003478
0.996546,1.012367,1.003478,1.019064
1.020797,1.005236,1.019064,0.996599
1.006791,1.013889,0.996599,0.994881
0.989882,0.993151,0.994881,0.994854
0.994889,0.989655,0.994854,0.987931
0.984589,0.993031,0.987931,0.986038
1.0,0.991228,0.986038,0.971681
0.98087,0.966372,0.971681,1.001821
0.989362,1.0,1.001821,1.007273
0.998208,1.007326,1.007273,0.98917
1.001795,0.994545,0.98917,1.012774
0.994624,1.0,1.012774,0.996396
0.998198,1.001828,0.996396,1.007233
1.009025,1.010949,1.007233,1.023339
1.019678,0.987365,1.023339,0.996491
1.007018,1.02925,0.996491,1.1
1.08885,1.069272,1.1,0.9984
1.0848,1.033223,0.9984,0.969551
0.911504,0.969453,0.969551,1.009917
1.009709,1.001658,1.009917,0.991817
0.990385,0.995033,0.991817,1.0033
0.993528,0.980033,1.0033,1.004934
1.014658,1.03056,1.004934,1.003273
1.0,0.990115,1.003273,0.991843
0.979133,1.004992,0.991843,0.991776
1.001639,0.993377,0.991776,1.0
0.991817,0.993333,1.0,1.013267
1.021452,1.010067,1.013267,1.011457
1.0,1.011628,1.011457,1.029126
1.061389,1.013136,1.029126,0.987421
0.969559,1.011345,0.987421,0.996815
0.99529,0.998397,0.996815,0.996805
0.993691,0.993579,0.996805,0.995192
0.993651,1.0,0.995192,1.00161
1.0,0.998384,1.00161,1.022508
1.043131,1.012945,1.022508,1.034591
1.033691,1.0,1.034591,0.958967
0.951111,1.001597,0.958967,0.993661
0.982866,0.982456,0.993661,0.987241
1.007924,1.003247,0.987241,1.009693
0.987421,0.995146,1.009693,1.0032
1.006369,1.00813,1.0032,1.011164
1.012658,1.001613,1.011164,1.01735
1.020312,1.019324,1.01735,0.981395
0.983155,0.987362,0.981395,1.017378
1.010903,1.0064,1.017378,1.03882
1.043143,1.025437,1.03882,1.004484
1.022157,1.010853,1.004484,1.001488
0.982659,1.009202,1.001488,1.065379
1.066176,1.025836,1.065379,1.083682
1.088276,1.044444,1.083682,1.003861
1.021546,1.060993,1.003861,0.976923
0.972705,1.001337,0.976923,1.01706
1.01148,1.012016,1.01706,0.956129
0.977301,0.968338,0.956129,0.973009
0.954839,0.961853,0.973009,1.004161
0.983784,1.0,1.004161,0.973757
0.991758,0.988669,0.973757,1.060993
1.037396,1.002865,1.060993,0.975936
0.99466,1.024286,0.975936,1.008219
0.991946,0.990237,1.008219,1.040761
1.05954,1.023944,1.040761,1.003916
1.014049,1.020633,1.003916,1.024707
1.005038,1.018868,1.024707,0.977157
0.983709,1.006614,0.977157,1.08961
1.077707,0.998686,1.08961,1.0
1.049645,1.082895,1.0,0.978546
0.94482,0.984204,0.978546,1.021924
1.001192,0.985185,1.021924,0.98093
1.002381,1.016291,0.98093,0.989064
0.986936,0.958076,0.989064,1.023342
1.00722,1.033462,1.023342,0.985594
1.005974,1.012453,0.985594,0.980512
0.996437,0.98893,0.980512,0.981366
0.969011,0.958955,0.981366,1.041772
1.01353,1.022049,1.041772,1.001215
1.004854,1.031726,1.001215,0.956311
0.977053,0.95695,0.956311,0.953046
0.97157,0.955013,0.953046,0.976032
0.961832,0.971736,0.976032,0.994543
0.986772,1.004155,0.994543,0.998628
0.985255,0.987586,0.998628,0.989011
0.997279,1.0,0.989011,0.994444
0.987722,0.986034,0.994444,0.977654
0.991713,0.981586,0.977654,1.002857
0.994429,1.010101,1.002857,1.001425
0.988796,0.984286,1.001425,1.019915
1.031161,1.01016,1.019915,0.995816
0.989011,1.018678,0.995816,0.994398
0.993056,0.988717,0.994398,1.01831
1.013986,1.011412,1.01831,0.986169
0.994483,1.0,0.986169,1.002805
0.998613,1.005642,1.002805,1.047552
1.047222,1.007013,1.047552,1.010681
1.019894,1.027855,1.010681,1.001321
0.992198,1.00271,1.001321,1.007916
1.010485,1.016216,1.007916,0.98822
0.989624,0.994681,0.98822,1.01457
1.018349,1.0,1.01457,1.006527
0.997426,1.009358,1.006527,1.033722
1.03871,1.003974,1.033722,0.993726
0.990062,1.025066,0.993726,1.0
1.006274,1.0,1.0,0.974747
0.987531,0.98713,0.974747,1.002591
0.987374,0.997392,1.002591,1.005168
1.0,1.003922,1.005168,1.006427
