0.995609,0.991935,1.012242,0.969128
0.982987,0.987642,0.969128,0.981281
0.980769,0.971024,0.981281,1.001339
0.984641,0.997626,1.001339,0.989973
1.050448,1.004419,0.989973,1.016543
0.951343,0.975635,1.016543,0.956161
0.989704,0.992022,0.956161,1.01702
0.993289,1.001049,1.01702,1.008538
1.002027,1.009431,1.008538,0.982391
0.987862,0.993426,0.982391,1.002758
1.006826,1.009404,1.002758,0.975937
0.991525,0.971705,0.975937,1.021839
1.007179,1.007812,1.021839,1.002758
1.002376,0.997181,1.002758,0.998969
1.000339,1.014134,0.998969,0.976256
0.99086,0.982578,0.976256,0.974621
0.970277,0.976596,0.974621,0.988065
0.978521,0.987654,0.988065,0.990117
0.994243,0.988235,0.990117,0.996303
0.983713,0.985863,0.996303,0.990353
1.013613,1.006415,0.990353,1.031098
1.005808,0.996625,1.031098,0.996366
0.998917,1.025207,0.996366,0.977753
0.979046,0.978349,0.977753,0.99627
0.995203,0.996249,0.99627,1.006739
1.002966,1.003389,1.006739,1.018966
1.017006,1.013884,1.018966,1.001095
1.005816,1.010733,1.001095,1.024061
1.016625,1.008056,1.024061,0.986116
0.995379,1.002906,0.986116,0.968592
0.985714,0.941688,0.968592,1.009318
0.983696,1.014615,1.009318,1.003323
1.007735,1.019712,1.003323,0.993007
0.997442,1.0,0.993007,1.034099
1.029315,1.007063,1.034099,0.99319
0.996084,1.015135,0.99319,0.998556
0.995354,0.997455,0.998556,0.976509
0.997846,0.979949,0.976509,1.0
0.984167,1.00186,1.0,1.006662
0.998172,1.002599,1.006662,1.032721
1.03663,1.015185,1.032721,1.000712
1.001767,1.013499,1.000712,1.001779
1.0,1.00216,1.001779,0.987571
0.997531,0.998563,0.987571,0.986695
0.989392,0.976978,0.986695,1.006924
0.988563,1.002209,1.006924,1.02823
1.032176,1.011389,1.02823,0.990848
0.996147,1.019615,0.990848,1.00675
1.00211,0.999287,1.00675,0.990826
1.001754,0.997504,0.990826,0.992521
0.990193,0.993924,0.992521,0.994977
1.001061,0.990651,0.994977,0.9881
0.975972,0.985481,0.9881,1.007299
1.013034,1.001473,1.007299,1.037681
1.025733,1.020964,1.037681,1.003142
1.003484,1.023415,1.003142,0.991298
1.003125,0.99648,0.991298,1.014747
1.003808,1.006005,1.014747,1.002076
1.002759,1.010534,1.002076,0.992058
1.003439,0.993051,0.992058,1.009398
0.996916,1.0007,1.009398,0.976552
0.996906,0.979371,0.976552,1.011299
0.993103,1.001428,1.011299,0.981145
1.006944,0.989661,0.981145,1.041993
1.024138,1.012248,1.041993,0.994877
0.988889,1.025623,0.994877,1.001716
0.998298,1.000347,1.001716,0.984921
0.999318,0.995491,0.984921,0.956159
0.97372,0.954704,0.956159,1.004367
0.973361,0.981752,1.004367,1.00942
1.009363,1.013755,1.00942,0.974874
0.986443,0.975798,0.974874,0.998895
0.994213,1.007892,0.998895,0.985256
0.993088,0.991051,0.985256,0.988777
0.980952,0.96915,0.988777,0.987514
0.986184,1.004658,0.987514,1.001533
1.005301,1.004637,1.001533,1.01645
1.009416,0.996538,1.01645,0.98758
0.998507,1.009263,0.98758,0.991616
0.977205,0.951434,0.991616,0.957341
0.993117,0.997186,0.957341,0.995584
0.972661,0.976622,0.995584,1.020161
1.011481,1.022699,1.020161,0.961265
1.011742,0.954802,0.961265,1.022615
0.966344,1.01437,1.022615,1.029755
1.03763,1.036667,1.029755,0.991019
0.989198,1.012862,0.991019,0.944444
0.978939,0.943651,0.944444,1.027952
0.983267,1.000841,1.027952,1.002435
1.012966,1.012605,1.002435,0.97166
0.996,0.989627,0.97166,1.000833
0.967068,0.981132,1.000833,1.033306
1.035714,1.033333,1.033306,0.966559
0.989976,0.971878,0.966559,1.006253
0.991495,1.022128,1.006253,1.020298
1.013072,0.986678,1.020298,1.00406
1.008065,1.033755,1.00406,0.974929
0.992,0.979592,0.974929,1.009125
0.985887,0.997917,1.009125,0.992602
0.997546,0.99833,0.992602,1.009524
1.01681,1.007946,1.009524,1.0
1.0,1.0,1.0,0.97703
0.971774,0.977178,0.97703,0.981528
0.995021,0.989809,0.981528,1.038922
1.029191,0.978979,1.038922,0.980239
0.970421,1.034619,0.980239,1.00546
1.010856,1.012283,1.00546,1.0
1.001652,0.997908,1.0,1.002506
1.002474,1.001258,1.002506,1.050417
1.044838,1.007956,1.050417,1.001983
0.998425,1.034483,1.001983,1.001188
1.006703,0.995984,1.001188,0.982997
0.986291,0.988306,0.982997,1.009654
1.019063,1.004896,1.009654,1.004781
0.994544,1.004466,1.004781,0.958366
0.992947,0.97211,0.958366,1.021928
0.986582,0.994595,1.021928,1.0
0.9984,1.010033,1.0,1.025506
1.016026,1.014073,1.025506,0.990525
0.999606,1.001224,0.990525,1.007174
1.000789,1.013453,1.007174,0.998417
0.997635,1.000805,0.998417,0.990488
0.99921,1.003215,0.990488,0.986795
1.010281,0.972756,0.986795,0.954988
0.939335,0.934102,0.954988,0.978344
0.965833,1.005732,0.978344,0.990885
1.004314,0.990794,0.990885,0.979413
0.988832,0.984956,0.979413,0.998211
0.971329,0.989668,0.998211,1.027778
1.028175,1.001362,1.027778,1.01177
1.017834,1.034905,1.01177,0.993106
0.99359,1.007446,0.993106,1.018655
1.012473,0.996522,1.018655,0.999148
1.006372,1.016579,0.999148,0.997869
0.994512,0.992704,0.997869,1.000854
1.00382,1.003459,1.000854,1.022194
1.01649,1.003016,1.022194,1.0
1.008319,1.021478,1.0,0.99833
0.992987,0.996215,0.99833,1.013384
1.011217,1.00802,1.013384,0.983079
1.003698,0.99665,0.983079,1.00084
0.982399,0.988655,1.00084,0.996225
0.997917,1.001275,0.996225,1.010947
1.00334,0.999576,1.010947,0.997085
1.004578,1.007643,0.997085,0.97995
0.999586,0.986094,0.97995,1.001705
0.978036,0.991453,1.001705,0.986383
0.997034,0.998276,0.986383,1.004745
0.994475,0.992228,1.004745,1.024045
1.027778,1.004352,1.024045,1.005451
1.007484,1.029463,1.005451,0.994996
0.999587,1.001684,0.994996,1.01425
1.006606,1.00042,1.01425,0.994628
1.015587,1.00714,0.994628,0.994599
0.981422,0.994579,0.994599,0.99457
0.992593,0.989518,0.99457,0.9769
0.993367,0.984746,0.9769,0.967326
0.97621,0.962565,0.967326,0.996
0.962805,0.993295,0.996,1.008032
1.008881,1.010801,1.008032,0.987162
0.992077,0.990205,0.987162,1.004036
1.005768,1.0,1.004036,1.000893
1.005293,1.005845,1.000893,0.989737
0.986836,0.988824,0.989737,1.028404
1.016452,1.007233,1.028404,0.989917
1.000875,1.005386,0.989917,0.988928
0.987762,0.991071,0.988928,0.991939
0.990708,0.996847,0.991939,0.998194
0.99464,0.995029,0.998194,1.011307
1.01392,1.000454,1.011307,0.993739
1.003543,1.003177,0.993739,0.964896
0.980583,0.965158,0.964896,0.985075
0.969397,0.984529,0.985075,0.996686
0.986537,1.0,0.996686,1.0019
1.006118,0.998095,1.0019,1.003319
1.000468,1.006202,1.003319,1.003781
0.99439,1.000474,1.003781,0.984463
0.99953,0.9891,0.984463,0.999522
0.994826,0.999521,0.999522,1.030144
1.019858,0.997124,1.030144,1.042267
1.046824,1.051923,1.042267,1.045009
1.069531,1.028336,1.045009,0.992751
0.977226,1.023111,0.992751,1.01933
1.016949,1.008688,1.01933,1.024863
1.039167,1.03273,1.024863,1.05222
1.042502,1.003336,1.05222,1.026182
1.055769,1.078969,1.026182,1.015613
0.975592,1.001156,1.015613,1.045369
1.059746,1.023471,1.045369,0.997489
1.000352,1.014286,0.997489,0.973031
0.982388,1.001112,0.973031,1.01626
0.996773,0.971492,1.01626,0.977818
0.994245,1.013338,0.977818,0.971737
0.983357,0.979692,0.971737,0.988136
0.966887,0.982342,0.988136,0.981797
0.984779,0.986714,0.981797,1.037475
1.020866,1.007921,1.037475,0.977186
1.001136,1.001965,0.977186,0.997276
0.988658,0.992157,0.997276,1.019899
1.013384,1.020949,1.019899,1.026779
1.024528,1.022067,1.026779,1.0
0.994475,0.998106,1.0,0.967213
0.988519,0.97723,0.967213,0.98151
0.970026,0.986019,0.98151,1.007457
1.012746,0.999606,1.007457,0.94702
0.990084,0.956659,0.94702,0.994652
0.942989,0.978171,0.994652,0.947477
0.987745,0.962105,0.947477,1.005238
0.963606,0.996061,1.005238,1.01129
1.011159,1.01362,1.01129,0.998283
0.997453,0.974426,0.998283,0.986237
0.99234,1.014235,0.986237,0.974706
0.975557,0.975877,0.974706,1.016555
1.007912,1.002247,1.016555,1.016285
1.00785,1.011211,1.016285,0.989173
0.997404,1.004435,0.989173,1.00394
0.997831,1.004857,1.00394,0.972089
0.999565,0.963093,0.972089,0.993271
0.972597,1.002737,0.993271,1.01626
1.017442,1.015924,1.01626,1.015556
1.010989,1.006717,1.015556,1.014442
1.024348,1.007562,1.014442,1.007765
0.99618,1.00883,1.007765,0.97988
1.003409,1.0,0.97988,1.000874
0.999151,0.996937,1.000874,1.018769
0.99235,0.998683,1.018769,1.008569
1.008994,1.015824,1.008569,0.991079
1.008489,1.005193,0.991079,0.985426
0.984007,0.988808,0.985426,0.989561
0.986313,0.986504,0.989561,0.995165
0.990026,0.991174,0.995165,0.978799
0.996934,0.979519,0.978799,1.024819
1.002197,1.007273,1.024819,0.982387
0.999123,1.001354,0.982387,1.0
0.992541,0.998197,1.0,0.997311
0.992485,0.996388,0.997311,0.987865
1.024499,0.992297,0.987865,0.982712
0.963478,0.981735,0.982712,0.990741
0.982852,0.989767,0.990741,0.983178
0.985767,0.985432,0.983178,1.012357
0.993945,1.004292,1.012357,1.022066
1.02343,1.012346,1.022066,0.981626
0.992674,0.999062,0.981626,1.003276
0.994465,0.985915,1.003276,1.016325
1.027365,1.008571,1.016325,0.98715
0.988713,1.009443,0.98715,1.005114
0.991781,0.995323,1.005114,1.012951
1.010589,1.010808,1.012951,0.996804
1.002278,1.009763,0.996804,0.981677
0.988636,0.982505,0.981677,0.979001
0.983448,0.978913,0.979001,1.003337
0.987845,0.99617,1.003337,1.008076
1.006152,1.008169,1.008076,0.978794
0.998589,0.983317,0.978794,1.011555
1.004239,1.002424,1.011555,0.991433
0.991557,1.005803,0.991433,1.0024
0.996689,0.999038,1.0024,1.008142
1.002848,1.006737,1.008142,1.008551
1.007099,0.996654,1.008551,0.994348
0.996711,1.004317,0.994348,1.004263
1.0,1.00191,1.004263,0.996698
1.000471,1.00143,0.996698,0.994321
1.01131,0.999524,0.994321,1.013803
0.995806,0.996667,1.013803,1.003286
1.005615,1.012422,1.003286,1.038839
1.040484,1.009438,1.038839,0.991441
0.999106,1.025245,0.991441,1.000909
0.986571,0.99316,1.000909,0.994099
1.00726,1.001377,0.994099,0.989498
0.987838,0.992664,0.989498,1.005538
0.996808,0.993533,1.005538,0.97017
0.999543,0.980009,0.97017,0.998108
0.970252,0.995731,0.998108,1.00237
1.002358,1.000476,1.00237,1.007092
1.008471,1.000476,1.007092,1.003286
0.9986,1.004284,1.003286,1.008423
1.013084,1.009479,1.008423,1.001392
0.999539,1.001408,1.001392,1.006487
1.023535,1.012658,1.006487,1.013812
0.994139,1.002315,1.013812,1.014078
1.01678,1.018476,1.014078,0.993283
0.999108,0.998186,0.993283,0.996393
0.998661,1.001817,0.996393,0.979186
0.986142,0.980499,0.979186,0.991682
0.983228,0.990749,0.991682,0.99534
0.987552,0.989729,0.99534,0.979401
0.996732,0.976415,0.979401,1.008604
0.991569,1.013043,1.008604,0.9891
0.993387,0.993324,0.9891,1.002875
1.002853,1.003361,1.002875,1.002867
1.001422,1.0,1.002867,1.007146
1.002367,1.001435,1.007146,1.001892
1.003779,0.999044,1.001892,0.992446
0.997647,1.004304,0.992446,1.008563
1.003774,1.000476,1.008563,0.99717
1.005639,1.002856,0.99717,1.0
0.999065,0.996678,1.0,0.998108
0.994855,1.000952,0.998108,0.994787
0.996709,0.996194,0.994787,1.016198
1.006604,1.000955,1.016198,1.021566
1.024367,1.017653,1.021566,0.995411
0.998628,1.010314,0.995411,1.000461
0.998168,0.999072,1.000461,0.996313
1.011014,1.003251,0.996313,1.00185
0.990468,0.989352,1.00185,1.019852
1.014665,1.006083,1.019852,0.992304
1.007227,1.01814,0.992304,1.012318
0.997758,0.997716,1.012318,1.004056
1.017978,1.007326,1.004056,0.972172
0.975276,0.983182,0.972172,0.998615
0.986872,0.996301,0.998615,1.005548
1.005963,1.006032,1.005548,0.994023
0.996808,0.993542,0.994023,0.989362
0.992223,0.991179,0.989362,0.97382
0.97787,0.971429,0.97382,0.995199
0.98727,0.994214,0.995199,0.991799
1.00382,0.991271,0.991799,0.986868
0.982873,0.980431,0.986868,1.002957
0.985963,0.998004,1.002957,0.971007
0.995582,0.9855,0.971007,1.001012
0.977811,0.996956,1.001012,0.998483
0.997479,0.992875,0.998483,1.003544
1.003539,1.010764,1.003544,1.0111
1.010579,1.00355,1.0111,0.997006
1.000997,1.003032,0.997006,0.986486
0.991036,0.991436,0.986486,1.009132
1.0,0.996443,1.009132,0.988939
0.997487,1.00153,0.988939,1.009151
1.00806,0.996945,1.009151,1.004534
1.0,1.006129,1.004534,0.99348
0.9995,1.003046,0.99348,0.998486
0.994,0.998988,0.998486,0.966127
0.993461,0.966059,0.966127,0.999477
0.971646,0.997378,0.999477,0.990576
0.997394,0.993691,0.990576,0.999471
0.99791,0.998942,0.999471,1.003173
0.997906,1.0,1.003173,0.993674
1.0,0.990466,0.993674,1.014324
1.003673,1.004278,1.014324,0.996862
0.997386,1.009585,0.996862,0.983211
0.995283,0.979958,0.983211,1.0
1.0,1.0,1.0,1.002668
0.990521,1.005382,1.002668,1.002129
1.003721,0.999465,1.002129,0.98513
0.995763,0.991966,0.98513,1.003774
0.995745,0.99892,1.003774,0.995166
1.006944,0.988108,0.995166,1.010793
1.0,1.007659,1.010793,0.990924
0.997347,1.007058,0.990924,0.992996
0.984043,0.988679,0.992996,0.998372
1.003784,1.001091,0.998372,0.969565
0.97469,0.965686,0.969565,1.004484
0.994475,1.00564,1.004484,1.000558
1.002222,1.001683,1.000558,1.016174
1.012195,1.0,1.016174,1.030187
1.03943,1.013998,1.030187,0.998934
0.99157,1.027057,0.998934,0.992533
0.998937,0.996237,0.992533,0.986566
0.994681,0.990286,0.986566,1.021242
1.014973,1.00109,1.021242,0.993067
0.995785,1.002722,0.993067,1.026853
1.013228,1.015201,1.026853,0.99477
0.999478,1.01123,0.99477,1.001052
0.997388,0.993125,1.001052,0.992122
1.016239,1.005325,0.992122,0.998941
0.978866,0.994703,0.998941,0.991521
0.993681,0.990415,0.991521,0.978621
0.986222,0.983871,0.978621,1.010923
0.997313,1.000546,1.010923,1.001621
0.999461,1.006554,1.001621,1.002157
1.009704,1.0,1.002157,1.001076
0.999466,1.001085,1.001076,0.990323
0.992521,0.996206,0.990323,1.001629
1.001615,1.0,1.001629,0.991328
0.997313,0.990751,0.991328,1.00328
0.992457,1.003844,1.00328,0.974387
0.992942,0.977024,0.974387,1.004474
0.984144,1.00112,1.004474,0.989978
0.999444,0.993289,0.989978,0.988751
0.984436,0.974662,0.988751,1.007395
1.011858,1.006932,1.007395,1.000565
0.994978,1.010901,1.000565,0.987585
0.990466,0.985812,0.987585,0.998286
0.99547,0.997697,0.998286,1.000572
1.003413,1.006347,1.000572,0.971396
0.970522,0.972477,0.971396,0.95053
0.985981,0.93809,0.95053,0.993185
0.954384,0.976116,0.993185,0.993762
1.010552,1.022537,0.993762,1.011927
0.992629,0.986146,1.011927,1.004963
1.006188,1.02682,1.004963,1.02963
1.03198,1.004975,1.02963,0.982614
0.995828,1.011757,0.982614,1.004271
0.991622,1.0,1.004271,0.986634
1.004225,0.987768,0.986634,0.990148
0.971154,0.986378,0.990148,0.991915
1.003713,0.998745,0.991915,1.013793
0.997534,1.000629,1.013793,0.966605
0.991965,0.980528,0.966605,1.033269
1.006854,0.991672,1.033269,1.005573
1.01052,1.02907,1.005573,0.977217
0.985303,0.994978,0.977217,0.99937
1.00808,0.998107,0.99937,1.004414
0.98767,0.992415,1.004414,0.999372
1.006866,1.007006,0.999372,0.988693
0.986981,0.990512,0.988693,0.982846
0.979899,0.985951,0.982846,0.998061
0.997436,0.994171,0.998061,1.023964
1.017352,1.008469,1.023964,0.986085
1.00379,1.00646,0.986085,1.017319
1.015733,1.009628,1.017319,1.008197
0.998141,0.988557,1.008197,1.015635
1.00869,1.023151,1.015635,0.993227
1.006154,1.009428,0.993227,0.991321
0.994495,0.993151,0.991321,0.978737
0.976015,0.979937,0.978737,0.996166
0.994329,0.994882,0.996166,1.02694
1.017744,0.998714,1.02694,0.973766
1.0,1.001288,0.973766,0.994227
0.976961,0.983923,0.994227,0.961935
0.994901,0.971242,0.961935,1.00939
0.975657,1.009421,1.00939,0.996678
1.002626,0.996667,0.996678,0.995333
0.992141,0.995318,0.995333,0.987274
0.992079,0.988575,0.987274,1.013569
0.998004,1.004079,1.013569,1.026774
1.033333,1.025051,1.026774,1.041721
1.049032,1.005284,1.041721,1.005006
0.99508,1.045335,1.005006,1.0
1.0,1.0,1.0,0.998132
1.004944,1.002514,0.998132,0.960699
0.983395,0.963009,0.960699,0.984416
0.979362,0.984375,0.984416,0.976913
0.966794,0.975529,0.976913,1.007427
1.002642,1.00678,1.007427,1.041555
1.025033,1.004714,1.041555,1.012227
1.01928,1.02815,1.012227,1.007629
1.006936,1.011082,1.007629,1.015773
1.011271,1.014829,1.015773,1.012422
1.035294,1.02859,1.012422,1.025153
1.000598,0.999382,1.025153,1.023339
1.046025,1.019159,1.023339,1.024561
1.011429,1.017586,1.024561,1.02968
1.041808,1.038141,1.02968,1.011086
0.999458,1.025258,1.011086,0.976425
0.990233,0.993841,0.976425,0.993824
0.986301,0.988732,0.993824,1.027684
1.011111,1.003989,1.027684,0.968664
0.988462,0.99773,0.968664,0.985812
0.997221,0.983504,0.985812,1.052389
1.020067,1.011567,1.052389,1.004923
1.016393,1.036021,1.004923,0.962439
0.988172,0.95585,0.962439,0.986991
0.966812,1.000577,0.986991,0.973066
0.993247,0.975188,0.973066,1.017668
0.980737,0.991716,1.017668,1.019097
1.019642,1.017303,1.019097,0.980693
0.998867,1.01173,0.980693,1.033005
1.02042,0.993043,1.033005,0.9787
0.996665,1.004086,0.9787,0.986254
0.987172,1.0,0.986254,1.029617
1.00565,0.998256,1.029617,0.966159
0.992135,0.995923,0.966159,1.078809
1.066818,1.051462,1.078809,0.99513
0.989915,1.011123,0.99513,0.990212
0.996783,0.994499,0.990212,0.98078
0.990317,0.985066,0.98078,1.008399
0.988593,1.001123,1.008399,0.998334
0.993407,0.979809,0.998334,0.995551
0.994469,1.004579,0.995551,1.006704
1.006674,1.008547,1.006704,0.99667
1.002762,1.008475,0.99667,1.015033
1.009917,0.997199,1.015033,0.911135
0.989089,0.92191,0.911135,1.013847
0.943188,0.9805,1.013847,0.968527
0.97076,0.986948,0.968527,1.015328
1.01747,1.020151,1.015328,1.011473
1.008289,1.025926,1.011473,0.989254
0.991779,0.987365,0.989254,1.031986
1.036708,1.004266,1.031986,0.996491
0.987436,1.021238,0.996491,1.007629
1.017351,1.006536,1.007629,1.004077
0.984082,1.002361,1.004077,0.99768
0.999422,1.004711,0.99768,1.025581
1.021965,1.00762,1.025581,0.989796
1.012443,1.015125,0.989796,0.949599
0.97933,0.942693,0.949599,1.009047
0.958357,0.995745,1.009047,1.032875
1.029762,1.006105,1.032875,1.054977
1.054913,1.052791,1.054977,0.999451
1.013699,1.040346,0.999451,1.004391
0.996216,1.000554,1.004391,0.977596
0.99783,0.97619,0.977596,0.995528
0.986949,1.002836,0.995528,1.054464
1.035813,1.0,1.054464,0.982428
1.016489,1.039027,0.982428,1.02981
0.99686,1.002722,1.02981,1.017368
1.018373,1.030945,1.017368,0.977755
0.996392,0.994207,0.977755,0.993651
0.990171,0.98411,0.993651,0.976571
0.981191,0.974166,0.976571,1.039804
1.017039,1.006077,1.039804,1.012061
1.020942,1.024163,1.012061,0.980311
0.997436,1.008043,0.980311,0.977801
0.970694,0.969681,0.977801,1.04
1.024894,1.008228,1.04,0.991164
0.995866,1.026115,0.991164,0.992659
1.004152,0.99947,0.992659,0.98468
0.97261,0.972414,0.98468,0.986588
0.990967,0.991817,0.986588,1.007069
1.003217,1.008251,1.007069,0.986501
0.986104,0.992908,0.986501,1.017515
1.01355,1.010989,1.017515,1.002152
1.017112,1.009239,1.002152,1.015566
0.997897,0.990845,1.015566,1.004228
1.004742,1.017391,1.004228,1.002632
1.012061,1.009615,1.002632,1.009449
1.001554,0.999471,1.009449,0.99636
1.008277,1.013235,0.99636,1.00261
0.993843,0.99791,1.00261,0.972931
0.990707,0.968586,0.972931,0.994114
0.980719,0.998919,0.994114,1.013994
1.002125,1.003788,1.013994,0.97293
1.00106,0.985445,0.97293,0.965085
0.974576,0.956236,0.965085,0.989259
0.963043,0.994279,0.989259,1.013714
1.004515,1.005178,1.013714,0.997745
1.0,1.007441,0.997745,0.987006
0.997191,0.986932,0.987006,1.014883
1.000563,1.00403,1.014883,0.968979
1.006757,0.977638,0.968979,1.000582
0.965884,1.0,1.000582,1.004072
1.004053,1.00176,1.004072,0.988413
0.995386,0.983607,0.988413,0.985932
0.991889,0.999405,0.985932,1.001784
0.992991,0.993448,1.001784,1.002374
0.997647,1.001799,1.002374,0.994671
0.994104,1.0,0.994671,1.008929
1.00949,1.005984,1.008929,1.00885
1.008813,1.010708,1.00885,0.976023
0.995341,0.982343,0.976023,0.962852
0.974839,0.962253,0.962852,1.017424
0.996399,1.004359,1.017424,1.025076
1.018072,1.00124,1.025076,0.995823
1.000592,1.027245,0.995823,0.992211
0.994086,0.990356,0.992211,1.022947
1.009518,0.996348,1.022947,1.00059
1.011786,1.023213,1.00059,1.016519
1.006407,1.007761,1.016519,1.009867
1.010417,1.018957,1.009867,0.985632
0.996564,0.993605,0.985632,0.981341
0.985632,0.97952,0.981341,1.018419
1.004082,1.004182,1.018419,1.030922
1.037747,1.017252,1.030922,1.03622
1.025741,1.02924,1.03622,0.992354
1.024004,1.019886,0.992354,1.017061
1.005328,1.005571,1.017061,1.002165
0.993111,1.012742,1.002165,0.989201
0.998933,0.999453,0.989201,0.992904
0.983974,0.9896,0.992904,1.036284
1.02823,1.009403,1.036284,1.012732
1.011616,1.024658,1.012732,1.006286
1.004697,1.006417,1.006286,0.970328
0.995844,0.982997,0.970328,0.998391
0.976526,0.986486,0.998391,0.992477
0.990919,0.998356,0.992477,0.989713
0.997305,0.991218,0.989713,0.984683
0.989189,0.991141,0.984683,0.982222
0.993989,0.977654,0.982222,1.009615
0.981858,1.002857,1.009615,0.987115
0.99776,1.001709,0.987115,1.026674
1.022447,1.000569,1.026674,0.980652
0.986828,1.003411,0.980652,1.002255
0.998888,0.997734,1.002255,1.0
1.0,1.0,1.0,0.994938
1.010579,0.992618,0.994938,0.992651
0.98292,0.99714,0.992651,0.973235
0.988789,0.969019,0.973235,1.015214
0.985261,1.000592,1.015214,1.023055
1.032796,1.015976,1.023055,0.989859
0.994986,1.01689,0.989859,0.990894
0.988802,0.9937,0.990894,1.009765
1.002831,1.002882,1.009765,0.964164
0.981366,0.96954,0.964164,0.99174
0.984465,0.995851,0.99174,1.008923
0.996493,1.002381,1.008923,0.982311
1.008798,0.98753,0.982311,0.989196
0.977326,0.989176,0.989196,1.019417
1.002974,1.001824,1.019417,0.992857
1.004745,1.006068,0.992857,1.071942
1.05608,1.007841,1.071942,0.996085
1.013974,1.058049,0.996085,1.013476
1.003859,1.006787,1.013476,0.992798
0.999451,0.998315,0.992798,0.99442
0.993407,1.0,0.99442,1.007856
0.997235,1.002251,1.007856,0.979399
0.997227,0.966873,0.979399,0.974417
0.976085,0.988386,0.974417,1.023921
1.010256,0.999412,1.023921,1.003419
1.004512,1.03057,1.003419,1.000568
1.00393,0.997148,1.000568,1.038593
1.026286,1.002288,1.038593,1.004918
1.009264,1.031393,1.004918,1.012507
1.026458,1.011068,1.012507,0.995704
0.988953,1.007115,0.995704,1.018339
1.010638,0.991848,1.018339,0.994174
1.018947,1.00274,0.994174,0.990943
0.967975,1.002732,0.990943,1.002151
1.006937,1.000545,1.002151,1.015021
1.00265,1.007625,1.015021,0.974101
1.005285,0.985405,0.974101,1.018448
0.991062,1.00384,1.018448,0.986148
0.999469,1.005464,0.986148,1.02107
1.008493,1.000543,1.02107,1.002116
1.001579,1.009234,1.002116,1.055966
1.06989,1.013455,1.055966,0.994
0.992141,1.046203,0.994,0.981891
0.980198,0.984772,0.981891,1.015881
1.010101,1.000515,1.015881,0.993444
0.998,1.005152,0.993444,0.98934
0.993988,0.994362,0.98934,0.969728
0.987903,0.959794,0.969728,0.973016
0.970918,0.984425,0.973016,1.019576
1.001051,1.005456,1.019576,1.016533
1.007349,1.01465,1.016533,0.979538
0.997916,0.987166,0.979538,1.006427
0.981723,0.994583,1.006427,1.003725
1.007979,1.001089,1.003725,0.981442
0.991029,1.001632,0.981442,1.011885
0.999468,1.00163,1.011885,0.99733
0.998402,0.997831,0.99733,1.009636
1.016542,1.011413,1.009636,0.949099
0.986352,0.948952,0.949099,0.989385
0.957424,0.988109,0.989385,0.997741
0.992218,1.004011,0.997741,1.00283
0.996639,1.001712,1.00283,0.992099
0.996627,0.994302,0.992099,0.974972
0.980259,0.971347,0.974972,1.002917
0.999425,1.00767,1.002917,1.001163
0.99597,0.995316,1.001163,1.002324
1.001156,1.000588,1.002324,0.995942
1.001732,1.005291,0.995942,0.963912
0.992507,0.960234,0.963912,1.009662
0.981417,1.004872,1.009662,1.00299
1.009467,1.001818,1.00299,1.031604
1.034584,1.00121,1.031604,1.031214
1.016431,1.045317,1.031214,1.011211
1.027313,1.023121,1.011211,0.988359
0.982637,1.0,0.988359,1.005609
1.00497,0.99548,1.005609,1.003904
1.004396,1.00454,1.003904,1.05
1.047593,1.026554,1.05,1.0
0.994778,1.03082,1.0,0.974074
0.990551,0.979712,0.974074,0.998914
0.995231,0.997275,0.998914,1.005982
0.998403,1.003279,1.005982,1.008108
1.0096,1.008715,1.008108,0.967292
0.990491,0.964903,0.967292,1.006098
0.976,0.992166,1.006098,1.001653
1.001639,1.012408,1.001653,0.979648
0.987452,0.98663,0.979648,1.017967
1.009945,0.999435,1.017967,1.019305
1.021335,1.007345,1.019305,1.005411
1.012319,1.031969,1.005411,0.997309
0.987831,1.002717,0.997309,1.020507
1.02196,1.001084,1.020507,0.999471
1.001572,1.013535,0.999471,0.996825
0.998953,0.999466,0.996825,1.012208
1.010477,1.009621,1.012208,0.995281
0.991706,0.995765,0.995281,0.976291
0.987977,0.979266,0.976291,0.99946
0.998942,1.001629,0.99946,1.014579
0.998411,1.006504,1.014579,0.979776
1.0,0.990307,0.979776,0.960348
0.988859,0.957586,0.960348,1.005656
0.957618,0.973878,1.005656,1.007312
1.006162,1.030321,1.007312,1.011167
1.013363,1.0,1.011167,0.985643
1.004396,1.006225,0.985643,1.008964
0.988512,0.994938,1.008964,0.992227
1.001107,1.005653,0.992227,0.984891
0.987839,0.976953,0.984891,1.0
1.010073,1.00748,1.0,1.0
0.998892,1.002284,1.0,0.986364
0.978924,0.980057,0.986364,1.047811
1.035127,1.010465,1.047811,1.019241
1.01642,1.037399,1.019241,0.992449
1.0,1.008874,0.992449,1.000543
0.994615,0.986806,1.000543,0.996741
1.00379,1.0039,0.996741,0.986376
0.992449,1.000555,0.986376,0.99116
0.988043,0.99279,0.99116,0.990524
0.988449,0.982123,0.990524,0.99381
0.996105,0.996018,0.99381,1.011325
1.002235,1.00514,1.011325,1.007839
1.014493,1.005114,1.007839,0.965
0.990659,0.972301,0.965,0.994243
0.977815,0.976744,0.994243,0.988998
0.993193,1.011905,0.988998,1.012881
0.993147,1.001765,1.012881,0.998844
0.99655,1.002349,0.998844,1.024884
1.030006,1.009373,1.024884,1.001129
0.996639,1.009867,1.001129,0.987592
0.994941,1.002874,0.987592,0.995431
0.99096,0.990258,0.995431,0.988526
1.002281,0.990741,0.988526,1.024376
1.012514,1.001752,1.024376,1.008499
1.028652,1.023907,1.008499,1.014607
0.9929,1.009112,1.014607,1.026024
1.030253,1.01298,1.026024,0.995143
0.989322,1.015599,0.995143,1.005965
1.015111,1.005485,1.005965,1.007008
0.996279,1.008183,1.007008,0.997323
1.001601,1.000541,0.997323,1.006441
1.000533,1.004327,1.006441,0.989867
0.99787,0.995692,0.989867,1.053879
1.060832,1.005949,1.053879,1.014826
1.007545,1.050538,1.014826,0.98539
1.0,0.988229,0.98539,0.989775
0.977034,0.997929,0.989775,0.995868
1.0,0.987545,0.995868,0.997925
1.004599,1.006306,0.997925,1.004158
0.990336,0.993734,1.004158,1.024327
1.03133,0.999475,1.024327,1.010611
1.008466,1.036278,1.010611,0.994
1.004938,0.995434,0.994,1.017103
0.99656,1.009684,1.017103,1.058358
1.064596,1.022716,1.058358,1.009346
1.051413,1.060217,1.009346,1.014815
0.970925,0.98743,1.014815,0.968066
0.991379,0.985384,0.968066,0.987276
0.973455,1.0,0.987276,1.005728
1.004701,1.000957,1.005728,0.986236
0.994385,0.979924,0.986236,1.050048
1.035294,1.003415,1.050048,0.999083
1.0,1.04667,0.999083,0.970183
0.993182,0.966094,0.970183,0.970213
0.967963,0.971635,0.970213,0.999513
0.988652,0.993568,0.999513,0.996099
0.982305,1.00249,0.996099,1.007832
1.016553,1.001987,1.007832,1.009228
0.99569,1.006445,1.009228,0.989413
1.027898,1.002463,0.989413,0.968385
0.964904,0.968059,0.968385,1.016575
0.982056,0.993401,1.016575,0.986166
1.009877,1.006132,0.986166,1.021042
1.010758,1.015744,1.021042,1.011286
0.999032,1.015,1.011286,1.041727
1.048426,0.999015,1.041727,0.978109
1.016166,1.033037,0.978109,0.969524
0.946364,0.947971,0.969524,1.006385
0.993756,1.01712,1.006385,0.980966
0.985984,0.985149,0.980966,1.000995
0.989706,1.003015,1.000995,0.986083
1.002972,0.990982,0.986083,0.972782
0.978765,0.969161,0.972782,1.006218
0.981332,0.99687,1.006218,0.962925
0.987661,0.973836,0.962925,0.994652
0.978657,0.994089,0.994652,1.002151
1.001596,0.999459,1.002151,0.980687
0.998938,0.986479,0.980687,1.0093
0.986178,0.989583,1.0093,1.02439
1.022642,1.015512,1.02439,0.971429
0.988403,0.988543,0.971429,0.942266
0.977067,0.94702,0.942266,1.017341
0.962882,1.008159,1.017341,1.018182
1.01644,1.018497,1.018182,0.985491
0.997211,0.989784,0.985491,1.012458
1.005593,1.009748,1.012458,1.0
1.0,1.0,1.0,0.983221
0.987764,0.985236,0.983221,0.976109
0.985923,0.979827,0.976109,1.004662
0.986294,1.000588,1.004662,1.012761
1.028952,1.004703,1.012761,0.975945
0.981429,0.993563,0.975945,1.012324
0.994839,1.003534,1.012324,1.028986
1.02536,1.012324,1.028986,0.99493
1.005059,1.017971,0.99493,0.989241
0.991611,0.986902,0.989241,0.992559
0.992668,0.995384,0.992559,0.992503
0.986932,0.991884,0.992503,1.009297
1.009211,1.005845,1.009297,0.982729
0.98688,0.98373,0.982729,1.004687
1.0,1.010041,1.004687,1.001749
0.99711,0.997076,1.001749,0.998836
1.005797,1.000587,0.998836,1.015152
1.004611,1.003517,1.015152,0.984501
0.986804,0.992991,0.984501,1.018076
1.026163,1.008824,1.018076,1.005727
0.997167,1.009913,1.005727,0.994875
1.011932,1.008083,0.994875,0.989697
0.98484,0.989691,0.989697,0.985541
0.988597,0.984375,0.985541,1.0223
1.00519,0.993533,1.0223,0.992537
1.005164,1.016568,0.992537,1.008676
0.998858,0.998254,1.008676,1.013188
1.018286,1.01691,1.013188,0.974533
0.979237,0.981078,0.974533,0.981998
0.985673,0.987726,0.981998,1.008279
0.998256,0.994083,1.008279,0.982991
0.995923,0.997024,0.982991,1.0
0.992398,0.999403,1.0,1.004773
0.997643,1.0,1.004773,1.006532
1.014767,1.008363,1.006532,1.00295
0.993015,0.995261,1.00295,0.998235
0.997655,1.002976,0.998235,1.00825
1.008813,1.007122,1.00825,0.984804
0.998835,0.988214,0.984804,1.002967
0.988921,1.000596,1.002967,0.985207
0.99941,0.990465,0.985207,0.984985
0.984661,0.976534,0.984985,0.992073
0.986818,0.996303,0.992073,1.018439
1.007893,1.000618,1.018439,1.012674
1.015663,1.015451,1.012674,1.00298
1.00949,1.019477,1.00298,1.001783
0.9953,1.001791,1.001783,1.0
1.003542,0.995232,1.0,0.979834
0.991176,0.988024,0.979834,1.000605
0.988131,0.993333,1.000605,0.998185
1.000601,1.003051,0.998185,1.022424
1.013205,0.999392,1.022424,0.995258
1.004147,1.020085,0.995258,0.997022
0.99174,0.995823,0.997022,0.994026
1.004164,0.993409,0.994026,0.992788
0.986967,0.992762,0.992788,0.992131
0.994598,0.993317,0.992131,1.00122
0.995172,1.000612,1.00122,0.987812
0.994542,0.988998,0.987812,0.979642
0.991463,0.980222,0.979642,0.953401
0.97171,0.947037,0.953401,0.996037
0.963924,1.001997,0.996037,1.001326
1.00197,0.998671,1.001326,0.991391
0.99017,0.991351,0.991391,0.988644
0.987426,0.980537,0.988644,0.981081
0.988606,0.99384,0.981081,1.017218
1.013559,0.984848,1.017218,0.945159
0.983278,0.975524,0.945159,0.984241
0.959864,0.932616,0.984241,0.97671
0.975195,1.016141,0.97671,1.000745
0.993459,1.007564,1.000745,1.01936
1.014631,1.000751,1.01936,0.993426
0.987022,1.005251,0.993426,1.001471
0.99927,1.0,1.001471,0.989721
0.99269,1.001493,0.989721,1.002226
1.009573,0.994039,1.002226,1.00148
0.994165,1.007496,1.00148,0.95935
0.983125,0.964286,0.95935,1.001541
0.973881,0.999228,1.001541,1.023077
1.022989,0.997683,1.023077,1.064662
1.086142,1.031734,1.064662,0.966102
0.971724,1.025506,0.966102,1.008041
1.004258,0.999268,1.008041,0.997825
0.978799,0.986823,0.997825,0.984012
1.000722,1.002226,0.984012,0.982275
0.976912,0.981495,0.982275,0.980451
0.98966,0.981146,0.980451,1.003067
0.979104,0.990776,1.003067,1.020642
1.026677,1.013189,1.020642,0.983521
0.989607,0.99464,0.983521,1.006093
1.00075,1.004619,1.006093,0.993944
0.991004,1.0,0.993944,0.983244
0.987897,0.986973,0.983244,1.010844
1.018377,1.005435,1.010844,1.016092
1.015038,1.016216,1.016092,1.012821
1.0,1.007599,1.012821,0.991809
1.004444,1.001508,0.991809,1.017267
1.0,0.997741,1.017267,0.997786
1.003687,1.007547,0.997786,0.991124
0.99853,1.002996,0.991124,1.0
1.000736,0.997013,1.0,0.999254
0.999265,0.998502,0.999254,1.035848
1.022811,1.009002,1.035848,1.002884
1.002878,1.022305,1.002884,1.001438
1.015065,1.007273,1.001438,0.991385
0.989399,0.99639,0.991385,0.996379
1.07,0.983333,0.996379,1.002907
0.927236,0.996315,1.002907,0.987681
1.00144,1.001479,0.987681,0.999266
0.988497,0.99483,0.999266,0.99486
0.998545,1.003712,0.99486,0.990406
0.993445,0.984467,0.990406,1.016393
1.000733,1.008264,1.016393,1.000733
1.003663,1.010432,1.000733,0.998535
0.99781,0.992625,0.998535,1.002201
1.007315,1.006686,1.002201,1.014641
1.02687,1.005904,1.014641,0.997835
0.990099,1.007337,0.997835,1.016631
1.005714,1.007283,1.016631,0.993599
0.997869,1.007231,0.993599,0.995705
1.0,0.997846,0.995705,1.005032
1.002847,0.997122,1.005032,1.04578
1.05181,1.007937,1.04578,1.010944
1.002024,1.040802,1.010944,1.00203
1.032997,1.017194,1.00203,1.013504
0.995437,0.997972,1.013504,0.98068
0.995416,0.99729,0.98068,1.001359
0.985526,0.993886,1.001359,0.981004
0.99466,0.987013,0.981004,0.98686
0.973154,0.976454,0.98686,1.00911
0.996552,1.010638,1.00911,0.982639
0.995156,0.989474,0.982639,0.99576
0.991655,0.993617,0.99576,0.980128
0.985975,0.983583,0.980128,1.001448
0.987198,0.997097,1.001448,0.998554
1.005764,1.000728,0.998554,1.010862
1.001433,0.994909,1.010862,1.002149
1.005007,1.013889,1.002149,0.977127
0.998577,0.984859,0.977127,1.019751
0.994298,1.00366,1.019751,1.007174
1.017921,1.009482,1.007174,0.997863
1.001408,1.007948,0.997863,0.980728
0.983826,0.967742,0.980728,0.997089
0.992137,1.012593,0.997089,1.00438
1.003602,0.998537,1.00438,1.013081
1.003589,0.997802,1.013081,0.98924
0.995708,1.007342,0.98924,0.996374
1.008621,0.998542,0.996374,0.982533
0.978632,0.983212,0.982533,0.994815
0.992722,0.986637,0.994815,1.00968
1.002199,1.015049,1.00968,1.021386
1.02853,1.002965,1.021386,1.010108
0.996444,1.012565,1.010108,1.002144
1.012848,1.008759,1.002144,1.012839
1.009161,1.013748,1.012839,0.992958
1.003492,1.000714,0.992958,0.992908
0.979819,0.981455,0.992908,0.985
0.997159,1.000727,0.985,0.997825
0.991453,0.986928,0.997825,0.994186
0.994971,1.0,0.994186,1.005117
0.999278,1.001472,1.005117,1.023273
1.017341,1.013226,1.023273,0.975835
0.993608,0.994924,0.975835,1.000728
0.989993,0.998542,1.000728,1.022562
1.032491,1.00292,1.022562,1.1
1.081119,1.028384,1.1,1.016818
1.032342,1.092711,1.016818,1.003181
0.999373,1.003238,1.003181,0.976538
0.984326,0.980633,0.976538,0.998701
1.006369,1.009875,0.998701,1.001951
1.006962,0.987614,1.001951,1.003894
0.97863,1.010561,1.003894,1.019392
1.021195,1.000653,1.019392,1.002536
1.013836,1.020888,1.002536,0.994307
0.985112,1.000639,0.994307,1.041349
1.036524,0.99361,1.041349,0.991448
0.99757,1.025723,0.991448,1.011707
1.01827,1.009404,1.011707,0.996955
0.988038,1.012422,0.996955,0.993891
0.997579,0.979141,0.993891,1.011678
1.019417,1.017544,1.011678,0.990279
0.983929,1.001232,0.990279,0.960736
0.981851,0.95203,0.960736,0.984674
0.96488,0.98385,0.984674,1.007782
0.998084,0.994747,1.007782,0.977477
0.996161,1.00198,0.977477,0.994733
0.982017,0.982872,0.994733,1.001324
0.992806,1.008043,1.001324,0.989425
1.007905,0.988697,0.989425,0.969272
0.980392,0.96503,0.969272,1.013094
0.988667,1.0,1.013094,1.003401
1.004046,1.020209,1.003401,1.013559
1.008731,1.002049,1.013559,0.989967
0.997337,1.002727,0.989967,1.026351
1.020694,0.99932,1.026351,0.986175
0.998038,1.016327,0.986175,1.010013
0.999345,0.995315,1.010013,0.988764
0.99082,1.002017,0.988764,0.97393
0.98544,0.975168,0.97393,1.014413
0.993956,0.983482,1.014413,0.997294
0.997297,1.013996,0.997294,0.996608
1.012195,1.004831,0.996608,0.974132
0.98996,0.982143,0.974132,0.999301
0.978364,0.994406,0.999301,0.990909
0.999309,0.987342,0.990909,1.00494
0.99101,1.002849,1.00494,1.001404
0.996511,1.00071,1.001404,1.009818
1.02591,1.008517,1.009818,1.013889
0.999317,0.995074,1.013889,0.973973
0.991803,1.00495,0.973973,1.005626
0.998623,1.001407,1.005626,1.023776
1.010345,0.998595,1.023776,0.99112
0.999317,1.015482,0.99112,0.988973
0.993852,0.990991,0.988973,0.958885
0.97732,0.958741,0.958885,1.00436
0.980309,1.001459,1.00436,1.005065
1.002869,1.00874,1.005065,0.987761
0.990701,0.981949,0.987761,0.989067
0.981227,0.983824,0.989067,1.020634
1.021339,1.014948,1.020634,1.013718
1.021614,1.013255,1.013718,0.997863
0.997179,1.010174,0.997863,1.000714
0.998586,0.997842,1.000714,1.00214
0.997875,1.005768,1.00214,1.031317
1.039744,1.015771,1.031317,0.973085
0.987713,0.989414,0.973085,1.024823
1.011057,1.00214,1.024823,0.982699
1.0,1.008541,0.982699,0.997183
0.980178,0.995766,0.997183,0.982345
0.984658,0.970943,0.982345,0.983465
0.990085,0.994891,0.983465,1.005117
0.98927,0.998533,1.005117,1.008
1.008677,1.002204,1.008,0.999278
1.005735,0.997067,0.999278,1.004332
0.99216,1.003676,1.004332,1.007908
1.009339,1.008791,1.007908,0.977175
1.002847,0.993464,0.977175,1.013869
0.991483,0.991228,1.013869,0.979842
0.996421,1.000737,0.979842,0.963262
0.969109,0.960943,0.963262,0.996949
0.973314,0.996933,0.996949,1.005356
1.005331,1.002308,1.005356,1.003044
1.012121,1.00614,1.003044,0.993171
0.984281,0.993898,0.993171,1.022918
1.019011,1.005372,1.022918,0.997013
1.0,1.01145,0.997013,0.987266
0.997015,0.986415,0.987266,0.994689
0.997754,1.002295,0.994689,1.02746
1.012753,0.996183,1.02746,1.013363
1.020741,1.030651,1.013363,0.996337
1.001451,1.005204,0.996337,0.994853
0.99058,0.99926,0.994853,0.992609
0.995611,0.985936,0.992609,1.002234
0.994857,1.000751,1.002234,0.997771
1.002216,1.003751,0.997771,1.003723
0.997789,0.999253,1.003723,1.019288
1.01551,1.005236,1.019288,1.000728
1.008,1.014881,1.000728,1.003636
1.003608,0.998534,1.003636,1.026087
1.028037,1.008811,1.026087,0.993644
0.990909,1.020378,0.993644,1.052594
1.076923,0.997147,1.052594,0.995273
0.988204,1.043634,0.995273,0.987788
0.984085,0.989719,0.987788,0.978022
0.977089,0.980609,0.978022,1.001404
0.995862,1.002825,1.001404,0.993689
0.995845,0.99507,0.993689,1.000706
0.993046,0.990092,1.000706,0.984485
1.004902,0.994996,0.984485,1.00788
0.981185,0.997845,1.00788,0.991471
0.99858,0.99712,0.991471,0.997133
0.998578,1.0,0.997133,0.994249
0.995014,0.997112,0.994249,0.9718
0.977094,0.957277,0.9718,1.00372
0.993407,1.01059,1.00372,1.008895
1.0059,1.00524,1.008895,0.994857
1.009531,0.998511,0.994857,0.997784
0.993464,1.002237,0.997784,0.99926
0.989035,0.997768,0.99926,0.996296
1.014043,1.000746,0.996296,1.004461
0.988338,0.999255,1.004461,1.025167
1.022861,1.009694,1.025167,0.989892
1.0,1.008863,0.989892,1.005835
1.005047,1.000732,1.005835,0.994199
0.994978,1.002195,0.994199,0.996353
0.994232,0.987591,0.996353,0.98243
0.989123,0.986696,0.98243,1.009687
0.994135,1.009738,1.009687,1.008856
1.008112,0.995549,1.008856,1.001463
1.015362,1.014158,1.001463,1.008035
0.995677,1.007348,1.008035,0.999275
1.008683,1.0,0.999275,0.997825
0.994978,1.002918,0.997825,1.014535
1.008652,0.985455,1.014535,1.005731
1.007863,1.02583,1.005731,0.997151
1.002837,1.0,0.997151,1.001429
0.999293,1.004317,1.001429,0.990014
0.993631,0.988539,0.990014,1.023775
1.014245,0.998551,1.023775,0.997889
1.003511,1.024673,0.997889,1.007052
1.014696,0.998584,1.007052,1.012605
1.003448,1.008511,1.012605,0.995159
0.995876,1.010549,0.995159,0.993051
0.993789,0.987474,0.993051,1.011896
1.009028,1.002114,1.011896,1.006224
1.004129,1.012658,1.006224,0.979381
0.996573,0.986111,0.979381,0.987368
0.984182,0.915493,0.987368,0.986496
0.988819,1.065385,0.986496,1.012248
0.99788,1.002166,1.012248,0.985765
1.002125,0.995677,0.985765,1.00361
0.986572,1.000724,1.00361,0.971942
0.980659,0.974693,0.971942,1.006662
1.0,1.002226,1.006662,0.991912
0.994156,0.995559,0.991912,1.008895
1.007348,1.005948,1.008895,1.000735
0.997812,1.003695,1.000735,1.003671
1.000731,0.999264,1.003671,1.000732
1.005113,1.004422,1.000732,1.005848
1.007994,1.004402,1.005848,1.010174
1.005768,1.001461,1.010174,0.998561
1.0,1.005835,0.998561,0.987752
1.003584,0.992748,0.987752,0.996353
0.986429,0.986852,0.996353,1.000732
0.992759,1.007402,1.000732,1.012436
1.010941,0.997796,1.012436,0.998555
1.0,1.009573,0.998555,0.997106
0.998557,1.002188,0.997106,0.992017
0.995665,0.989083,0.992017,1.0
0.998549,1.000736,1.0,1.002195
1.001453,1.003676,1.002195,1.013869
1.01016,0.998535,1.013869,1.015119
1.019397,1.017608,1.015119,1.01844
1.014799,1.01442,1.01844,1.003482
1.002778,1.00924,1.003482,1.02984
1.033241,1.017606,1.02984,1.007412
1.006702,1.015917,1.007412,1.000669
1.009987,1.010218,1.000669,1.012701
0.998682,1.00472,1.012701,0.994719
1.009901,1.008725,0.994719,1.032515
1.022222,0.997339,1.032515,0.987789
0.995524,1.016011,0.987789,0.988289
0.982659,0.984242,0.988289,0.985517
0.993464,0.996664,0.985517,0.99666
0.989474,0.994645,0.99666,1.024799
1.021941,1.008748,1.024799,0.990844
0.993494,1.006671,0.990844,1.013201
1.005894,0.994036,1.013201,0.979153
1.014323,0.998667,0.979153,1.019295
0.98973,1.004673,1.019295,1.003264
1.0,1.01196,1.003264,0.997398
0.999351,1.0,0.997398,0.989563
0.993511,0.992777,0.989563,0.989453
0.992162,0.98545,0.989453,1.001332
0.997367,0.999329,1.001332,0.992681
0.99538,0.999328,0.992681,0.989946
0.990716,0.990591,0.989946,1.001354
0.995315,1.0,1.001354,1.004733
1.010087,1.006106,1.004733,1.006729
0.998003,0.998651,1.006729,1.005348
1.005337,1.006752,1.005348,1.007979
1.007299,1.001341,1.007979,1.014512
1.017128,1.014066,1.014512,1.03446
1.031736,1.011229,1.03446,0.999371
1.010672,1.02482,0.999371,0.999371
1.01118,1.010198,0.999371,0.989931
0.972359,0.984227,0.989931,0.989193
1.010739,0.995513,0.989193,1.008355
0.985625,0.99678,1.008355,0.991714
0.994927,1.001292,0.991714,0.982648
0.999363,0.981935,0.982648,1.00654
0.987883,1.004599,1.00654,1.001949
1.001291,0.999346,1.001949,1.009079
1.005803,1.00589,1.009079,0.975578
0.99359,0.97918,0.975578,1.005929
0.987742,1.004651,1.005929,1.022266
1.020248,1.002646,1.022266,1.000641
1.007682,1.025726,1.000641,1.008963
1.012071,0.996785,1.008963,0.991751
0.99435,1.000645,0.991751,0.994882
0.989899,0.998711,0.994882,1.002572
0.994898,0.997418,1.002572,1.007056
1.009615,1.00712,1.007056,0.988535
0.993651,0.992931,0.988535,0.979381
0.988498,0.980583,0.979381,1.0
0.994182,1.00132,1.0,1.015789
1.009753,1.001978,1.015789,0.996762
1.00322,1.005921,0.996762,0.992853
0.992298,0.988882,0.992853,1.000654
0.99806,1.007937,1.000654,0.992806
0.995463,0.994751,0.992806,1.005929
1.014323,0.992084,1.005929,0.990177
0.990372,1.004654,0.990177,1.010582
0.996111,0.995367,1.010582,0.971204
0.984385,0.981383,0.971204,1.013477
0.996034,1.00271,1.013477,1.025931
1.025216,1.016892,1.025931,1.0
1.003236,1.01196,1.0,1.04731
1.047097,1.017728,1.04731,0.987005
0.995071,1.02,0.987005,0.993103
0.985759,0.996205,0.993103,1.003157
1.005025,1.00127,1.003157,0.993077
0.999375,0.98922,0.993077,1.006971
1.020638,1.009615,1.006971,1.040277
1.014706,1.023492,1.040277,1.005445
1.031401,1.013027,1.005445,1.009627
0.984778,1.003062,1.009627,1.013707
1.053508,1.031746,1.013707,0.998236
0.968397,0.982249,0.998236,0.972909
1.026807,0.991566,0.972909,0.983051
0.943246,0.981166,0.983051,0.995074
0.984356,0.996904,0.995074,1.031559
1.044621,1.004348,1.031559,1.032993
1.018139,1.01979,1.032993,1.08072
1.077011,1.078229,1.08072,1.015583
1.021878,1.032058,1.015583,1.098413
1.08564,1.022343,1.098413,1.058767
1.070226,1.1,1.058767,1.028207
1.034157,1.022967,1.028207,0.964159
1.012603,1.008419,0.964159,1.081689
1.028755,0.993043,1.081689,0.982181
1.027117,1.041569,0.982181,1.097192
1.033306,1.008969,1.097192,1.016535
1.053459,1.088889,1.016535,1.056545
1.036194,0.995918,1.056545,0.9
1.009723,1.006148,0.9,0.983707
0.900499,0.908758,0.983707,0.943685
0.946535,1.012102,0.943685,1.016674
1.000837,1.013286,1.016674,1.007337
0.983278,0.978584,1.007337,1.074979
1.071429,1.030817,1.074979,1.012356
1.031746,1.054593,1.012356,1.005906
1.013846,1.017256,1.005906,0.979256
0.982549,0.969709,0.979256,1.021583
1.037838,1.037484,1.021583,1.050078
1.046131,0.993978,1.050078,0.944113
0.973329,1.000808,0.944113,1.099842
1.018268,1.016142,1.099842,1.1
1.1,1.1,1.1,1.1
1.1,1.1,1.1,1.008894
1.017195,1.029458,1.008894,1.003526
1.005829,1.009231,1.003526,0.998243
1.042886,1.015244,0.998243,0.950425
0.929147,0.931532,0.950425,1.02037
1.023325,1.03256,1.02037,0.967332
0.992694,0.985638,0.967332,1.059412
1.03562,0.999366,1.059412,1.027745
0.992894,1.029794,1.027745,0.979035
1.000573,1.030163,0.979035,0.965972
0.979971,0.959068,0.965972,1.098998
1.057518,1.021807,1.098998,1.016855
1.063501,1.082622,1.016855,0.9
0.9,0.932695,0.9,1.038647
0.998553,0.975845,1.038647,1.1
1.096812,1.073639,1.1,1.036734
1.061575,1.1,1.036734,1.025746
1.051282,1.004447,1.025746,0.984344
0.954298,1.007813,0.984344,1.025751
1.025558,0.976486,1.025751,0.957421
0.96782,1.024874,0.957421,0.976864
0.95875,0.956623,0.976864,0.949474
1.003911,0.973009,0.949474,0.933481
0.909351,0.923717,0.933481,1.090261
1.058269,1.011111,1.090261,0.982843
1.022402,1.060291,0.982843,0.976448
1.000528,0.985434,0.976448,0.988082
0.936675,0.958499,0.988082,1.059161
1.056338,1.017794,1.059161,1.011388
0.999467,1.060023,1.011388,1.027882
1.032551,1.007697,1.027882,1.010955
1.016279,1.020458,1.010955,0.983746
1.002543,1.012029,0.983746,0.995017
0.97895,0.984945,0.995017,1.01107
1.012176,1.015822,1.01107,0.955422
0.966982,0.963569,0.955422,1.033561
1.014823,0.967123,1.033561,0.988912
0.997392,1.055807,0.988912,0.994127
0.997385,0.97934,0.994127,0.95623
0.964866,0.970137,0.95623,1.001123
0.98125,0.992657,1.001123,0.984853
0.9928,0.987198,0.984853,0.994588
0.997211,1.002882,0.994588,1.029496
1.013147,0.967529,1.029496,0.977469
0.988128,1.036828,0.977469,1.011383
1.022632,1.010026,1.011383,1.044457
1.02459,1.012479,1.044457,0.987877
1.013333,1.019048,0.987877,1.029997
1.0,1.00055,1.029997,0.993116
0.996316,1.019231,0.993116,1.012797
1.006339,1.006469,1.012797,0.972098
0.991864,0.985538,0.972098,1.021663
1.032548,0.992391,1.021663,1.019083
0.996412,1.021358,1.019083,0.974772
0.989712,0.990885,0.974772,0.967449
0.973493,0.974297,0.967449,1.00524
0.999466,0.984449,1.00524,0.995062
0.985577,1.009873,0.995062,1.02702
1.013008,1.004469,1.02702,0.994631
1.036918,1.02614,0.994631,1.020243
0.990712,1.01626,1.020243,0.993651
0.996615,0.986667,0.993651,1.001331
0.992684,1.002162,1.001331,1.039085
1.030534,1.009978,1.039085,1.042989
1.072797,1.028304,1.042989,0.977674
1.011905,1.030901,0.977674,1.033626
0.979294,0.996222,1.033626,0.993445
1.006487,1.013401,0.993445,0.965787
0.973025,0.970309,0.965787,0.975202
0.986752,0.989972,0.975202,1.030618
0.989309,0.981818,1.030618,0.993202
1.024629,1.030423,0.993202,0.950063
0.963944,0.957638,0.950063,1.030416
0.983461,0.992493,1.030416,1.035733
1.039069,1.038628,1.035733,0.9765
0.999004,1.005202,0.9765,0.967486
0.960867,0.957568,0.967486,1.016142
0.998444,1.017293,1.016142,1.03099
1.038452,0.993891,1.03099,0.976257
0.987991,1.015767,0.976257,0.984735
0.994429,0.999737,0.984735,1.040988
1.013242,0.984211,1.040988,0.975013
1.007791,1.029412,0.975013,1.060316
1.059601,1.005714,1.060316,0.939941
0.951989,0.990961,0.939941,0.995844
0.969098,0.981757,0.995844,1.024778
1.022959,1.002124,1.024778,0.995928
0.995012,1.018543,0.995928,0.981855
0.991228,0.997399,0.981855,0.999219
0.99115,0.992438,0.999219,0.961969
0.977041,0.966894,0.961969,0.963986
0.950392,0.964674,0.963986,1.036236
1.03022,0.993803,1.036236,0.991868
0.992,1.024943,0.991868,1.002186
0.997312,1.003319,1.002186,1.026452
1.018059,1.014884,1.026452,1.030553
1.028594,1.022271,1.030553,0.998453
1.0139,1.008236,0.998453,0.987865
0.989845,1.00527,0.987865,0.933873
0.984611,0.930537,0.933873,0.986846
0.94087,0.982535,0.986846,1.033466
1.020487,1.004014,1.033466,0.990944
0.98752,1.018846,0.990944,1.005539
1.01044,1.004765,1.005539,1.017351
1.023926,0.984658,1.017351,0.990796
0.998407,1.02153,0.990796,1.051366
1.033777,1.00721,1.051366,0.982588
0.996398,1.030011,0.982588,0.993124
0.981668,0.999198,0.993124,1.00506
1.006312,0.984484,1.00506,0.976683
0.984318,0.997283,0.976683,0.966359
0.990441,0.967302,0.966359,0.979787
0.965147,0.972113,0.979787,1.004871
0.980556,0.997972,1.004871,0.953236
0.987252,0.955285,0.953236,0.927909
0.960689,0.933131,0.927909,1.047711
0.972521,1.0,1.047711,1.000923
1.003993,1.03355,1.000923,0.953581
1.0,0.973211,0.953581,0.927144
0.96115,0.904145,0.927144,1.006954
0.956715,0.930516,1.006954,1.081492
1.057884,1.1,1.081492,0.947318
0.980503,1.017014,0.947318,0.950455
0.971456,0.919768,0.950455,0.989716
0.983493,0.969562,0.989716,1.099964
1.030547,1.1,1.099964,1.1
1.1,1.022649,1.1,1.015694
1.037311,1.023154,1.015694,1.037901
1.053383,1.059364,1.037901,1.013483
1.033062,1.04582,1.013483,0.944845
0.946747,1.006513,0.944845,0.973893
0.941535,0.947059,0.973893,1.015964
1.000294,1.009627,1.015964,0.971835
0.997352,0.994463,0.971835,1.006101
0.986726,0.994742,1.006101,1.001213
1.00867,1.005597,1.001213,0.980618
0.977178,0.99598,0.980618,0.97097
0.980588,0.975473,0.97097,1.020356
1.008351,1.002228,1.020356,0.967893
0.981595,0.984757,0.967893,0.900161
0.9625,0.901322,0.900161,0.995707
0.950974,0.972093,0.995707,1.019763
0.976101,1.013618,1.019763,0.986258
1.026233,1.013435,0.986258,1.008932
0.969666,0.982802,1.008932,1.026204
1.021441,1.009843,1.026204,1.007937
1.012732,1.028881,1.007937,0.96508
0.987428,0.98807,0.96508,0.989003
0.98073,0.98544,0.989003,1.011119
1.003509,1.010811,1.011119,1.038666
1.031469,0.995009,1.038666,0.983265
0.993559,1.028664,0.983265,0.975339
0.977823,0.977011,0.975339,1.008547
0.997558,0.995365,1.008547,0.991879
0.993005,0.999284,0.991879,0.96618
0.982388,0.960932,0.96618,0.960206
0.997849,0.968295,0.960206,1.000767
0.951851,0.950693,1.000767,0.961656
0.981502,1.013371,0.961656,0.9374
0.972692,0.938025,0.9374,0.937048
0.964413,0.901961,0.937048,0.969133
0.97089,0.969282,0.969133,1.028103
0.965794,1.023891,1.028103,1.1
1.055969,1.035714,1.1,1.026087
1.037267,1.1,1.026087,1.026634
1.017964,0.97622,1.026634,1.023978
1.021961,1.025641,1.023978,1.014587
1.014582,1.020833,1.014587,0.928112
0.993949,1.000408,0.928112,1.037913
0.973364,0.983272,1.037913,1.004713
1.010946,1.036515,1.004713,0.992963
0.985305,1.002402,0.992963,0.985827
1.000392,0.992412,0.985827,1.048722
1.031777,0.965795,1.048722,1.025133
1.025095,1.06375,1.025133,1.018945
1.053412,1.024285,1.018945,0.964273
0.987676,1.008031,0.964273,0.993951
0.960784,0.996206,0.993951,0.998859
0.981818,0.984768,0.998859,1.028941
1.033636,1.010054,1.028941,0.979645
1.005119,1.008806,0.979645,0.998489
0.979993,0.990892,0.998489,0.998487
0.981811,0.988127,0.998487,0.990527
1.008696,0.996124,0.990527,0.983933
0.977886,0.990272,0.983933,0.992613
0.99655,1.002358,0.992613,1.014493
1.040385,1.0,1.014493,1.019691
0.980776,1.015288,1.019691,1.018554
1.03807,1.011969,1.018554,0.996654
0.982934,1.017932,0.996654,0.987691
0.985962,0.988381,0.987691,1.012085
1.006369,1.0,1.012085,1.01306
1.023827,1.016686,1.01306,1.00884
1.013818,1.002238,1.00884,0.995984
0.984935,1.000744,0.995984,0.996334
1.03059,0.996653,0.996334,0.996689
0.969258,0.992537,0.996689,1.012182
1.005104,1.009398,1.012182,1.004376
1.025027,1.019739,1.004376,1.002542
0.981599,0.984295,1.002542,0.973922
0.99964,0.994063,0.973922,0.9881
0.971511,0.985816,0.9881,0.996989
0.999629,0.980689,0.996989,0.967535
0.976235,0.988031,0.967535,1.003902
0.992773,1.001172,1.003902,1.099883
1.084291,1.003123,1.099883,1.018728
1.1,1.080545,1.018728,1.038848
0.981368,1.018725,1.038848,0.996661
1.031097,1.037469,0.996661,0.983585
0.979683,0.981261,0.983585,0.987398
0.951069,0.9875,0.987398,0.986547
0.996593,0.990858,0.986547,0.98951
0.984615,0.998935,0.98951,0.994346
0.979167,0.984725,0.994346,1.010306
1.049645,1.019481,1.010306,0.981709
0.962838,0.983723,0.981709,1.012899
0.994737,1.00036,1.012899,0.997878
1.003175,1.010428,0.997878,0.998582
1.003868,0.997153,0.998582,0.99929
0.993695,0.996431,0.99929,1.001066
0.997885,1.003223,1.001066,0.996451
1.00989,1.001785,0.996451,0.947293
0.982861,0.93015,0.947293,0.989098
0.964413,0.988506,0.989098,1.015583
1.00738,1.012016,1.015583,1.099925
1.076557,1.01532,1.099925,1.007486
1.042872,1.082988,1.007486,0.961162
0.955954,0.990596,0.961162,0.985594
0.977474,0.981013,0.985594,0.99287
0.979399,0.979211,0.99287,1.010413
1.022816,1.012079,1.010413,0.993603
1.010805,1.000362,0.993603,0.984979
0.974138,0.9859,0.984979,1.069717
1.053805,0.9967,1.069717,0.973863
0.983876,1.050773,0.973863,0.993726
0.989416,0.997899,0.993726,1.011926
1.012767,1.003509,1.011926,0.997574
1.011244,0.998252,0.997574,1.030924
1.013814,0.998599,1.030924,1.000337
0.990362,1.02806,1.000337,1.004043
1.031879,1.007165,1.004043,1.020805
1.014634,1.009485,1.020805,0.987837
0.971154,0.991611,0.987837,0.963062
0.99835,0.978003,0.963062,1.001728
0.965289,0.991696,1.001728,0.984477
0.996233,0.986741,0.984477,0.991941
0.990375,1.000707,0.991941,0.927941
0.981951,0.926502,0.927941,1.022078
0.955815,0.974828,1.022078,1.002607
0.996672,1.029343,1.002607,0.929792
0.987013,0.945648,0.929792,1.01638
0.988722,0.989952,1.01638,0.929245
0.960076,0.948843,0.929245,1.008037
0.968317,1.008558,1.008037,0.979018
0.993456,0.988545,0.979018,1.015859
0.980239,0.966953,1.015859,0.981013
0.99244,1.003107,0.981013,0.99914
1.000423,1.004425,0.99914,1.028412
1.021574,1.013216,1.028412,0.963583
0.98882,0.995652,0.963583,0.968723
0.976131,0.973362,0.968723,0.997758
0.973402,0.980709,0.997758,1.0
0.990745,1.010979,1.0,0.933034
0.986655,0.932127,0.933034,0.978805
0.944094,0.957767,0.978805,0.97687
0.983763,1.003548,0.97687,1.029723
1.005825,1.002525,1.029723,0.969178
0.984556,0.966247,0.969178,1.014134
0.994608,1.017727,1.014134,0.982578
0.979793,0.992316,0.982578,1.013171
1.0166,1.019102,1.013171,0.9945
0.998021,1.006079,0.9945,0.988436
0.985126,0.958207,0.988436,1.03764
1.038249,1.040462,1.03764,1.006373
0.996607,1.024242,1.006373,0.987336
1.020428,0.995069,0.987336,0.99556
0.971878,0.99554,0.99556,1.1
1.088769,1.010453,1.1,0.972973
0.996396,1.045813,0.972973,1.024537
1.001808,0.999058,1.024537,0.915499
0.990072,0.943423,0.915499,1.014314
0.943938,1.001,1.014314,0.967397
0.982134,0.960559,0.967397,1.039738
1.049656,1.022869,1.039738,1.05225
1.028571,1.049289,1.05225,1.016092
1.010929,1.03293,1.016092,1.027602
1.029279,1.010783,1.027602,0.984588
1.000438,1.027829,0.984588,0.992397
0.975503,0.958484,0.992397,0.991888
0.988789,1.007533,0.991888,0.971377
0.995465,0.995794,0.971377,1.012629
0.996811,0.990615,1.012629,1.012471
1.028336,1.026528,1.012471,1.063412
1.039111,0.98754,1.063412,0.995281
1.007699,1.056542,0.995281,0.996552
0.991935,1.008403,0.996552,1.001298
1.0184,1.009649,1.001298,1.035421
1.042857,1.009991,1.035421,0.975803
0.96253,1.003011,0.975803,1.016246
1.010883,1.007719,1.016246,0.981489
0.972257,0.978723,0.981489,1.021432
1.03833,1.0,1.021432,0.981536
0.993437,1.012609,0.981536,0.999145
0.981007,0.996136,0.999145,1.030809
1.018519,1.015517,1.030809,0.990452
1.002479,1.004669,0.990452,1.00461
0.996702,0.990706,1.00461,1.00292
0.998759,1.001279,1.00292,0.989601
0.992547,1.010221,0.989601,0.980244
0.999166,0.973862,0.980244,0.984134
0.973695,0.987013,0.984134,1.0122
1.010292,1.009211,1.0122,0.995265
0.98854,0.995219,0.995265,1.014706
1.024045,1.017467,1.014706,1.009804
1.002096,1.012446,1.009804,0.992824
0.994979,0.991098,0.992824,0.985119
0.986123,0.988452,0.985119,0.997842
0.999574,0.994375,0.997842,1.0
0.993174,0.966057,1.0,0.969723
0.985825,1.007658,0.969723,0.991971
0.984749,0.98346,0.991971,0.984712
0.980531,0.981818,0.984712,1.005023
1.001805,1.004167,1.005023,0.997274
0.995495,1.00876,0.997274,0.993166
0.996833,0.990859,0.993166,0.994954
0.992283,0.99631,0.994954,1.017981
1.013266,1.0,1.017981,0.997283
0.996388,1.013426,0.997283,0.997729
1.001359,0.999543,0.997729,0.961311
0.998643,0.96298,0.961311,0.969223
0.953783,0.965828,0.969223,0.989741
0.977197,0.991155,0.989741,1.014808
1.011181,1.002975,1.014808,1.023833
1.023077,0.996045,1.023833,0.985273
0.986842,1.022333,0.985273,0.997589
0.989048,0.992718,0.997589,1.001933
1.003852,1.001956,1.001933,1.001447
1.002398,0.991215,1.001447,0.990848
0.997608,1.001969,0.990848,1.003889
0.991367,1.000491,1.003889,1.001453
1.011611,1.013261,1.001453,0.993714
0.99187,0.988366,0.993714,0.996594
0.999518,1.003433,0.996594,1.011719
1.002894,0.994624,1.011719,0.994691
1.000481,1.011302,0.994691,1.006793
0.999519,0.996113,1.006793,1.041928
1.055796,1.009756,1.041928,0.999075
0.989977,1.038164,0.999075,1.0
1.004602,0.999535,1.0,1.002315
0.997251,0.998603,1.002315,0.987529
0.994488,0.989277,0.987529,1.000468
0.994457,1.002828,1.000468,1.00374
1.007896,0.99953,1.00374,0.963204
0.986175,0.969441,0.963204,1.007253
0.979907,1.00291,1.007253,1.005281
1.009537,0.99323,1.005281,0.992837
0.987246,1.003895,0.992837,0.98076
0.989952,0.986906,0.98076,1.001471
0.994683,0.993612,1.001471,0.998531
1.014577,1.007418,0.998531,1.010299
0.987069,0.996073,1.010299,0.997573
1.004367,1.003943,0.997573,1.010706
1.014493,0.985763,1.010706,0.994222
0.98619,1.011952,0.994222,1.002906
1.003863,1.007382,1.002906,1.01014
1.015873,1.00977,1.01014,0.99522
0.991951,1.004354,0.99522,1.00048
0.998568,1.0,1.00048,1.024004
1.031071,1.001927,1.024004,1.0
0.998609,1.021635,1.0,0.993905
0.988858,0.983059,0.993905,1.007075
1.014085,1.002872,1.007075,0.990632
0.98287,1.002864,0.990632,0.998582
1.002355,1.00238,0.998582,1.014205
1.014098,0.99905,1.014205,1.011671
1.018536,1.018536,1.011671,0.99677
0.986806,1.003266,0.99677,1.004167
1.000922,0.999535,1.004167,0.997695
1.00783,1.000931,0.997695,0.985675
0.988574,0.984658,0.985675,0.996718
0.987517,1.001416,0.996718,1.004704
1.006554,1.000943,1.004704,0.990169
0.994884,0.992935,0.990169,0.998582
0.993455,1.000474,0.998582,1.006155
1.003294,1.000474,1.006155,1.008
1.005159,0.981043,1.008,0.986461
0.992067,1.014493,0.986461,0.991008
0.995767,0.995714,0.991008,0.990449
0.994804,0.990435,0.990449,1.002893
0.990028,1.000966,1.002893,0.993269
0.997122,0.992764,0.993269,0.997096
0.993747,0.994169,0.997096,0.998544
1.001936,1.001955,0.998544,1.010209
1.004831,1.002927,1.010209,1.002406
1.002404,1.004864,1.002406,0.995679
0.999041,1.00242,0.995679,1.015429
1.039846,1.002414,1.015429,1.015195
0.991228,1.002408,1.015195,1.047708
1.07592,1.023546,1.047708,0.98125
0.972294,1.028169,0.98125,0.99727
0.983081,0.992237,0.99727,1.008212
1.004529,1.007823,1.008212,0.985973
0.99459,0.987215,0.985973,0.991739
0.99184,0.999075,0.991739,1.008329
1.010055,1.000926,1.008329,0.990363
0.988688,0.993987,0.990363,0.998146
0.990847,0.991624,0.998146,1.000929
1.005543,1.009385,1.000929,0.991187
0.989894,0.989772,0.991187,1.00234
1.00232,1.001409,1.00234,1.007937
1.001389,1.001407,1.007937,1.005095
1.008322,1.005152,1.005095,1.003687
1.000459,1.000932,1.003687,0.997704
1.006416,1.007914,0.997704,1.004142
0.999545,0.993533,1.004142,1.005041
1.018223,1.009298,1.005041,0.998176
0.98434,1.005988,0.998176,1.008223
1.008182,1.000916,1.008223,0.987766
0.98422,0.975297,0.987766,0.993119
0.993587,1.005629,0.993119,0.989838
0.994929,0.996269,0.989838,1.010733
1.006487,1.004213,1.010733,0.993075
1.0,1.000932,0.993075,1.003254
0.998158,0.997671,1.003254,1.014829
1.023524,1.010271,1.014829,0.99726
0.994592,1.005545,0.99726,0.986722
0.989126,0.988971,0.986722,1.004176
0.993587,0.999071,1.004176,0.992606
0.998156,0.993953,0.992606,1.001862
1.002309,1.004679,1.001862,0.994888
0.994931,0.99674,0.994888,1.015413
1.011116,0.997664,1.015413,1.00322
1.001374,1.014052,1.00322,0.999541
0.999543,1.0,0.999541,0.994037
1.000458,0.999538,0.994037,0.995385
0.992681,0.99122,0.995385,0.991191
0.995392,0.994872,0.991191,1.01029
1.000926,1.000469,1.01029,0.989815
1.0,0.995316,0.989815,0.996726
0.991674,1.002353,0.996726,1.009385
1.00653,1.0,1.009385,1.015807
1.020853,1.006573,1.015807,0.994966
0.991829,1.010728,0.994966,0.99586
0.998627,0.997231,0.99586,0.996767
0.995875,0.993984,0.996767,1.009268
1.020709,1.004655,1.009268,1.002296
0.990983,0.995829,1.002296,1.00229
0.998635,1.009772,1.00229,0.990402
0.996355,0.995392,0.990402,1.014767
1.011888,1.000463,1.014767,0.998181
0.995933,1.009255,0.998181,1.005467
1.010889,1.003668,1.005467,1.005437
1.000898,1.004111,1.005437,0.982425
0.994619,0.982712,0.982425,1.023394
1.010821,1.014352,1.023394,1.014792
1.020517,1.01141,1.014792,1.007951
1.013549,1.016245,1.007951,1.000438
1.000431,1.005773,1.000438,1.00657
0.994828,1.007947,1.00657,0.994778
0.991768,0.988611,0.994778,1.004812
1.006116,1.006646,1.004812,1.077928
1.097264,1.015845,1.077928,1.053716
1.047487,1.062392,1.053716,0.988118
0.985266,1.035889,0.988118,1.006206
1.006902,1.000787,1.006206,0.997687
0.989718,0.990165,0.997687,1.003478
1.011158,1.013508,1.003478,1.009626
1.006849,1.00392,1.009626,0.9836
1.016629,1.003514,0.9836,0.985653
0.972119,0.981712,0.985653,0.990559
0.974379,0.98692,0.990559,0.9861
0.983124,0.980723,0.9861,0.984696
0.993214,0.997543,0.984696,1.024949
1.009646,0.998358,1.024949,0.987231
1.004379,1.015625,0.987231,1.041229
1.021799,0.991903,1.041229,0.989519
1.012413,1.015918,0.989519,0.987054
0.972414,1.000804,0.987054,1.007949
1.007092,1.0,1.007949,0.95071
0.985915,0.957848,0.95071,0.986313
0.951587,0.986169,0.986313,0.99201
0.99166,0.993625,0.99201,1.0
0.994954,1.0,1.0,1.016109
1.021978,1.008982,1.016109,0.994159
0.990074,1.000848,0.994159,0.990768
0.999582,0.999153,0.990768,1.02626
1.019223,0.988131,1.02626,0.990095
0.99877,1.028314,0.990095,0.994164
0.988095,0.992908,0.994164,0.999161
1.001246,0.993697,0.999161,1.010911
1.014108,1.007611,1.010911,1.048153
1.040507,1.015107,1.048153,1.002772
1.000393,1.032245,1.002772,1.00237
1.016116,1.005206,1.00237,0.99212
0.985687,1.000398,0.99212,1.015886
1.016484,0.996814,1.015886,0.978108
0.988417,0.998402,0.978108,1.019584
1.006641,0.996799,1.019584,0.994512
0.999224,1.016459,0.994512,1.013007
1.027573,0.999605,1.013007,1.019455
0.991308,0.988937,1.019455,0.998473
1.0061,1.032761,0.998473,0.997706
1.0072,1.006576,0.997706,0.981226
0.984199,0.976172,0.981226,0.995705
0.986239,1.002756,0.995705,1.010196
0.999225,0.991755,1.010196,1.008929
1.014352,1.011481,1.008929,0.993074
0.993117,1.003523,0.993074,0.996513
1.003851,0.99688,0.996513,0.977838
0.987725,0.978873,0.977838,1.033797
1.01165,1.005596,1.033797,1.009231
1.015739,1.026232,1.009231,1.007622
1.006047,1.010457,1.007622,1.002269
1.011645,1.006516,1.002269,0.996226
0.993316,1.002285,0.996226,1.017424
1.020561,1.0019,1.017424,0.989203
0.985714,1.000379,0.989203,1.000376
0.99777,0.999242,1.000376,0.996614
0.994413,0.997344,0.996614,1.00302
1.021723,1.004564,1.00302,0.996236
0.979839,0.993942,0.996236,1.008311
1.01272,1.003429,1.008311,0.998127
0.990026,1.006834,0.998127,0.99024
1.001119,0.986802,0.99024,0.990144
0.986955,0.992358,0.990144,0.979709
0.98074,0.984213,0.979709,1.003126
0.991914,0.997653,1.003126,0.995325
1.001553,1.0,0.995325,0.989041
1.000388,0.990196,0.989041,1.000791
0.982952,0.993267,1.000791,0.999605
0.999606,1.001196,0.999605,1.017405
1.016562,1.002788,1.017405,0.999611
1.001552,1.015886,0.999611,0.983275
0.994191,0.983581,0.983275,0.984968
0.984418,0.985294,0.984968,1.009639
0.995251,1.003227,1.009639,1.000398
1.002783,1.005629,1.000398,0.992445
1.0,0.994402,0.992445,1.024439
1.015067,1.00764,1.024439,1.0
1.003125,1.015962,1.0,0.99648
1.000779,0.991752,0.99648,0.987834
0.998444,0.988119,0.987834,0.9706
0.977397,0.972345,0.9706,1.005731
0.99362,1.007007,1.005731,1.013431
0.999599,1.000819,1.013431,1.007631
1.016459,1.006544,1.007631,0.998804
0.997235,1.014628,0.998804,0.992418
0.99802,0.993993,0.992418,0.997185
0.997619,0.993151,0.997185,1.020161
1.008751,1.002028,1.020161,0.998419
0.99724,1.003239,0.998419,0.992082
0.996837,1.005246,0.992082,0.999601
0.997223,1.000401,0.999601,0.994012
1.007955,0.995185,0.994012,0.995582
0.986582,0.983871,0.995582,1.002824
1.0028,1.009426,1.002824,1.004425
1.000798,1.008526,1.004425,0.981578
0.995217,0.982287,0.981578,1.004488
0.986784,0.996311,1.004488,0.976848
0.997971,0.987248,0.976848,0.990852
0.982107,0.989583,0.990852,0.999161
0.990062,0.989474,0.999161,1.01344
1.012547,1.004681,1.01344,1.017406
1.022305,1.013554,1.017406,1.014257
1.010505,1.02173,1.014257,1.023293
1.039184,1.022495,1.023293,1.020801
1.003463,1.0128,1.020801,1.004614
1.010353,1.018957,1.004614,0.992729
0.998861,1.003876,0.992729,0.991904
0.993541,0.986873,0.991904,1.012437
1.004971,1.002739,1.012437,0.989251
0.993151,0.993757,0.989251,1.022895
1.022605,1.001963,1.022895,0.992792
0.994755,1.01489,0.992792,1.035537
1.031638,1.004247,1.035537,0.997048
0.99854,1.029988,0.997048,1.027017
1.023766,1.000373,1.027017,0.978018
1.002143,0.999254,0.978018,0.997421
0.975766,1.000747,0.997421,0.971186
0.989774,0.977985,0.971186,0.998098
0.984133,0.993132,0.998098,1.0
0.995501,1.006531,1.0,1.032012
1.031638,1.001145,1.032012,1.031388
1.025557,1.028593,1.031388,0.982814
0.999644,1.000741,0.982814,1.04408
1.021368,1.008519,1.04408,0.997209
1.019526,1.039295,0.997209,0.982505
1.00684,0.984452,0.982505,1.021368
0.974864,0.996052,1.021368,0.980126
1.004878,1.006486,0.980126,0.9783
0.970527,0.971357,0.9783,1.004364
0.991426,0.995945,1.004364,0.995293
1.00973,1.011473,0.995293,1.036741
1.019629,0.998536,1.036741,0.998596
1.021351,1.037743,0.998596,1.018974
0.996573,0.99435,1.018974,0.982069
0.992091,1.002486,0.982069,0.965239
0.988908,0.968119,0.965239,0.987268
0.966001,0.976948,0.987268,0.988578
0.983309,1.000749,0.988578,1.011182
1.006642,1.000374,1.011182,0.978253
0.997067,0.982043,0.978253,1.00942
0.987132,0.99581,1.00942,1.025009
1.040968,1.01798,1.025009,1.008012
0.993918,1.014656,1.008012,0.988801
1.011159,1.005556,0.988801,0.990866
0.973656,0.983057,0.990866,0.983776
0.990128,0.995879,0.983776,1.004873
0.995199,0.995862,1.004873,1.006341
1.002968,1.0,1.006341,0.990363
0.99778,0.9966,0.990363,1.003743
0.994809,0.998863,1.003743,1.02088
1.035035,1.011765,1.02088,1.014974
1.008282,1.015379,1.014974,0.987406
0.99,1.004802,0.987406,0.988338
1.005411,0.996691,0.988338,1.04646
1.029781,0.992623,1.04646,0.985906
1.006272,1.032702,0.985906,1.029307
1.009349,0.998561,1.029307,1.008681
0.998285,1.019459,1.008681,1.015491
1.039175,0.996112,1.015491,0.990169
0.980489,1.012065,0.990169,1.005478
0.993592,1.008065,1.005478,0.997276
1.002376,0.998609,0.997276,0.979515
0.987132,0.994427,0.979515,0.986755
0.990395,0.990543,0.986755,0.99894
0.992033,0.992574,0.99894,1.002122
1.0,0.992519,1.002122,0.998589
0.992668,0.998205,0.998589,0.986572
0.995076,1.002877,0.986572,0.988539
0.995051,0.987451,0.988539,1.041304
1.022025,1.003994,1.041304,0.985386
0.997567,1.01736,0.985386,0.983404
0.990244,0.986847,0.983404,0.976302
0.981351,0.975144,0.976302,1.003678
0.986375,0.988179,1.003678,1.004031
0.997455,1.008972,1.004031,0.986861
0.993805,0.999259,0.986861,1.002959
0.997066,0.993697,1.002959,0.996313
1.001839,0.997015,0.996313,1.009252
1.00514,1.003368,1.009252,1.0044
1.016435,1.013801,1.0044,0.991968
0.981315,0.993745,0.991968,1.009937
1.028195,1.011107,1.009937,1.030977
1.007835,0.998535,1.030977,0.984093
1.021201,1.016868,0.984093,1.008261
0.976817,0.998558,1.008261,1.000713
1.00248,1.002889,1.000713,0.98398
0.998587,0.993878,0.98398,1.058973
1.043171,1.000725,1.058973,1.0082
1.023745,1.055395,1.0082,1.016943
0.995361,1.002401,1.016943,0.97934
1.001997,0.998973,0.97934,0.995917
0.992027,0.990065,0.995917,0.982576
0.987274,0.986159,0.982576,1.002782
0.980326,0.996491,1.002782,1.01491
1.013495,1.010915,1.01491,0.979843
0.99522,0.988854,0.979843,0.994073
0.985935,1.002818,0.994073,1.002105
0.997912,0.996136,1.002105,0.977949
1.003138,0.98237,0.977949,1.001432
0.975669,0.990668,1.001432,0.992852
0.997506,1.000362,0.992852,1.00504
0.998214,1.0,1.00504,1.00394
1.010733,1.005071,1.00394,0.991795
1.001062,0.998919,0.991795,0.99964
0.989745,0.998918,0.99964,0.992803
0.992497,0.989527,0.992803,1.003625
1.00576,1.001825,1.003625,1.016251
1.00859,1.0051,1.016251,1.007818
1.006742,1.011961,1.007818,1.000353
1.004582,1.008238,1.000353,0.981671
0.992632,0.988277,0.981671,1.002154
0.989749,0.996765,1.002154,0.993909
1.002857,0.997836,0.993909,1.00036
1.009259,1.000361,1.00036,0.987387
0.984121,0.981575,0.987387,1.007299
0.99498,1.005521,1.007299,1.017754
1.014775,1.004758,1.017754,0.995016
0.999645,1.01275,0.995016,1.014669
1.013499,1.000719,1.014669,0.995063
0.996845,1.007549,0.995063,1.016655
1.0109,1.007849,1.016655,1.004531
1.004174,0.99646,1.004531,0.982651
0.992033,1.004263,0.982651,1.023658
1.018156,1.006367,1.023658,1.009314
1.013717,1.010193,1.009314,1.001025
0.992219,1.009743,1.001025,1.000341
1.022844,1.001034,1.000341,1.005802
0.989667,1.000688,1.005802,1.050899
1.062311,1.014792,1.050899,1.013884
1.001902,1.034237,1.013884,1.047134
1.050316,1.019993,1.047134,1.001825
1.003314,1.031491,1.001825,1.00425
0.996997,1.006854,1.00425,0.983071
0.996988,0.990408,0.983071,1.003998
1.004532,1.005623,1.003998,0.992037
0.988872,0.997515,0.992037,1.012349
0.998479,1.00218,1.012349,1.037816
1.053,1.010566,1.037816,0.995298
1.002025,1.03321,0.995298,0.99439
0.987009,0.985417,0.99439,0.961698
0.980696,0.977348,0.961698,1.034887
1.007158,0.992583,1.034887,1.030131
1.023097,1.027397,1.030131,0.986968
0.999132,1.009091,0.986968,1.018192
1.024913,1.013514,1.018192,0.969164
0.997739,0.980741,0.969164,0.972643
0.963173,0.966767,0.972643,0.9893
0.958235,0.982812,0.9893,1.002472
0.997545,1.005723,1.002472,0.986128
1.002769,1.005058,0.986128,0.979681
0.991715,0.975779,0.979681,0.988513
0.96875,0.980658,0.988513,0.997095
0.995848,1.005588,0.997095,1.018453
1.01347,0.996731,1.018453,1.023204
1.024367,1.021646,1.023204,0.987263
0.987334,1.002568,0.987263,0.989931
0.994368,0.992635,0.989931,1.010807
1.006293,1.002258,1.010807,1.011006
1.006879,1.010621,1.011006,0.963297
0.996273,0.985032,0.963297,1.002906
0.970387,0.986098,1.002906,0.97038
0.995824,0.986885,0.97038,1.006304
0.985806,0.999336,1.006304,1.008902
1.009817,1.002327,1.008902,1.028758
1.025924,1.014594,1.028758,1.006671
1.01295,1.019941,1.006671,1.009467
1.003118,1.006731,1.009467,0.993123
1.001554,1.006686,0.993123,0.981429
1.002483,0.971221,0.981429,1.010904
0.982353,1.004884,1.010904,0.972716
0.991176,0.985094,0.972716,0.999674
0.981876,0.993421,0.999674,0.993475
0.998057,1.001656,0.993475,1.001314
1.000649,1.000661,1.001314,0.993112
0.999351,0.994714,0.993112,0.993065
0.984426,0.993026,0.993065,0.989026
0.995715,0.989632,0.989026,0.996974
0.988083,0.990199,0.996974,1.020236
1.015075,1.008532,1.020236,0.995702
0.99703,1.007783,0.995702,1.005644
1.007282,1.003358,1.005644,1.003301
1.0023,1.004016,1.003301,1.034551
1.035082,1.008667,1.034551,0.997137
0.995882,1.021481,0.997137,1.015311
1.023537,1.010353,1.015311,0.99246
1.004661,0.999039,0.99246,0.986388
0.981751,0.993269,0.986388,0.99294
0.988973,0.988383,0.99294,1.006141
1.003186,1.007835,1.006141,0.993575
1.002223,0.994817,0.993575,0.979308
0.978137,0.974601,0.979308,1.028722
1.011662,1.008687,1.028722,0.973042
1.004803,0.997681,0.973042,0.989446
0.974825,0.9917,0.989446,1.008667
0.996731,0.997657,1.008667,1.024455
1.021974,1.007718,1.024455,1.016129
1.017009,1.012321,1.016129,1.014286
1.012622,1.019737,1.014286,0.971518
0.99034,0.984839,0.971518,0.978737
0.997168,0.98002,0.978737,0.946346
0.942884,0.94619,0.946346,0.938087
0.924029,0.914165,0.938087,0.980719
0.971387,1.004637,0.980719,1.003403
1.009694,1.016923,1.003403,0.98832
0.982644,0.979198,0.98832,1.034693
1.020669,1.019699,1.034693,1.004422
1.0162,1.018939,1.004422,1.017975
1.007246,1.006691,1.017975,0.988108
1.004676,1.008124,0.988108,0.979577
0.973863,0.979121,0.979577,1.008191
0.998162,0.993266,1.008191,0.988552
0.993738,1.003766,0.988552,1.005603
1.00556,1.003002,1.005603,1.021917
1.014375,1.002993,1.021917,1.000364
1.012718,1.01865,1.000364,1.001453
0.994259,1.003295,1.001453,0.996009
0.998917,0.994526,0.996009,0.998543
1.0,0.997431,0.998543,0.984677
0.993136,0.988962,0.984677,0.993331
0.980356,0.989583,0.993331,1.010817
1.008163,1.000752,1.010817,0.994096
1.006257,1.007513,0.994096,1.010393
0.996342,0.992916,1.010393,0.991183
0.99486,1.000751,0.991183,0.996664
1.009963,0.998499,0.996664,0.992934
0.981001,0.980083,0.992934,1.0
0.995531,0.991181,1.0,0.975281
0.990273,0.998839,0.975281,1.004608
0.995467,1.00426,1.004608,0.974388
0.996584,0.973004,0.974388,1.009415
0.984768,0.990091,1.009415,0.987563
0.992266,1.014812,0.987563,1.0
1.007015,1.001183,1.0,0.986226
0.98065,0.985028,0.986226,0.998404
1.002368,1.0,0.998404,1.009193
0.998425,0.996,1.009193,1.019802
1.018533,1.012048,1.019802,0.993786
1.001161,1.009921,0.993786,0.990231
0.995746,0.990177,0.990231,0.985399
0.992233,0.988095,0.985399,0.965559
0.976125,0.966265,0.965559,1.005807
0.980754,1.000416,1.005807,1.005773
1.007359,1.006232,1.005773,1.00615
1.000812,1.007845,1.00615,0.986145
0.992701,0.973781,0.986145,1.013223
1.003676,1.014304,1.013223,1.018352
1.021571,1.009954,1.018352,0.988386
0.992829,1.009856,0.988386,0.985818
1.000803,0.979667,0.985818,1.007398
0.990778,0.996264,1.007398,0.994288
1.001214,1.009583,0.994288,1.013131
0.998383,0.994635,1.013131,0.986229
1.00081,1.007054,0.986229,1.01848
1.005259,0.999176,1.01848,1.02621
1.03662,1.019794,1.02621,0.994499
0.989519,1.018197,0.994499,1.004346
1.002354,1.001589,1.004346,0.989378
1.0,0.996035,0.989378,1.007952
1.000783,1.004379,1.007952,1.0
0.99648,0.992469,1.0,0.98146
0.992151,0.992812,0.98146,1.006431
0.995253,1.000805,1.006431,1.013578
1.009141,1.000402,1.013578,1.0
1.005908,1.012857,1.0,0.992908
0.993735,0.99167,0.992908,0.982143
0.990938,0.9896,0.982143,1.005253
0.996421,0.998383,1.005253,1.001608
0.999202,1.0,1.001608,1.004013
1.004393,1.006073,1.004013,1.004396
1.0,0.979074,1.004396,0.967768
0.988867,0.999178,0.967768,1.009868
0.990752,0.997532,1.009868,0.998371
0.999594,1.001649,0.998371,1.017945
1.018676,1.007822,1.017945,1.007212
1.006377,1.004902,1.007212,0.988465
0.992079,1.005285,0.988465,1.013682
1.018762,1.009705,1.013682,0.971814
0.983542,0.972767,0.971814,0.991422
0.972112,0.990531,0.991422,1.007005
1.006148,1.003741,1.007005,1.001637
1.003259,1.004969,1.001637,1.003676
1.011774,1.00412,1.003676,1.004477
0.991172,1.003283,1.004477,1.010535
1.011336,0.986912,1.010535,0.980353
0.992394,0.999171,0.980353,0.946012
0.967729,0.954376,0.946012,0.98703
0.9604,0.975228,0.98703,0.975471
0.998264,0.988414,0.975471,0.996408
0.967826,0.970243,0.996408,1.000451
1.004043,1.015799,1.000451,1.00045
1.006711,1.000915,1.00045,1.013958
1.001333,1.012797,1.013958,0.955595
0.996005,0.957581,0.955595,1.028346
0.987968,1.010839,1.028346,0.998192
1.009923,1.01958,0.998192,1.014939
1.002233,1.000914,1.014939,1.007136
1.015152,1.012334,1.007136,1.011957
1.006585,1.01444,1.011957,0.995186
1.000872,0.998665,0.995186,0.974494
0.977778,0.979955,0.974494,1.026625
1.022727,1.006818,1.026625,0.998242
0.997386,1.022573,0.998242,0.998679
0.999563,0.992494,0.998679,0.998677
0.996066,1.0,0.998677,1.001325
1.009653,1.003559,1.001325,1.011464
1.005215,1.006206,1.011464,1.03095
1.032858,1.004405,1.03095,1.000423
0.997907,1.02193,1.000423,1.007608
1.020554,1.009871,1.007608,0.995805
0.990958,1.0051,0.995805,0.991575
0.989631,0.989852,0.991575,1.000425
0.99078,1.0,1.000425,1.003822
1.004653,0.995728,1.003822,0.991963
0.995789,0.999571,0.991963,0.970576
1.002114,0.975966,0.970576,0.978032
0.965823,0.959543,0.978032,0.988769
0.977283,1.008249,0.988769,0.983189
0.997318,0.977273,0.983189,1.023567
0.993277,1.006047,1.023567,0.992777
1.00361,1.012945,0.992777,1.016826
1.014838,0.992241,1.016826,0.997764
0.992468,1.017019,0.997764,0.989691
0.990625,0.982361,0.989691,1.002717
1.001352,1.009669,1.002717,0.977416
1.0,0.985408,0.977416,1.008318
0.989649,0.983341,1.008318,0.989918
1.005912,1.013647,0.989918,1.018056
0.995931,1.007428,1.018056,1.015462
1.019519,1.012442,1.015462,0.999552
0.998219,1.007738,0.999552,1.005824
1.00669,1.001355,1.005824,1.005345
1.008418,0.99594,1.005345,1.001329
0.995606,1.011775,1.001329,0.989381
0.999117,0.998209,0.989381,1.002236
0.992933,1.000897,1.002236,0.980366
0.999555,0.983871,0.980366,1.005917
0.992434,0.990893,1.005917,1.000905
0.995067,1.004596,1.000905,1.006329
1.008562,1.003202,1.006329,0.975292
0.99151,0.989968,0.975292,0.996315
0.989635,0.99263,0.996315,0.997226
0.996357,0.99768,0.997226,0.985628
0.985375,0.982791,0.985628,0.992944
0.989332,0.990062,0.992944,0.997631
0.990155,0.996176,0.997631,1.009497
1.009943,1.009117,1.009497,0.991533
1.002813,1.001902,0.991533,0.987192
0.982235,0.986711,0.987192,1.016819
1.007615,0.995671,1.016819,1.011342
1.01795,1.017874,1.011342,0.99486
0.998608,1.006645,0.99486,1.036167
1.026952,1.002829,1.036167,0.993654
0.998643,1.024918,0.993654,1.024179
1.025827,1.009633,1.024179,1.001782
1.001325,1.009541,1.001782,1.008448
1.012792,1.009901,1.008448,0.958113
0.966463,0.964795,0.958113,1.0
0.982875,0.99261,1.0,0.99954
1.006419,1.000465,0.99954,0.966851
0.974032,0.963721,0.966851,1.018571
1.003274,1.004826,1.018571,0.984572
0.996737,1.009126,0.984572,1.005223
1.004677,1.0,1.005223,1.00803
0.999534,1.003332,1.00803,0.980319
0.99674,0.990512,0.980319,1.040631
1.026168,0.989464,1.040631,1.071199
1.086066,1.050339,1.071199,0.971269
0.976939,1.040092,0.971269,1.009713
1.001717,1.002215,1.009713,1.020988
1.000428,0.987179,1.020988,0.964882
0.993576,1.0,0.964882,0.961829
0.980603,0.954322,0.961829,1.0
0.976703,1.009385,1.0,1.009229
0.989649,0.993956,1.009229,1.0
1.023647,1.020112,1.0,1.03658
1.009329,1.006878,1.03658,1.001323
0.99912,1.007286,1.001323,0.997357
1.002203,1.01085,0.997357,0.982774
0.996923,0.99195,0.982774,1.0
0.991182,0.999549,1.0,0.982472
0.991993,0.98286,0.982472,1.006862
0.990583,0.99128,1.006862,1.010904
1.01856,1.002315,1.010904,0.989213
0.997778,1.010624,0.989213,1.030895
1.01069,1.005484,1.030895,0.994711
1.007933,1.016364,0.994711,1.007089
0.999563,1.004025,1.007089,0.971403
0.990814,0.982183,0.971403,0.992754
0.980574,0.989116,0.992754,0.999088
0.992346,0.995415,0.999088,0.977626
1.002722,0.9848,0.977626,1.000934
0.982353,0.997194,1.000934,0.999067
0.997236,0.999062,0.999067,1.008874
1.001848,1.002817,1.008874,0.994444
1.002305,1.00515,0.994444,1.004655
0.99494,0.995808,1.004655,1.028267
1.032362,1.021983,1.028267,1.000451
0.994626,1.006407,1.000451,0.991441
0.997749,0.994543,0.991441,0.980918
0.988267,0.983996,0.980918,0.998147
0.989954,0.999535,0.998147,0.988399
0.994004,0.986983,0.988399,1.003286
0.99536,1.001884,1.003286,1.004679
1.006061,1.006112,1.004679,1.00885
1.006951,0.996262,1.00885,0.982456
0.993557,0.998124,0.982456,1.012688
1.000463,1.00094,1.012688,0.993503
1.003241,1.000469,0.993503,1.007006
1.000923,1.004223,1.007006,0.997217
1.001844,0.995794,0.997217,0.989767
0.989416,0.987799,0.989767,0.983553
0.986047,0.988599,0.983553,0.979933
0.976887,0.969726,0.979933,0.991224
0.996137,1.0,0.991224,1.001476
0.999515,0.999009,1.001476,1.001473
1.00097,1.010417,1.001473,0.978421
0.994186,0.971036,0.978421,1.010526
0.990741,1.007078,1.010526,1.016369
1.015248,0.996486,1.016369,0.987311
0.999031,1.011587,0.987311,0.988136
0.985936,0.991036,0.988136,1.017009
1.01033,1.010553,1.017009,0.998524
0.99221,0.99453,0.998524,1.007389
1.012758,1.013,1.007389,0.986308
0.99031,0.992596,0.986308,1.014874
1.003425,1.001989,1.014874,1.017587
1.017552,1.009429,1.017587,1.012002
1.030666,1.02999,1.012002,1.020398
1.00186,1.00716,1.020398,1.034868
1.032947,1.013744,1.034868,0.983827
1.000898,1.019635,0.983827,1.0
0.995961,0.995873,1.0,0.997717
0.995944,0.996777,0.997717,1.020595
1.021719,1.016166,1.020595,0.999103
1.002657,1.001364,0.999103,1.008528
0.999117,1.0,1.008528,0.981753
0.986295,0.975942,0.981753,1.031732
1.034962,1.014419,1.031732,1.004833
1.001732,1.036222,1.004833,0.999125
0.992218,0.987611,0.999125,0.993435
0.997821,1.008513,0.993435,1.025991
1.027511,1.001333,1.025991,0.993559
0.98895,1.022626,0.993559,0.970614
0.996992,0.973102,0.970614,1.044078
1.017241,1.007579,1.044078,1.031983
1.054237,1.035841,1.031983,1.040496
1.012862,1.032038,1.040496,0.971009
1.008333,1.009934,0.971009,1.061759
1.027548,0.990984,1.061759,1.1
1.093834,1.1,1.1,0.99965
1.045168,1.050093,0.99965,1.02627
1.005025,0.995053,1.02627,0.968601
0.969,1.001065,0.968601,1.095842
1.069831,1.001774,1.095842,0.997428
1.061093,1.074008,0.997428,0.990006
0.934848,0.987801,0.990006,1.025073
1.02107,1.001335,1.025073,0.964104
0.987302,0.998667,0.964104,0.927842
0.944695,0.930908,0.927842,1.022727
0.987066,0.994622,1.022727,0.993056
1.017241,1.020187,0.993056,1.004895
0.988136,0.99364,1.004895,0.987474
0.997256,1.001422,0.987474,1.013037
1.017544,1.008168,1.013037,1.029565
1.012847,1.0,1.029565,0.998986
1.013685,1.035576,0.998986,0.994927
0.983866,0.981633,0.994927,0.99932
1.002008,1.006237,0.99932,0.982653
0.981964,0.981749,0.982653,0.945656
0.964286,0.956156,0.945656,0.984627
0.975309,0.983125,0.984627,1.003346
0.990597,1.002612,1.003346,0.977399
0.976634,0.973204,0.977399,1.073541
1.059065,1.01109,1.073541,1.017655
1.044829,1.077534,1.017655,1.002776
0.990541,1.001755,1.002776,1.0
0.987381,0.99089,1.0,1.015571
1.037997,1.026167,1.015571,1.026235
1.014642,1.009993,1.026235,0.974768
0.987865,0.989423,0.974768,0.990123
0.978752,0.982759,0.990123,0.985552
1.0,1.0,0.985552,0.997906
0.98711,0.996491,0.997906,1.012942
1.034364,1.01831,1.012942,1.039365
1.003322,0.997925,1.039365,0.991362
1.010265,1.025641,0.991362,1.008378
0.988856,0.993243,1.008378,1.042871
1.049055,1.041837,1.042871,0.952199
0.995261,0.972902,0.952199,1.008367
0.970159,0.991611,1.008367,0.985729
0.991492,0.987479,0.985729,0.992929
0.993069,1.006169,0.992929,1.020007
1.023596,1.002044,1.020007,1.030253
1.015584,1.020394,1.030253,0.977735
0.987852,0.991672,0.977735,0.910231
0.94466,0.916023,0.910231,1.003263
0.964714,0.997433,1.003263,0.975786
0.975497,0.975735,0.975786,0.962963
0.98107,0.974378,0.962963,1.038846
1.004824,0.998453,1.038846,0.941503
0.983752,0.980248,0.941503,1.011797
0.975976,0.990122,1.011797,1.015157
1.013462,1.028731,1.015157,0.996554
0.998102,1.000776,0.996554,0.973876
0.991635,0.977907,0.973876,1.006706
0.98888,0.990091,1.006706,1.009404
1.007367,1.015212,1.009404,0.987966
0.995381,0.997634,0.987966,0.987819
0.983759,0.988538,0.987819,1.006364
1.002358,1.007597,1.006364,1.014229
1.008627,0.984127,1.014229,1.001949
1.00661,1.025,1.001949,1.04823
1.076864,0.995673,1.04823,0.978479
0.958034,1.031213,0.978479,0.99052
0.995133,1.000383,0.99052,1.003446
1.002634,0.991574,1.003446,0.993514
0.984991,0.993048,0.993514,1.000768
1.006857,1.01128,1.000768,1.000384
0.998108,0.997692,1.000384,1.014576
1.00834,1.005397,1.014576,1.023062
1.02594,1.009586,1.023062,0.990022
0.992305,1.014052,0.990022,1.0
0.995199,0.990262,1.0,0.992161
1.004824,0.999244,0.992161,1.00602
0.994461,1.004164,1.00602,1.003366
0.998515,1.003015,1.003366,0.999627
1.028635,1.00714,0.999627,1.058166
1.0282,1.004851,1.058166,0.995772
1.005626,1.03899,0.995772,1.007785
1.002797,1.00143,1.007785,0.980337
0.993026,0.982156,0.980337,1.002865
0.992275,1.00436,1.002865,1.016786
1.014154,1.015195,1.016786,0.994731
0.997209,1.001782,0.994731,1.050847
1.043737,1.027392,1.050847,0.986223
0.995642,1.00831,0.986223,0.989097
0.988215,0.990041,0.989097,0.990355
0.997615,0.992369,0.990355,1.021565
1.007514,1.00769,1.021565,0.963568
0.987458,0.974679,0.963568,1.003887
0.980089,1.002847,1.003887,0.995072
1.008056,1.002839,0.995072,1.032897
1.030924,1.008846,1.032897,1.050342
1.046512,1.022799,1.050342,1.000326
1.0,1.028464,1.000326,0.982073
0.989372,0.998333,0.982073,0.997677
0.985677,0.994656,0.997677,1.000665
1.002972,0.995299,1.000665,1.001662
1.002305,1.009109,1.001662,1.003983
1.011498,0.993648,1.003983,0.985124
0.987009,0.988223,0.985124,1.02349
1.012833,1.015322,1.02349,1.005902
0.99935,1.011066,1.005902,0.987614
0.993498,0.99801,0.987614,0.987789
0.99051,0.987039,0.987789,1.014367
1.020152,1.016835,1.014367,0.977931
0.980246,0.983113,0.977931,0.995958
0.983482,0.980128,0.995958,0.981738
0.982197,0.989691,0.981738,0.981743
0.992818,0.983333,0.981743,0.995088
0.981054,0.971751,0.995088,0.98378
1.003511,1.013808,0.98378,1.007168
0.991603,1.0,1.007168,1.002491
1.004587,1.004659,1.002491,1.01349
1.00281,0.994292,1.01349,0.970228
0.990893,0.992465,0.970228,1.001805
0.996819,1.003254,1.001805,1.01045
0.995745,0.982703,1.01045,1.007489
1.010684,1.019435,1.007489,1.033628
1.031712,1.017266,1.033628,0.986644
0.996243,1.015205,0.986644,1.007983
0.995886,0.998258,1.007983,0.995523
1.0,1.002442,0.995523,1.017295
1.023752,1.008702,1.017295,0.976199
0.981843,0.988268,0.976199,1.029258
1.016096,1.009078,1.029258,0.982064
0.991574,0.999654,0.982064,0.986906
0.989463,0.988231,0.986906,1.007332
1.000344,1.003152,1.007332,1.002773
1.00103,1.000349,1.002773,0.99758
0.997599,1.002094,0.99758,1.01386
1.00619,1.00209,1.01386,1.01162
1.026658,1.018074,1.01162,1.0
0.992011,0.998976,1.0,0.995608
1.003356,0.997266,0.995608,0.988802
0.986288,0.992803,0.988802,1.004804
0.99627,1.006559,1.004804,1.01776
1.015997,1.004458,1.01776,0.983557
0.99665,0.99522,0.983557,0.979529
0.98521,0.982161,0.979529,0.998955
0.987035,0.997555,0.998955,1.004533
0.998272,0.996148,1.004533,1.005554
1.006579,1.012654,1.005554,0.988264
0.99312,0.984033,0.988264,0.995459
0.996536,1.001764,0.995459,0.987719
0.995134,0.988028,0.987719,0.998579
0.997555,0.998218,0.998579,0.998221
0.985294,0.994288,0.998221,0.97933
0.998934,0.985996,0.97933,1.00655
0.992885,1.000728,1.00655,1.002892
0.996417,0.992722,1.002892,1.006849
1.00863,1.01173,1.006849,1.017186
1.016043,1.01087,1.017186,1.021471
1.022456,1.024373,1.021471,1.001034
1.001373,1.012246,1.001034,1.007229
1.021933,1.004494,1.007229,1.010936
1.002347,1.009291,1.010936,0.992224
1.005353,0.996931,0.992224,1.049744
1.03228,1.019152,1.049744,0.995781
0.997743,1.016779,0.995781,1.002934
0.997738,1.00099,1.002934,0.989925
0.998705,0.993406,0.989925,1.001313
1.000324,0.985065,1.001313,1.023934
1.015883,1.014488,1.023934,0.988473
1.000638,1.019927,0.988473,1.049887
1.044324,1.017258,1.049887,1.032089
1.030534,1.026889,1.032089,0.996114
0.990815,1.026185,0.996114,1.044718
1.055024,1.008505,1.044718,1.027004
1.028345,1.04006,1.027004,1.001399
0.991455,1.022589,1.001399,0.974302
0.994718,0.979609,0.974302,0.998853
0.993013,1.005204,0.998853,1.013203
1.021672,0.986483,1.013203,1.003399
0.981267,1.018076,1.003399,0.976849
0.989613,0.960767,0.976849,0.989017
0.980142,1.007452,0.989017,1.011105
1.014182,1.009172,1.011105,1.027746
1.020263,1.004104,1.027746,0.986783
0.98993,1.008759,0.986783,0.986036
0.986154,0.992764,0.986036,0.969653
0.991117,0.965306,0.969653,0.977347
0.978028,0.981577,0.977347,1.012199
0.990245,1.009231,1.012199,1.01386
1.013731,1.01189,1.01386,1.006241
1.009423,1.012353,1.006241,0.990845
0.99154,0.985119,0.990845,0.977943
0.996175,0.982477,0.977943,0.996647
0.979327,0.998155,0.996647,1.010398
1.002714,0.998768,1.010398,0.980932
0.989474,0.993831,0.980932,1.027461
1.018541,1.009932,1.027461,0.992192
1.001194,1.006454,0.992192,1.005751
0.999404,0.996947,1.005751,1.005417
1.002982,1.00245,1.005417,1.014068
1.024383,1.023526,1.014068,0.994982
0.997678,1.00209,0.994982,1.058736
1.038406,1.00983,1.058736,0.981227
1.007285,1.017994,0.981227,1.003141
0.995271,0.997972,1.003141,0.989752
0.980995,1.003194,0.989752,0.994823
0.995726,0.996527,0.994823,0.985545
0.992275,0.987511,0.985545,0.986213
0.991349,0.987941,0.986213,0.996431
0.981966,0.979458,0.996431,1.004478
1.00622,1.012158,1.004478,1.014264
1.006476,1.006306,1.014264,0.990331
1.008482,1.008654,0.990331,1.029882
1.010441,0.984615,1.029882,1.001724
