0.998405,0.993464,1.014706,0.983897
0.995208,1.003289,0.983897,0.98527
0.987159,0.985246,0.98527,1.003322
0.988618,0.996672,1.003322,1.016556
1.090461,1.015025,1.016556,1.004886
0.932127,0.985197,1.004886,0.949757
0.982201,0.976628,0.949757,1.005119
0.978583,1.0,1.005119,0.998302
0.994949,0.991453,0.998302,1.003401
1.001692,1.006897,1.003401,1.0
1.005068,1.005137,1.0,0.976271
0.998319,0.974446,0.976271,1.022569
0.996633,1.01049,1.022569,1.022071
1.030405,1.00173,1.022071,0.981728
0.993443,1.018998,0.981728,0.988156
0.985149,0.981356,0.988156,0.969178
0.981575,0.974093,0.969178,0.9947
0.97099,0.991135,0.9947,1.003552
0.996485,0.992844,1.003552,0.989381
0.992945,0.987387,0.989381,1.001789
1.012433,1.016423,1.001789,1.023214
1.012281,0.996409,1.023214,0.989529
0.987868,1.016216,0.989529,0.978836
0.984211,0.980496,0.978836,1.0
0.994652,1.001808,1.0,1.0
1.005376,0.99278,1.0,1.005405
0.998217,1.009091,1.005405,1.005376
1.003571,1.001802,1.005376,1.01426
1.014235,1.008993,1.01426,0.991213
0.998246,1.003565,0.991213,0.987589
0.991213,0.984014,0.987589,1.007181
0.994681,0.998195,1.007181,1.012478
1.017825,1.014467,1.012478,0.991197
0.994746,1.001783,0.991197,1.012433
1.005282,1.003559,1.012433,0.998246
1.005254,1.005319,0.998246,1.0
0.993031,0.996473,1.0,0.982425
0.998246,0.987611,0.982425,1.005367
0.991213,1.0,1.005367,0.998221
0.998227,0.998208,0.998221,1.008913
1.012433,0.998205,1.008913,0.9947
1.0,1.008993,0.9947,1.005329
0.998246,1.003565,1.005329,0.991166
0.996485,0.992895,0.991166,0.987522
0.991182,0.985689,0.987522,1.001805
0.989324,0.99637,1.001805,1.010811
1.01259,1.005464,1.010811,0.991087
1.001776,1.003623,0.991087,1.005396
0.991135,1.0,1.005396,1.001789
1.008945,1.00361,1.001789,0.992857
0.996454,0.996403,0.992857,1.0
0.998221,1.0,1.0,0.991007
0.991087,0.98917,0.991007,1.012704
1.008993,1.001825,1.012704,1.023297
1.026738,1.021858,1.023297,1.003503
1.001736,1.016043,1.003503,0.989529
0.994801,0.991228,0.989529,1.007055
0.998258,1.00354,1.007055,0.996497
1.001745,0.996473,0.996497,1.003515
1.001742,1.00708,1.003515,0.998249
0.996522,0.996485,0.998249,0.994737
1.001745,0.996473,0.994737,1.003527
0.994774,1.0,1.003527,0.984183
1.001751,0.985841,0.984183,1.0125
0.994755,1.005386,1.0125,0.992945
1.0,1.0,0.992945,0.996448
0.996485,1.0,0.996448,0.989305
0.992945,0.989286,0.989305,0.96036
0.978686,0.956679,0.96036,0.996248
0.974592,0.992453,0.996248,1.007533
0.998138,1.001901,1.007533,0.970093
0.992537,0.97723,0.970093,0.996146
0.981203,0.994175,0.996146,0.994197
0.996169,1.0,0.994197,0.992218
0.986538,0.986328,0.992218,1.005882
1.001949,1.0,1.005882,1.013645
1.021401,1.017822,1.013645,1.009615
1.00381,1.005837,1.009615,0.992381
0.990512,0.996132,0.992381,0.996161
0.998084,0.986408,0.996161,0.980732
0.992322,0.994094,0.980732,0.998035
0.988395,0.980198,0.998035,1.005906
1.0,1.010101,1.005906,0.986301
1.017613,0.998,0.986301,1.021825
0.996154,0.997996,1.021825,1.005825
1.005792,1.024096,1.005825,0.994208
1.0,0.996078,0.994208,0.970874
0.982726,0.980315,0.970874,1.012
0.992188,0.997992,1.012,0.994071
1.003937,1.004024,0.994071,0.994036
0.992157,0.997996,0.994036,1.006
0.996047,0.983936,1.006,1.017893
1.019841,1.026531,1.017893,0.976562
0.992218,0.992048,0.976562,0.998
0.988235,0.993988,0.998,1.008016
1.0,0.995968,1.008016,0.996024
1.005952,1.010121,0.996024,0.99002
0.996055,0.993988,0.99002,0.991935
0.992079,0.987903,0.991935,1.0
0.986028,0.993878,1.0,0.993902
1.002024,1.004107,0.993902,0.993865
0.987879,0.989775,0.993865,0.973251
0.985685,0.975207,0.973251,0.991543
0.987552,0.987288,0.991543,1.029851
1.021008,1.0,1.029851,0.987578
0.989712,1.015021,0.987578,1.006289
1.004158,1.008457,1.006289,1.004167
1.006211,1.008386,1.004167,0.995851
1.002058,0.995842,0.995851,1.035417
1.026694,1.0,1.035417,1.004024
1.002,1.033403,1.004024,0.987976
0.996008,0.991919,0.987976,1.0
1.0,1.0,1.0,0.997972
0.991984,0.991853,0.997972,0.997967
1.006061,1.008214,0.997967,0.965377
0.993976,0.961303,0.965377,0.991561
0.967677,0.989407,0.991561,1.0
0.989562,1.0,1.0,1.017021
1.014768,1.006424,1.017021,1.004184
1.002079,1.010638,1.004184,1.029167
1.033195,1.006316,1.029167,1.0
0.993976,1.018828,1.0,0.953441
0.963636,0.963039,0.953441,1.019108
1.016771,0.993603,1.019108,1.008333
1.016495,1.023605,1.008333,0.983471
0.977688,0.991614,0.983471,1.010504
1.006224,1.008457,1.010504,0.97921
1.002062,0.985325,0.97921,1.004246
0.975309,0.995745,1.004246,1.008457
1.012658,0.997863,1.008457,1.008386
1.008333,1.019272,1.008386,0.997921
0.997934,1.004202,0.997921,1.014583
1.012422,1.0,1.014583,1.00616
1.00818,1.016736,1.00616,1.0
1.0,0.995885,1.0,1.002041
1.0,1.002066,1.002041,1.014257
1.016227,1.004124,1.014257,1.0
1.0,1.016427,1.0,0.993976
0.996008,0.99596,0.993976,1.010101
1.004008,1.0,1.010101,0.984
1.0,0.997972,0.984,0.997967
0.988024,0.987805,0.997967,0.983707
0.991919,0.989712,0.983707,1.008282
0.99389,0.995842,1.008282,0.995893
1.0,1.008351,0.995893,0.983505
0.997951,0.985507,0.983505,0.997904
0.983573,0.997899,0.997904,0.993697
0.995825,0.991579,0.993697,1.004228
0.997904,1.002123,1.004228,1.014737
1.012605,1.002119,1.014737,1.0
1.004149,1.012685,1.0,0.991701
1.006198,0.991649,0.991701,1.008368
0.99384,1.002105,1.008368,0.995851
0.995868,1.002101,0.995851,0.997917
1.006224,1.002096,0.997917,1.0
0.995876,0.995816,1.0,0.979123
0.989648,0.978992,0.979123,1.002132
0.987448,1.002146,1.002132,1.0
0.997881,1.0,1.0,1.002128
1.004246,1.004283,1.002128,0.993631
0.995772,0.995736,0.993631,0.995726
1.008493,0.995717,0.995726,1.004292
0.995789,1.002151,1.004292,1.002137
0.993658,0.993562,1.002137,1.008529
1.008511,1.010799,1.008529,0.995772
1.0,1.002137,0.995772,0.993631
0.991561,0.993603,0.993631,0.99359
0.995745,0.993562,0.99359,0.995699
0.995726,0.993521,0.995699,1.00216
1.002146,1.002174,1.00216,0.993534
1.0,0.997831,0.993534,1.0
1.0,1.0,1.0,0.980477
0.980728,0.978261,0.980477,0.997788
0.991266,0.995556,0.997788,1.0
1.0,1.004464,1.0,1.011086
1.004405,1.002222,1.011086,1.002193
1.002193,1.0,1.002193,0.997812
1.002188,1.002217,0.997812,1.002193
1.002183,1.006637,1.002193,1.006565
1.004357,0.997802,1.006565,1.015217
1.017354,1.008811,1.015217,1.019272
1.021322,1.008734,1.019272,0.997899
0.993737,1.017316,0.997899,1.014737
1.014706,1.006383,1.014737,1.020747
1.035197,1.016913,1.020747,1.056911
1.044,1.018711,1.056911,1.007692
1.044061,1.065306,1.007692,1.009542
0.974312,0.98659,1.009542,1.0
1.011299,1.013592,1.0,0.981096
0.988827,0.984674,0.981096,1.0
0.984934,0.996109,1.0,1.011561
1.011472,1.003906,1.011561,0.986667
1.0,1.003891,0.986667,0.990347
0.992439,0.988372,0.990347,1.003899
0.986667,0.996078,1.003899,0.978641
0.996139,0.98622,0.978641,1.02381
1.0,1.011976,1.02381,1.007752
1.015504,1.009862,1.007752,1.015385
1.015267,1.009766,1.015385,1.011364
1.005639,1.017408,1.011364,1.0
1.0,1.0,1.0,1.0
1.0,1.0,1.0,1.0
1.0,1.0,1.0,1.0
1.0,1.0,1.0,1.0
1.0,1.0,1.0,1.0
1.0,1.0,1.0,0.955056
0.958879,0.925856,0.955056,0.947059
0.988304,0.98768,0.947059,0.989648
0.95858,0.987526,0.989648,1.002092
1.0,1.002105,1.002092,0.997912
0.989712,0.983193,0.997912,0.976987
0.987526,0.99359,0.976987,0.985011
0.983158,0.978495,0.985011,1.023913
1.025696,1.010989,1.023913,1.008493
0.993737,1.013043,1.008493,0.985263
0.995798,1.002146,0.985263,1.004274
0.993671,0.995717,1.004274,0.982979
1.0,0.982796,0.982979,1.017316
1.004246,1.004376,1.017316,1.03617
1.031712,1.013072,1.03617,0.99384
0.997951,1.032258,0.99384,1.0
1.01232,1.0,1.0,0.997934
0.985801,0.989583,0.997934,0.987578
0.993827,1.002105,0.987578,0.983229
0.993789,0.983193,0.983229,1.010661
0.991667,0.997863,1.010661,1.008439
1.006303,1.008565,1.008439,1.0
1.004175,1.002123,1.0,0.997908
0.997921,1.006356,0.997908,0.993711
0.991667,0.991579,0.993711,0.993671
0.997899,0.995754,0.993671,0.989384
0.995789,0.985075,0.989384,1.012876
1.008457,1.004329,1.012876,0.995763
0.993711,1.008621,0.995763,1.0
1.006329,1.0,1.0,0.997872
0.993711,0.995726,0.997872,0.987207
1.0,0.991416,0.987207,0.982721
0.983122,0.980519,0.982721,1.002198
0.982833,1.0,1.002198,1.0
1.004367,0.99117,1.0,1.006579
1.0,1.011136,1.006579,1.015251
1.019565,1.011013,1.015251,0.997854
1.0,1.008715,0.997854,0.984946
1.004264,0.989201,0.984946,1.032751
1.019108,1.0,1.032751,1.008457
1.00625,1.028384,1.008457,1.014675
1.00207,1.002123,1.014675,1.002066
1.010331,1.016949,1.002066,1.014433
1.00818,1.0125,1.014433,0.997967
1.002028,1.002058,0.997967,0.959267
0.987854,0.963039,0.959267,1.006369
0.981557,1.0,1.006369,1.006329
1.0,1.004264,1.006329,0.976939
0.995825,0.987261,0.976939,1.012876
1.010482,1.0,1.012876,0.989407
0.983402,0.997849,0.989407,0.995717
0.985232,0.991379,0.995717,1.002151
1.002141,1.006522,1.002151,1.01073
1.008547,0.991361,1.01073,0.989384
0.993644,1.010893,0.989384,1.030043
1.025586,1.0,1.030043,1.004167
1.008316,1.025862,1.004167,0.997925
1.0,1.002101,0.997925,1.010395
1.004124,1.004193,1.010395,1.004115
1.002053,1.008351,1.004115,1.014344
1.016393,1.006211,1.014344,0.99798
1.004032,1.010288,0.99798,0.991903
0.995984,0.991853,0.991903,1.0
0.993952,1.0,1.0,1.0
0.997972,0.997947,1.0,1.0
0.997967,0.985597,1.0,0.989796
0.995927,1.006263,0.989796,1.0
1.002045,1.002075,1.0,1.0
0.993878,0.995859,1.0,1.006186
1.002053,0.993763,1.006186,0.987705
0.997951,1.006276,0.987705,1.006224
1.0,1.002079,1.006224,1.004124
1.008214,1.0,1.004124,1.014374
1.022403,1.008299,1.014374,1.004049
0.994024,1.006173,1.004049,1.006048
1.004008,1.01227,1.006048,1.002004
1.003992,1.006061,1.002004,0.998
1.0,1.002008,0.998,0.98998
0.992048,0.981964,0.98998,0.991903
0.991984,0.997959,0.991903,0.997959
0.99596,0.993865,0.997959,0.993865
0.989858,0.985597,0.993865,1.006173
1.004098,1.012526,1.006173,1.0
1.0,0.997938,1.0,0.993865
1.004082,1.002066,0.993865,1.006173
0.995935,0.997938,1.006173,1.006135
1.010204,1.008264,1.006135,1.010163
1.006061,1.006148,1.010163,1.004024
1.006024,1.010183,1.004024,1.01002
1.011976,1.008065,1.01002,0.998016
1.001972,1.002,0.998016,0.998012
1.001969,0.998004,0.998012,1.001992
0.992141,0.994,1.001992,0.988072
0.99604,0.997988,0.988072,1.008048
1.001988,1.0,1.008048,1.015968
1.015873,1.012097,1.015968,1.0
1.0,1.00996,1.0,1.001965
0.998047,0.996055,1.001965,1.005882
1.009785,1.009901,1.005882,0.998051
0.996124,0.996078,0.998051,1.009766
1.007782,0.996063,1.009766,1.009671
1.013514,1.021739,1.009671,1.011494
1.009524,1.003868,1.011494,1.011364
1.007547,1.009634,1.011364,0.979401
0.994382,0.998092,0.979401,1.0
1.0,0.998088,1.0,1.001912
0.996234,1.0,1.001912,0.98855
0.994329,0.982759,0.98855,0.994208
0.98289,0.992203,0.994208,0.994175
1.0,1.005894,0.994175,1.007812
1.005803,1.003906,1.007812,1.005814
1.015385,1.003891,1.005814,1.003854
0.99053,0.986434,1.003854,0.998081
1.003824,1.017682,0.998081,0.984615
0.992381,0.986486,0.984615,1.013672
0.998081,0.988258,1.013672,0.990366
0.998077,1.015842,0.990366,0.992218
0.998073,0.992203,0.992218,1.007843
0.996139,1.0,1.007843,0.998054
1.003876,1.003929,0.998054,0.988304
0.992278,0.990215,0.988304,1.009862
1.0,0.998024,1.009862,0.990234
1.001946,1.00198,0.990234,0.998028
0.98835,0.996047,0.998028,1.007905
1.005894,1.003968,1.007905,1.003922
1.003906,1.005929,1.003922,1.0
1.003891,1.003929,1.0,0.974609
0.994186,0.972603,0.974609,0.995992
0.982456,1.0,0.995992,0.987928
0.986111,0.985915,0.987928,1.010183
1.0,1.006122,1.010183,0.993952
1.004024,0.997972,0.993952,1.014199
1.008016,1.002033,1.014199,1.008
1.011928,1.006085,1.008,1.001984
0.996071,1.010081,1.001984,0.966337
0.988166,0.964072,0.966337,1.014344
0.99002,1.008282,1.014344,1.0
1.006048,1.010267,1.0,0.99596
0.995992,0.985772,0.99596,1.0
1.0,1.0,1.0,0.995943
0.995976,1.002062,0.995943,1.004073
0.99798,1.002058,1.004073,0.995943
1.004049,1.00616,0.995943,0.997963
0.993952,0.997959,0.997963,0.993878
0.993915,0.993865,0.993878,1.010267
1.010204,1.002058,1.010267,1.0
1.0,1.00616,1.0,1.004065
1.006061,1.004082,1.004065,1.010121
1.006024,1.002033,1.010121,1.014028
1.00998,1.008114,1.014028,0.980237
0.982213,0.965795,0.980237,1.008065
1.018109,1.025,1.008065,0.998
0.992095,1.00813,0.998,0.991984
0.994024,0.987903,0.991984,0.99798
1.004008,1.004082,0.99798,0.995951
0.998004,0.997967,0.995951,1.006098
0.994,1.002037,1.006098,0.989899
0.995976,0.993902,0.989899,0.985714
0.989899,0.985685,0.985714,1.0
0.995918,1.0,1.0,1.00207
0.995902,0.995851,1.00207,0.995868
0.995885,1.002083,0.995868,0.989627
0.993802,0.987526,0.989627,1.014675
1.010395,1.004211,1.014675,1.006198
1.00823,1.008386,1.006198,1.004107
1.0,1.006237,1.004107,1.002045
1.004082,1.002066,1.002045,0.995918
0.995935,1.0,0.995918,1.0
1.002041,1.0,1.0,0.997951
0.995927,0.995876,0.997951,0.98768
0.99591,0.995859,0.98768,0.985447
0.98768,0.981289,0.985447,0.99789
0.991684,1.0,0.99789,0.995772
0.995807,0.991525,0.995772,0.989384
0.989474,0.991453,0.989384,1.01073
1.017021,1.002155,1.01073,1.0
0.98954,1.008602,1.0,0.991507
0.993658,0.991471,0.991507,0.991435
0.995745,0.991398,0.991435,0.99784
0.997863,1.002169,0.99784,0.980519
0.978587,0.978355,0.980519,0.99117
1.0,0.984513,0.99117,1.004454
0.986871,0.973034,1.004454,1.0
1.02439,1.04157,1.0,1.006652
0.984848,0.986696,1.006652,0.997797
1.002198,1.013483,0.997797,1.011038
1.008772,0.997783,1.011038,0.99345
1.006522,1.011111,0.99345,1.004396
0.991361,1.002198,1.004396,1.0
1.0,1.0,1.0,0.982495
0.991285,0.980263,0.982495,0.991091
0.993407,0.991051,0.991091,1.006742
0.995575,0.997743,1.006742,1.002232
1.002222,1.011312,1.002232,1.026726
1.02439,1.002237,1.026726,0.989154
0.997835,1.008929,0.989154,0.986842
0.984816,0.99115,0.986842,1.008889
1.013216,1.008929,1.008889,1.011013
1.0,0.997788,1.011013,0.995643
1.0,1.006652,0.995643,0.991247
0.995652,0.995595,0.991247,0.99117
0.9869,0.986726,0.99117,1.002227
1.0,0.997758,1.002227,1.008889
1.006637,1.011236,1.008889,1.002203
1.006593,1.004444,1.002203,1.004396
1.00655,1.006637,1.004396,0.991247
0.984816,0.991209,0.991247,1.002208
1.002203,0.993348,1.002208,0.988987
1.0,1.002232,0.988987,1.004454
1.0,0.995546,1.004454,0.991131
0.989011,0.997763,0.991131,1.002237
1.0,0.997758,1.002237,1.011161
1.011111,1.002247,1.011161,0.980132
0.993407,0.995516,0.980132,0.997748
0.995575,0.986486,0.997748,0.979684
0.986667,0.988584,0.979684,1.009217
0.993243,1.002309,1.009217,0.993151
1.0,0.997696,0.993151,1.004598
0.997732,0.997691,1.004598,1.006865
1.022727,1.011574,1.006865,1.002273
0.984444,1.004577,1.002273,1.024943
1.038375,1.006834,1.024943,1.015487
1.006522,1.00905,1.015487,1.002179
0.99568,1.013453,1.002179,1.004348
1.002169,1.006637,1.004348,1.004329
1.006494,1.006593,1.004329,1.002155
1.002151,1.002183,1.002155,0.997849
1.006438,1.006536,0.997849,0.982759
0.991471,0.97619,0.982759,1.004386
0.989247,1.006652,1.004386,1.015284
1.015217,1.004405,1.015284,1.019355
1.017131,1.015351,1.019355,1.0
1.006316,1.019438,1.0,1.012658
1.006276,1.002119,1.012658,1.0
1.010395,1.006342,1.0,1.004167
0.997942,1.004202,1.004167,1.006224
1.004124,1.004184,1.006224,1.010309
1.00616,1.002083,1.010309,0.993878
1.004082,1.010395,0.993878,1.004107
1.0,1.0,1.004107,0.993865
0.995935,0.995885,0.993865,1.004115
1.002041,1.002066,1.004115,1.0
1.0,1.002062,1.0,0.971311
0.991853,0.971193,0.971311,1.008439
0.989733,1.006356,1.008439,1.016736
1.014523,1.006316,1.016736,0.995885
0.993865,1.008368,0.995885,0.981405
0.995885,0.981328,0.981405,1.002105
0.991736,1.0,1.002105,0.991597
1.0,0.997886,0.991597,0.997881
0.989583,0.995763,0.997881,0.993631
1.0,0.995745,0.993631,1.008547
0.995789,0.995726,1.008547,1.006356
1.012685,1.008584,1.006356,0.995789
0.995825,1.004255,0.995789,0.995772
1.004193,0.995763,0.995772,1.004246
0.991649,1.0,1.004246,0.991543
0.995789,0.987234,0.991543,1.017058
1.033827,1.012931,1.017058,0.995807
0.98364,1.008511,0.995807,1.016842
1.010395,1.00211,1.016842,0.991718
0.997942,1.006316,0.991718,0.995825
0.993814,0.995816,0.995825,0.997904
0.997925,0.997899,0.997904,1.002101
0.995842,0.997895,1.002101,0.991614
0.997912,0.99789,0.991614,0.995772
1.0,0.991543,0.995772,0.991507
0.987448,0.995736,0.991507,0.993576
0.997881,0.989293,0.993576,1.00431
0.991507,0.993506,1.00431,0.991416
0.995717,0.976035,0.991416,0.987013
0.995699,1.013393,0.987013,0.991228
0.993521,0.991189,0.991228,1.002212
0.98913,0.995556,1.002212,1.006623
1.006593,1.006696,1.006623,0.995614
0.99345,0.995565,0.995614,0.991189
0.997802,0.997773,0.991189,1.004444
0.997797,0.997768,1.004444,0.997788
1.00883,1.006711,0.997788,1.006652
1.002188,1.002222,1.006652,0.991189
1.002183,0.993348,0.991189,1.017778
1.004357,1.004464,1.017778,1.015284
1.010846,1.011111,1.015284,1.019355
1.027897,1.013187,1.019355,1.008439
1.002088,1.021692,1.008439,0.997908
1.0,1.006369,0.997908,1.0
1.0,0.995781,1.0,1.0
1.0,1.006356,1.0,1.0
1.0,1.0,1.0,1.014675
1.010417,0.993684,1.014675,0.993802
1.0,1.016949,0.993802,1.008316
1.016495,1.002083,1.008316,1.006186
0.993915,1.006237,1.006186,0.971311
1.002041,0.979339,0.971311,1.006329
0.977597,1.00211,1.006329,0.993711
0.997917,0.995789,0.993711,1.023207
1.014614,1.004228,1.023207,1.008247
1.014403,1.014737,1.008247,0.99591
0.995943,1.004149,0.99591,0.989733
0.989817,0.987603,0.989733,1.012448
1.00823,1.006276,1.012448,1.010246
1.008163,1.006237,1.010246,0.991886
1.002024,1.008264,0.991886,0.993865
0.987879,0.993852,0.993865,0.99177
0.993865,0.989691,0.99177,1.006224
1.0,0.997917,1.006224,0.997938
1.002058,1.004175,0.997938,1.006198
1.0,1.004158,1.006198,0.995893
1.008214,1.00207,0.995893,1.006186
0.995927,1.0,1.006186,0.997951
1.0,0.997934,0.997951,0.995893
0.99591,1.00207,0.995893,1.006186
1.002053,1.0,1.006186,1.002049
1.008197,1.008264,1.002049,1.00409
1.004065,1.0,1.00409,0.99389
0.993927,1.0,0.99389,0.995902
0.995927,0.995902,0.995902,1.006173
1.00409,1.0,1.006173,0.989775
0.997963,0.993827,0.989775,0.993802
0.987755,0.993789,0.993802,0.993763
0.995868,0.99375,0.993763,1.0
0.997925,1.0,1.0,0.997908
0.997921,0.991614,0.997908,0.995807
0.991667,1.0,0.995807,1.006316
1.006303,1.002114,1.006316,0.995816
1.012526,1.0,0.995816,0.995798
0.997938,0.995781,0.995798,1.00211
0.987603,1.004237,1.00211,0.997895
0.995816,0.99789,0.997895,0.991561
0.997899,0.991543,0.991561,1.004255
0.997895,1.002132,1.004255,0.997881
1.0,0.997872,0.997881,0.997877
1.0,1.0,0.997877,1.0
1.0,1.002132,1.0,1.008511
1.00211,1.002128,1.008511,1.0
1.004211,1.004246,1.0,1.00211
0.997904,0.993658,1.00211,1.016842
1.014706,1.008511,1.016842,0.991718
0.993789,1.0,0.991718,0.987474
0.997917,0.995781,0.987474,0.987315
0.989562,0.989407,0.987315,1.014989
1.00211,1.0,1.014989,0.991561
0.995789,1.002141,0.991561,1.012766
1.006342,1.0,1.012766,0.995798
1.0,1.00641,0.995798,0.99789
0.997899,1.0,0.99789,0.989429
0.995789,0.991507,0.989429,1.012821
1.004228,1.002141,1.012821,0.995781
0.997895,1.004274,0.995781,1.004237
1.00211,0.997872,1.004237,0.99789
1.0,1.006397,0.99789,1.008457
1.021053,1.0,1.008457,1.008386
0.995876,1.006356,1.008386,0.995842
0.99793,1.004211,0.995842,1.0
0.997925,1.002096,1.0,0.995825
1.002079,0.997908,0.995825,0.991614
0.993776,0.989518,0.991614,1.006342
0.995825,1.0,1.006342,1.0
1.0,1.002119,1.0,0.997899
0.997904,1.0,0.997899,0.991579
0.997899,0.993658,0.991579,0.995754
0.993684,0.993617,0.995754,0.997868
0.995763,1.0,0.997868,0.985043
1.002128,0.987152,0.985043,0.995662
0.983015,0.991323,0.995662,0.982571
0.993521,0.982495,0.982571,1.004435
0.991304,1.004454,1.004435,0.993377
0.993421,0.993348,0.993377,1.004444
1.0,1.002232,1.004444,1.004425
1.002208,1.006682,1.004425,0.991189
1.0,0.995575,0.991189,0.997778
0.993392,0.995556,0.997778,0.997773
1.0,0.997768,0.997773,1.004464
1.0,1.0,1.004464,1.006667
1.006652,1.002237,1.006667,0.993377
0.997797,1.0,0.993377,0.997778
0.993377,0.997768,0.997778,1.0
1.002222,1.002237,1.0,0.988864
0.991131,0.991071,0.988864,1.004505
1.002237,1.0,1.004505,1.006726
1.006696,1.004505,1.006726,1.0
1.0,1.0,1.0,0.991091
0.995565,0.982063,0.991091,1.0
0.997773,1.011416,1.0,0.993258
0.993304,0.995485,0.993258,1.004525
0.997753,1.0,1.004525,0.995495
0.997748,1.0,0.995495,1.013575
1.013544,1.002268,1.013575,1.004464
1.002227,1.011312,1.004464,1.002222
1.002222,1.002237,1.002222,1.004435
1.004435,1.004464,1.004435,0.997792
1.0,0.997778,0.997792,0.933628
0.940397,0.939866,0.933628,0.99763
0.992958,0.995261,0.99763,1.0
0.997636,0.995238,1.0,0.990499
0.99763,0.995215,0.990499,1.007194
1.002375,1.0,1.007194,0.995238
0.99763,1.002404,0.995238,1.0
0.997625,1.0,1.0,1.004785
1.002381,1.002398,1.004785,0.997619
0.997625,0.997608,0.997619,0.99284
0.992857,0.98801,0.99284,0.987981
1.002398,0.995146,0.987981,0.997567
0.988038,0.997561,0.997567,0.987805
0.992736,0.99022,0.987805,0.990123
0.990244,0.982716,0.990123,1.004988
0.995074,1.007538,1.004988,0.992556
1.0,0.995012,0.992556,1.005
0.997525,1.002506,1.005,0.997512
1.0,0.9975,0.997512,1.004988
1.002481,1.002506,1.004988,0.995037
0.997525,0.9975,0.995037,0.982544
0.992556,0.984962,0.982544,0.98731
0.985,0.989822,0.98731,0.994859
0.992386,0.994859,0.994859,1.0
0.994885,0.997416,1.0,1.015504
1.010283,1.002591,1.015504,1.0
1.007634,1.010336,1.0,1.010178
1.005051,1.005115,1.010178,1.007557
1.01005,1.010178,1.007557,1.0025
1.002488,1.005038,1.0025,1.0
1.0,1.002506,1.0,1.002494
1.002481,1.0,1.002494,1.0
0.997525,0.9975,1.0,1.004975
1.007444,1.005013,1.004975,1.00495
1.002463,1.004988,1.00495,0.997537
1.0,1.002481,0.997537,1.002469
1.0,0.997525,1.002469,1.0
1.002457,1.004963,1.0,0.992611
0.997549,0.992593,0.992611,0.997519
0.990172,0.995025,0.997519,1.002488
1.002481,1.0025,1.002488,1.002481
1.0,0.995012,1.002481,1.00495
1.00495,1.002506,1.00495,0.992611
1.0,1.0025,0.992611,0.995037
0.995074,0.990025,0.995037,0.992519
0.990099,1.0,0.992519,1.0
1.0,1.0,1.0,1.01005
1.0075,1.002519,1.01005,0.997512
0.997519,1.005025,0.997512,1.009975
1.007463,1.0,1.009975,0.992593
0.997531,1.0025,0.992593,0.99005
0.99505,0.987531,0.99005,0.979899
0.99005,0.979798,0.979899,0.994872
0.979899,0.994845,0.994872,1.002577
1.002564,1.002591,1.002577,1.030848
1.030691,1.005168,1.030848,0.990025
0.995037,1.017995,0.990025,0.992443
0.990025,0.989899,0.992443,0.997462
0.997481,0.997449,0.997462,1.0
1.0,1.002558,1.0,1.015267
1.012626,1.002551,1.015267,0.987469
0.995012,1.002545,0.987469,0.989848
0.989975,0.989848,0.989848,1.0
0.992405,0.994872,1.0,0.994872
0.994898,0.994845,0.994872,0.997423
1.0,0.997409,0.997423,0.994832
0.992308,0.992208,0.994832,0.994805
0.997416,1.0,0.994805,1.002611
1.0,1.0,1.002611,1.020833
1.036269,1.002618,1.020833,1.015306
0.995,1.018277,1.015306,1.0
1.002513,1.010256,1.0,1.020101
1.017544,1.005076,1.020101,1.0
1.0,1.015152,1.0,1.002463
1.004926,1.0,1.002463,1.017199
1.017157,1.00995,1.017199,1.002415
1.004819,1.014778,1.002415,1.007229
1.002398,1.0,1.007229,1.0
1.004785,1.009709,1.0,1.002392
1.002381,1.0,1.002392,0.99284
0.997625,1.0,0.99284,1.004808
1.0,0.992788,1.004808,0.997608
1.0,1.007264,0.997608,0.997602
0.997619,0.997596,0.997602,1.0
0.997613,0.992771,1.0,0.992788
1.0,0.995146,0.992788,1.0
0.990431,1.002439,1.0,1.0
1.0,0.997567,1.0,1.0
1.0,1.002439,1.0,1.014528
1.014493,1.004866,1.014528,1.01432
1.011905,1.009685,1.01432,0.995294
1.0,1.009592,0.995294,1.004728
1.0,0.995249,1.004728,1.002353
1.004706,1.00716,1.002353,1.004695
1.002342,1.0,1.004695,1.002336
1.007009,1.00237,1.002336,1.004662
1.00464,1.007092,1.004662,1.00232
1.002309,0.997653,1.00232,0.990741
0.995392,1.007059,0.990741,0.976636
0.993056,0.974299,0.976636,1.004785
0.979021,0.990408,1.004785,1.002381
1.002381,1.0,1.002381,0.988124
1.0,1.0,0.988124,1.002404
0.992874,0.992736,1.002404,0.995204
0.995215,1.004878,0.995204,1.0
1.004808,1.004854,1.0,1.00241
0.997608,0.995169,1.00241,1.004808
1.004796,1.004854,1.004808,1.002392
1.002387,1.004831,1.002392,0.99284
1.0,0.997596,0.99284,1.002404
0.995238,0.992771,1.002404,1.0
1.0,1.002427,1.0,1.0
1.0,1.002421,1.0,1.019185
1.019139,1.002415,1.019185,1.009412
1.014085,1.019277,1.009412,1.002331
1.009259,1.01182,1.002331,1.009302
1.0,1.004673,1.009302,1.002304
1.002294,1.006977,1.002304,1.006897
1.004577,1.002309,1.006897,0.990868
1.0,0.995392,0.990868,1.036866
1.031891,1.002315,1.036866,1.0
1.004415,1.032333,1.0,1.004444
1.006593,1.006711,1.004444,1.002212
0.995633,1.002222,1.002212,1.0
0.993421,0.991131,1.0,0.97351
0.997792,0.98434,0.97351,1.002268
0.986726,1.002273,1.002268,1.036199
1.033632,0.997732,1.036199,1.0
0.995662,1.029545,1.0,0.984716
1.0,0.995585,0.984716,1.004435
0.993464,1.0,1.004435,1.015453
1.015351,1.004435,1.015453,1.021739
1.030238,1.024283,1.021739,1.006383
0.993711,1.008621,1.006383,0.983087
1.0,0.987179,0.983087,0.989247
0.985232,0.989177,0.989247,1.004348
0.995717,1.002188,1.004348,1.002165
0.997849,1.0,1.002165,1.025918
1.028017,1.00655,1.025918,0.995789
1.002096,1.019523,0.995789,0.987315
0.993724,0.985106,0.987315,0.987152
0.981053,0.984881,0.987152,1.008677
1.002146,1.010965,1.008677,0.993548
0.997859,0.989154,0.993548,1.006494
1.015021,1.0,1.006494,1.008602
0.995772,1.013158,1.008602,1.010661
1.029724,1.012987,1.010661,0.989451
0.981443,1.002137,0.989451,1.021322
1.008403,1.0,1.021322,0.997912
1.0,1.012793,0.997912,1.025105
1.025,1.002105,1.025105,1.014286
1.020325,1.027311,1.014286,1.016097
1.005976,1.01227,1.016097,1.005941
1.027723,1.020202,1.005941,0.98622
0.982659,0.988119,0.98622,1.001996
0.992157,0.997996,1.001996,0.974104
0.994071,0.973896,0.974104,1.002045
0.982107,1.004124,1.002045,0.995918
1.004049,1.002053,0.995918,0.991803
0.989919,0.987705,0.991803,0.993802
0.989817,0.987552,0.993802,0.970894
0.983539,0.970588,0.970894,0.989293
0.974895,0.995671,0.989293,1.0
1.0,1.0,1.0,0.991342
1.006438,0.993478,0.991342,1.010917
0.989339,1.002188,1.010917,1.017279
1.032328,1.00655,1.017279,0.997877
0.995825,1.008677,0.997877,0.97234
0.983229,0.976344,0.97234,1.021882
1.004264,1.004405,1.021882,1.0
1.0,1.019737,1.0,0.978587
0.989384,0.974194,0.978587,1.004376
0.98927,1.002208,1.004376,0.997821
1.0,1.002203,0.997821,0.997817
1.006508,1.002198,0.997817,1.0
0.987069,0.995614,1.0,1.006565
1.00655,1.002203,1.006565,1.019565
1.023861,1.006593,1.019565,0.970149
0.989407,0.991266,0.970149,1.006593
0.993576,1.002203,1.006593,1.026201
1.017241,1.006593,1.026201,1.0
1.008475,1.019651,1.0,1.002128
0.991597,0.995717,1.002128,1.016985
1.019068,1.021505,1.016985,0.977035
0.997921,0.983158,0.977035,1.0
0.99375,0.997859,1.0,0.974359
0.974843,0.967811,0.974359,1.004386
0.987097,1.011086,1.004386,1.0
1.002179,1.0,1.0,1.0131
1.01087,1.002193,1.0131,1.006466
1.017204,1.017505,1.006466,1.0
0.989429,0.984946,1.0,1.0
1.00641,1.019651,1.0,0.997859
0.993631,0.993576,0.997859,1.004292
1.004274,1.00431,1.004292,1.002137
1.0,1.002146,1.002137,1.002132
1.004255,1.002141,1.002132,0.995745
0.997881,0.995726,0.995745,0.980769
0.995754,0.980687,0.980769,0.993464
0.987207,0.997812,0.993464,1.026316
1.012959,1.0,1.026316,1.002137
1.002132,1.02193,1.002137,0.991471
1.0,0.995708,0.991471,1.0
1.0,0.991379,1.0,1.006452
0.997872,1.004348,1.006452,0.99359
1.002132,1.006494,0.99359,1.012903
1.006383,1.0,1.012903,1.019108
1.023256,1.015054,1.019108,1.0
0.995868,1.010593,1.0,0.997917
0.997925,1.002096,0.997917,1.012526
1.010395,1.002092,1.012526,1.0
1.004115,1.008351,1.0,1.0
1.0,1.0,1.0,0.993814
0.993852,0.995859,0.993814,0.987552
0.993814,0.985447,0.987552,1.0
0.993776,1.00211,1.0,1.010504
1.006263,1.0,1.010504,1.018711
1.020747,1.008421,1.018711,1.0
1.006098,1.018789,1.0,0.995918
0.993939,0.995902,0.995918,0.997951
0.995935,0.997942,0.997951,0.98768
0.993878,0.987629,0.98768,0.993763
1.0,0.993737,0.993763,1.002092
0.989733,1.0,1.002092,1.014614
1.010373,1.004202,1.014614,0.995885
1.004107,1.008368,0.995885,0.995868
0.993865,0.997925,0.995868,0.995851
0.997942,0.997921,0.995851,1.002083
0.993814,0.997917,1.002083,0.995842
1.0,0.995825,0.995842,0.997912
0.995851,1.0,0.997912,0.993724
0.997917,0.995807,0.993724,0.997895
1.002088,0.993684,0.997895,0.985232
0.983333,0.942797,0.985232,1.004283
0.993644,1.035955,1.004283,0.987207
1.0,1.004338,0.987207,1.00432
0.995736,1.0,1.00432,0.989247
0.995717,0.991361,0.989247,0.980435
0.991398,0.976035,0.980435,0.904656
0.91974,0.9,0.904656,0.970588
0.964623,0.985,0.970588,1.007576
0.98044,0.989848,1.007576,1.005013
1.009975,1.007692,1.005013,1.017456
1.017284,1.025445,1.017456,1.017157
1.009709,1.009926,1.017157,1.036145
1.036058,1.007371,1.036145,1.009302
1.009281,1.034146,1.009302,1.0
1.006897,1.004717,1.0,1.004608
0.997717,1.007042,1.004608,1.022936
1.029748,1.002331,1.022936,0.986547
0.986667,1.009302,0.986547,1.002273
0.997748,1.002304,1.002273,0.995465
0.997743,1.0,0.995465,1.029613
1.029412,1.002299,1.029613,0.99115
0.989011,1.016055,0.99115,0.988839
1.002222,0.997743,0.988839,1.006772
0.995565,0.979638,1.006772,0.979821
0.988864,1.006928,0.979821,0.993135
0.986486,0.988532,0.993135,1.004608
0.997717,0.988399,1.004608,0.997706
0.997712,1.007042,0.997706,0.997701
1.009174,1.004662,0.997701,0.995392
0.986364,0.990719,0.995392,0.990741
1.0,1.0,0.990741,1.002336
0.995392,0.995316,1.002336,0.981352
0.986111,0.981176,0.981352,1.016627
1.011737,1.007194,1.016627,1.002336
0.99768,1.011905,1.002336,1.006993
1.016279,1.007059,1.006993,1.002315
0.997712,1.004673,1.002315,1.009238
1.006881,1.0,1.009238,0.995423
1.0,1.004651,0.995423,0.993103
0.997722,0.997685,0.993103,0.997685
0.993151,0.99536,0.997685,1.0
0.997701,0.990676,1.0,1.011601
1.006912,1.009412,1.011601,1.0
1.0,1.009324,1.0,0.997706
1.006865,1.002309,0.997706,0.995402
0.995455,0.997696,0.995402,1.006928
1.03653,0.995381,1.006928,0.993119
0.960352,0.99768,0.993119,0.990762
0.997706,0.997674,0.990762,1.0
0.990805,0.995338,1.0,0.997669
1.00232,0.997658,0.997669,0.995327
0.99537,0.99061,0.995327,1.00939
1.002326,1.009479,1.00939,0.995349
1.0,1.0,0.995349,0.990654
0.993039,0.995305,0.990654,0.997642
0.997664,0.995283,0.997642,1.004728
0.995316,0.99763,1.004728,0.997647
1.007059,1.004751,0.997647,1.011792
1.004673,1.0,1.011792,1.0
1.002326,1.007092,1.0,1.002331
1.0,1.004695,1.002331,1.0
1.00232,1.0,1.0,1.053488
1.064815,1.004673,1.053488,0.986755
0.978261,1.027907,0.986755,0.991051
0.995556,0.997738,0.991051,1.020316
1.022321,1.0,1.020316,0.986726
0.991266,1.00907,0.986726,1.0
0.993392,1.0,1.0,0.986547
0.995565,0.988764,0.986547,1.002273
0.988864,0.997727,1.002273,1.002268
1.0,1.002278,1.002268,0.984163
0.995495,0.981818,0.984163,0.995402
0.988688,1.0,0.995402,0.988453
0.990847,0.981481,0.988453,1.0
0.990762,1.004717,1.0,1.004673
1.013986,1.004695,1.004673,0.997674
0.988506,0.992991,0.997674,1.002331
1.0,1.002353,1.002331,0.993023
1.0,1.0,0.993023,1.021077
1.016279,1.004695,1.021077,0.990826
1.006865,1.007009,0.990826,0.983796
0.984091,0.983759,0.983796,1.002353
0.988453,1.002358,1.002353,1.0
1.009346,1.0,1.0,1.002347
0.990741,1.0,1.002347,1.007026
1.007009,1.0,1.007026,0.993023
0.99768,1.002353,0.993023,1.0
1.004651,1.0,1.0,0.990632
0.986111,0.992958,0.990632,0.995272
1.0,0.990544,0.995272,1.0
0.997653,1.002387,1.0,1.014252
1.011765,1.004762,1.014252,1.002342
0.997674,1.004739,1.002342,1.0
1.004662,1.004717,1.0,1.009346
1.006961,1.002347,1.009346,0.997685
1.002304,1.002342,0.997685,1.0
0.993103,0.995327,1.0,0.99536
1.0,1.002347,0.99536,1.006993
1.002315,1.0,1.006993,0.997685
1.002309,1.007026,0.997685,1.006961
1.004608,0.997674,1.006961,1.0
1.0,1.006993,1.0,0.986175
0.990826,0.988426,0.986175,1.007009
1.0,1.0,1.007009,1.00232
1.006944,1.002342,1.00232,1.013889
1.009195,1.004673,1.013889,0.990868
0.997722,1.004651,0.990868,1.009217
1.002283,1.00463,1.009217,1.006849
1.006834,0.997696,1.006849,1.011338
1.011312,1.013857,1.011338,0.988789
0.997763,1.004556,0.988789,0.99093
0.995516,0.988662,0.99093,1.004577
1.0,1.0,1.004577,1.004556
0.997748,1.006881,1.004556,0.993197
0.997743,0.995444,0.993197,1.022831
1.0181,1.004577,1.022831,0.997768
1.004444,1.01139,0.997768,0.997763
0.993363,1.0,0.997763,0.995516
0.995546,0.997748,0.995516,1.002252
0.997763,0.997743,1.002252,0.993258
1.002242,1.0,0.993258,1.004525
0.995526,0.995475,1.004525,0.984234
0.993258,0.990909,0.984234,0.997712
0.99095,0.997706,0.997712,0.990826
0.995434,0.993103,0.990826,0.990741
0.995413,0.990741,0.990741,0.997664
0.990783,0.995327,0.997664,0.990632
0.995349,0.988263,0.990632,0.997636
0.992991,1.002375,0.997636,0.938389
0.997647,0.900474,0.938389,1.05303
0.988208,1.076316,1.05303,0.992806
0.997613,1.002445,0.992806,1.0
0.995215,1.004878,1.0,0.985507
0.997596,0.98301,0.985507,1.012255
1.004819,1.007407,1.012255,0.990315
0.997602,1.002451,0.990315,1.012225
0.997596,0.997555,1.012225,0.992754
0.995181,0.997549,0.992754,0.990268
0.992736,0.987715,0.990268,1.002457
0.997561,0.985075,1.002457,0.982843
0.99022,1.007576,0.982843,0.992519
0.992593,0.992481,0.992519,0.992462
0.995025,0.994949,0.992462,1.002532
0.9925,1.0,1.002532,1.012626
1.012594,1.002538,1.012626,0.997506
1.0,1.002532,0.997506,0.9925
0.997512,0.997475,0.9925,0.992443
0.987531,0.989873,0.992443,0.997462
0.994949,0.992327,0.997462,0.992366
0.997462,1.005155,0.992366,1.005128
1.0,1.0,1.005128,1.010204
1.007634,1.005128,1.010204,0.989899
0.997475,0.997449,0.989899,1.0
0.997468,0.997442,1.0,0.997449
0.994924,0.997436,0.997449,1.005115
1.005102,1.005141,1.005115,1.007634
1.007614,1.005115,1.007634,0.994949
0.994962,1.0,0.994949,0.997462
0.994937,0.992366,0.997462,1.005089
1.007634,1.005128,1.005089,1.012658
1.017677,1.0,1.012658,0.995
0.995037,1.012755,0.995,1.002513
1.007481,1.0,1.002513,1.002506
0.992574,1.002519,1.002506,1.0025
1.0,1.002513,1.0025,0.987531
1.0,0.989975,0.987531,1.015152
1.007481,1.0,1.015152,0.992537
1.0,1.007595,0.992537,0.992481
0.987624,0.994975,0.992481,0.982323
0.992481,0.979798,0.982323,0.994859
0.984848,0.992268,0.994859,0.997416
0.997436,1.0,0.997416,1.007772
1.0,0.994805,1.007772,0.992288
0.997429,1.002611,0.992288,0.994819
0.997423,0.994792,0.994819,1.0
0.992248,0.997382,1.0,0.997396
1.0,1.0,0.997396,1.005222
1.007812,1.0,1.005222,0.994805
0.997416,1.005249,0.994805,0.986945
0.992228,0.984334,0.986945,1.0
0.989556,0.997347,1.0,1.0
1.002639,0.99734,1.0,1.010582
1.023684,1.010667,1.010582,0.997382
0.982005,0.992084,0.997382,1.002625
1.002618,1.007979,1.002625,0.997382
1.0,1.0,0.997382,0.992126
0.992167,0.994723,0.992126,1.0
1.002632,1.0,1.0,1.02381
1.018373,1.0,1.02381,1.005168
1.007732,1.02122,1.005168,0.994859
0.997442,1.0,0.994859,1.005168
1.002564,1.007792,1.005168,1.007712
1.01023,0.997423,1.007712,1.017857
1.017722,1.01292,1.017857,1.002506
1.007463,1.015306,1.002506,1.005
1.0,1.005025,1.005,1.0
0.995062,1.0,1.0,0.982587
1.002481,0.985,0.982587,1.010127
0.990099,0.997462,1.010127,1.010025
1.0175,1.012723,1.010025,1.0
0.992629,1.007538,1.0,1.012407
1.012376,1.0,1.012407,0.995098
0.997555,1.009975,0.995098,0.997537
0.997549,0.995062,0.997537,0.987654
0.995086,0.992556,0.987654,1.005
0.995062,0.9975,1.005,0.992537
1.0,1.0,0.992537,0.997494
0.990074,0.992481,0.997494,0.992462
1.002506,0.997475,0.992462,1.005063
0.995,0.997468,1.005063,0.997481
0.997487,1.002538,0.997481,1.0
1.002519,0.997468,1.0,1.002525
1.002513,1.002538,1.002525,1.002519
1.002506,1.002532,1.002519,1.0
0.9975,0.997475,1.0,0.994975
1.0,1.0,0.994975,0.997475
0.992481,0.992405,0.997475,0.997468
1.002525,1.005102,0.997468,1.0
0.997481,0.997462,1.0,1.005076
1.007576,1.002545,1.005076,1.002525
0.994987,1.002538,1.002525,1.007557
1.010076,1.002532,1.007557,0.995
0.997506,1.002525,0.995,0.997487
0.9975,1.0,0.997487,1.005038
1.002506,1.0,1.005038,1.002506
1.0,1.002519,1.002506,0.9975
1.0,0.997487,0.9975,1.0
0.9975,1.0,1.0,1.002506
1.002506,1.0,1.002506,1.0025
1.005,1.005038,1.0025,1.002494
1.0,1.002506,1.002494,1.0
1.004975,1.0025,1.0,1.0
1.0,1.0,1.0,1.00995
1.00495,1.002494,1.00995,0.997537
1.002463,1.007463,0.997537,0.995062
0.997543,0.990123,0.995062,1.004963
1.0,1.004988,1.004963,0.992593
0.997537,0.997519,0.992593,1.012438
1.007407,1.0,1.012438,0.995086
1.002451,1.007463,0.995086,1.009877
1.0,1.0,1.009877,1.00978
1.012225,1.004938,1.00978,1.0
1.004831,1.009828,1.0,1.0
0.997596,1.002433,1.0,1.007264
1.004819,1.0,1.007264,1.007212
1.004796,1.007282,1.007212,0.990453
0.997613,0.995181,0.990453,0.99759
0.992823,0.997579,0.99759,0.992754
1.0,0.995146,0.992754,1.007299
1.0,0.997561,1.007299,0.995169
1.00241,1.00489,0.995169,1.0
0.992788,0.997567,1.0,0.995146
1.0,0.997561,0.995146,1.002439
0.997579,1.002445,1.002439,1.0
1.0,1.0,1.0,1.004866
1.004854,1.002439,1.004866,1.0
1.0,1.0,1.0,1.0
1.0,1.0,1.0,1.009685
1.007246,1.004866,1.009685,1.004796
1.004796,1.007264,1.004796,1.002387
1.002387,1.004808,1.002387,1.004762
1.004762,1.0,1.004762,0.995261
1.00237,1.0,0.995261,0.921429
0.919622,0.923445,0.921429,1.007752
1.007712,1.0,1.007752,1.0
1.0,1.005181,1.0,1.007692
1.002551,1.005155,1.007692,1.0
1.002545,1.002564,1.0,0.994911
0.997462,0.997442,0.994911,0.997442
0.997455,0.997436,0.997442,1.0
0.994898,0.997429,1.0,1.0
1.002564,1.0,1.0,1.007692
1.007673,1.002577,1.007692,1.015267
1.015228,1.010283,1.015267,1.007519
1.005,1.015267,1.007519,1.034826
1.042289,1.010025,1.034826,1.0
0.997613,1.027295,1.0,0.987981
0.997608,0.987923,0.987981,1.009732
0.995204,1.00489,1.009732,1.0
1.012048,1.004866,1.0,1.004819
0.995238,1.004843,1.004819,1.002398
1.002392,1.0,1.002398,0.990431
0.99284,0.995181,0.990431,0.987923
0.997596,0.987893,0.987923,1.0
0.990361,0.997549,1.0,1.007335
1.004866,1.004914,1.007335,0.995146
0.997579,1.0,0.995146,1.007317
1.002427,1.0,1.007317,0.992736
1.0,1.0,0.992736,1.002439
1.0,0.997555,1.002439,1.0
1.0,1.002451,1.0,0.997567
0.997579,0.997555,0.997567,0.997561
0.997573,1.0,0.997561,0.99511
0.995134,0.990196,0.99511,1.0
0.997555,1.002475,1.0,0.995086
1.0,0.997531,0.995086,1.002469
0.997549,1.0,1.002469,0.995074
0.997543,1.0,0.995074,0.990099
0.997537,0.987624,0.990099,1.005
0.995062,0.997494,1.005,0.997512
1.0,1.005025,0.997512,1.014963
1.009926,1.0025,1.014963,1.009828
1.014742,1.012469,1.009828,1.004866
1.002421,1.009852,1.004866,1.007264
1.007246,1.007317,1.007264,0.997596
1.0,1.002421,0.997596,0.990361
0.992806,0.990338,0.990361,1.0
1.002415,1.0,1.0,1.004866
0.995181,1.0,1.004866,0.997579
1.0,1.0,0.997579,0.997573
1.004843,1.0,0.997573,1.0
0.995181,1.0,1.0,1.0
1.0,0.995122,1.0,1.002433
1.0,1.004902,1.002433,0.98301
0.997579,0.985366,0.98301,1.0
0.995146,1.0,1.0,1.014815
1.004878,1.0,1.014815,0.997567
1.002427,1.012376,0.997567,1.002439
1.0,0.99511,1.002439,0.992701
0.997579,1.002457,0.992701,0.997549
0.995146,0.995098,0.997549,1.004914
1.0,0.997537,1.004914,1.0
1.0,1.007407,1.0,0.99511
0.997561,0.995098,0.99511,0.992629
0.99511,0.995074,0.992629,1.00495
1.0,1.0,1.00495,1.0
1.002457,1.0,1.0,1.004926
1.007353,1.002475,1.004926,1.0
0.997567,1.0,1.0,1.002451
1.0,1.002469,1.002451,0.992665
0.995122,0.997537,0.992665,1.0
0.997549,1.0,1.0,1.0
1.0,1.0,1.0,0.997537
0.997543,0.995062,0.997537,0.985185
0.995074,0.987593,0.985185,1.012531
1.0,1.002513,1.012531,1.007426
1.009901,1.010025,1.007426,1.004914
1.007353,1.002481,1.004914,1.022005
1.03163,1.012376,1.022005,0.990431
0.985849,1.012225,0.990431,1.004831
0.995215,0.995169,1.004831,0.992788
1.002404,1.0,0.992788,1.0
0.995204,0.997573,1.0,1.002421
1.009639,1.0,1.002421,1.014493
1.004773,1.009732,1.014493,1.033333
1.057007,1.019277,1.033333,0.993088
0.970787,1.004728,0.993088,0.99768
1.016204,1.011765,0.99768,1.016279
0.997722,0.993023,1.016279,0.981693
1.011416,1.002342,0.981693,0.979021
0.970655,0.978972,0.979021,0.997619
0.97907,0.995227,0.997619,0.995227
0.995249,0.992806,0.995227,1.01199
1.011933,1.002415,1.01199,1.004739
1.009434,1.00241,1.004739,1.009434
1.002336,1.016827,1.009434,1.016355
1.016317,1.009456,1.016355,1.009195
1.018349,1.01171,1.009195,1.070615
1.065315,1.016204,1.070615,1.019149
1.046512,1.066059,1.019149,1.058455
1.046465,1.004274,1.058455,0.974359
1.003861,1.038298,0.974359,1.048583
1.0,1.006148,1.048583,1.1
1.096154,1.05499,1.1,1.07193
1.080702,1.067568,1.07193,0.903437
1.0,0.994575,0.903437,1.021739
0.931818,0.94,1.021739,0.968085
0.989547,1.044487,0.968085,0.996337
0.982394,0.998148,0.996337,0.974265
0.967742,0.96475,0.974265,1.064151
1.048148,1.013462,1.064151,1.053191
1.074205,1.055028,1.053191,0.969697
0.986842,1.02518,0.969697,1.057292
1.025,1.001754,1.057292,1.082102
1.089431,1.057793,1.082102,0.949924
1.0,1.028146,0.949924,0.945687
0.943284,0.938808,0.945687,1.067568
1.004747,1.020583,1.067568,1.025316
1.023622,1.048739,1.025316,0.990741
1.053846,1.0,0.990741,1.023364
0.973723,1.009615,1.023364,1.024353
1.028486,1.019048,1.024353,1.028232
1.023324,1.038941,1.028232,0.985549
1.02849,1.011994,0.985549,0.972141
0.940443,0.965926,0.972141,0.957768
0.986745,0.966258,0.957768,1.007874
1.010448,0.987302,1.007874,0.976562
0.942393,0.988746,0.976562,0.9888
0.984326,1.0,0.9888,1.024272
1.019108,1.00813,1.024272,1.034755
1.023438,1.01129,1.034755,1.01374
1.024427,1.036683,1.01374,0.900602
0.935917,0.92,0.900602,0.993311
0.969745,0.9699,0.993311,1.055556
1.039409,1.013793,1.055556,0.988836
0.99842,1.037415,0.988836,1.001613
1.004747,1.011475,1.001613,0.990338
0.976378,0.982172,0.990338,0.978862
0.995161,0.975248,0.978862,0.991694
0.980551,1.001692,0.991694,0.984925
0.978512,0.981419,0.984925,0.994898
1.003378,1.001721,0.994898,0.969231
0.974747,0.972509,0.969231,1.024691
1.005181,1.0,1.024691,0.984509
1.013746,1.008834,0.984509,0.986014
1.022034,0.985989,0.986014,0.973404
0.935323,0.964476,0.973404,1.005464
0.989362,0.985267,1.005464,1.01087
1.007168,1.020561,1.01087,0.996416
0.996441,1.010989,0.996416,0.996403
0.994643,0.987319,0.996403,1.009025
1.016158,1.016514,1.009025,0.998211
0.989399,0.998195,0.998211,1.003584
1.008929,1.007233,1.003584,0.989286
0.99469,0.991023,0.989286,1.025271
1.012456,0.996377,1.025271,1.001761
1.00703,1.025455,1.001761,1.00703
1.001745,1.003546,1.00703,0.965096
0.993031,0.973498,0.965096,0.994575
0.97193,0.99274,0.994575,0.972727
0.98917,0.974406,0.972727,1.007477
0.987226,1.001876,1.007477,1.057514
1.057301,1.001873,1.057514,0.977193
0.987762,1.039252,0.977193,1.012567
1.012389,1.003597,1.012567,1.035461
1.038462,1.017921,1.035461,0.994863
1.005051,1.014085,0.994863,1.010327
0.9866,1.005208,1.010327,1.010221
1.010187,1.01209,1.010221,1.030354
1.028571,1.011945,1.030354,0.988543
1.0,1.011804,0.988543,1.011589
1.013072,0.998333,1.011589,1.011457
1.001613,1.023372,1.011457,0.993528
1.011272,0.993475,0.993528,0.973941
0.977707,0.978654,0.973941,1.0
0.988599,0.983221,1.0,1.001672
0.996705,1.011945,1.001672,1.033389
1.02314,1.015177,1.033389,0.98546
1.022617,1.006645,0.98546,1.008197
0.976303,1.0033,1.008197,0.993496
1.001618,0.993421,0.993496,1.001637
0.990307,1.0,1.001637,1.026144
1.026101,1.019868,1.026144,1.012739
1.011129,1.00487,1.012739,1.003145
1.025157,1.017771,1.003145,1.017241
0.998466,1.006349,1.017241,1.070878
1.081413,1.047319,1.070878,0.994245
0.994318,1.019578,0.994245,1.018813
1.042857,1.008863,1.018813,1.022727
0.987671,1.014641,1.022727,0.998611
1.023578,1.023088,0.998611,0.951321
0.982385,0.960508,0.951321,1.010234
0.955862,0.983847,1.010234,1.013025
1.012987,1.026866,1.013025,0.985714
1.0,1.0,0.985714,0.972464
0.974359,0.959302,0.972464,1.040238
1.020468,1.019697,1.040238,1.022923
1.067335,1.037147,1.022923,0.977591
0.950336,0.988539,0.977591,0.981375
0.988701,0.991304,0.981375,1.007299
0.987143,0.991228,1.007299,0.949275
0.997106,0.961652,0.949275,0.992366
0.982583,0.980061,0.992366,0.983077
0.967504,0.995305,0.983077,1.01252
0.992366,1.001572,1.01252,1.01391
1.012308,1.0,1.01391,1.004573
1.006079,1.020408,1.004573,1.010622
1.02719,1.009231,1.010622,0.990991
0.991176,0.998476,0.990991,0.974242
0.980712,0.975573,0.974242,0.981337
0.972769,0.985915,0.981337,1.030111
1.017107,0.996825,1.030111,0.998462
1.007645,1.02707,0.998462,1.0
0.98786,0.996899,1.0,1.027735
1.026114,1.013997,1.027735,1.023988
1.023952,1.027607,1.023988,1.002928
1.00731,1.007463,1.002928,0.986861
0.997097,0.992593,0.986861,0.940828
0.988355,0.946269,0.940828,1.001572
0.982327,0.974763,1.001572,1.050235
1.007496,1.024272,1.050235,0.998505
1.001488,1.039494,0.998505,0.995509
0.998514,0.99696,0.995509,1.040602
1.03869,1.007622,1.040602,0.995665
1.017192,1.025719,0.995665,1.069666
1.039437,1.011799,1.069666,0.985075
1.01084,1.039359,0.985075,0.986226
0.970509,0.998597,0.986226,0.98743
0.994475,0.983146,0.98743,1.005658
0.9875,1.0,1.005658,0.970464
1.001406,0.982857,0.970464,0.991304
0.981742,0.976744,0.991304,1.023392
1.011445,1.019345,1.023392,0.957143
0.984441,0.970803,0.957143,0.953731
0.969828,0.957895,0.953731,1.032864
0.979259,0.989011,1.032864,1.030303
1.028744,1.047619,1.030303,0.988235
1.026471,1.015152,0.988235,0.964286
0.972779,0.932836,0.964286,1.021605
0.998527,0.976,1.021605,1.077039
1.053097,1.07377,1.077039,0.903226
0.945378,0.981679,0.903226,1.03882
1.022222,0.945568,1.03882,0.940209
0.975362,1.021382,0.940209,1.079491
1.010401,1.048309,1.079491,1.1
1.098529,1.013825,1.1,0.915663
0.997323,1.018182,0.915663,1.02924
0.997315,0.946429,1.02924,1.011364
1.006729,1.050314,1.011364,0.95927
0.941176,1.007485,0.95927,0.980966
0.96875,0.967311,0.980966,1.008955
1.004399,1.012289,1.008955,0.986686
1.00146,0.990895,0.986686,0.998501
0.979592,1.01072,0.998501,0.992492
0.994048,0.995455,0.992492,0.984871
0.991018,0.986301,0.984871,0.99232
0.983384,0.992284,0.99232,1.010836
1.004608,1.00311,1.010836,0.98928
1.001529,1.0,0.98928,0.922601
0.984733,0.903876,0.922601,1.031879
0.95814,1.001715,1.031879,0.998374
0.995146,1.041096,0.998374,0.982085
0.998374,0.983553,0.982085,1.001658
0.990228,0.989967,1.001658,1.024834
1.024671,1.005068,1.024834,1.0
0.995185,1.026891,1.0,0.978998
0.996774,0.986907,0.978998,0.993399
0.987055,0.993367,0.993399,1.006645
0.998361,1.001669,1.006645,1.018152
1.01642,1.0,1.018152,0.988655
0.995153,1.011667,0.988655,0.985246
0.983766,0.988468,0.985246,1.001664
1.0,0.991667,1.001664,0.995017
0.99505,1.005042,0.995017,0.989983
0.993367,0.983278,0.989983,0.964587
1.0,0.965986,0.964587,0.991259
0.961603,0.96831,0.991259,0.987654
0.993056,1.016364,0.987654,0.978571
0.986014,0.974955,0.978571,0.9
0.957447,0.904587,0.9,0.933063
0.92963,0.926978,0.933063,1.052174
0.974104,0.997812,1.052174,1.061983
1.059305,1.041667,1.061983,1.0
0.996139,1.065263,1.0,1.005837
1.003876,0.978261,1.005837,1.087041
1.092664,1.028283,1.087041,1.053381
1.070671,1.058939,1.053381,0.912162
0.945545,1.001855,0.912162,1.012963
0.965096,0.972222,1.012963,1.005484
1.001808,1.024762,1.005484,1.007273
1.01083,1.007435,1.007273,0.98917
1.0,1.009225,0.98917,1.012774
1.008929,0.97989,1.012774,0.992793
0.99646,1.020522,0.992793,1.005445
0.996448,0.97989,1.005445,0.983755
0.991087,1.016791,0.983755,0.99633
0.98741,0.992661,0.99633,0.990792
0.98725,0.979667,0.990792,1.007435
1.00738,1.011321,1.007435,0.976015
0.989011,0.985075,0.976015,0.996219
0.987037,0.992424,0.996219,1.003795
0.996248,0.998092,1.003795,0.992439
0.998117,0.998088,0.992439,0.984762
0.986792,0.98659,0.984762,1.001934
1.0,1.001942,1.001934,1.019305
1.01912,1.01938,1.019305,1.007576
1.0,1.003802,1.007576,1.022556
1.031895,1.007576,1.022556,0.996324
0.990909,1.011278,0.996324,0.990775
0.994495,0.996283,0.990775,1.011173
1.001845,0.996269,1.011173,1.005525
1.014733,1.016854,1.005525,1.001832
1.001815,1.001842,1.001832,1.001828
0.992754,0.994485,1.001828,1.00365
1.025547,1.007394,1.00365,1.007273
1.001779,1.001835,1.007273,1.00361
0.989343,1.007326,1.00361,1.003597
1.012567,1.009091,1.003597,0.989247
0.987589,0.987387,0.989247,0.994565
0.994614,0.99635,0.994565,0.998179
0.994585,1.001832,0.998179,1.0
1.0,1.0,1.0,0.990876
0.99637,0.990859,0.990876,0.983425
0.990893,0.983395,0.983425,1.031835
1.020221,1.0,1.031835,1.025408
1.037838,1.028143,1.025408,1.00885
0.993056,1.016423,1.00885,1.045614
1.075175,1.037702,1.045614,0.991611
0.973984,1.00692,0.991611,0.99154
0.989983,0.993127,0.99154,0.982935
0.991568,0.991349,0.982935,0.989583
0.986395,0.993019,0.989583,1.001754
0.989655,0.987698,1.001754,1.003503
1.017422,1.016014,1.003503,1.0
0.994863,0.994746,1.0,1.00349
0.991394,1.003521,1.00349,1.0
1.003472,1.001754,1.0,0.993043
0.99827,0.996497,0.993043,1.001751
0.993068,0.996485,1.001751,1.01049
1.013962,1.005291,1.01049,1.00173
1.005164,1.014035,1.00173,0.982729
0.998288,0.967128,0.982729,1.01406
0.996569,1.014311,1.01406,0.984402
0.994836,0.991182,0.984402,1.049296
1.043253,1.003559,1.049296,1.033557
1.038143,1.042553,1.033557,0.959416
0.972843,1.001701,0.959416,0.989848
0.977011,0.986418,0.989848,0.982906
0.981513,0.986231,0.982906,1.010435
1.001712,1.001745,1.010435,0.994836
1.013675,1.005226,0.994836,0.987889
0.974705,0.980936,0.987889,1.019264
1.010381,0.996466,1.019264,0.986254
1.003425,1.014184,0.986254,1.0
0.986348,1.0,1.0,1.006969
1.00519,1.003497,1.006969,1.00692
1.027539,1.001742,1.00692,1.017182
0.99665,1.005217,1.017182,0.993243
0.996639,1.010381,0.993243,1.003401
1.006745,1.0,1.003401,1.0
0.9933,0.998288,1.0,1.0
0.998314,1.006861,1.0,0.979661
1.001689,0.982964,0.979661,1.00346
0.98145,0.996534,1.00346,0.998276
0.998282,0.996522,0.998276,0.998273
1.0,1.005236,0.998273,0.968858
0.994836,0.967014,0.968858,0.996429
0.979239,0.987433,0.996429,1.010753
0.996466,1.010909,1.010753,0.973404
0.994681,0.983813,0.973404,1.009107
1.003565,0.996344,1.009107,0.956679
0.980462,0.970642,0.956679,0.99434
0.972826,0.994329,0.99434,0.986717
0.994413,0.986692,0.986717,1.001923
0.979401,0.976879,1.001923,0.976967
0.99044,0.998028,0.976967,0.990177
0.982625,0.992095,0.990177,1.021825
1.019646,1.005976,1.021825,0.98835
0.992293,1.0,0.98835,0.988212
1.003883,0.99604,0.988212,1.003976
0.982592,0.996024,1.003976,1.00396
1.0,1.0,1.00396,0.960552
0.996063,0.972056,0.960552,0.991786
0.974308,0.977413,0.991786,0.983437
0.977688,0.991597,0.983437,1.012632
1.006224,1.0,1.012632,0.977131
0.989691,0.987288,0.977131,1.006383
0.991667,1.004292,1.006383,0.989429
0.989496,0.991453,0.989429,1.00641
1.004246,1.008621,1.00641,0.995754
0.997886,1.0,0.995754,0.985075
0.985169,0.974359,0.985075,1.02381
1.023656,1.015351,1.02381,1.0
0.995798,1.010799,1.0,0.997886
1.00211,1.00641,0.997886,0.993644
0.995789,0.993631,0.993644,1.01919
1.023256,1.004274,1.01919,0.98954
0.987603,0.997872,0.98954,1.0
0.995816,1.002132,1.0,0.966173
0.993697,0.965957,0.966173,1.010941
0.985201,1.006608,1.010941,0.980519
0.98927,0.962801,0.980519,1.00883
0.997831,1.022727,1.00883,1.028446
1.023913,1.011111,1.028446,1.002128
1.004246,1.026374,1.002128,1.027601
1.033827,1.002141,1.027601,0.993802
0.99182,1.023504,0.993802,0.995842
0.993814,0.979123,0.995842,0.995825
0.993776,1.004264,0.995825,0.997904
1.008351,1.008493,0.997904,1.0
0.989648,0.991579,1.0,1.008403
1.016736,1.008493,1.008403,1.002083
0.993827,1.002105,1.002083,1.010395
1.010352,1.006303,1.010395,1.002058
1.002049,1.010438,1.002058,0.997947
1.002045,1.002066,0.997947,1.00823
1.010204,1.002062,1.00823,0.997959
0.99798,1.004115,0.997959,0.997955
0.993927,0.995902,0.997955,0.989754
0.991853,0.99177,0.989754,1.00207
0.995893,1.0,1.00207,0.995868
1.002062,0.995851,0.995868,0.997925
0.995885,0.997917,0.997925,1.018711
1.014463,1.006263,1.018711,0.989796
1.0,1.002075,0.989796,0.997938
0.98778,0.991718,0.997938,1.002066
1.002062,1.002088,1.002066,0.995876
0.997942,1.004167,0.995876,0.989648
1.0,0.991701,0.989648,0.995816
0.985567,0.991632,0.995816,1.008403
1.008368,1.004219,1.008403,0.995833
0.995851,1.0,0.995833,1.008368
1.0125,1.006303,1.008368,1.002075
0.997942,1.002088,1.002075,1.0
1.0,1.002083,1.0,0.989648
0.993814,0.991684,0.989648,1.0
0.995851,0.997904,1.0,0.983264
0.997917,0.976891,0.983264,0.997872
0.985386,1.006452,0.997872,1.002132
0.997881,0.997863,1.002132,0.997872
0.997877,0.997859,0.997872,1.002132
1.0,1.002146,1.002132,0.995745
1.002128,1.002141,0.995745,1.004274
1.002123,1.0,1.004274,0.997872
0.995763,0.997863,0.997872,1.010661
1.010638,1.004283,1.010661,0.995781
0.997895,1.002132,0.995781,1.004237
1.00211,1.0,1.004237,0.989451
1.0,0.997872,0.989451,0.991471
0.989474,0.989339,0.991471,1.008602
1.002128,1.0,1.008602,1.002132
1.002123,1.00431,1.002132,0.997872
0.995763,1.0,0.997872,1.0
1.0,1.002146,1.0,1.002132
1.002128,1.0,1.002132,0.997872
1.0,1.002141,0.997872,1.0
0.995754,0.995726,1.0,1.002132
1.004264,1.002146,1.002132,1.002128
1.002123,1.002141,1.002128,1.006369
1.004237,1.004274,1.006369,1.00211
1.004219,1.006383,1.00211,1.002105
1.002101,1.002114,1.002105,1.002101
1.0,1.0,1.002101,1.002096
1.004193,1.004219,1.002096,1.004184
1.002088,1.0,1.004184,1.016667
1.020833,1.006303,1.016667,0.997951
0.995918,1.012526,0.997951,1.0
0.997951,1.0,1.0,1.00616
1.008214,1.002062,1.00616,1.006122
1.00611,1.006173,1.006122,1.004057
1.006073,1.00818,1.004057,0.991919
0.997988,0.989858,0.991919,0.991853
0.991935,0.997951,0.991853,1.008214
0.997967,0.997947,1.008214,0.997963
1.002037,1.002058,0.997963,0.997959
0.995935,1.002053,0.997959,1.002045
1.002041,1.0,1.002045,1.004082
1.004073,1.002049,1.004082,1.004065
1.006085,1.00409,1.004065,1.006073
1.002016,1.0,1.006073,1.008048
1.008048,1.010183,1.008048,0.99002
1.001996,0.989919,0.99002,1.006048
0.994024,1.00611,1.006048,1.002004
1.002004,1.006073,1.002004,1.002
1.002,1.002012,1.002,0.948104
0.9501,0.945783,0.948104,1.002105
1.002101,1.006369,1.002105,1.008403
1.010482,1.00211,1.008403,1.002083
0.997925,1.006316,1.002083,1.0
1.002079,1.002092,1.0,1.0
1.0,1.0,1.0,0.987526
0.997925,0.991649,0.987526,1.010526
1.002079,1.0,1.010526,1.03125
1.03527,1.010526,1.03125,1.022222
1.03006,1.035417,1.022222,0.990119
0.988327,1.006036,0.990119,1.015968
1.003937,1.002,1.015968,1.017682
1.017647,1.015968,1.017682,0.990347
1.0,1.001965,0.990347,0.984405
0.988439,0.988235,0.984405,1.00396
0.996101,0.998016,1.00396,0.990138
0.992172,0.994036,0.990138,1.001992
1.001972,1.002,1.001992,1.00994
1.003937,1.0,1.00994,0.994094
0.998039,0.988024,0.994094,0.99604
0.992141,1.012121,0.99604,1.005964
1.00396,1.001996,1.005964,1.005929
1.005917,1.003984,1.005929,1.0
1.0,1.003968,1.0,0.994106
0.998039,0.996047,0.994106,0.994071
0.996071,0.994048,0.994071,1.003976
0.998028,1.001996,1.003976,1.005941
1.003953,1.003984,1.005941,1.003937
1.007874,1.005952,1.003937,1.001961
1.0,1.001972,1.001961,1.015656
1.021484,1.003937,1.015656,1.030829
1.024857,1.017647,1.030829,1.020561
1.033582,1.028902,1.020561,0.97619
0.987365,0.990637,0.97619,0.992495
0.974406,0.992439,0.992495,0.994329
0.996248,0.99619,0.994329,1.001901
0.992467,1.0,1.001901,1.003795
1.00759,1.001912,1.003795,1.009452
1.007533,1.005725,1.009452,0.996255
0.998131,1.003795,0.996255,1.00188
1.003745,1.00189,1.00188,0.988743
0.996269,0.992453,0.988743,0.994307
0.988764,0.990494,0.994307,1.003817
0.998106,1.005758,1.003817,1.001901
1.001898,1.0,1.001901,1.005693
1.00947,1.003817,1.005693,1.0
1.001876,1.0,1.0,1.001887
0.994382,1.005703,1.001887,0.998117
1.003766,0.99811,0.998117,0.996226
0.996248,0.998106,0.996226,1.0
0.996234,0.996205,1.0,0.996212
1.00189,1.0,0.996212,0.980989
0.988679,0.979048,0.980989,1.001938
0.98855,1.001946,1.001938,0.992263
0.998069,0.994175,0.992263,1.007797
1.0,1.001953,1.007797,0.996132
0.998066,1.0,0.996132,1.003883
1.005814,1.001949,1.003883,1.007737
1.007707,1.005837,1.007737,1.003839
1.001912,1.005803,1.003839,0.986616
1.0,0.990385,0.986616,1.005814
0.990458,0.996117,1.005814,0.992293
0.998073,1.001949,0.992293,1.003883
1.001931,1.001946,1.003883,1.001934
1.003854,1.001942,1.001934,1.005792
1.001919,1.005814,1.005792,1.0
1.0,1.0,1.0,0.994242
0.996169,0.99422,0.994242,0.996139
0.998077,0.994186,0.996139,1.0
0.99422,1.0,1.0,0.996124
1.001938,0.998051,0.996124,1.005837
1.0,1.0,1.005837,1.001934
1.007737,1.007812,1.001934,1.0
0.996161,1.0,1.0,1.003861
1.001927,1.001938,1.003861,1.015385
1.019231,1.005803,1.015385,1.001894
0.998113,1.009615,1.001894,0.992439
1.0,0.998095,0.992439,0.99619
0.992439,0.994275,0.99619,1.005736
1.007619,1.001919,1.005736,1.0
0.996219,1.0,1.0,1.005703
1.005693,1.005747,1.005703,0.994329
0.996226,0.998095,0.994329,1.005703
1.003788,1.0,1.005703,0.992439
1.001887,0.998092,0.992439,1.0
0.992467,1.0,1.0,1.009524
1.009488,1.005736,1.009524,0.99434
0.996241,0.990494,0.99434,1.00759
1.003774,1.013436,1.00759,1.001883
1.0,1.0,1.001883,1.00188
1.003759,1.001894,1.00188,0.996248
1.0,0.99811,0.996248,1.0
0.996255,1.0,1.0,1.0
0.99812,1.001894,1.0,0.996234
1.0,0.99811,0.996234,1.005671
1.00565,1.0,1.005671,1.007519
1.003745,1.003788,1.007519,1.007463
1.024254,1.009434,1.007463,0.998148
0.985428,1.0,0.998148,1.03154
1.029575,1.011215,1.03154,1.005396
1.034111,1.027726,1.005396,1.007156
0.984375,1.0,1.007156,0.989343
1.0,0.998201,0.989343,1.003591
0.992945,1.0,1.003591,1.010733
1.015986,1.0,1.010733,1.0
0.996503,1.007207,1.0,0.99115
0.992982,0.994633,0.99115,0.991071
0.987633,0.991007,0.991071,1.003604
0.998211,1.00363,1.003604,1.028725
1.030466,1.003617,1.028725,0.99651
1.015652,1.014414,0.99651,0.982487
0.97774,0.991119,0.982487,1.0
0.998249,1.0,1.0,0.964349
0.980702,0.964158,0.964349,0.994455
0.971377,0.992565,0.994455,1.001859
0.996317,1.001873,1.001859,0.988868
0.998152,0.990654,0.988868,1.007505
1.0,1.003774,1.007505,0.996276
0.998148,1.00188,0.996276,0.996262
0.994434,0.996248,0.996262,1.005629
1.001866,0.996234,1.005629,1.0
1.001862,1.007561,1.0,1.001866
0.998141,1.0,1.001866,1.011173
1.014898,1.007505,1.011173,1.001842
1.0,1.003724,1.001842,1.009191
1.014679,1.005566,1.009191,1.0
0.996383,1.00738,1.0,1.0
0.99637,1.001832,1.0,0.994536
0.998179,0.992687,0.994536,1.001832
1.001825,0.998158,1.001832,1.0
0.998179,1.005535,1.0,1.0
1.00365,1.0,1.0,1.003656
1.0,1.0,1.003656,1.009107
1.012727,1.00367,1.009107,1.012635
1.012567,1.005484,1.012635,1.001783
1.0,1.012727,1.001783,1.0
1.0,1.005386,1.0,1.0
1.003546,0.992857,1.0,0.998221
0.992933,1.003597,0.998221,0.994652
0.998221,0.994624,0.994652,1.012545
1.008913,1.003604,1.012545,1.00531
1.007067,1.014363,1.00531,1.012324
1.012281,1.00531,1.012324,0.989565
1.0,1.0,0.989565,0.994728
0.987868,0.992958,0.994728,0.998233
0.992982,0.996454,0.998233,1.0
1.0,0.994662,1.0,1.00531
1.007067,1.008945,1.00531,1.007042
1.003509,1.005319,1.007042,1.008741
1.015734,1.008818,1.008741,1.003466
0.998279,1.005245,1.003466,1.022453
1.027586,1.005217,1.022453,1.003378
1.005034,1.019031,1.003378,0.986532
0.993322,0.988115,0.986532,1.020478
1.010084,1.003436,1.020478,0.993311
1.001664,1.011986,0.993311,1.005051
0.991694,1.0,1.005051,1.0
1.005025,1.001692,1.0,0.99665
0.995,1.001689,0.99665,0.991597
0.99665,0.989882,0.991597,1.00339
0.996639,1.001704,1.00339,0.994932
1.005059,0.996599,0.994932,1.003396
0.996644,1.005119,1.003396,0.994924
0.994949,0.993209,0.994924,1.0
1.005076,1.001709,1.0,1.010204
1.001684,1.003413,1.010204,0.991582
0.998319,1.001701,0.991582,0.996604
0.994949,0.994907,0.996604,1.001704
0.998308,0.996587,1.001704,1.008503
1.005085,0.996575,1.008503,1.0
1.003373,1.017182,1.0,1.0
0.998319,0.994932,1.0,0.998314
1.008418,1.003396,0.998314,0.994932
0.991653,0.99154,0.994932,0.998302
0.994949,0.998294,0.998302,1.001701
1.001692,1.001709,1.001701,0.98472
0.993243,0.984642,0.98472,1.006897
0.996599,1.003466,1.006897,1.0
0.998294,1.001727,1.0,1.013699
1.015385,1.003448,1.013699,0.998311
0.998316,1.012027,0.998311,1.003384
1.0,1.001698,1.003384,1.0
1.001686,0.989831,1.0,1.001686
1.006734,1.010274,1.001686,1.011785
1.008361,1.010169,1.011785,0.998336
0.998342,1.003356,0.998336,1.003333
1.001661,1.0,1.003333,0.990033
1.001658,0.994983,0.990033,0.989933
0.986755,0.984874,0.989933,1.010169
1.008389,1.003413,1.010169,0.993289
0.991681,1.003401,0.993289,0.993243
0.994966,0.994915,0.993243,1.001701
0.994941,0.991482,1.001701,0.989813
0.99661,1.0,0.989813,0.987993
0.991497,0.987973,0.987993,1.0
0.993139,0.996522,1.0,1.027778
1.02418,1.005236,1.027778,0.996622
1.0,1.015625,0.996622,1.005085
1.005059,1.005128,1.005085,1.008432
1.006711,1.006803,1.008432,0.996656
1.001667,0.993243,0.996656,1.003356
0.998336,1.006803,1.003356,0.988294
0.996667,0.998311,0.988294,0.994924
0.989967,0.99154,0.994924,1.001701
0.998311,0.996587,1.001701,1.008489
1.006768,1.001712,1.008489,0.998316
0.998319,1.006838,0.998316,1.0
1.003367,1.001698,1.0,1.001686
1.0,1.001695,1.001686,1.010101
1.008389,1.005076,1.010101,1.026667
1.026622,1.005051,1.026667,0.998377
1.017828,1.028476,0.998377,0.993496
0.976115,0.985342,0.993496,0.99018
0.995106,0.996694,0.99018,1.003306
0.995082,0.998342,1.003306,0.996705
1.003295,1.0,0.996705,1.009917
1.004926,1.001661,1.009917,1.01473
1.022876,1.013267,1.01473,0.998387
0.996805,1.006547,0.998387,1.01454
1.028846,1.001626,1.01454,1.014331
0.996885,1.017857,1.014331,1.0
1.00625,1.00319,1.0,1.006279
0.998447,1.004769,1.006279,0.99064
1.004666,1.0,0.99064,0.968504
0.982972,0.968354,0.968504,1.003252
0.973228,1.0,1.003252,1.001621
1.012945,1.006536,1.001621,1.0
0.99361,0.991883,1.0,1.004854
1.012862,1.008183,1.004854,1.004831
1.0,1.00487,1.004831,1.004808
0.996825,1.004847,1.004808,0.99681
1.0,0.995177,0.99681,0.9856
0.993631,0.991922,0.9856,0.993506
0.990385,0.986971,0.993506,1.001634
1.001618,1.006601,1.001634,1.006525
1.0,1.004918,1.006525,1.003241
1.001616,1.001631,1.003241,1.012924
1.022581,1.004886,1.012924,1.007974
1.0,1.012966,1.007974,0.998418
1.01735,1.0048,0.998418,1.007924
0.989147,0.998408,1.007924,1.006289
1.009404,1.011164,1.006289,1.00625
1.001553,1.007886,1.00625,0.954969
0.95969,0.954617,0.954969,0.998374
0.996769,1.001639,0.998374,0.995114
0.996759,0.988543,0.995114,0.996727
0.99187,1.0,0.996727,1.0
1.0,1.001656,1.0,1.003284
1.003279,1.001653,1.003284,0.99509
0.998366,1.00165,0.99509,1.019737
1.01964,1.0,1.019737,1.01129
1.019262,1.019769,1.01129,1.004785
1.0,1.01454,1.004785,1.003175
0.998425,0.998408,1.003175,1.031646
1.029968,1.004785,1.031646,0.983129
0.998469,1.006349,0.983129,1.00468
1.0,1.004732,1.00468,1.006211
0.995399,1.006279,1.006211,0.99537
0.998459,1.0,0.99537,1.003101
1.010802,1.00156,1.003101,1.029366
1.022901,1.007788,1.029366,1.015015
1.025373,1.020093,1.015015,0.991124
0.985444,1.009091,0.991124,1.016418
1.007386,0.990991,1.016418,0.989721
1.004399,1.016667,0.989721,1.008902
0.99854,1.004471,1.008902,1.013235
1.016082,1.005935,1.013235,0.995646
1.010072,1.0059,0.995646,1.0
0.985755,0.998534,1.0,0.997085
0.99711,0.995595,0.997085,1.005848
0.998551,1.0,1.005848,0.973837
0.997097,0.986726,0.973837,0.99403
0.979622,0.979073,0.99403,0.992492
0.989599,0.99084,0.992492,1.0
0.993994,1.004622,1.0,1.030257
1.039275,1.018405,1.030257,0.992658
0.989826,1.009036,0.992658,1.0
0.994126,1.0,1.0,0.995562
1.001477,0.989552,0.995562,1.004458
1.0,1.004525,1.004458,1.002959
1.001475,1.010511,1.002959,1.017699
1.017673,1.002972,1.017699,1.007246
1.02026,1.017778,1.007246,1.02446
1.014184,1.011645,1.02446,0.992978
1.013986,1.011511,0.992978,1.005658
0.984828,0.998578,1.005658,0.988748
1.002801,0.994302,0.988748,0.99431
0.980447,0.981375,0.99431,0.979971
1.0,0.99854,0.979971,1.00438
0.987179,0.991228,1.00438,1.026163
1.020202,1.014749,1.026163,0.994334
1.001414,1.015988,0.994334,0.998575
0.997175,1.0,0.998575,1.0
1.005666,0.998569,1.0,0.99572
0.998592,0.994269,0.99572,1.0
0.987306,0.992795,1.0,0.997135
1.0,1.008708,0.997135,0.982759
0.997143,0.982734,0.982759,0.997076
0.982808,0.991215,0.997076,0.986804
1.0,0.992614,0.986804,1.007429
0.992711,0.997024,1.007429,1.001475
1.004405,1.00597,1.001475,1.022091
1.017544,1.005935,1.022091,1.008646
1.015805,1.022124,1.008646,1.012857
1.004243,1.0,1.012857,0.994358
1.0,1.015873,0.994358,0.987234
0.992958,0.984375,0.987234,1.002874
0.992908,0.995671,1.002874,0.998567
1.001429,1.004348,0.998567,1.007174
1.03709,1.007215,1.007174,1.007123
0.973865,1.001433,1.007123,1.004243
1.009887,1.005722,1.004243,0.995775
1.001399,1.002845,0.995775,0.994342
0.993017,0.995745,0.994342,1.014225
1.005626,0.997151,1.014225,0.992987
1.0,1.01,0.992987,1.022599
1.015385,0.997171,1.022599,1.006906
1.004132,1.021277,1.006906,0.987654
0.997257,1.0,0.987654,0.988889
0.994498,0.988889,0.988889,1.005618
0.995851,0.997191,1.005618,0.99162
0.994444,0.997183,0.99162,0.985915
0.990223,0.983051,0.985915,1.02
1.019746,1.007184,1.02,1.015406
1.005533,1.021398,1.015406,0.987586
0.995873,0.997207,0.987586,0.986034
0.993094,0.980392,0.986034,1.001416
0.984701,0.995714,1.001416,0.994342
0.995763,0.995696,0.994342,0.98862
0.994326,0.994236,0.98862,1.007194
1.00428,1.001449,1.007194,1.001429
1.00142,1.008683,1.001429,0.990014
0.997163,0.992826,0.990014,0.979827
0.985775,0.981214,0.979827,1.005882
0.997114,0.997054,1.005882,1.0
0.994211,1.007386,1.0,1.0
0.998544,0.997067,1.0,0.991228
1.0,0.997059,0.991228,1.030973
1.020408,1.001475,1.030973,1.018598
1.021429,1.023564,1.018598,1.0
1.008392,1.015827,1.0,1.035112
1.023578,1.018414,1.035112,0.994573
1.017615,1.004172,0.994573,0.995907
0.981358,0.987535,0.995907,0.984932
0.986431,0.99439,0.984932,0.987483
0.984869,0.992948,0.987483,1.005634
1.001397,1.004261,1.005634,1.0
0.997211,1.002829,1.0,0.977591
0.998601,0.983075,0.977591,1.002865
0.984594,0.992826,1.002865,1.021429
1.02276,1.008671,1.021429,0.998601
1.0,1.012894,0.998601,0.985994
0.991655,0.983027,0.985994,0.992898
0.984572,1.002878,0.992898,1.001431
1.0,0.984218,1.001431,0.99
0.994302,1.008746,0.99,1.01443
1.008596,0.995665,1.01443,0.992888
1.014205,1.011611,0.992888,0.998567
0.983193,0.992826,0.998567,1.017217
1.012821,1.007225,1.017217,1.022567
1.019691,1.014347,1.022567,1.002759
1.02069,1.019802,1.002759,0.995873
0.989189,1.0,0.995873,0.998619
0.991803,0.998613,0.998619,1.023513
1.033058,1.005556,1.023513,1.018919
1.005333,1.015193,1.018919,0.994695
1.019894,1.013605,0.994695,1.006667
0.989597,0.994631,1.006667,1.017219
1.015769,1.012146,1.017219,1.014323
1.034929,1.018667,1.014323,0.994865
0.98625,1.005236,0.994865,0.981935
0.983523,0.988281,0.981935,1.009198
0.996134,1.001318,1.009198,0.988281
1.0,0.994737,0.988281,0.996047
0.984476,0.992063,0.996047,1.029101
1.022339,1.008,1.029101,1.011568
1.020566,1.021164,1.011568,1.002541
1.001259,1.016839,1.002541,1.022814
1.01761,1.0,1.022814,1.019827
1.023486,1.014013,1.019827,1.019441
1.044686,1.036432,1.019441,1.070322
1.040462,1.02303,1.070322,1.012249
1.011111,1.041469,1.012249,0.9967
1.026374,1.013652,0.9967,1.082781
1.054604,1.011223,1.082781,0.985729
1.003046,1.062153,0.985729,0.986556
0.976721,0.968652,0.986556,1.009434
1.020725,1.011866,1.009434,0.988577
0.994924,1.00533,0.988577,0.985294
0.977551,0.989396,0.985294,1.013859
0.995825,0.995713,1.013859,1.012618
1.013627,1.009688,1.012618,0.991693
0.993795,0.996802,0.991693,1.025131
1.021852,1.004278,1.025131,0.960163
0.990835,0.979766,0.960163,0.940426
0.988695,0.947826,0.940426,0.960407
0.9158,0.951835,0.960407,0.984688
0.953462,0.962651,0.984688,0.991627
1.00119,1.020025,0.991627,1.015682
1.023781,1.023313,1.015682,1.007126
0.993031,0.989209,1.007126,1.035377
1.031579,1.052121,1.035377,1.002278
1.001134,1.0,1.002278,0.994318
1.01359,0.998848,0.994318,0.962286
0.976536,0.961938,0.962286,0.986936
0.95881,0.980815,0.986936,0.991576
1.0,1.0,0.991576,0.996359
0.99284,0.982885,0.996359,0.990256
0.995192,1.002488,0.990256,0.99754
0.990338,0.986352,0.99754,1.018496
1.026829,1.026415,1.018496,0.990315
0.986936,0.997549,0.990315,1.008557
0.998797,1.004914,1.008557,0.987879
1.004819,0.993888,0.987879,1.003681
0.994005,1.00123,1.003681,0.986553
0.985525,0.985258,0.986553,0.998761
0.990208,0.996259,0.998761,0.98139
0.996292,0.986233,0.98139,1.015171
0.997519,1.0,1.015171,1.009963
1.012438,1.010152,1.009963,1.0
1.009828,1.013819,1.0,0.991369
0.991484,0.980173,0.991369,0.965174
0.971779,0.965866,0.965174,0.963918
0.974747,0.96466,0.963918,0.995989
0.984456,0.998643,0.995989,0.997315
1.007895,0.995924,0.997315,1.032301
1.022193,1.005457,1.032301,1.01043
1.003831,1.039349,1.01043,0.969032
0.994911,0.97389,0.969032,0.993342
0.960358,0.985255,0.993342,0.989276
1.007989,0.997279,0.989276,0.99729
0.982827,0.994543,0.99729,1.061141
1.053763,1.006859,1.061141,1.017926
1.022959,1.059946,1.017926,0.969811
0.988778,0.987147,0.969811,0.993515
0.991173,0.989583,0.993515,0.956919
0.963104,0.963158,0.956919,0.993179
0.978864,0.987705,0.993179,1.009615
1.002699,1.006916,1.009615,1.008163
1.009421,1.008242,1.008163,0.994602
0.988,0.990463,0.994602,1.008141
1.012146,1.004127,1.008141,1.017497
1.04,1.027397,1.017497,0.988095
0.971795,0.992,0.988095,0.991968
0.990765,0.986559,0.991968,1.009447
0.998668,0.99455,1.009447,0.998663
1.014667,1.012329,0.998663,0.997323
0.985545,0.990528,0.997323,0.985235
0.994667,1.001366,0.985235,1.009537
0.995979,0.991814,1.009537,1.020243
1.028264,1.017882,1.020243,1.003968
0.997382,1.013514,1.003968,0.998682
1.009186,1.001333,0.998682,1.021108
1.016905,1.006658,1.021108,1.002584
1.006394,1.013228,1.002584,1.0
0.997459,1.005222,1.0,0.983247
0.985987,0.987013,0.983247,0.994758
0.988372,0.992105,0.994758,1.018445
1.011765,1.002653,1.018445,0.989651
1.009044,1.006614,0.989651,0.979085
0.976953,0.975033,0.979085,0.983979
0.981651,0.990566,0.983979,0.989145
0.986649,0.989116,0.989145,1.0
0.991881,0.994498,1.0,0.997257
0.994543,0.997234,0.997257,0.991747
0.995885,0.981969,0.991747,0.977809
0.983471,0.992938,0.977809,1.009929
1.002801,1.002845,1.009929,0.994382
1.001397,0.998582,0.994382,1.012712
1.008368,1.007102,1.012712,1.001395
0.993084,0.99859,1.001395,0.993036
1.0,1.002825,0.993036,1.007013
1.009749,1.005634,1.007013,0.979109
0.986207,0.983193,0.979109,0.997155
0.986014,0.988604,0.997155,1.009986
1.005674,1.002882,1.009986,0.997175
0.99859,1.00431,0.997175,1.007082
1.008475,1.002861,1.007082,1.016878
1.015406,1.008559,1.016878,1.0
1.001379,0.997171,1.0,0.983402
0.991736,1.002837,0.983402,0.992968
1.002778,0.998586,0.992968,1.0
0.98615,0.991501,1.0,0.977337
1.0,0.984286,0.977337,0.975362
0.962079,0.95791,0.975362,0.976226
0.976642,0.987879,0.976226,0.977169
0.977578,0.980061,0.977169,1.020249
1.006116,1.007825,1.020249,0.949618
0.993921,0.96118,0.949618,1.016077
0.96789,0.993538,1.016077,1.0
1.014218,1.021138,1.0,1.014241
1.006231,1.003185,1.014241,1.0078
1.010836,1.007937,1.0078,1.05418
1.04441,1.022047,1.05418,0.994126
1.0,1.030817,0.994126,0.994092
1.0,0.982063,0.994092,1.035661
1.029326,1.021309,1.035661,1.001435
0.997151,1.028316,1.001435,0.974212
1.002857,0.973913,0.974212,0.936765
0.923077,0.9375,0.936765,1.00471
1.009259,1.012698,1.00471,0.992187
0.986239,0.989028,0.992187,1.067717
1.062016,1.0,1.067717,1.022124
1.020438,1.061807,1.022124,1.0
1.012876,1.025373,1.0,0.998557
0.987288,0.994178,0.998557,0.998555
1.002861,0.997072,0.998555,0.991317
0.990014,1.001468,0.991317,1.014599
1.010086,0.998534,1.014599,1.008633
1.007133,1.007342,1.008633,0.981455
1.005666,1.001458,0.981455,0.979651
0.966197,0.973799,0.979651,1.013353
1.007289,1.005979,1.013353,1.008785
1.01013,1.010401,1.008785,1.013062
1.001433,1.001471,1.013062,0.981375
0.997139,1.001468,0.981375,1.011679
0.997131,0.998534,1.011679,0.988456
0.997122,1.002937,0.988456,0.973723
0.982684,0.960469,0.973723,1.001499
0.982379,1.0,1.001499,0.983533
0.99701,0.998476,0.983533,1.004566
0.991004,0.98626,1.004566,0.987879
1.012103,1.006192,0.987879,1.021472
0.998505,1.003077,1.021472,1.009009
1.011976,1.016871,1.009009,0.997024
0.994083,1.001508,0.997024,0.998507
1.004464,1.0,0.998507,1.016442
1.023704,1.0,1.016442,1.016176
1.0,1.021084,1.016176,1.005789
1.015919,1.017699,1.005789,0.992806
0.988604,0.994203,0.992806,0.989855
1.001441,0.995627,0.989855,1.007321
1.001439,0.991215,1.007321,1.0
1.0,1.008863,1.0,1.007267
1.0,0.994143,1.007267,0.968254
0.99569,0.985272,0.968254,0.994039
0.972583,0.995516,0.994039,0.998501
0.997033,0.986486,0.998501,0.993994
0.997024,1.001522,0.993994,0.993958
0.998507,0.993921,0.993958,0.993921
0.983558,0.993884,0.993921,1.015291
1.009119,1.007692,1.015291,1.001506
1.009036,1.010687,1.001506,0.993985
0.997015,0.998489,0.993985,1.012103
1.004491,0.996974,1.012103,1.013453
1.017884,1.01214,1.013453,1.010324
1.01757,1.01949,1.010324,1.052555
1.040288,1.0,1.052555,0.984743
0.990318,1.030882,0.984743,1.004225
1.011173,1.008559,1.004225,1.0
0.987569,0.995757,1.0,1.015428
1.023776,1.009943,1.015428,0.957182
0.963115,0.966245,0.957182,0.995671
0.985816,0.991266,0.995671,1.005797
1.004317,1.004405,1.005797,0.962536
0.981375,0.97076,0.962536,1.037425
1.016058,1.006024,1.037425,0.982684
0.99569,1.01497,0.982684,1.007342
1.002886,1.001475,1.007342,0.995627
1.0,0.997054,0.995627,0.985359
0.985612,0.988183,0.985359,1.037147
1.021898,0.99701,1.037147,1.030086
1.035714,1.052474,1.030086,0.968011
0.991724,0.98433,0.968011,1.027299
1.009736,1.008683,1.027299,1.012587
0.998623,1.001435,1.012587,1.005525
1.004138,1.018625,1.005525,0.972527
1.005495,0.987342,0.972527,1.007062
0.990437,1.002849,1.007062,1.002805
0.990345,1.002841,1.002805,0.991608
1.002786,1.0,0.991608,1.011283
1.002778,1.0,1.011283,0.983264
0.990305,0.992918,0.983264,0.992908
0.984615,0.990014,0.992908,0.995714
1.0,1.001441,0.995714,1.0
1.004261,1.0,1.0,0.964132
0.968883,0.958273,0.964132,1.0
0.982482,0.996997,1.0,1.0
1.005944,1.001506,1.0,0.985119
0.992614,0.992481,0.985119,1.007553
0.994048,1.001515,1.007553,0.998501
1.002994,1.0,0.998501,1.015015
1.010448,1.007564,1.015015,0.994083
0.997046,1.003003,0.994083,1.0
0.995556,0.998503,1.0,0.995536
1.0,1.0,0.995536,0.994021
1.0,0.991004,0.994021,1.006015
1.002976,1.004539,1.006015,0.995516
0.997033,1.0,0.995516,1.004505
0.995536,1.001506,1.004505,0.991031
1.004484,0.995489,0.991031,1.003017
0.989583,0.996979,1.003017,1.018045
1.022556,1.013636,1.018045,1.0
0.997059,1.007474,1.0,0.994092
0.9941,0.992582,0.994092,0.986627
0.992582,0.991031,0.986627,0.998494
0.99701,0.996983,0.998494,0.989442
0.992504,0.98941,0.989442,1.004573
0.996979,1.003058,1.004573,1.007587
1.007576,1.006098,1.007587,1.013554
1.018045,1.006061,1.013554,0.982169
0.997046,0.995482,0.982169,1.007564
0.988148,1.0,1.007564,0.992492
1.0,0.998487,0.992492,0.98941
0.995502,0.989394,0.98941,0.978593
0.987952,0.969372,0.978593,0.984375
0.969512,0.979463,0.984375,1.0
0.992138,1.004839,1.0,0.996825
1.001585,0.995185,0.996825,1.001592
1.001582,1.008065,1.001592,1.0
1.00316,1.0048,1.0,1.012719
1.006299,1.003185,1.012719,0.981162
1.0,0.988889,0.981162,1.0016
0.98748,0.998395,1.0016,1.015974
1.009509,0.995177,1.015974,0.996855
1.00471,1.019386,0.996855,1.0
0.995312,0.99683,1.0,1.011041
1.015699,1.007949,1.011041,0.98908
0.989181,0.998423,0.98908,1.003155
0.995312,0.995261,1.003155,0.990566
0.99843,0.998413,0.990566,1.012698
1.006289,0.99841,1.012698,1.004702
1.003125,1.012739,1.004702,1.00624
1.017134,1.001572,1.00624,1.029457
1.019908,1.015699,1.029457,1.004518
1.013514,1.02473,1.004518,0.989505
0.992593,0.989442,0.989505,1.007576
1.001493,1.006098,1.007576,1.004511
1.0,1.004545,1.004511,1.019461
1.019374,1.013575,1.019461,0.994126
1.010234,1.004464,0.994126,1.011817
0.995658,0.994074,1.011817,1.00146
1.007267,1.011923,1.00146,1.030612
1.024531,1.0162,1.030612,0.998586
1.0,1.010145,0.998586,1.0
0.998592,1.0,1.0,0.998584
1.002821,1.004304,0.998584,1.008511
1.007032,1.0,1.008511,0.988748
0.99162,1.0,0.988748,0.972973
0.987324,0.974286,0.972973,1.019006
0.99572,1.008798,1.019006,1.0
1.014327,1.005814,1.0,1.0
0.99435,1.00289,1.0,0.995696
0.99858,0.997118,0.995696,1.001441
0.990043,0.982659,1.001441,1.061871
1.068966,1.025,1.061871,0.974255
0.989247,1.022956,0.974255,1.008345
1.012228,1.002805,1.008345,0.990345
0.977181,1.001399,0.990345,1.022284
1.008242,1.0,1.022284,1.002725
1.02861,1.018156,1.002725,0.991848
0.970861,0.990398,0.991848,1.00411
1.002729,1.004155,1.00411,0.982265
0.993197,0.990345,0.982265,0.959722
0.975342,0.961003,0.959722,1.008683
0.980337,0.991304,1.008683,1.005739
1.011461,1.017544,1.005739,0.991441
0.992918,0.988506,0.991441,1.0
1.001427,1.00436,1.0,1.011511
1.008547,1.002894,1.011511,1.01707
1.009887,1.011544,1.01707,0.998601
1.004196,1.015692,0.998601,1.0
0.998607,0.992978,1.0,0.990196
0.995816,0.998586,0.990196,0.994342
0.992997,0.987252,0.994342,0.972973
0.985896,0.981349,0.972973,0.995614
0.985694,0.994152,0.995614,1.013216
1.007257,1.004412,1.013216,0.988406
0.988473,0.989751,0.988406,1.019062
1.014577,1.008876,1.019062,1.027338
1.027299,1.021994,1.027338,1.002801
1.016783,1.018651,1.002801,1.009777
0.995873,0.992958,1.009777,1.029046
1.030387,1.025532,1.029046,0.991935
1.022788,1.015214,0.991935,0.993225
0.971166,0.99455,0.993225,0.997271
0.993252,0.989041,0.997271,0.989056
1.005435,1.0,0.989056,0.998617
0.97973,0.99446,0.998617,1.020776
1.041379,1.020891,1.020776,1.048847
1.027815,0.997271,1.048847,1.003881
1.011598,1.046512,1.003881,0.978093
0.985987,0.986928,0.978093,1.003953
0.99354,0.996026,1.003953,0.967192
0.992198,0.977394,0.967192,1.002714
0.976409,0.995918,1.002714,1.002706
1.004027,1.001366,1.002706,0.989204
0.990642,0.995907,0.989204,0.99045
0.991903,0.993151,0.99045,1.020661
1.014966,1.001379,1.020661,1.004049
1.00134,1.009642,1.004049,0.961022
0.974565,0.963165,0.961022,0.994406
0.989011,1.001416,0.994406,0.985935
0.984722,0.981612,0.985935,0.984308
0.990127,0.988473,0.984308,1.014493
1.0,1.0,1.014493,0.994286
0.997151,1.001458,0.994286,0.994253
0.997143,1.002911,0.994253,1.014451
1.005731,1.004354,1.014451,0.997151
1.0,1.00578,0.997151,0.988571
1.0,0.994253,0.988571,1.00578
0.995726,1.0,1.00578,1.005747
1.008584,1.004335,1.005747,0.997143
0.994326,1.0,0.997143,0.997135
0.997147,0.995683,0.997135,1.007184
1.005722,1.00578,1.007184,0.997147
0.998578,0.994253,0.997147,1.002861
1.002849,1.007225,1.002861,0.992867
0.997159,0.997131,0.992867,1.00431
0.997151,1.0,1.00431,0.998569
1.001429,1.001439,0.998569,1.004298
1.008559,1.001437,1.004298,1.009986
1.005658,1.002869,1.009986,1.011299
1.016878,1.012876,1.011299,1.0
1.0,1.008475,1.0,1.01676
1.009682,1.005602,1.01676,1.002747
1.00411,1.008357,1.002747,0.993151
0.993179,0.997238,0.993151,0.995862
0.997253,0.993075,0.995862,1.0
1.002755,1.005579,1.0,1.00554
1.0,1.0,1.00554,1.012397
1.012363,1.002774,1.012397,1.014966
1.016282,1.023513,1.014966,1.010724
1.017356,1.002703,1.010724,0.982759
0.992126,0.994609,0.982759,1.004049
0.98545,1.0,1.004049,0.986559
0.998658,0.982385,0.986559,1.00545
1.0,1.006897,1.00545,1.004065
1.002688,1.010959,1.004065,1.004049
0.997319,0.995935,1.004049,1.002688
1.010753,1.009524,1.002688,1.002681
0.994681,1.001348,1.002681,1.004011
1.004011,1.002692,1.004011,0.998668
1.005326,1.004027,0.998668,1.005333
1.0,1.0,1.005333,0.98939
0.996026,0.98262,0.98939,0.991957
0.992021,1.005442,0.991957,0.944595
0.953083,0.943166,0.944595,1.007153
0.994374,1.004304,1.007153,1.018466
1.018388,1.007143,1.018466,1.001395
1.0,1.005674,1.001395,1.0
1.001389,1.009873,1.0,0.993036
0.998613,0.993017,0.993036,1.014025
1.006944,1.0,1.014025,1.002766
1.006897,1.011252,1.002766,0.995862
0.994521,0.998609,0.995862,1.009695
1.006887,1.002786,1.009695,1.010974
1.01368,1.0125,1.010974,1.005427
1.00135,1.004115,1.005427,0.993252
1.004043,1.004098,0.993252,1.001359
0.990604,0.991837,1.001359,1.004071
1.01355,1.012346,1.004071,0.995946
0.991979,0.995935,0.995946,0.994573
0.993261,0.990476,0.994573,0.983629
0.989145,0.98489,0.983629,0.984743
0.986283,0.987448,0.984743,0.990141
0.981919,0.983051,0.990141,1.0
1.004249,1.005747,1.0,1.015647
1.008463,1.005714,1.015647,1.0
1.006993,1.008523,1.0,1.007003
0.998611,1.001408,1.007003,0.987483
0.995828,0.992968,0.987483,0.997183
1.001397,1.002833,0.997183,1.002825
0.994421,0.985876,1.002825,0.998592
1.001403,1.010029,0.998592,0.997179
0.991597,0.98156,0.997179,0.988685
0.992938,1.008671,0.988685,1.001431
0.997155,0.995702,1.001431,0.992857
1.0,0.998561,0.992857,1.008633
1.001427,1.001441,1.008633,0.988588
0.994302,0.992806,0.988588,1.002886
1.001433,1.004348,1.002886,1.0
0.995708,0.998557,1.0,0.998561
1.002874,1.0,0.998561,0.994236
1.0,0.995665,0.994236,0.997101
0.991404,0.995646,0.997101,1.0
0.995665,0.998542,1.0,1.017442
1.017417,1.00146,1.017442,1.012857
1.019971,1.023324,1.012857,1.002821
0.997203,1.008547,1.002821,0.997187
1.004208,0.997175,0.997187,0.995769
0.994413,0.995751,0.995769,1.011331
1.004213,1.004267,1.011331,1.0
1.002797,1.008499,1.0,0.997199
0.995816,0.994382,0.997199,0.988764
0.997199,0.992938,0.988764,1.00142
0.995787,1.0,1.00142,1.0
0.99859,0.998578,1.0,1.004255
1.004237,1.002849,1.004255,0.987288
0.997187,0.987216,0.987288,0.995708
0.988717,1.001439,0.995708,1.002874
1.001427,0.99569,1.002874,1.010029
1.011396,1.007215,1.010029,1.002837
0.997183,0.997135,1.002837,0.988685
1.002825,1.00431,0.988685,1.012876
1.002817,0.998569,1.012876,1.008475
1.007022,1.008596,1.008475,1.0
0.998605,1.008523,1.0,1.009804
1.009777,1.004225,1.009804,1.012483
1.026279,1.012623,1.012483,1.008219
0.993261,1.006925,1.008219,0.987772
1.009498,0.995873,0.987772,0.998624
0.983871,1.001381,0.998624,0.998623
1.005464,0.991724,0.998623,1.015172
1.0,1.006954,1.015172,1.001359
1.002717,1.006906,1.001359,1.001357
1.006775,1.005487,1.001357,1.006775
1.016151,1.006821,1.006775,1.001346
0.986755,0.99729,1.001346,0.989247
1.005369,0.995924,0.989247,0.991848
0.986649,0.99045,0.991848,1.00274
0.994587,1.001377,1.00274,0.995902
1.001361,0.993122,0.995902,1.001372
0.994565,0.995845,1.001372,1.005479
1.005464,1.011127,1.005479,1.00545
1.012228,1.002751,1.00545,1.014905
1.010738,1.006859,1.014905,1.0
1.002656,1.014986,1.0,0.981308
1.0,0.985235,0.981308,0.982313
0.972185,0.983651,0.982313,1.00277
0.990463,0.99723,1.00277,0.993094
0.995873,0.993056,0.993094,0.995828
0.994475,0.995804,0.995828,0.998603
0.995833,0.998596,0.998603,1.002797
1.002789,1.002813,1.002797,1.002789
1.001391,1.001403,1.002789,0.988873
0.998611,0.988796,0.988873,1.002813
0.991655,0.998584,1.002813,1.001403
1.004208,1.007092,1.001403,1.009804
1.00838,1.004225,1.009804,1.0
1.006925,1.008415,1.0,1.001387
0.995873,0.995828,1.001387,0.98892
0.997238,0.99162,0.98892,0.994398
0.993075,0.998592,0.994398,1.002817
0.994421,0.99859,1.002817,1.004213
1.002805,1.001412,1.004213,0.998601
1.001399,1.004231,0.998601,1.0
1.00419,1.0,1.0,1.0
0.997218,0.997191,1.0,0.992997
0.995816,0.995775,0.992997,0.997179
0.994398,0.998586,0.997179,1.004243
1.002817,0.998584,1.004243,1.001408
1.0,1.004255,1.001408,1.012658
1.011236,1.007062,1.012658,0.993056
1.0,0.998597,0.993056,1.011189
1.008333,0.994382,1.011189,1.001383
1.008264,1.016949,1.001383,1.002762
0.995902,1.002778,1.002762,0.998623
1.0,1.001385,0.998623,0.991724
1.0,0.993084,0.991724,1.0
0.990398,0.997214,1.0,0.997218
0.99723,0.998603,0.997218,1.008368
1.004167,1.001399,1.008368,1.002766
1.005533,1.00419,1.002766,0.997241
0.997249,0.995828,0.997241,1.0
