1.025641,1.023358,1.027496,0.983099
0.994444,0.992867,0.983099,0.987106
0.986034,0.985632,0.987106,1.044993
1.029745,0.998542,1.044993,0.995833
1.008253,1.037956,0.995833,1.04463
1.034106,1.005626,1.04463,0.982644
0.990765,1.018182,0.982644,1.01087
1.001332,1.006868,1.01087,0.990591
0.99734,0.997271,0.990591,1.035278
1.021333,0.991792,1.035278,1.0
1.001305,1.035862,1.0,0.97903
1.019557,0.989348,0.97903,0.982597
0.960358,0.983849,0.982597,0.959128
0.968043,0.930233,0.959128,0.984375
0.975241,1.010294,0.984375,1.008658
0.991537,0.998544,1.008658,0.985694
1.001422,0.985423,0.985694,1.008708
0.997159,1.011834,1.008708,1.02446
1.022792,1.00731,1.02446,0.984551
0.994429,1.004354,0.984551,1.007133
1.002801,1.014451,1.007133,1.005666
0.998603,0.968661,1.005666,1.016901
1.018182,1.038235,1.016901,0.980609
0.991758,0.985836,0.980609,0.997175
0.987535,1.005747,0.997175,1.015581
1.015428,1.004286,1.015581,1.016736
1.012431,1.021337,1.016736,0.989026
0.998636,1.001393,0.989026,1.002774
0.993169,1.001391,1.002774,1.004149
1.011004,0.991667,1.004149,0.993113
0.991837,0.992997,0.993113,1.016644
1.006859,1.008463,1.016644,1.010914
1.016349,1.025175,1.010914,0.997301
1.010724,1.005457,0.997301,1.008119
0.994695,0.995929,1.008119,0.990604
1.0,1.001362,0.990604,1.03794
1.033333,1.0,1.03794,1.045692
1.087742,1.07483,1.045692,1.03995
1.016607,0.991139,1.03995,0.977191
0.967328,1.022989,0.977191,0.971744
0.987937,0.978777,0.971744,1.010114
0.979243,0.996173,1.010114,0.979975
0.993766,0.985915,0.979975,0.969349
0.983689,0.980519,0.969349,1.006588
0.983418,1.001325,1.006588,1.009162
1.0,1.005291,1.009162,1.027237
1.031128,1.011842,1.027237,0.989899
0.994969,1.009103,0.989899,1.006378
0.998736,0.996134,1.006378,1.003802
1.006329,1.016818,1.003802,0.97096
0.997484,0.973282,0.97096,0.992198
0.97604,0.993464,0.992198,0.990826
0.98708,0.986842,0.990826,1.011905
1.003927,1.001333,1.011905,1.013072
1.013038,1.022636,1.013072,1.007742
1.011583,1.011719,1.007742,0.982074
0.991094,0.984556,0.982074,1.003911
0.993582,0.997386,1.003911,1.033766
1.055556,1.035387,1.033766,1.01005
0.990208,1.0,1.01005,0.988806
0.996292,0.998734,0.988806,0.987421
0.986352,0.991128,0.987421,1.008917
0.998742,1.0,1.008917,1.0
1.0,1.0,1.0,0.977273
1.006297,0.952685,0.977273,0.996124
0.972466,1.01745,0.996124,1.007782
1.014157,1.010554,1.007782,0.984556
0.986041,0.997389,0.984556,1.013072
1.014157,0.986911,1.013072,1.025806
1.008883,0.992042,1.025806,1.021384
1.026415,1.041444,1.021384,0.98399
1.001225,1.021823,0.98399,0.986233
0.995104,0.982412,0.986233,0.986041
0.97909,0.988491,0.986041,0.927928
0.976131,0.910737,0.927928,0.977809
0.933076,0.980114,0.977809,0.987234
0.983448,1.004348,0.987234,1.002874
0.98317,0.982684,1.002874,1.010029
1.009986,1.010279,1.010029,1.014184
1.011299,1.00436,1.014184,0.945455
0.994413,0.976845,0.945455,0.952663
0.941011,0.94963,0.952663,1.017081
0.983582,0.978159,1.017081,0.980153
1.013657,1.019139,0.980153,0.979751
0.961078,0.970266,0.979751,1.023847
1.006231,1.01129,1.023847,0.990683
0.996904,1.007974,0.990683,0.952978
0.982919,0.958861,0.952978,1.003289
0.973144,0.970297,1.003289,0.985246
0.983766,0.991497,0.985246,0.993344
0.9967,1.005146,0.993344,1.008375
0.998344,0.979522,1.008375,1.034884
1.039801,1.050523,1.034884,1.001605
1.012759,1.024876,1.001605,0.995192
0.990551,0.995146,0.995192,1.006441
1.0,0.988618,1.006441,1.0048
1.007949,1.018092,1.0048,0.960191
0.990536,0.969305,0.960191,0.978441
0.952229,0.966667,0.978441,1.011864
1.003344,1.001724,1.011864,0.988275
1.005,1.012048,0.988275,1.0
1.0,1.0,1.0,0.984746
0.983416,0.97449,0.984746,1.006885
0.989882,1.008726,1.006885,1.047863
1.051107,1.00692,1.047863,0.986949
0.991896,1.037801,0.986949,1.006612
1.011438,1.004967,1.006612,0.996716
0.998384,0.995058,0.996716,0.965404
0.983819,0.961921,0.965404,1.025597
0.991776,1.006885,1.025597,1.008319
1.011609,1.022222,1.008319,1.00495
1.003279,1.0,1.00495,0.988506
0.998366,0.998328,0.988506,0.986711
0.98527,0.988275,0.986711,0.991582
0.993355,0.994915,0.991582,0.935484
0.993311,0.936968,0.935484,0.969147
0.924242,0.963636,0.969147,1.0
0.983607,1.0,1.0,1.007491
1.0,0.971698,1.007491,0.996283
0.994444,1.015534,0.996283,1.020522
1.020484,1.017208,1.020522,1.001828
1.00365,1.016917,1.001828,1.00365
1.027273,1.005545,1.00365,1.02
0.99646,0.990809,1.02,1.003565
1.007105,1.033395,1.003565,0.973357
0.987654,0.971275,0.973357,1.010949
1.0,1.012939,1.010949,0.974729
0.992857,0.983577,0.974729,0.998148
0.973022,0.983302,0.998148,1.020408
1.022181,1.003774,1.020408,1.056364
1.056058,1.035714,1.056364,1.065404
1.087329,1.036298,1.065404,1.016155
0.993701,1.06655,1.016155,0.99682
1.004754,1.009852,0.99682,1.051037
1.048896,1.011382,1.051037,0.995448
1.001504,1.032154,0.995448,1.004573
1.001502,1.012461,1.004573,1.009105
1.016492,1.009231,1.009105,0.992481
0.995575,0.992378,0.992481,1.013636
1.01037,0.995392,1.013636,0.971599
0.989736,0.998457,0.971599,1.012308
0.976296,0.998454,1.012308,1.0
1.007587,1.012384,1.0,1.006079
0.998494,0.995413,1.006079,1.022659
1.028658,1.019969,1.022659,0.960118
0.997067,0.97741,0.960118,1.007692
0.969118,0.996918,1.007692,0.981679
0.996965,0.990726,0.981679,1.017107
0.995434,0.99532,1.017107,1.022936
1.025994,1.015674,1.022936,1.00299
1.00149,1.021605,1.00299,0.992548
1.005952,0.998489,0.992548,1.0
1.0,1.0,1.0,0.972973
0.992604,0.97882,0.972973,1.0
0.971684,0.992272,1.0,1.00463
1.006135,0.996885,1.00463,0.983103
0.998476,0.996875,0.983103,1.00625
0.99084,1.0,1.00625,1.009317
1.006163,0.996865,1.009317,1.007692
1.007657,1.017296,1.007692,1.0
0.99848,0.998454,1.0,0.969466
0.996956,0.973684,0.969466,1.001575
0.980153,1.006359,1.001575,0.990566
0.990654,0.990521,0.990566,1.0
1.0,1.0,1.0,1.038095
1.034591,1.015949,1.038095,1.0
0.995441,1.007849,1.0,0.993884
1.024427,1.009346,0.993884,1.02
0.988077,0.998457,1.02,1.007541
1.022624,1.02473,1.007541,0.997006
0.995575,0.996983,0.997006,0.978979
0.992593,0.981846,0.978979,0.9
0.9,0.9,0.9,0.97032
0.975391,0.954128,0.97032,0.978824
0.983945,0.997596,0.978824,0.983173
0.979021,0.980723,0.983173,1.007335
0.985714,0.997543,1.007335,1.01699
1.021739,1.014778,1.01699,0.980907
0.990544,0.995146,0.980907,1.009732
0.995227,0.992683,1.009732,1.021687
1.016787,1.02457,1.021687,1.025943
1.025943,1.019185,1.025943,0.990805
1.002299,1.0,0.990805,1.0
0.993119,0.997647,1.0,1.011601
1.009238,1.009434,1.011601,1.071101
1.09611,1.030374,1.071101,1.004283
1.012526,1.027211,1.004283,0.993603
0.964948,1.004415,0.993603,0.982833
0.989316,0.984615,0.982833,1.004367
1.00216,1.004464,1.004367,0.986957
0.99569,1.0,0.986957,1.006608
0.991342,0.993333,1.006608,0.989059
1.0,1.004474,0.989059,0.984513
0.989083,0.98441,0.984513,0.988764
0.99117,0.99095,0.988764,0.993182
0.98441,0.988584,0.993182,1.020595
1.00905,1.009238,1.020595,1.0
1.013453,1.002288,1.0,0.986547
0.99115,1.004566,0.986547,1.002273
0.988839,0.984091,1.002273,1.013605
1.011287,1.016166,1.013605,1.022371
1.029018,1.018182,1.022371,0.991247
0.997831,1.004464,0.991247,0.986755
0.982609,0.982222,0.986755,0.997763
1.0,0.997738,0.997763,0.941704
0.986726,0.947846,0.941704,1.009524
0.950673,0.997608,1.009524,0.966981
1.004717,0.980815,0.966981,0.985366
0.962441,0.982885,0.985366,1.00495
0.997561,1.002488,1.00495,1.024631
1.017115,1.007444,1.024631,1.009615
1.019231,1.014778,1.009615,0.983333
0.995283,0.992718,0.983333,1.007264
0.988152,0.997555,1.007264,1.045673
1.045564,1.017157,1.045673,0.981609
0.995413,1.016867,0.981609,0.978923
0.981567,0.981043,0.978923,0.985646
0.983568,0.961353,0.985646,1.002427
0.988067,1.022613,1.002427,0.990315
1.009662,1.002457,0.990315,0.99511
0.988038,0.992647,0.99511,0.992629
0.992736,0.990123,0.992629,1.00495
0.992683,0.997506,1.00495,0.992611
0.997543,1.005,0.992611,1.022333
1.03202,0.992537,1.022333,1.004854
0.997613,1.017544,1.004854,1.009662
1.002392,1.012315,1.009662,1.038278
1.052506,1.007299,1.038278,0.981567
0.984127,1.02657,0.981567,1.002347
1.002304,1.0,1.002347,0.997658
0.988506,0.988235,0.997658,0.978873
0.995349,0.97619,0.978873,1.014388
0.992991,1.014634,1.014388,0.983452
1.002353,1.0,0.983452,0.990385
0.983568,0.987981,0.990385,0.992718
0.983294,0.985401,0.992718,0.992665
1.007282,0.997531,0.992665,1.0
0.983133,0.992574,1.0,1.002463
1.004902,1.007481,1.002463,0.992629
1.0,0.99505,0.992629,1.009901
0.995122,0.997512,1.009901,1.007353
1.007353,1.009975,1.007353,0.992701
1.002433,1.002469,0.992701,1.014706
1.007282,1.0,1.014706,0.992754
1.00241,1.007389,0.992754,1.002433
1.009615,1.007335,1.002433,1.0
0.995238,0.978155,1.0,0.997573
0.988038,1.009926,0.997573,0.990268
1.0,0.995086,0.990268,0.990172
0.987893,0.990123,0.990172,0.967742
0.990196,0.970075,0.967742,0.997436
0.967822,0.992288,0.997436,1.025707
1.023018,1.002591,1.025707,0.969925
0.9975,0.997416,0.969925,1.007752
0.984962,0.997409,1.007752,1.005128
1.007634,1.01039,1.005128,0.989796
0.992424,0.987147,0.989796,1.007732
1.0,1.010417,1.007732,1.01023
1.007634,0.997423,1.01023,1.0
0.997475,1.010336,1.0,1.005063
1.005063,1.002558,1.005063,1.0
1.005038,1.005102,1.0,0.987406
0.992481,0.989848,0.987406,1.017857
1.007576,1.002564,1.017857,1.007519
1.010025,1.012788,1.007519,1.029851
1.029777,1.020202,1.029851,1.0
1.009639,1.014851,1.0,1.038647
1.033413,0.997561,1.038647,1.0
1.013857,1.03912,1.0,0.972093
0.977221,0.978824,0.972093,1.016746
0.995338,0.995192,1.016746,0.981176
0.997658,0.995169,0.981176,1.004796
0.988263,1.002427,1.004796,1.0
1.0,1.004843,1.0,1.002387
1.0,0.995181,1.002387,1.011905
1.009501,1.007264,1.011905,0.995294
1.004706,1.009615,0.995294,1.004728
1.002342,1.002381,1.004728,1.004706
1.002336,1.007126,1.004706,1.0
0.997669,0.992925,1.0,1.023419
1.025701,1.019002,1.023419,0.988558
0.995444,1.002331,0.988558,1.002315
0.997712,1.002326,1.002315,0.993072
0.993119,0.99536,0.993072,1.011628
1.023095,0.995338,1.011628,1.004598
0.988713,1.002342,1.004598,0.977117
0.995434,0.981308,0.977117,1.016393
0.995413,1.007143,1.016393,0.976959
0.995392,0.995272,0.976959,1.004717
0.99537,1.007126,1.004717,0.983568
0.995349,0.978774,0.983568,0.997613
0.983645,0.990361,0.997613,1.009569
1.002375,1.014599,1.009569,1.009479
1.011848,1.002398,1.009479,1.004695
1.004684,1.014354,1.004695,1.0
1.0,1.0,1.0,1.009346
1.013986,1.004717,1.009346,0.972222
0.993103,0.983568,0.972222,0.988095
0.974537,0.98568,0.988095,1.012048
1.0,1.004843,1.012048,1.002381
1.0,1.0,1.002381,0.997625
1.004751,1.004819,0.997625,0.997619
0.995272,1.0,0.997619,1.002387
1.004751,1.004796,1.002387,1.02381
1.033097,1.0,1.02381,1.004651
0.995423,1.016706,1.004651,0.993056
1.0,1.004695,0.993056,1.02331
1.009195,1.0,1.02331,1.013667
1.022779,1.021028,1.013667,1.0
1.0,1.0,1.0,1.044944
1.046771,1.004577,1.044944,1.030108
1.025532,1.027335,1.030108,1.004175
1.049793,1.044346,1.004175,0.960499
0.956522,0.974522,0.960499,0.95671
0.946281,0.958606,0.95671,1.020362
0.99345,1.006818,1.020362,0.968958
1.004396,0.981941,0.968958,1.022883
0.980306,0.997701,1.022883,1.013423
1.013393,0.993088,1.013423,0.995585
1.024229,1.032483,0.995585,0.984479
0.969892,0.982022,0.984479,1.0
1.0,1.0,1.0,0.986486
0.991131,0.988558,0.986486,1.002283
0.98434,1.0,1.002283,1.006834
1.018182,1.00463,1.006834,0.963801
0.979911,0.979263,0.963801,1.002347
0.974943,0.983529,1.002347,0.990632
1.002336,1.004785,0.990632,1.002364
0.995338,0.995238,1.002364,1.004717
1.002342,1.004785,1.004717,0.99061
1.004673,1.004762,0.99061,1.011848
0.995349,1.0,1.011848,0.962529
0.995327,0.971564,0.962529,0.995134
0.974178,0.978049,0.995134,0.99022
0.990361,1.002494,0.99022,1.02716
1.021898,1.00995,1.02716,1.009615
1.028571,1.019704,1.009615,0.985714
0.969907,0.990338,0.985714,1.014493
1.004773,1.002439,1.014493,1.035714
1.033254,1.014599,1.035714,0.983908
1.013793,1.007194,0.983908,1.004673
0.979592,1.0,1.004673,1.0
1.0,1.0,1.0,1.0
1.0,1.0,1.0,1.0
1.0,1.0,1.0,1.0
1.0,1.0,1.0,1.0
1.0,1.0,1.0,1.0
1.0,1.0,1.0,1.0
1.0,1.0,1.0,1.0
1.0,1.0,1.0,1.0
1.0,1.0,1.0,1.0
1.0,1.0,1.0,0.976744
0.981481,0.952381,0.976744,0.97381
1.009434,1.0175,0.97381,1.00978
0.969626,0.987715,1.00978,1.009685
1.007229,1.014925,1.009685,0.990408
0.997608,1.009804,0.990408,1.024213
1.019185,1.0,1.024213,0.978723
0.990588,1.002427,0.978723,1.004831
0.992874,0.992736,1.004831,0.997596
0.997608,1.007317,0.997596,1.0
1.0,1.0,1.0,1.009639
1.021583,1.007264,1.009639,0.990453
0.983568,0.990385,0.990453,0.992771
0.99284,0.997573,0.992771,1.002427
0.997596,1.0,1.002427,0.995157
0.995181,0.990268,0.995157,0.985401
0.990315,0.992629,0.985401,1.009877
1.002445,1.0,1.009877,0.997555
1.0,1.002475,0.997555,1.026961
1.026829,1.004938,1.026961,0.988067
0.995249,1.012285,0.988067,0.990338
0.988067,0.992718,0.990338,1.002439
1.0,0.99511,1.002439,0.990268
0.992754,0.997543,0.990268,0.997543
0.997567,0.997537,0.997543,0.977833
0.995122,0.967901,0.977833,0.997481
0.97549,1.005102,0.997481,1.002525
1.002513,0.997462,1.002525,0.989924
0.994987,0.992366,0.989924,0.992366
0.992443,0.992308,0.992366,1.007692
1.0,1.005168,1.007692,0.989822
1.0,0.992288,0.989822,0.997429
0.992386,0.997409,0.997429,1.010309
1.01023,1.01039,1.010309,0.979592
0.977215,0.979434,0.979592,0.929688
0.984456,0.926509,0.929688,0.988796
0.936842,0.951841,0.988796,1.016997
1.036517,1.065476,1.016997,1.013928
0.99729,0.96648,1.013928,1.027473
1.029891,1.052023,1.027473,0.994652
0.992084,1.008242,0.994652,0.978495
0.989362,0.986376,0.978495,0.991758
0.978495,0.994475,0.991758,0.98338
0.989011,0.986111,0.98338,0.991549
0.980556,0.971831,0.991549,1.002841
1.005666,1.014493,1.002841,1.014164
1.016901,1.008571,1.014164,1.0
1.0,1.0,1.0,1.019553
1.01385,1.008499,1.019553,1.010959
1.010929,1.016854,1.010959,0.9729
0.997297,0.98895,0.9729,1.0
0.99458,1.0,1.0,0.994429
0.983651,0.988827,0.994429,0.985994
0.99723,0.985876,0.985994,0.985795
0.980556,0.988539,0.985795,0.982709
0.98017,0.985507,0.982709,0.997067
0.991329,0.994118,0.997067,1.017647
1.011662,1.008876,1.017647,0.988439
1.005764,1.0,0.988439,1.0
0.988539,1.0,1.0,0.991228
0.982609,0.98827,0.991228,1.017699
1.020649,1.002967,1.017699,0.997101
1.00578,1.014793,0.997101,0.997093
1.0,0.997085,0.997093,0.985423
0.982759,0.988304,0.985423,1.002959
1.0,0.997041,1.002959,1.023599
1.01462,1.002967,1.023599,0.976945
0.994236,1.0,0.976945,0.988201
0.976812,0.961538,0.988201,0.98806
1.005935,1.015385,0.98806,1.003021
0.988201,1.0,1.003021,0.987952
1.0,0.990909,0.987952,0.972561
0.976119,0.972477,0.972561,1.00627
0.987768,0.984277,1.00627,0.993769
1.006192,1.01278,0.993769,1.00627
1.003077,1.003155,1.00627,1.021807
1.006135,0.996855,1.021807,1.006098
1.012195,1.028391,1.006098,0.990909
0.993976,0.993865,0.990909,1.003058
1.00303,1.006173,1.003058,0.97561
0.987915,0.978528,0.97561,0.99375
0.984709,0.990596,0.99375,0.974843
0.984472,0.977848,0.974843,0.993548
0.984227,0.996764,0.993548,1.022727
1.009615,1.0,1.022727,1.009524
1.015873,1.00974,1.009524,1.006289
1.0125,1.012862,1.006289,1.009375
1.003086,1.015873,1.009375,1.021672
1.018462,1.009375,1.021672,0.987879
0.996979,1.003096,0.987879,0.993865
0.990909,0.993827,0.993865,1.006173
0.996942,0.987578,1.006173,1.006135
1.021472,1.025157,1.006135,1.006098
0.996997,0.996933,1.006098,1.009091
1.024096,1.012308,1.009091,0.987988
0.985294,0.99696,0.987988,1.00304
0.99403,0.996951,1.00304,0.981818
0.984985,0.990826,0.981818,1.0
0.996951,0.996914,1.0,1.018519
1.009174,1.009288,1.018519,1.015152
1.024242,1.006135,1.015152,0.976119
0.994083,0.990854,0.976119,0.993884
0.982143,0.996923,0.993884,0.972308
0.984848,0.972222,0.972308,1.003165
0.978462,0.996825,1.003165,0.996845
0.996855,0.996815,0.996845,1.0
1.0,1.0,1.0,0.993671
0.993691,0.990415,0.993671,0.987261
1.003175,1.0,0.987261,1.003226
0.990506,1.0,1.003226,1.009646
1.00639,1.003226,1.009646,0.961783
1.0,0.96463,0.961783,1.019868
0.987302,1.02,1.019868,0.993506
0.990354,0.986928,0.993506,0.973856
0.99026,0.986755,0.973856,1.0
0.986885,0.993289,1.0,1.006711
1.0,1.003378,1.006711,0.996667
1.0,0.993266,0.996667,1.010033
1.006645,1.00339,1.010033,0.986755
0.9967,1.006757,0.986755,0.969799
0.983444,0.966443,0.969799,0.979239
0.973064,0.979167,0.979239,0.957597
0.975779,0.957447,0.957597,1.02952
0.989362,1.003704,1.02952,0.992832
1.0,1.0,0.992832,1.0
1.0,1.01476,1.0,0.99639
1.021505,1.0,0.99639,1.043478
1.066667,0.981818,1.043478,0.996528
0.963816,1.037037,0.996528,0.982578
0.976109,1.0,0.982578,0.971631
0.982517,0.975,0.971631,0.974453
0.978648,0.952381,0.974453,0.996255
0.978182,1.007692,0.996255,1.015038
1.007435,1.019084,1.015038,0.992593
1.01845,1.003745,0.992593,0.981343
0.978261,0.977612,0.981343,1.003802
0.977778,0.980916,1.003802,1.030303
1.034091,1.023346,1.030303,1.036765
1.03663,1.034221,1.036765,0.989362
1.003534,1.014706,0.989362,0.996416
1.0,0.996377,0.996416,0.982014
0.985915,0.989091,0.982014,0.992674
0.982143,0.988971,0.992674,1.04428
1.032727,0.98513,1.04428,0.975265
1.010563,1.041509,0.975265,1.018116
0.986063,1.0,1.018116,1.010676
1.007067,1.014493,1.010676,0.996479
1.003509,1.003571,0.996479,1.0
0.993007,0.996441,1.0,1.0
1.007042,1.003571,1.0,1.007067
0.996503,1.0,1.007067,1.007018
1.010526,1.007117,1.007018,0.996516
1.0,1.003534,0.996516,0.982517
0.989583,0.982394,0.982517,1.017794
1.003509,1.0,1.017794,1.0
1.006993,1.017921,1.0,1.003497
1.006944,1.0,1.003497,1.010453
1.010345,1.003521,1.010453,0.996552
0.989761,1.003509,0.996552,1.013841
1.013793,1.0,1.013841,1.020478
1.040816,1.020979,1.020478,1.013378
0.990196,1.010274,1.013378,0.9967
1.019802,1.020339,0.9967,0.996689
0.983819,0.980066,0.996689,1.009967
1.003289,1.016949,1.009967,1.016447
1.019672,1.013333,1.016447,1.012945
1.016077,1.006579,1.012945,1.0
1.003165,1.013072,1.0,0.98722
0.984227,0.987097,0.98722,0.983819
0.990385,0.990196,0.983819,1.003289
0.990291,0.993399,1.003289,1.013115
1.009804,1.009967,1.013115,0.993528
1.006472,1.009868,0.993528,0.986971
0.996785,0.983713,0.986971,0.9967
0.980645,0.990066,0.9967,1.006623
1.003289,1.006689,1.006623,1.006579
1.003279,1.0,1.006579,1.013072
1.01634,1.013289,1.013072,1.0
0.996785,1.006557,1.0,0.958065
1.006452,0.944625,0.958065,1.0
0.961538,1.0,1.0,1.006734
0.996667,1.013793,1.006734,1.023411
1.0301,1.006803,1.023411,0.977124
0.993506,1.010135,0.977124,1.006689
0.990196,1.0,1.006689,1.0
1.0033,1.003344,1.0,0.983389
0.990132,0.983333,0.983389,0.993243
0.990033,0.989831,0.993243,1.006803
1.0,1.006849,1.006803,0.97973
0.993289,0.982993,0.97973,0.982759
0.97973,0.982699,0.982759,1.003509
0.996552,1.003521,1.003509,1.027972
1.024221,1.007018,1.027972,1.0
1.0,1.020906,1.0,0.993197
1.0,0.993174,0.993197,1.010274
0.996622,0.993127,1.010274,1.0
1.00339,1.00346,1.0,1.013559
1.010135,1.010345,1.013559,1.003344
1.006689,1.017065,1.003344,1.013333
1.026578,1.0,1.013333,0.993421
0.990291,1.010067,0.993421,1.016556
1.003268,0.996678,1.016556,0.993485
1.003257,1.013333,0.993485,1.006557
0.996753,0.996711,1.006557,0.990228
1.003257,1.0,0.990228,1.0
0.99026,0.983498,1.0,1.003289
1.003279,1.010067,1.003289,1.013115
1.01634,1.013289,1.013115,0.983819
0.990354,0.993443,0.983819,1.013158
1.003247,1.0033,1.013158,0.99026
0.996764,0.996711,0.99026,1.003279
1.0,1.0033,1.003279,0.996732
0.99026,0.993421,0.996732,0.993443
1.0,0.996689,0.993443,0.973597
0.990164,0.976744,0.973597,1.00339
0.986755,1.0,1.00339,1.0
0.996644,0.996599,1.0,1.0
1.016835,1.003413,1.0,1.010135
1.0,1.003401,1.010135,1.016722
1.039735,0.99661,1.016722,1.0
1.0,1.0,1.0,1.098684
1.063694,1.1,1.098684,0.964072
1.068862,0.954128,0.964072,0.987578
0.910364,1.009615,0.987578,0.987421
0.975385,0.974603,0.987421,1.003185
1.018927,1.006515,1.003185,0.974603
0.96904,0.990291,0.974603,1.039088
1.035144,0.993464,1.039088,0.987461
0.981481,1.019737,0.987461,1.0
1.015723,1.006452,1.0,0.980952
0.96904,0.983974,0.980952,1.003236
1.019169,1.0,1.003236,0.967742
0.959248,0.970684,0.967742,0.993333
0.986928,0.996644,0.993333,0.993289
0.993377,0.993266,0.993289,0.993243
1.003333,0.99322,0.993243,0.993197
0.990033,0.996587,0.993197,1.013699
0.996644,1.003425,1.013699,0.996622
0.996633,1.003413,0.996622,1.016949
1.013514,1.003401,1.016949,0.99
1.0,1.00678,0.99,0.976431
0.983333,0.973064,0.976431,1.003448
0.99322,1.00346,1.003448,0.996564
0.996587,0.996552,0.996564,1.0
0.996575,0.99654,1.0,0.986207
1.0,0.989583,0.986207,0.972028
0.982818,0.97193,0.972028,1.003597
0.975524,0.99278,1.003597,0.992832
1.003584,1.007273,0.992832,0.974729
0.996429,0.974729,0.974729,1.022222
0.996416,0.988889,1.022222,0.996377
0.992806,1.022472,0.996377,0.996364
1.003623,1.0,0.996364,1.0
0.99639,0.992674,1.0,0.978102
0.98913,0.98524,0.978102,1.014925
0.996337,0.996255,1.014925,0.970588
0.996324,0.988722,0.970588,1.0
0.97417,0.992395,1.0,1.007576
1.007576,1.003831,1.007576,1.003759
1.011278,1.0,1.003759,0.996255
1.0,1.01145,0.996255,0.973684
0.992565,0.973585,0.973684,1.003861
0.981273,0.996124,1.003861,1.003846
1.0,1.003891,1.003846,1.015326
1.034351,1.011628,1.015326,1.003774
0.98524,1.011494,1.003774,0.992481
0.996255,0.992424,0.992481,1.015152
1.011278,1.0,1.015152,0.996269
1.011152,1.015267,0.996269,0.992509
0.988971,0.996241,0.992509,0.992453
0.996283,0.981132,0.992453,1.011407
1.003731,1.0,1.011407,1.007519
1.003717,1.007692,1.007519,1.011194
1.014815,1.015267,1.011194,1.00738
1.00365,1.015038,1.00738,1.007326
1.003636,1.003704,1.007326,1.010909
1.01087,1.01107,1.010909,0.996403
1.0,1.00365,0.996403,0.99639
0.992832,0.992727,0.99639,1.0
1.0,0.992674,1.0,0.996377
1.0,1.01107,0.996377,0.985455
0.99639,0.989051,0.985455,1.01107
0.992754,0.99631,1.01107,0.992701
1.0,1.003704,0.992701,0.996324
0.99635,0.99631,0.996324,0.99631
0.996337,0.992593,0.99631,0.992593
0.996324,0.992537,0.992593,1.011194
1.00369,1.003759,1.011194,1.0
0.996324,1.003745,1.0,1.00369
1.00369,1.003731,1.00369,0.981618
0.996324,0.988848,0.981618,0.985019
0.98524,0.984962,0.985019,1.007605
1.0,1.0,1.007605,0.996226
1.003745,1.0,0.996226,0.996212
0.992537,1.0,0.996212,1.053232
1.086466,1.003817,1.053232,1.0
0.961938,1.038023,1.0,0.98556
0.996403,0.996337,0.98556,0.989011
0.98556,0.981618,0.989011,1.007407
1.0,1.003745,1.007407,1.025735
1.040293,1.018657,1.025735,1.003584
0.989437,1.014652,1.003584,0.985714
0.992883,0.99278,0.985714,1.014493
1.007168,1.007273,1.014493,1.003571
1.014235,1.00722,1.003571,1.0
0.992982,0.992832,1.0,0.97153
0.992933,0.981949,0.97153,0.985348
0.978648,0.988971,0.985348,1.003717
0.989091,1.0,1.003717,0.992593
1.0,0.992565,0.992593,1.0
0.992647,1.0,1.0,0.988806
0.992593,0.977528,0.988806,1.015094
1.007463,1.007663,1.015094,0.981413
0.996296,1.0,0.981413,1.015152
1.003717,0.996198,1.015152,1.003731
1.0,1.015267,1.003731,0.996283
1.0,1.007519,0.996283,1.018657
1.011111,1.0,1.018657,1.014652
1.018315,1.014925,1.014652,0.98556
0.996403,1.003676,0.98556,1.003663
1.0,1.0,1.003663,0.99635
0.99639,1.0,0.99635,1.0
0.996377,0.996337,1.0,1.0
1.0,0.988971,1.0,1.014652
1.014545,1.01487,1.014652,0.99639
0.996416,1.003663,0.99639,1.007246
1.003597,1.00365,1.007246,1.0
1.010753,1.010909,1.0,1.02518
1.010638,0.992806,1.02518,1.010526
1.042105,1.032609,1.010526,0.979167
0.969697,0.975439,0.979167,0.996454
0.986111,1.007194,0.996454,0.996441
0.996479,0.996429,0.996441,0.996429
0.992933,0.992832,0.996429,1.014337
1.010676,1.00361,1.014337,1.003534
1.003521,1.007194,1.003534,0.992958
0.996491,1.0,0.992958,0.996454
0.996479,0.989286,0.996454,0.996441
1.0,1.00361,0.996441,0.975
0.985866,0.978417,0.975,1.0
0.982079,0.996324,1.0,1.007326
1.007299,1.00738,1.007326,0.996364
1.003623,1.0,0.996364,1.0
0.99278,1.0,1.0,0.992701
0.996364,0.992674,0.992701,0.985294
0.992701,0.98524,0.985294,1.003731
0.992647,1.0,1.003731,1.0
1.0,1.0,1.0,1.02974
1.044444,1.014981,1.02974,0.98917
0.975177,0.99262,0.98917,0.99635
1.003636,1.011152,0.99635,0.996337
1.0,1.0,0.996337,0.985294
0.992754,0.981618,0.985294,0.992537
0.978102,0.992509,0.992537,1.0
1.003731,0.996226,1.0,1.007519
1.0,1.003788,1.007519,1.011194
1.02974,1.003774,1.011194,1.00369
0.981949,1.003759,1.00369,1.018382
1.025735,1.007491,1.018382,1.0
1.010753,1.022305,1.0,1.00722
0.992908,0.996364,1.00722,1.003584
1.003571,1.014599,1.003584,0.989286
0.996441,0.996403,0.989286,1.0
0.992857,0.99278,1.0,0.99639
1.0,1.003636,0.99639,1.032609
1.02518,1.0,1.032609,0.996491
1.017544,1.021739,0.996491,0.996479
0.989655,1.0,0.996479,1.0
0.996516,0.996454,1.0,0.996466
0.98951,0.992883,0.996466,0.992908
1.007067,1.0,0.992908,1.003571
0.992982,1.003584,1.003571,1.017794
1.014134,1.0,1.017794,1.006993
1.006969,1.010714,1.006993,0.993056
1.0,1.007067,0.993056,1.003497
0.99654,1.0,1.003497,1.006969
1.013889,1.003509,1.006969,0.99308
1.0,1.0,0.99308,1.003484
0.986301,0.996503,1.003484,0.989583
0.996528,0.996491,0.989583,1.003509
1.0,1.0,1.003509,1.01049
1.010453,1.0,1.01049,0.972318
0.996552,0.989437,0.972318,1.021352
1.0,0.996441,1.021352,1.013937
1.013841,1.025,1.013937,0.989691
0.996587,0.996516,0.989691,1.006944
1.010274,1.003497,1.006944,1.010345
0.99322,1.003484,1.010345,1.010239
1.010239,1.0,1.010239,1.006757
1.02027,1.010417,1.006757,0.983221
0.990066,0.996564,0.983221,0.982935
0.989967,0.982759,0.982935,0.996528
0.976351,1.0,0.996528,1.013937
1.010381,1.007018,1.013937,1.0
1.003425,1.010453,1.0,1.013746
1.013652,1.0,1.013746,0.99661
1.0,1.010345,0.99661,0.996599
0.989899,0.993174,0.996599,1.003413
1.006803,1.006873,1.003413,1.017007
1.010135,1.003413,1.017007,0.993311
1.003344,1.003401,0.993311,0.996633
0.993333,0.99661,0.996633,1.006757
1.003356,1.006803,1.006757,1.0
1.003344,1.006757,1.0,0.986577
0.996667,0.983221,0.986577,1.006803
0.993311,1.0,1.006803,0.97973
0.993266,0.986348,0.97973,0.993103
0.986441,0.99654,0.993103,1.006944
1.0,1.0,1.006944,0.982759
0.996564,0.986111,0.982759,1.003509
0.993103,1.0,1.003509,1.013986
1.006944,1.003521,1.013986,0.993103
1.0,1.0,0.993103,0.972222
0.986207,0.97193,0.972222,1.010714
0.98951,1.00722,1.010714,1.014134
1.017668,1.010753,1.014134,0.993031
1.003472,1.007092,0.993031,1.0
0.989619,0.996479,1.0,0.996491
1.0,1.0,0.996491,0.982394
0.996503,0.982332,0.982394,1.003584
0.985965,0.996403,1.003584,0.996429
1.0,1.00361,0.996429,1.007168
1.010676,0.996403,1.007168,0.992883
0.985915,1.0,0.992883,1.003584
1.0,0.99278,1.003584,1.014286
1.014286,1.010909,1.014286,0.992958
1.0,1.010791,0.992958,1.01773
1.010563,1.0,1.01773,0.993031
1.003484,1.010676,0.993031,1.014035
1.006944,0.992958,1.014035,0.99654
1.0,1.014184,0.99654,0.982639
0.993103,0.979021,0.982639,0.996466
0.986111,1.003571,0.996466,0.992908
0.992958,0.992883,0.992908,1.0
1.0,1.0,1.0,1.003571
1.003546,1.0,1.003571,0.989324
0.989399,0.989247,0.989324,1.007194
1.007143,1.007246,1.007194,1.0
0.996454,1.0,1.0,0.996429
1.0,1.0,0.996429,0.996416
1.0,0.996403,0.996416,0.985612
0.989324,0.981949,0.985612,1.010949
1.0,0.996324,1.010949,0.99278
1.0,1.00738,0.99278,0.996364
0.996403,1.003663,0.996364,1.018248
1.00722,1.0,1.018248,1.003584
1.003584,1.007299,1.003584,0.978571
1.0,0.98913,0.978571,1.010949
0.996429,1.0,1.010949,0.99278
0.996416,1.003663,0.99278,0.996364
1.0,1.0,0.996364,0.992701
0.992806,0.992701,0.992701,1.011029
1.0,1.003676,1.011029,1.007273
1.003623,1.003663,1.007273,1.0
1.0,1.00365,1.0,1.0
1.00722,1.003636,1.0,0.99639
0.992832,0.992754,0.99639,1.0
0.99639,0.99635,1.0,0.996377
1.0,1.0,0.996377,0.992727
0.996377,0.996337,0.992727,1.0
0.996364,0.996324,1.0,1.003663
1.0,1.0,1.003663,1.007299
1.007299,1.00738,1.007299,1.003623
1.007246,1.003663,1.003623,1.0
0.996403,1.00365,1.0,1.00361
1.00361,1.0,1.00361,0.989209
0.996403,1.0,0.989209,0.996364
0.99639,0.992727,0.996364,1.007299
1.0,0.996337,1.007299,1.0
1.003623,1.003676,1.0,1.0
1.00361,1.007326,1.0,0.996377
0.996403,0.996364,0.996377,1.0
0.99639,1.0,1.0,1.0
1.0,1.0,1.0,0.981818
0.996377,0.978102,0.981818,1.0
0.985455,1.0,1.0,0.988889
0.99631,0.992537,0.988889,0.988764
0.992593,0.984962,0.988764,0.981061
0.981343,0.980916,0.981061,1.003861
0.992395,1.007782,1.003861,1.003846
1.003831,0.996139,1.003846,1.007663
1.003817,1.007752,1.007663,0.996198
1.0,0.988462,0.996198,0.980916
0.992395,0.996109,0.980916,0.992218
0.984674,0.988281,0.992218,0.941176
0.992218,0.944664,0.941176,0.970833
0.941176,0.912134,0.970833,0.987124
0.970833,1.036697,0.987124,0.991304
0.995708,0.995575,0.991304,1.0
0.99569,1.004444,1.0,1.013158
1.0,1.004425,1.013158,0.991342
0.995671,0.995595,0.991342,0.982533
0.995652,0.986726,0.982533,1.008889
0.995633,0.995516,1.008889,1.004405
1.004386,1.018018,1.004405,0.964912
0.991266,0.969027,0.964912,0.995455
0.973568,0.986301,0.995455,1.018265
1.013575,1.009259,1.018265,1.026906
1.035714,1.018349,1.026906,0.982533
0.991379,1.013514,0.982533,1.013333
0.991304,1.0,1.013333,1.017544
1.017544,1.008889,1.017544,0.991379
1.0,1.008811,0.991379,0.986957
0.99569,0.991266,0.986957,0.982379
0.991342,0.982379,0.982379,0.995516
0.978166,0.986547,0.995516,1.022523
1.017857,1.004545,1.022523,0.986784
0.995614,1.004525,0.986784,1.0
0.995595,1.004505,1.0,1.0
1.0,0.995516,1.0,0.982143
0.986726,0.986486,0.982143,1.0
0.995516,1.0,1.0,1.013636
1.004505,1.009132,1.013636,1.008969
1.008969,1.0,1.008969,1.0
1.004444,1.013575,1.0,1.017778
1.017699,1.0,1.017778,1.008734
1.008696,1.013393,1.008734,0.995671
1.0,1.008811,0.995671,1.004348
1.0,0.995633,1.004348,0.995671
1.0,1.004386,0.995671,1.026087
1.025862,0.995633,1.026087,1.0
0.995798,1.02193,1.0,1.016949
1.016878,1.012876,1.016949,0.991667
0.995851,1.0,0.991667,0.987395
1.004167,0.991525,0.987395,1.004255
0.983402,0.991453,1.004255,1.0
1.004219,1.00431,1.0,1.0
0.995798,1.004292,1.0,1.004237
1.004219,1.004274,1.004237,0.991561
1.004202,0.991489,0.991561,1.029787
1.016736,1.004292,1.029787,1.028926
1.037037,1.025641,1.028926,1.016064
1.015873,1.016667,1.016064,1.039526
1.0625,1.016393,1.039526,1.098859
1.0625,1.048387,1.098859,0.9
1.010381,1.0,0.9,0.984615
0.9,0.961538,0.984615,1.023438
1.03861,1.016,1.023438,0.969466
0.966543,0.992126,0.969466,1.011811
0.996154,0.996032,1.011811,1.038911
1.057915,1.011952,1.038911,1.1
1.072993,1.031496,1.1,0.993197
1.057823,1.1,0.993197,0.982877
0.938907,0.962069,0.982877,0.972125
0.982877,0.992832,0.972125,1.014337
1.006969,1.00722,1.014337,0.968198
0.982699,0.978495,0.968198,1.00365
0.978873,0.992674,1.00365,1.010909
1.003597,1.01107,1.010909,0.992806
1.0,0.985401,0.992806,0.981884
0.992832,1.0,0.981884,0.944649
0.978339,0.944444,0.944649,1.0
0.95572,0.992157,1.0,1.007812
1.0,1.011858,1.007812,1.065891
1.061776,1.0,1.065891,1.043636
1.054545,1.054688,1.043636,0.968641
1.027586,1.022222,0.968641,1.014388
0.963087,1.007246,1.014388,1.003546
0.996516,1.010791,1.003546,1.007067
1.006993,0.982206,1.007067,0.97193
0.986111,0.996377,0.97193,0.99278
0.985915,0.996364,0.99278,0.996364
0.989286,0.99635,0.996364,1.00365
1.0,0.996337,1.00365,1.007273
1.00722,1.011029,1.007273,0.978339
0.992832,0.981818,0.978339,0.99631
0.978339,0.985185,0.99631,0.977778
0.99631,0.988722,0.977778,1.0
0.988889,0.992395,1.0,0.977273
0.992509,0.969349,0.977273,1.03876
1.011321,1.01581,1.03876,0.988806
1.003731,1.027237,0.988806,0.988679
0.981413,0.984848,0.988679,1.0
0.996212,1.0,1.0,1.01145
1.007605,0.996154,1.01145,0.988679
1.0,1.007722,0.988679,0.984733
0.984906,0.984674,0.984733,1.0
1.007663,0.996109,1.0,0.996124
0.980989,0.992188,0.996124,1.0
1.003876,1.007874,1.0,0.996109
1.003861,0.996094,0.996109,1.0
0.988462,0.992157,1.0,1.015625
1.027237,1.003953,1.015625,1.015385
1.003788,1.019685,1.015385,1.015152
1.018868,1.015444,1.015152,1.011194
1.007407,1.007605,1.011194,1.01476
1.040441,1.007547,1.01476,0.981818
0.971731,1.0,0.981818,1.044444
1.047273,1.003745,1.044444,0.989362
1.003472,1.033582,0.989362,0.989247
0.972318,0.98556,0.989247,1.014493
1.010676,1.007326,1.014493,0.996429
0.985915,1.003636,0.996429,0.956989
0.992857,0.963768,0.956989,1.014981
0.982014,1.0,1.014981,1.04059
1.062271,1.011278,1.04059,0.992908
0.97931,1.022305,0.992908,1.017857
1.003521,1.010909,1.017857,1.0
1.007018,1.014388,1.0,0.982456
0.996516,0.989362,0.982456,0.978571
0.979021,0.978495,0.978571,1.00365
0.989286,1.0,1.00365,1.007273
1.01083,1.0,1.007273,1.0
1.032143,1.010989,1.0,0.978339
0.958478,0.978261,0.978339,0.99631
0.981949,0.988889,0.99631,0.981481
1.003676,0.988764,0.981481,0.988679
0.978022,0.984848,0.988679,0.992366
0.988764,0.992308,0.992366,1.003846
1.007576,1.007752,1.003846,0.996169
0.988722,0.996154,0.996169,0.965385
0.996198,0.96139,0.965385,1.011952
0.973282,1.004016,1.011952,1.0
1.011765,1.012,1.0,1.0
0.988372,0.992095,1.0,1.003937
1.003922,1.003984,1.003937,0.988235
0.996094,0.996032,0.988235,0.964286
0.984314,0.968127,0.964286,1.00823
0.988048,0.987654,1.00823,0.991837
0.995968,1.004167,0.991837,0.987654
0.983806,0.991701,0.987654,0.975
0.987654,0.979079,0.975,1.0
0.983333,0.991453,1.0,1.017094
1.008475,1.0,1.017094,0.995798
1.004202,1.012931,0.995798,1.0
1.004184,0.995745,1.0,1.0
0.991667,0.995726,1.0,1.012658
1.008403,1.008584,1.012658,1.008333
1.0125,1.017021,1.008333,1.020661
1.016461,1.012552,1.020661,0.991903
1.004049,1.008264,0.991903,1.008163
1.004032,1.0,1.008163,0.995951
1.0,1.0,0.995951,1.012195
1.004016,1.008197,1.012195,1.004016
1.008,1.012195,1.004016,0.996
0.996032,0.995984,0.996,1.004016
0.996016,0.987903,1.004016,1.016
1.02,1.012245,1.016,1.003937
1.0,1.016129,1.003937,1.0
1.007843,0.996032,1.0,0.984314
0.988327,0.992032,0.984314,1.003984
0.996063,1.004016,1.003984,1.0
0.996047,1.0,1.0,0.988095
1.0,0.988,0.988095,1.004016
0.992063,0.995951,1.004016,1.004
1.016,1.012195,1.004,0.976096
0.988189,0.975904,0.976096,0.979592
0.976096,0.979424,0.979592,0.983333
0.991837,0.987395,0.983333,0.991525
0.975309,0.957447,0.991525,0.987179
0.987342,1.022222,0.987179,1.017316
1.004274,1.004348,1.017316,1.012766
1.012766,1.012987,1.012766,0.995798
1.0,1.004274,0.995798,1.0
1.0,1.0,1.0,1.021097
1.021008,1.012766,1.021097,0.987603
0.99177,0.995798,0.987603,0.966527
0.987552,0.974684,0.966527,0.995671
0.978992,0.987013,0.995671,1.013043
1.0,1.008772,1.013043,1.008584
1.008584,1.004348,1.008584,0.991489
1.0,1.0,0.991489,1.008584
1.0,1.004329,1.008584,0.995745
1.004255,1.0,0.995745,1.012821
1.008475,1.0,1.012821,1.004219
1.029412,1.017241,1.004219,1.016807
0.991837,1.0,1.016807,1.028926
1.037037,1.021186,1.028926,1.0
1.011905,1.020747,1.0,0.987952
0.980392,0.995935,0.987952,1.0
0.996,0.979592,1.0,1.012195
1.016064,1.016667,1.012195,0.987952
0.996047,1.0,0.987952,1.012195
0.996032,0.995902,1.012195,1.0
0.996016,1.012346,1.0,0.991968
1.008,1.0,0.991968,1.0
0.984127,0.99187,1.0,1.008097
1.004032,1.004098,1.008097,0.995984
1.0,1.004082,0.995984,1.012097
1.008032,1.004065,1.012097,1.011952
1.015936,1.004049,1.011952,1.023622
1.019608,1.016129,1.023622,0.984615
1.0,1.003968,0.984615,0.992188
0.992308,0.996047,0.992188,1.011811
1.007752,0.992063,1.011811,1.003891
0.996154,1.008,1.003891,0.965116
0.988417,0.984127,0.965116,1.032129
1.042969,1.0,1.032129,1.0
0.977528,1.016129,1.0,0.972763
0.984674,0.992063,0.972763,1.024
1.019455,1.004,1.024,0.984375
0.996183,0.996016,0.984375,0.960317
0.97318,0.932,0.960317,1.033058
1.003937,1.021459,1.033058,1.032
1.027451,1.037815,1.032,1.003876
1.01145,1.02834,1.003876,0.972973
0.977358,0.992126,0.972973,1.015873
0.996139,0.996032,1.015873,0.976562
0.988372,0.988048,0.976562,1.032
1.011765,1.008065,1.032,1.003876
1.007752,1.016,1.003876,1.011583
1.019231,1.007874,1.011583,0.977099
0.996226,0.992188,0.977099,1.058594
1.060606,0.984252,1.058594,0.96679
0.953571,1.032,0.96679,0.984733
0.981273,0.988372,0.984733,1.007752
0.992366,0.996078,1.007752,0.996154
1.015385,1.003937,0.996154,0.988417
0.977273,0.996078,0.988417,0.996094
0.996124,1.0,0.996094,0.988235
0.992218,0.988189,0.988235,1.0
0.992157,0.988048,1.0,0.988095
0.996047,1.0,0.988095,1.0
0.992063,0.995968,1.0,1.004016
1.004,1.004049,1.004016,0.984
0.996016,0.987903,0.984,1.012195
1.0,1.0,1.012195,0.987952
0.996,0.991837,0.987952,1.0
0.991968,1.0,1.0,1.02439
1.02834,1.012346,1.02439,0.992063
0.992126,1.012195,0.992063,1.012
1.027778,1.004016,1.012,1.007905
1.011583,0.996,1.007905,1.0
0.977099,1.016064,1.0,0.984314
0.992188,0.992095,0.984314,1.003984
1.007874,0.996016,1.003984,0.968254
0.988281,0.968,0.968254,1.008197
0.976285,1.004132,1.008197,1.004065
1.008097,1.004115,1.004065,1.032389
1.040161,1.008197,1.032389,0.988235
0.984556,1.020325,0.988235,1.007937
1.0,1.007968,1.007937,1.019685
1.019608,0.996047,1.019685,1.0
1.011538,1.019841,1.0,1.023166
1.053232,0.996109,1.023166,1.1
1.054152,1.019531,1.1,1.099315
1.099315,1.1,1.099315,0.906542
0.965732,0.986348,0.906542,0.969072
0.922581,0.951557,0.969072,0.996454
0.986014,1.0,0.996454,0.989324
1.014184,1.003636,0.989324,0.985612
0.975524,0.985507,0.985612,1.021898
1.007168,1.011029,1.021898,1.003571
1.0,1.007273,1.003571,0.989324
0.996441,0.99639,0.989324,1.017986
1.014286,0.996377,1.017986,0.985866
0.989437,1.003636,0.985866,0.992832
0.992883,0.996377,0.992832,0.974729
0.992832,0.978182,0.974729,1.007407
0.98556,0.996283,1.007407,1.014706
1.029304,1.003731,1.014706,0.992754
0.982206,1.007435,0.992754,1.007299
1.003623,1.00738,1.007299,1.018116
1.018051,1.010989,1.018116,1.003559
1.007092,1.01087,1.003559,0.996454
1.0,1.0,0.996454,1.007117
0.996479,1.003584,1.007117,0.985866
1.003534,0.992857,0.985866,1.010753
0.992958,1.0,1.010753,1.035461
1.049645,1.010791,1.035461,0.986301
0.97973,1.014235,0.986301,0.986111
1.0,0.992982,0.986111,1.003521
0.986207,0.996466,1.003521,1.010526
1.01049,1.007092,1.010526,1.006944
1.00346,1.003521,1.006944,0.993103
1.0,0.996491,0.993103,0.989583
1.0,1.0,0.989583,1.010526
0.996552,1.0,1.010526,1.020833
1.024221,1.024648,1.020833,0.993197
0.989865,0.993127,0.993197,1.017123
1.040956,1.00692,1.017123,1.003367
0.980328,1.0,1.003367,1.050336
1.06689,1.013746,1.050336,0.98722
0.990596,1.040678,0.98722,0.983819
0.996835,0.977199,0.983819,0.983553
0.965079,0.99,0.983553,0.979933
0.986842,0.983165,0.979933,1.006826
0.983333,0.993151,1.006826,1.020339
1.033898,1.010345,1.020339,1.066445
1.081967,1.030717,1.066445,0.981308
1.00303,1.033113,0.981308,1.028571
0.981873,1.00641,1.028571,1.040123
1.070769,1.012739,1.040123,1.023739
1.011494,1.040881,1.023739,1.002899
0.994318,1.0,1.002899,1.020231
1.071429,1.021148,1.020231,1.005666
0.968,1.02071,1.005666,0.997183
1.002755,1.014493,0.997183,0.951977
0.972527,0.957143,0.951977,1.047478
1.0,0.976119,1.047478,1.002833
1.045198,1.055046,1.002833,0.983051
0.951351,0.994203,0.983051,1.002874
1.008523,0.997085,1.002874,1.0
0.991549,1.005848,1.0,1.002865
0.997159,1.0,1.002865,1.025714
1.065527,1.008721,1.025714,0.991643
0.973262,1.017291,0.991643,1.005618
1.0,1.008499,1.005618,1.002793
1.0,0.997191,1.002793,1.013928
1.010989,1.008451,1.013928,0.994505
0.994565,0.997207,0.994505,0.986188
0.989071,0.997199,0.986188,0.988796
0.98895,0.974719,0.988796,1.0
0.997207,1.008646,1.0,0.994334
0.988796,0.988571,0.994334,0.977208
0.997167,0.991329,0.977208,0.976676
0.974432,0.956268,0.976676,1.032836
1.011662,1.021341,1.032836,0.982659
1.005764,1.014925,0.982659,0.988235
0.985673,0.985294,0.988235,1.011905
0.991279,0.976119,1.011905,0.997059
1.005865,1.024465,0.997059,1.00295
1.002915,1.002985,1.00295,1.020588
1.011628,1.020833,1.020588,1.034582
1.043103,1.005831,1.034582,1.1
1.088154,1.028986,1.1,1.0
1.025316,1.08169,1.0,1.093671
1.071605,1.028646,1.093671,0.969907
1.059908,1.055696,0.969907,0.997613
0.947826,0.964029,0.997613,0.988038
0.965596,1.004975,0.988038,0.997579
0.995249,1.00495,0.997579,1.080097
1.069212,1.012315,1.080097,0.925843
0.986607,0.997567,0.925843,1.0
0.934389,0.970732,1.0,0.978155
0.992736,1.002513,0.978155,0.977667
0.97561,0.977444,0.977667,1.022843
1.0225,1.005128,1.022843,1.01737
1.01956,1.030612,1.01737,1.007317
1.016787,0.997525,1.007317,0.985472
0.971698,1.0,0.985472,1.004914
0.997573,1.002481,1.004914,1.00978
1.014599,1.007426,1.00978,1.029056
1.031175,1.012285,1.029056,0.985882
0.993023,1.002427,0.985882,0.99284
0.985948,0.995157,0.99284,1.007212
1.007126,1.002433,1.007212,0.98568
0.995283,0.997573,0.98568,1.009685
0.995261,1.0,1.009685,1.004796
1.009524,1.002433,1.004796,1.023866
1.014151,1.007282,1.023866,0.965035
0.995349,0.966265,0.965035,1.072464
1.03972,1.042394,1.072464,0.997748
1.096629,1.033493,0.997748,1.099323
0.997951,1.018519,1.099323,1.020534
1.073922,1.1,1.020534,0.963783
0.954111,0.969072,0.963783,0.981211
0.967936,0.965957,0.981211,1.012766
0.991718,1.008811,1.012766,1.004202
1.016701,1.0131,1.004202,0.991632
0.989733,1.00431,0.991632,1.044304
1.049793,1.015021,1.044304,0.933333
0.998024,0.972516,0.933333,1.008658
0.938614,0.980435,1.008658,1.002146
1.0,1.019956,1.002146,1.03212
1.021097,1.015217,1.03212,1.018672
1.033058,1.014989,1.018672,0.979633
0.988,1.00211,0.979633,0.960499
0.97166,0.968421,0.960499,1.006494
0.975,0.993478,1.006494,1.027957
1.023504,1.019694,1.027957,1.006276
1.031315,1.01073,1.006276,0.991684
0.975709,1.002123,0.991684,0.995807
1.024896,0.980932,0.995807,1.002105
0.987854,1.006479,1.002105,0.972689
0.979508,0.976395,0.972689,0.99784
0.987448,1.008791,0.99784,0.984848
0.997881,0.982571,0.984848,1.01978
0.987261,0.988914,1.01978,1.0
1.004301,1.029148,1.0,0.903017
0.963597,0.910675,0.903017,1.038186
0.966667,0.997608,1.038186,1.027586
1.027586,1.033573,1.027586,1.011186
1.024609,1.025522,1.011186,1.0
1.00655,1.011312,1.0,1.006637
0.993492,1.0,1.006637,1.1
1.093886,0.98434,1.1,1.047904
1.097804,1.1,1.047904,0.96
0.938182,0.976608,0.96,0.96627
0.994186,0.968064,0.96627,0.995893
0.97271,0.979381,0.995893,1.010309
0.985972,1.006316,1.010309,0.985714
1.01626,1.006276,0.985714,0.987578
0.986,0.987526,0.987578,0.951782
0.973631,0.945263,0.951782,0.991189
0.947917,0.98441,0.991189,1.015556
1.006593,1.0181,1.015556,1.004376
1.00655,1.006667,1.004376,1.019608
1.021692,1.006623,1.019608,1.00641
1.014862,1.024123,1.00641,1.008493
0.995816,1.004283,1.008493,1.014737
1.016807,1.008529,1.014737,1.022822
1.045455,1.019027,1.022822,1.020284
1.0,1.012448,1.020284,1.029821
1.063241,1.020492,1.029821,0.992278
0.962825,1.016064,0.992278,1.011673
1.057915,0.992095,1.011673,0.994231
0.959854,1.01992,0.994231,0.980658
0.984791,0.980469,0.980658,0.994083
0.994208,1.001992,0.994083,1.017857
0.998058,1.0,1.017857,1.005848
1.013619,1.011928,1.005848,0.98062
0.990403,0.990177,0.98062,1.001976
0.986434,0.996032,1.001976,1.011834
1.011788,1.007968,1.011834,1.017544
1.013592,1.011858,1.017544,1.032567
1.044061,1.011719,1.032567,1.038961
1.058716,1.028958,1.038961,0.994643
0.991334,1.026266,0.994643,1.007181
0.987762,1.007313,1.007181,1.02852
1.023009,1.023593,1.02852,1.031196
1.064014,0.968085,1.031196,1.005042
0.99187,1.065934,1.005042,0.966555
0.978689,0.987973,0.966555,1.0
0.978224,0.991304,1.0,1.025952
1.034247,1.021053,1.025952,1.006745
1.033113,1.0189,1.006745,1.0
0.961538,0.994941,1.0,1.0
1.001667,1.0,1.0,1.008375
1.009983,0.99661,1.008375,1.009967
1.001647,1.020408,1.009967,0.972039
1.0,0.966667,0.972039,1.011844
0.985197,0.974138,1.011844,1.008361
1.018364,1.053097,1.008361,1.021559
1.019672,1.008403,1.021559,1.055195
1.051447,1.015,1.055195,0.955385
0.986239,1.004926,0.955385,1.003221
0.976744,0.982026,1.003221,1.057785
1.07619,1.026622,1.057785,1.00607
1.025074,1.032415,1.00607,1.004525
0.969784,1.009419,1.004525,1.022523
1.019288,1.029549,1.022523,1.032305
1.033479,1.019637,1.032305,0.978663
0.990141,0.994074,0.978663,1.014535
1.007112,1.013413,1.014535,0.946991
0.992938,0.963235,0.946991,1.025719
0.985775,0.98626,1.025719,0.976401
0.987013,1.021672,0.976401,1.015106
0.991228,1.001515,1.015106,0.941964
0.99115,0.948563,0.941964,0.943128
0.959821,0.933014,0.943128,0.934673
0.922481,0.940171,0.934673,1.039427
0.976471,1.018182,1.039427,1.05
1.048193,1.035714,1.05,1.019704
1.027915,1.037931,1.019704,1.00161
1.020767,1.01495,1.00161,0.982315
0.973396,0.991817,0.982315,0.96072
0.980707,0.960396,0.96072,1.003407
0.988525,0.987973,1.003407,1.039049
1.014925,1.02087,1.039049,1.011438
1.021242,1.034072,1.011438,1.040388
1.032,1.008237,1.040388,1.009317
1.015504,1.031046,1.009317,1.1
1.091603,1.022187,1.1,1.012587
1.034965,1.069767,1.012587,1.051105
1.066216,1.049275,1.051105,0.904074
0.972117,0.946133,0.904074,1.031977
0.934811,0.918248,1.031977,1.1
1.089261,1.1,1.1,1.042254
1.088348,1.1,1.042254,0.958231
0.951765,0.954774,0.958231,0.983333
0.961681,0.936842,0.983333,1.024772
1.03599,1.080056,1.024772,1.086514
1.073201,1.0,1.086514,1.003513
1.013873,1.063719,1.003513,1.011669
1.019384,1.01467,1.011669,1.04729
1.016779,1.03253,1.04729,1.1
1.09901,1.047841,1.1,1.008008
1.063063,1.1,1.008008,0.981132
0.974576,0.941884,0.981132,1.091093
1.050242,1.02766,1.091093,1.025046
1.080957,1.07764,1.025046,0.903167
0.956596,0.955812,0.903167,0.968938
0.920819,0.902513,0.968938,1.04757
0.990338,1.079065,1.04757,0.931885
0.994146,0.950464,0.931885,0.900424
0.9,0.92291,0.900424,0.9
0.979052,0.9,0.9,1.060131
0.914414,0.900654,1.060131,0.98767
1.081281,1.1,0.98767,0.900125
0.948747,0.924359,0.900125,0.900139
0.9,0.900139,0.900139,0.984592
0.967391,0.9,0.984592,0.9
0.9,0.984589,0.9,0.937391
0.927653,0.90087,0.937391,1.1
1.02773,1.027027,1.1,1.099494
1.099494,1.1,1.099494,1.099693
1.099693,1.1,1.099693,1.1
1.1,1.035971,1.1,0.9
1.013942,0.986111,0.9,1.009859
0.94875,0.9,1.009859,1.083682
1.038208,1.1,1.083682,1.02574
1.045685,1.059972,1.02574,1.075282
1.061893,1.006579,1.075282,0.98133
0.993143,1.05098,0.98133,1.028537
1.012658,1.050995,1.028537,0.972254
1.015909,0.977515,0.972254,0.900119
0.967562,0.916465,0.900119,0.944518
0.9,0.900925,0.944518,1.1
1.014175,1.055718,1.1,1.0
1.067344,1.0625,1.0,0.958069
0.953571,0.941176,0.958069,0.913793
0.941323,0.943056,0.913793,1.08418
0.994695,1.019146,1.08418,0.97992
1.018667,1.028902,0.97992,1.010929
0.998691,0.990169,1.010929,1.067568
1.047182,1.051064,1.067568,1.055696
1.070088,1.078273,1.055696,0.986811
1.002339,1.015019,0.986811,0.993925
0.970828,0.990136,0.993925,1.013447
0.998798,0.998755,1.013447,1.037394
1.064982,1.041147,1.037394,1.090698
1.067797,1.019162,1.090698,0.9
0.982011,0.991774,0.9,1.016588
0.939655,0.913507,1.016588,0.962704
1.002294,1.059663,0.962704,0.946731
0.954233,0.95104,0.946731,0.900256
0.9,0.906049,0.900256,0.900568
0.907877,0.900568,0.900568,0.958991
0.979412,0.90694,0.958991,1.050987
0.971471,1.013913,1.050987,1.078247
1.07728,1.1,1.078247,0.979681
1.025825,1.018576,0.979681,0.90963
0.924476,0.927052,0.90963,1.0
0.96823,0.954098,1.0,0.965798
1.01875,0.987973,0.965798,1.026981
0.940184,0.975652,1.026981,1.01642
1.050571,1.062389,1.01642,0.964459
0.948758,0.998322,0.964459,1.018425
1.006547,1.0,1.018425,0.9375
1.0,0.919328,0.9375,0.910526
0.923577,0.941499,0.910526,1.075145
1.001761,0.986408,1.075145,0.948029
1.0,1.03937,0.948029,1.020794
0.980668,0.988636,1.020794,1.033333
1.016129,1.001916,1.033333,0.996416
0.994709,1.047801,0.996416,0.982014
0.994681,0.985401,0.982014,1.031136
1.02852,1.022222,1.031136,0.94849
0.97227,0.960145,0.94849,1.058052
1.046346,1.011321,1.058052,0.952212
0.943782,0.988806,0.952212,1.0
0.99278,1.003774,1.0,1.040892
1.04,1.026316,1.040892,1.007143
1.008741,1.007326,1.007143,1.051418
1.05026,1.036364,1.051418,1.099494
1.075908,1.052632,1.099494,1.032209
1.087423,1.086667,1.032209,1.065379
1.025388,1.006135,1.065379,1.001395
1.008253,1.051829,1.001395,1.034819
1.06412,1.049275,1.034819,1.012113
0.973077,1.005525,1.012113,0.945479
1.032938,0.947802,0.945479,1.053446
0.956633,1.030435,1.053446,1.026702
1.062667,1.045007,1.026702,1.014304
1.027604,1.02288,1.014304,1.012821
0.97558,1.0,1.012821,0.959494
1.001252,0.990789,0.959494,1.0
0.97125,0.969456,1.0,0.988127
0.990991,0.986301,0.988127,0.946595
0.984416,0.968056,0.946595,0.974612
0.944591,0.964132,0.974612,1.047757
1.013966,1.025298,1.047757,0.998619
1.033058,1.029028,0.998619,1.055325
1.030667,1.022567,1.055325,1.056356
1.075032,1.041379,1.056356,0.954094
0.991576,1.006623,0.954094,1.042913
0.980583,1.019737,1.042913,1.008728
1.02104,1.032258,1.008728,0.966625
0.980606,0.96375,0.966625,1.028133
0.995056,0.975357,1.028133,0.988806
1.019876,1.047872,0.988806,0.986164
0.979294,0.98731,0.986164,1.021684
1.003731,1.006427,1.021684,1.061174
1.081784,1.028097,1.061174,0.981176
0.971363,1.017391,0.981176,1.017986
1.005896,1.004884,1.017986,0.981154
0.994138,1.0,0.981154,1.002401
1.001179,0.998785,1.002401,0.901796
0.988221,0.914842,0.901796,0.964143
0.908224,0.906915,0.964143,0.969697
0.97769,1.016129,0.969697,0.982955
0.947651,0.935065,0.982955,1.023121
1.008499,1.063272,1.023121,0.983051
0.994382,0.986938,0.983051,1.001437
0.995763,1.0,1.001437,0.958393
0.985816,0.977941,0.958393,1.0
0.978417,0.990977,1.0,1.004491
1.008824,1.01214,1.004491,0.980626
0.973761,0.965517,0.980626,1.027356
1.01497,1.006211,1.027356,1.025148
1.053097,1.054012,1.025148,0.987013
0.980392,0.995608,0.987013,1.01462
0.995714,1.004412,1.01462,0.995677
1.007174,1.008785,0.995677,1.005789
0.994302,0.98984,1.005789,0.991367
0.995702,0.992669,0.991367,0.981132
0.98705,0.997046,0.981132,0.989645
0.988338,0.977778,0.989645,1.005979
1.004425,1.010606,1.005979,0.968796
0.997063,0.974513,0.968796,1.010736
0.970545,1.0,1.010736,0.995448
1.003035,1.001538,0.995448,0.996951
1.004539,1.001536,0.996951,0.909786
0.993976,0.907975,0.909786,0.97479
0.901515,0.932432,0.97479,1.039655
1.026891,1.052536,1.039655,0.915423
0.978723,0.946644,0.915423,1.023551
0.9699,0.969091,1.023551,0.915044
0.974138,0.9606,0.915044,1.029014
0.957522,1.003906,1.029014,0.975564
1.003697,1.003891,0.975564,1.013487
0.974217,0.953488,1.013487,0.956274
0.992439,1.004065,0.956274,1.001988
0.975238,0.993927,1.001988,1.03373
1.019531,1.022403,1.03373,1.007678
1.028736,1.023904,1.007678,0.952381
0.981378,0.966926,0.952381,1.012
0.967742,0.995976,1.012,1.005929
1.005882,1.016162,1.005929,0.911591
0.988304,0.918489,0.911591,0.956897
0.925049,0.906926,0.956897,0.925676
0.940299,0.97852,0.925676,1.026764
0.968254,0.973171,1.026764,0.966825
0.990632,1.002506,0.966825,1.02451
0.997636,1.0175,1.02451,1.0
0.99763,1.002457,1.0,1.019139
1.019002,1.026961,1.019139,1.037559
1.058275,1.009547,1.037559,1.004525
0.988987,0.976359,1.004525,1.040541
1.042316,1.079903,1.040541,1.02381
1.055556,1.015695,1.02381,1.012685
0.991903,1.03532,1.012685,0.983299
0.97551,0.991471,0.983299,1.016985
1.008368,1.012903,1.016985,0.977035
0.995851,0.978769,0.977035,1.019231
0.995833,1.006508,1.019231,0.9
1.0,0.924569,0.9,1.002331
0.91841,0.962704,1.002331,0.948837
0.981777,0.970944,0.948837,1.019608
0.969838,0.997506,1.019608,1.069712
1.090909,1.03,1.069712,1.002247
0.997807,1.063107,1.002247,1.0
1.010989,0.984018,1.0,1.015695
0.991304,1.034803,1.015695,1.015453
1.017544,0.959641,1.015453,0.963043
0.971983,1.018692,0.963043,0.970655
0.986696,0.977064,0.970655,0.988372
0.961798,0.981221,0.988372,1.035294
1.037383,1.023923,1.035294,0.988636
0.990991,1.007009,0.988636,0.990805
1.006818,0.99768,0.990805,1.023202
1.009029,0.997674,1.023202,1.038549
1.026846,1.025641,1.038549,1.015284
1.037037,1.043182,1.015284,0.984946
0.97479,0.993464,0.984946,0.997817
0.991379,0.991228,0.997817,0.997812
1.028261,0.995575,0.997812,1.017544
0.991543,1.011111,1.017544,1.0
1.012793,1.008791,1.0,1.017241
1.004211,1.004357,1.017241,1.063559
1.067086,1.015184,1.063559,1.039841
1.037328,1.055556,1.039841,0.977011
0.982955,1.006073,0.977011,1.009804
0.99422,1.008048,1.009804,0.972816
0.978682,0.99002,0.972816,0.998004
1.009901,0.993952,0.998004,0.97
0.97451,0.973631,0.97,1.018557
1.002012,1.0125,1.018557,0.995951
0.997992,0.997942,0.995951,1.02439
1.034205,1.016495,1.02439,0.998016
0.986381,1.008114,0.998016,0.992048
0.994083,0.997988,0.992048,0.971944
0.986111,0.971774,0.971944,1.002062
0.987928,0.995851,1.002062,0.940329
0.995927,0.935417,0.940329,0.978118
0.940695,0.995546,0.978118,1.006711
0.982609,0.993289,1.006711,0.991111
1.002212,0.995495,0.991111,1.004484
0.99117,1.0,1.004484,0.993304
1.002227,1.006787,0.993304,0.988764
0.993333,0.977528,0.988764,0.995455
0.98434,0.997701,0.995455,1.022831
1.025,1.004608,1.022831,1.008929
1.013304,1.022936,1.008929,0.997788
0.991247,1.0,0.997788,0.960089
1.0,0.96861,0.960089,0.963048
0.953642,0.953704,0.963048,1.01199
0.990741,1.004854,1.01199,0.99763
1.0,1.007246,0.99763,0.990499
0.978972,0.976019,0.990499,1.002398
1.01432,1.014742,1.002398,1.011962
0.995294,1.007264,1.011962,0.990544
1.0,1.0,0.990544,0.990453
0.985816,0.975962,0.990453,0.99759
1.0,1.012315,0.99759,1.002415
0.997602,0.995134,1.002415,1.007229
1.009615,1.012225,1.007229,0.990431
0.992857,0.992754,0.990431,1.007246
1.002398,1.004866,1.007246,0.995204
1.007177,0.990315,0.995204,0.995181
0.988124,1.00489,0.995181,0.992736
0.995192,0.995134,0.992736,1.029268
1.021739,1.002445,1.029268,1.007109
1.026005,1.021951,1.007109,0.995294
0.976959,1.002387,0.995294,1.0
1.002358,1.0,1.0,0.997636
1.0,1.002381,0.997636,0.992891
0.997647,0.990499,0.992891,1.0
0.992925,0.995204,1.0,0.957041
0.985748,0.963855,0.957041,1.007481
0.975904,1.0025,1.007481,1.017327
1.014815,0.997506,1.017327,0.985401
0.997567,1.01,0.985401,1.004938
0.997561,1.002475,1.004938,0.995086
0.997555,0.995062,0.995086,1.0
1.007353,1.0,1.0,1.004938
0.990268,1.0,1.004938,0.992629
1.0,1.0,0.992629,0.987624
1.0,0.977667,0.987624,1.007519
0.990172,1.005076,1.007519,1.00995
1.012407,1.007576,1.00995,1.002463
1.004902,1.012531,1.002463,0.995086
1.0,1.0,0.995086,0.992593
0.990244,0.992574,0.992593,1.014925
1.007389,1.0,1.014925,1.017157
1.022005,1.017456,1.017157,0.995181
0.992823,1.002451,0.995181,1.004843
1.004819,1.002445,1.004843,1.012048
1.019185,1.002439,1.012048,1.016667
1.016471,1.014599,1.016667,1.002342
0.99537,1.004796,1.002342,0.995327
1.0,1.01432,0.995327,1.0
1.0,0.997647,1.0,0.997653
0.995349,0.997642,0.997653,0.985882
0.990654,0.985816,0.985882,1.011933
1.004717,1.0,1.011933,0.988208
0.992958,1.0,0.988208,1.0
1.0,1.0,1.0,0.98568
0.992908,0.98801,0.98568,1.002421
0.988095,0.997573,1.002421,1.007246
1.004819,1.002433,1.007246,0.990408
1.028777,0.98301,0.990408,0.995157
0.962704,1.002469,0.995157,1.002433
1.002421,1.0,1.002433,0.985437
0.992754,0.987685,0.985437,1.0
0.992701,1.007481,1.0,1.002463
1.0,1.0,1.002463,1.0
0.997549,1.0,1.0,1.0
1.012285,1.002475,1.0,1.007371
0.997573,0.995062,1.007371,1.0
1.0,1.009926,1.0,1.0
1.004866,1.004914,1.0,0.992683
0.995157,0.99022,0.992683,1.007371
0.997567,1.0,1.007371,1.017073
1.019512,1.009877,1.017073,1.0
1.004785,1.01467,1.0,1.0
0.997619,0.99759,1.0,1.009592
1.00716,1.004831,1.009592,0.992874
0.995261,0.995192,0.992874,0.995215
1.002381,1.0,0.995215,1.002404
0.995249,1.0,1.002404,0.997602
0.997613,1.0,0.997602,0.987981
0.992823,0.985507,0.987981,0.997567
0.99759,1.002451,0.997567,1.0
0.992754,0.997555,1.0,1.0
1.0,1.0,1.0,0.997561
0.997567,0.997549,0.997561,1.0
1.017073,1.004914,1.0,0.99511
0.980815,0.99022,0.99511,1.002457
1.0,1.002469,1.002457,1.004902
1.00489,0.997537,1.004902,1.0
1.004866,1.009877,1.0,1.0
0.995157,0.99511,1.0,1.0
1.004866,1.002457,1.0,0.985366
0.990315,0.985294,0.985366,1.0
0.992665,1.0,1.0,0.99505
0.992611,0.995025,0.99505,1.002488
1.002481,1.0025,1.002488,0.995037
0.997525,0.997506,0.995037,1.002494
1.002481,1.0,1.002494,1.002488
1.002475,1.005,1.002488,0.997519
0.997531,0.995025,0.997519,0.982587
0.99505,0.985,0.982587,1.002532
0.987562,0.997462,1.002532,0.994949
0.997481,1.0,0.994949,1.0
1.0,1.0,1.0,1.0
0.994949,0.997455,1.0,1.007614
1.010152,1.005102,1.007614,1.015113
1.012563,1.007614,1.015113,1.002481
1.004963,1.007557,1.002481,0.99505
0.997531,1.0025,0.99505,0.997512
0.997525,0.995012,0.997512,0.995012
1.002481,0.997494,0.995012,1.015038
1.002475,1.0,1.015038,0.995062
1.002469,1.007538,0.995062,1.009926
1.004926,1.002494,1.009926,1.012285
1.026961,1.004975,1.012285,1.009709
0.995227,1.009901,1.009709,1.0
1.002398,1.007353,1.0,0.987981
0.995215,0.995134,0.987981,0.995134
0.992788,0.99511,0.995134,0.99022
0.997579,0.995086,0.99022,0.995062
0.98301,0.985185,0.995062,1.004963
1.0,1.007519,1.004963,0.985185
0.997531,0.992537,0.985185,1.007519
1.0,0.997494,1.007519,0.997512
0.997525,1.005025,0.997512,1.002494
1.0,0.995,1.002494,1.00995
1.012407,1.01005,1.00995,0.995074
0.997549,0.99005,0.995074,1.009901
1.004914,1.015075,1.009901,1.012255
1.012225,1.00495,1.012255,1.021792
1.038647,1.014778,1.021792,1.011848
1.018605,1.031553,1.011848,1.018735
1.013699,0.995294,1.018735,0.986207
0.988739,1.007092,0.986207,0.990676
0.977221,0.985915,0.990676,0.995294
0.995338,1.0,0.995294,1.007092
1.0,1.0,1.007092,0.981221
0.997658,0.992857,0.981221,0.995215
0.988263,0.997602,0.995215,1.007212
0.995249,0.987981,1.007212,1.016706
1.019093,1.014599,1.016706,0.997653
1.007026,1.009592,0.997653,0.995294
0.993023,0.995249,0.995294,1.007092
1.002342,1.00716,1.007092,0.976526
0.995327,0.985782,0.976526,0.995192
0.981221,0.990385,0.995192,1.0
0.997608,1.0,1.0,1.009662
1.004796,1.0,1.009662,1.009569
1.019093,1.009709,1.009569,0.990521
0.985948,0.997596,0.990521,0.961722
0.992874,0.963855,0.961722,1.004975
0.9689,1.0,1.004975,0.992574
0.997531,1.0,0.992574,1.004988
1.0,1.0,1.004988,1.0
1.002475,1.0025,1.0,1.0
0.997531,1.0,1.0,1.004963
1.009901,1.0,1.004963,1.017284
1.012255,1.007481,1.017284,0.997573
1.002421,1.007426,0.997573,0.982968
0.992754,0.987715,0.982968,1.007426
0.995134,0.997512,1.007426,0.997543
0.997555,1.009975,0.997543,0.990148
0.995098,0.990123,0.990148,1.002488
0.995074,1.0,1.002488,1.004963
1.009901,1.0,1.004963,1.012346
1.007353,1.007481,1.012346,1.007317
1.012165,1.009901,1.007317,0.997579
0.995192,1.002451,0.997579,0.997573
0.997585,1.0,0.997573,1.002433
1.0,1.0,1.002433,1.002427
1.007264,1.002445,1.002427,0.987893
0.992788,0.995122,0.987893,0.992647
0.990315,0.992647,0.992647,0.992593
0.992665,0.992593,0.992593,0.982587
0.992611,0.952736,0.982587,1.010127
0.995037,1.020888,1.010127,0.994987
1.0,1.01023,0.994987,0.997481
0.990025,0.997468,0.997481,1.007576
1.007557,1.002538,1.007576,1.002506
1.0025,1.007595,1.002506,0.9975
0.997506,0.997487,0.9975,1.0
1.0,1.0,1.0,1.002506
1.0025,1.005038,1.002506,0.9975
0.997506,0.997494,0.9975,1.005013
1.0025,1.0,1.005013,0.997506
1.002494,1.002513,0.997506,1.0075
1.004975,0.994987,1.0075,1.002481
1.002475,1.010076,1.002481,1.012376
1.017284,1.002494,1.012376,1.007335
1.004854,1.012438,1.007335,1.002427
1.0,1.004914,1.002427,1.004843
1.014493,1.00489,1.004843,1.007229
0.995238,0.997567,1.007229,0.997608
1.021531,1.009756,0.997608,1.01199
0.98829,1.002415,1.01199,0.995261
1.0,1.004819,0.995261,1.011905
1.014218,1.0,1.011905,0.985882
0.990654,0.997602,0.985882,1.0
0.990566,0.995192,1.0,0.98568
0.997619,0.995169,0.98568,1.009685
0.997613,1.0,1.009685,0.995204
1.0,1.004854,0.995204,1.0
1.004785,1.0,1.0,0.992771
0.983333,0.990338,0.992771,1.007282
1.004843,1.0,1.007282,1.0
1.009639,1.007317,1.0,0.995181
0.99284,0.997579,0.995181,0.985472
0.990385,0.985437,0.985472,0.995086
0.992718,0.995074,0.995086,1.007407
0.997555,0.997525,1.007407,1.0
1.004902,1.009926,1.0,0.995098
0.995122,0.995086,0.995098,1.012315
1.007353,1.002469,1.012315,0.987835
1.0,0.995074,0.987835,1.004926
0.992701,1.002475,1.004926,1.0
1.009804,1.0,1.0,1.0
0.997573,1.0,1.0,0.995098
0.995134,0.997531,0.995098,1.024631
1.017115,1.0,1.024631,1.03125
1.045673,1.027228,1.03125,0.981352
0.983908,1.007229,0.981352,1.099762
1.081776,1.007177,1.099762,0.982721
1.064795,1.068884,0.982721,0.945055
0.912779,0.944444,0.945055,1.016279
0.984444,1.011765,1.016279,1.036613
1.049661,1.004651,1.036613,0.97351
0.963441,1.009259,0.97351,0.997732
0.993304,0.993119,0.997732,1.038636
1.040449,1.004619,1.038636,0.984683
1.015119,1.029885,0.984683,1.026667
0.991489,0.988839,1.026667,0.969697
0.987124,1.006772,0.969697,0.997768
0.991304,0.988789,0.997768,0.986577
0.995614,0.997732,0.986577,0.965986
0.960352,0.954545,0.965986,1.016432
1.006881,1.014286,1.016432,0.988453
0.993166,0.997653,0.988453,0.962617
0.986239,0.948235,0.962617,1.014563
0.986047,1.019851,1.014563,0.992823
0.990566,1.002433,0.992823,1.024096
1.021429,0.987864,1.024096,1.002353
1.0,1.031941,1.002353,1.007042
1.020979,1.009524,1.007042,1.011655
1.004566,1.004717,1.011655,0.990783
0.993182,1.0,0.990783,0.990698
0.988558,0.992958,0.990698,0.971831
1.0,0.973995,0.971831,1.009662
0.967593,0.995146,1.009662,0.9689
1.004785,0.982927,0.9689,1.024691
0.990476,0.990074,1.024691,1.016867
1.026442,1.025063,1.016867,1.0
1.0,1.01956,1.0,1.021327
1.01171,0.995204,1.021327,1.0
1.013889,1.033735,1.0,0.993039
0.984018,0.990676,0.993039,0.997664
1.00464,1.0,0.997664,0.983607
0.988453,0.978824,0.983607,0.980952
0.981308,0.987981,0.980952,1.01699
1.0,0.987835,1.01699,1.011933
1.014286,1.024631,1.011933,0.995283
1.004695,1.012019,0.995283,1.016588
1.004673,1.004751,1.016588,0.983683
1.002326,0.990544,0.983683,1.016588
0.99768,0.99284,1.016588,1.011655
1.011628,1.026442,1.011655,1.0
1.004598,1.009368,1.0,1.016129
1.011442,1.0,1.016129,0.993197
1.004525,1.016241,0.993197,0.997717
0.990991,0.988584,0.997717,0.995423
1.0,0.997691,0.995423,1.02069
1.009091,1.002315,1.02069,0.993243
1.045045,1.018476,0.993243,1.0
0.956897,0.984127,1.0,0.984127
0.990991,1.0,0.984127,1.020737
1.009091,0.997696,1.020737,0.997743
1.006757,1.013857,0.997743,0.99095
0.991051,0.993166,0.99095,0.986301
1.0,0.988532,0.986301,1.00463
0.979684,0.983759,1.00463,1.006912
1.009217,1.018868,1.006912,1.0
1.004566,1.006944,1.0,1.020595
1.025,0.995402,1.020595,1.006726
1.008869,1.023095,1.006726,1.002227
0.995604,0.997743,1.002227,0.993333
0.995585,1.006787,0.993333,1.0
1.004435,1.002247,1.0,1.0
0.995585,1.0,1.0,1.029083
1.022173,1.0,1.029083,0.986957
1.006508,1.017937,0.986957,1.015419
1.006466,0.993392,1.015419,0.976139
0.987152,0.993348,0.976139,0.986667
0.980477,0.982143,0.986667,1.004505
0.993363,1.006818,1.004505,1.015695
1.008909,1.004515,1.015695,0.962472
1.0,0.966292,0.962472,1.011468
0.97351,1.006977,1.011468,1.020408
1.024943,1.009238,1.020408,1.004444
1.006637,1.022883,1.004444,0.993363
0.997802,1.002237,0.993363,1.028953
1.019824,0.995536,1.028953,1.004329
1.021598,1.022422,1.004329,0.989224
0.978858,0.991228,0.989224,1.037037
1.049676,1.006637,1.037037,0.985294
0.975309,1.021978,0.985294,0.997868
0.99789,0.989247,0.997868,1.00641
1.010571,1.01087,1.00641,1.012739
1.018828,0.995699,1.012739,0.991614
0.979466,1.006479,0.991614,0.985201
1.006289,1.0,0.985201,1.008584
0.98125,0.98927,1.008584,0.989362
1.012739,1.006508,0.989362,1.0
0.981132,0.991379,1.0,0.982796
1.008547,0.98913,0.982796,0.97593
0.963983,0.978022,0.97593,1.013453
0.993407,1.002247,1.013453,1.006637
1.017699,1.006726,1.006637,0.993407
0.98913,1.002227,0.993407,1.00885
1.004396,1.004444,1.00885,0.997807
1.004376,0.997788,0.997807,1.004396
1.004357,1.004435,1.004396,0.993435
0.991323,0.993377,0.993435,0.995595
1.0,1.0,0.995595,0.980088
0.989059,0.98,0.980088,1.015801
1.006637,1.002268,1.015801,1.006667
1.002198,1.015837,1.006667,1.004415
1.002193,1.006682,1.004415,1.002198
1.004376,1.002212,1.002198,1.0
0.995643,1.0,1.0,1.010965
1.013129,1.004415,1.010965,0.995662
0.99784,1.006593,0.995662,0.995643
0.997835,0.99345,0.995643,0.993435
0.989154,0.984615,0.993435,0.988987
0.995614,1.002232,0.988987,1.006682
0.995595,0.997773,1.006682,0.993363
1.002212,1.0,0.993363,0.993318
0.995585,0.993304,0.993318,1.004484
0.993348,0.997753,1.004484,1.0
1.008929,1.002252,1.0,0.984375
0.99115,0.988764,0.984375,1.0
0.991071,1.0,1.0,1.002268
1.0,1.002273,1.002268,1.004525
1.002252,0.997732,1.004525,0.986486
0.997753,0.993182,0.986486,0.986301
0.986486,0.981693,0.986301,0.981481
0.988584,0.983683,0.981481,1.004717
0.988453,1.004739,1.004717,1.002347
1.0,1.002358,1.002347,0.985948
0.997664,0.990588,0.985948,1.002375
0.995316,1.0,1.002375,1.018957
1.014118,1.007126,1.018957,1.004651
1.00464,1.009434,1.004651,1.002315
1.004619,1.002336,1.002315,0.993072
0.993103,0.997669,0.993072,1.002326
0.997685,0.997664,1.002326,0.993039
1.00232,0.997658,0.993039,0.992991
0.993056,0.997653,0.992991,1.002353
1.009324,0.997647,1.002353,0.985915
0.988453,0.988208,0.985915,1.02381
1.014019,1.00716,1.02381,0.995349
0.995392,1.009479,0.995349,0.997664
0.990741,0.99061,0.997664,0.997658
0.997664,1.004739,0.997658,1.002347
1.004684,1.0,1.002347,1.002342
1.006993,1.004717,1.002342,0.978972
0.997685,0.974178,0.978972,1.01432
0.988399,1.00241,1.01432,0.990588
0.995305,1.004808,0.990588,0.985748
0.997642,0.988038,0.985748,0.990361
0.983452,0.987893,0.990361,1.004866
0.995192,0.995098,1.004866,1.002421
1.007246,1.012315,1.002421,1.002415
0.997602,1.002433,1.002415,0.99759
1.002404,1.0,0.99759,0.990338
0.992806,0.987864,0.990338,1.002439
0.997585,1.007371,1.002439,1.002433
0.997579,0.992683,1.002433,0.98301
0.995146,0.987715,0.98301,0.992593
0.987805,1.0,0.992593,0.977612
0.995062,0.972637,0.977612,1.005089
0.98263,0.984655,1.005089,1.007595
1.012626,1.028571,1.007595,1.002513
0.995012,1.0,1.002513,0.97995
1.0,0.984848,0.97995,1.01023
0.992481,0.987179,1.01023,0.997468
1.002525,1.01039,0.997468,1.002538
0.997481,1.007712,1.002538,1.0
1.002525,1.0,1.0,0.994937
0.997481,1.002551,0.994937,1.005089
0.997475,0.997455,1.005089,0.997468
1.005063,1.0,0.997468,0.992386
0.992443,0.984694,0.992386,0.997442
0.992386,1.0,0.997442,1.0
0.997442,1.005181,1.0,1.005128
1.007692,1.0,1.005128,1.007653
1.007634,1.007732,1.007653,0.989873
0.997475,1.0,0.989873,1.005115
0.997468,1.0,1.005115,1.002545
1.005076,1.0,1.002545,0.989848
0.992424,0.994885,0.989848,1.005128
0.997455,0.997429,1.005128,1.0
1.002551,1.005155,1.0,0.989796
1.0,0.992308,0.989796,1.0
0.992366,0.997416,1.0,1.002577
1.0,1.002591,1.002577,0.997429
1.0,0.997416,0.997429,1.002577
1.0,1.002591,1.002577,0.994859
0.997436,0.997416,0.994859,0.997416
0.997429,0.997409,0.997416,1.005181
1.002577,1.002597,1.005181,1.007732
1.005141,1.005181,1.007732,1.01023
1.015345,1.005155,1.01023,1.002532
0.997481,1.007692,1.002532,1.0
1.005051,1.005089,1.0,1.005051
1.005025,1.0,1.005051,0.997487
1.0,1.002532,0.997487,1.002519
0.9975,0.994949,1.002519,0.997487
0.997494,1.0,0.997487,0.994962
0.994975,1.0,0.994962,0.98481
1.0,0.984772,0.98481,1.002571
0.989899,0.997423,1.002571,1.015385
1.017857,1.007752,1.015385,1.005051
1.0,1.012821,1.005051,1.007538
1.005013,1.002532,1.007538,1.0
1.012469,1.010101,1.0,1.002494
0.992611,0.9975,1.002494,0.997512
0.997519,0.997494,0.997512,1.004988
1.014925,1.005025,1.004988,1.002481
0.995098,1.0,1.002481,0.997525
1.002463,1.0025,0.997525,1.0
0.995086,1.002494,1.0,0.977667
0.997531,0.977612,0.977667,0.984772
0.980198,0.979644,0.984772,1.005155
0.987374,0.992208,1.005155,0.997436
0.997442,1.005236,0.997436,0.96144
0.989744,0.971354,0.96144,1.0
0.984456,0.989276,1.0,1.008021
0.997368,1.01355,1.008021,0.976127
0.992084,0.965241,0.976127,1.008152
0.992021,1.019391,1.008152,1.002695
1.005362,1.008152,1.002695,1.0
0.997333,0.997305,1.0,1.008065
1.005348,1.008108,1.008065,1.013333
1.023936,1.008043,1.013333,1.005263
0.997403,1.0,1.005263,0.992147
0.994792,1.0,0.992147,1.002639
0.994764,1.0,1.002639,0.997368
1.0,1.00266,0.997368,0.994723
0.994737,0.994695,0.994723,0.997347
1.002646,1.0,0.997347,1.007979
1.0,1.002667,1.007979,1.002639
1.005277,1.00266,1.002639,1.0
0.997375,1.002653,1.0,1.013158
1.036842,1.013228,1.013158,0.994805
0.977157,0.994778,0.994805,1.002611
1.007792,1.002625,1.002611,0.989583
0.987113,0.992147,0.989583,0.997368
0.997389,0.992084,0.997368,0.992084
0.992147,1.0,0.992084,1.005319
1.0,0.99734,1.005319,0.989418
0.994723,0.992,0.989418,1.0
1.002653,1.005376,1.0,1.005348
1.0,0.997326,1.005348,0.946809
0.986772,0.946381,0.946809,1.019663
0.975871,0.974504,1.019663,1.019284
1.032967,1.052326,1.019284,0.994595
0.992021,1.005525,0.994595,1.0
1.002681,1.0,1.0,1.0
0.989305,1.005495,1.0,0.991848
1.005405,0.991803,0.991848,1.016438
1.0,0.99449,1.016438,0.997305
1.005376,1.022161,0.997305,1.005405
0.997326,0.98916,1.005405,1.008065
1.005362,1.010959,1.008065,1.0
1.005333,1.00813,1.0,1.013333
1.015915,1.002688,1.013333,1.007895
1.007833,1.016086,1.007895,0.994778
1.0,0.994723,0.994778,0.989501
0.992228,0.997347,0.989501,1.01061
1.0,1.0,1.01061,1.007874
1.005222,1.007979,1.007874,0.986979
1.0,1.0,0.986979,1.005277
1.002597,0.994723,1.005277,1.005249
0.994819,1.005305,1.005249,1.010444
1.010417,1.0,1.010444,0.971576
0.994845,0.98153,0.971576,1.018617
0.992228,1.005376,1.018617,1.0
1.013055,1.010695,1.0,1.018277
1.012887,1.002646,1.018277,1.010256
1.007634,1.021108,1.010256,0.997462
1.005051,1.002584,0.997462,1.012723
1.005025,1.005155,1.012723,1.012563
1.0625,1.005128,1.012563,1.0
0.969412,1.012755,1.0,0.977667
0.973301,0.989924,0.977667,0.994924
0.992519,0.989822,0.994924,0.992347
0.982412,0.984576,0.992347,0.989717
0.997442,1.0,0.989717,1.002597
0.994872,1.0,1.002597,1.002591
1.0,1.0,1.002591,1.03876
1.041237,1.018277,1.03876,0.99005
0.997525,1.010256,0.99005,0.977387
0.985112,0.979695,0.977387,0.997429
0.989924,1.002591,0.997429,0.989691
0.992366,0.984496,0.989691,1.002604
0.994872,1.005249,1.002604,1.01039
1.012887,1.002611,1.01039,0.940874
0.977099,0.942708,0.940874,1.016393
0.971354,1.013812,1.016393,0.986559
0.994638,0.991826,0.986559,1.021798
1.024259,1.013736,1.021798,1.0
0.997368,0.99187,1.0,0.989333
0.986807,1.008197,0.989333,0.986523
1.0,0.98374,0.986523,0.980874
0.973262,0.980716,0.980874,0.977716
0.983516,0.983146,0.977716,1.011396
0.994413,1.002857,1.011396,0.971831
1.0,0.982906,0.971831,1.002899
0.977528,0.988406,1.002899,0.99711
0.997126,1.0,0.99711,0.901449
0.979827,0.912023,0.901449,1.016077
0.935294,0.990354,1.016077,0.984177
1.006289,1.006494,0.984177,1.009646
0.984375,0.983871,1.009646,1.003185
1.012698,1.02623,1.003185,1.0
0.99373,0.980831,1.0,1.003175
1.009464,1.026059,1.003175,0.996835
0.996875,0.996825,0.996835,1.019048
1.009404,1.003185,1.019048,0.996885
1.015528,1.009524,0.996885,1.021875
1.0,1.006289,1.021875,0.984709
0.993884,1.0,0.984709,0.968944
0.993846,0.971875,0.968944,1.00641
0.987616,1.0,1.00641,1.015924
1.0,1.012862,1.015924,1.003135
1.012539,1.012698,1.003135,1.003125
0.996904,0.981191,1.003125,1.009346
1.012422,1.01278,1.009346,1.0
0.996933,1.012618,1.0,0.993827
0.996923,1.0,0.993827,0.984472
1.0,0.971963,0.984472,1.0
0.981481,1.009615,1.0,1.003155
1.003145,1.0,1.003155,1.012579
1.009404,1.003175,1.012579,1.018634
1.021739,1.015823,1.018634,1.015244
1.018237,1.015576,1.015244,0.990991
0.99403,1.006135,0.990991,1.012121
1.009009,0.996951,1.012121,1.0
0.997024,1.006116,1.0,0.991018
0.997015,1.00304,0.991018,1.006042
0.997006,0.99697,1.006042,0.990991
1.009009,1.0,0.990991,0.963636
0.979167,0.951368,0.963636,1.003145
0.984802,1.00639,1.003145,1.00627
0.996914,1.009524,1.00627,1.031153
1.034056,1.0,1.031153,0.984894
0.988024,1.018868,0.984894,1.015337
1.009091,1.0,1.015337,1.0
1.0,1.015432,1.0,0.990937
0.987988,0.975684,0.990937,1.0
1.0,1.012461,1.0,0.978659
1.00304,0.987692,0.978659,0.987539
0.975758,0.978193,0.987539,0.984227
0.990683,0.987261,0.984227,1.0
0.981191,0.987097,1.0,1.003205
1.009585,1.009804,1.003205,1.0
0.993671,1.003236,1.0,0.990415
0.996815,0.996774,0.990415,1.0
0.99361,0.996764,1.0,1.012903
1.009646,1.003247,1.012903,1.0
1.003185,1.009709,1.0,0.990446
0.993651,0.99359,0.990446,0.990354
0.996805,0.993548,0.990354,1.0
0.99359,0.993506,1.0,0.99026
0.993548,0.98366,0.99026,1.0
0.993506,1.003322,1.0,0.996721
0.996732,0.993377,0.996721,0.990132
0.996721,1.0,0.990132,1.009967
1.0,1.0,1.009967,0.983553
0.996711,0.996667,0.983553,1.003344
0.993399,0.993311,1.003344,0.996667
1.0,1.003367,0.996667,1.010033
1.003322,1.003356,1.010033,0.993377
1.0,1.0,0.993377,0.983333
0.993377,0.986622,0.983333,1.010169
0.996667,0.99322,1.010169,1.006711
1.010033,1.010239,1.006711,1.0
0.996689,1.010135,1.0,1.013333
1.013289,1.003344,1.013333,1.0
0.996721,1.006667,1.0,1.0
1.006579,1.003311,1.0,0.993421
0.993464,0.993399,0.993421,1.006623
1.003289,1.0,1.006623,0.976974
0.990164,0.986711,0.976974,1.003367
0.993377,0.996633,1.003367,1.0
1.0,1.0,1.0,0.909396
0.98,0.905405,0.909396,0.98155
0.914966,0.932836,0.98155,0.977444
0.992565,1.028,0.977444,0.980769
0.985019,0.961089,0.980769,1.011765
0.984791,1.020243,1.011765,0.965116
0.992278,0.984127,0.965116,1.016064
0.992218,0.987903,1.016064,1.063241
1.066667,1.036735,1.063241,0.98513
1.0,1.031496,0.98513,1.007547
0.996324,1.003817,1.007547,1.014981
1.0,0.980989,1.014981,0.99262
1.01107,1.034884,0.99262,0.996283
0.992701,1.0,0.996283,1.014925
1.011029,0.996255,1.014925,1.025735
1.018182,1.022556,1.025735,1.0
1.021429,1.022059,1.0,1.02509
1.01049,1.0,1.02509,0.993007
0.99308,1.007194,0.993007,1.0
0.993031,1.007143,1.0,1.0
1.010526,1.007092,1.0,0.992958
1.0,0.992958,0.992958,1.010638
0.996528,0.992908,1.010638,1.024561
1.020906,1.007143,1.024561,1.010274
1.010239,1.014184,1.010274,0.99322
1.010135,1.017483,0.99322,1.010239
0.989967,1.003436,1.010239,1.0
1.010135,1.006849,1.0,1.013514
1.003344,1.006803,1.013514,0.97
0.996667,0.97973,0.97,1.0
0.976589,0.986207,1.0,0.996564
1.003425,1.006993,0.996564,0.965517
0.996587,0.96875,0.965517,1.010714
0.979452,1.003584,1.010714,1.0
1.0,1.007143,1.0,1.014134
1.006993,0.992908,1.014134,0.989547
1.0,1.010714,0.989547,1.003521
0.989583,0.989399,1.003521,1.02807
1.035088,1.032143,1.02807,1.010239
1.00678,1.00692,1.010239,0.993243
1.003367,0.996564,0.993243,0.996599
0.993289,1.003448,0.996599,0.989761
0.993243,0.993127,0.989761,0.993103
0.993197,0.99308,0.993103,0.996528
0.993151,0.993031,0.996528,1.003484
0.996552,1.007018,1.003484,1.013889
1.013841,0.996516,1.013889,0.976027
0.993174,0.996503,0.976027,0.996491
0.986254,0.989474,0.996491,1.003521
1.0,0.98227,1.003521,0.989474
0.993031,1.00722,0.989474,1.014184
1.003509,1.007168,1.014184,0.975524
1.0,0.992883,0.975524,1.003584
0.986014,0.996416,1.003584,0.996429
0.996454,0.982014,0.996429,1.0
1.0,1.018315,1.0,0.989247
1.010676,0.992806,0.989247,1.0
0.978873,0.992754,1.0,0.978261
0.996403,0.981752,0.978261,1.011111
0.99278,1.003717,1.011111,1.018315
1.014545,1.0,1.018315,1.021583
1.021505,1.02963,1.021583,1.028169
1.049123,1.010791,1.028169,1.0
0.989967,1.024911,1.0,1.0
1.003378,1.010417,1.0,0.993151
0.989899,0.993127,0.993151,0.996552
0.996599,0.99654,0.996552,1.00692
0.996587,0.996528,1.00692,0.996564
1.0,1.003484,0.996564,0.993103
0.996575,0.989583,0.993103,1.003472
1.003436,1.003509,1.003472,1.00346
1.003425,1.01049,1.00346,0.97931
0.993174,0.982699,0.97931,1.0
0.982818,0.992958,1.0,1.014085
1.006993,1.003546,1.014085,0.993056
1.0,1.010601,0.993056,1.0
1.003472,0.996503,1.0,0.979021
0.989619,0.975439,0.979021,0.996429
0.982517,0.996403,0.996429,1.003584
1.007117,1.00361,1.003584,1.017857
1.010601,1.007194,1.017857,1.024561
1.024476,1.017857,1.024561,1.0
1.010239,1.021053,1.0,1.020548
1.006757,1.003436,1.020548,1.006711
1.02349,1.010274,1.006711,0.983333
0.990164,0.99661,0.983333,1.040678
1.016556,1.006803,1.040678,0.993485
1.006515,1.02027,0.993485,1.0
0.990291,1.0,1.0,1.0
1.006536,1.0,1.0,1.009836
1.0,1.003311,1.009836,1.051948
1.058442,1.019802,1.051948,1.015432
1.046012,1.029126,1.015432,0.990881
0.979472,1.018868,0.990881,1.006135
0.991018,1.003086,1.006135,0.993902
0.996979,0.981538,0.993902,1.009202
1.015152,1.015674,1.009202,1.009119
0.99403,1.003086,1.009119,1.021084
1.018018,1.018462,1.021084,1.020649
1.029499,1.018127,1.020649,0.927746
0.974212,0.949555,0.927746,1.068536
1.008824,1.00625,1.068536,0.991254
1.008746,1.040373,0.991254,0.976471
0.982659,0.98209,0.976471,0.978916
0.979412,0.978723,0.978916,1.021538
1.006006,1.009317,1.021538,1.018072
1.014925,1.009231,1.018072,1.017751
1.017647,1.030488,1.017751,1.005814
1.011561,0.994083,1.005814,0.99422
1.0,1.017857,0.99422,1.034884
1.042857,0.997076,1.034884,0.974719
0.978082,1.014663,0.974719,1.014409
1.022409,0.971098,1.014409,1.042614
1.019178,1.017857,1.042614,1.0
1.051075,1.040936,1.0,0.989101
0.943734,0.988764,0.989101,1.035813
1.02981,1.025568,1.035813,0.989362
1.007895,1.027701,0.989362,1.016129
0.989556,0.986523,1.016129,0.994709
1.015831,1.019126,0.994709,0.992021
0.981818,0.983914,0.992021,0.986595
0.992063,0.997275,0.986595,1.005435
0.989333,0.986339,1.005435,1.016216
1.021563,1.0,1.016216,0.986702
0.984169,1.01385,0.986702,0.986523
1.016086,0.997268,0.986523,0.997268
0.965699,0.972603,0.997268,0.99726
1.005464,1.016901,0.99726,0.989011
0.994565,0.99169,0.989011,1.002778
0.991803,0.994413,1.002778,0.977839
0.997245,0.988764,0.977839,0.98017
0.977901,0.977273,0.98017,1.00578
0.983051,0.991279,1.00578,0.962644
1.005747,0.979472,0.962644,1.00597
0.98,1.0,1.00597,1.002967
0.994169,0.997006,1.002967,1.014793
1.01173,1.012012,1.014793,0.915452
0.973913,0.919881,0.915452,1.012739
0.952381,1.006452,1.012739,0.993711
0.99375,0.996795,0.993711,0.981013
0.990566,0.993569,0.981013,1.019355
1.009524,0.993528,1.019355,0.984177
0.987421,1.006515,0.984177,0.990354
0.990446,0.990291,0.990354,1.022727
1.022508,1.006536,1.022727,1.006349
0.996855,1.012987,1.006349,1.0
1.053628,1.0,1.0,0.968454
0.94012,0.961538,0.968454,1.013029
0.996815,1.02,1.013029,0.980707
0.99361,0.986928,0.980707,0.990164
0.980707,0.993377,0.990164,1.0
0.996721,1.0,1.0,1.023179
1.016447,1.003333,1.023179,0.993528
1.003236,1.013289,0.993528,1.0
0.993548,1.003279,1.0,0.993485
0.996753,0.986928,0.993485,1.006557
1.0,1.006623,1.006557,0.990228
1.003257,0.990132,0.990228,1.003289
1.0,1.003322,1.003289,0.986885
0.99026,0.996689,0.986885,0.983389
0.990164,0.980066,0.983389,1.003378
0.990066,0.99322,1.003378,1.030303
1.026756,1.010239,1.030303,0.990196
1.0,1.02027,0.990196,1.0
0.993485,0.996689,1.0,0.990099
1.0,0.996678,0.990099,1.006667
0.993443,0.996667,1.006667,1.006623
1.006601,1.006689,1.006623,1.098684
1.095082,1.013289,1.098684,0.97006
0.98503,1.039344,0.97006,0.993827
0.984802,1.009464,0.993827,0.984472
0.993827,0.984375,0.984472,0.993691
0.984472,0.984127,0.993691,1.0
1.0,1.006452,1.0,1.006349
1.003155,1.00641,1.006349,0.993691
0.996855,0.987261,0.993691,1.015873
1.015773,1.022581,1.015873,0.990625
0.993789,0.996845,0.990625,0.990536
0.990625,0.990506,0.990536,1.0
0.996845,1.0,1.0,1.022293
1.031646,1.003195,1.022293,0.959502
0.978528,0.974522,0.959502,1.0
0.971787,1.0,1.0,0.993506
1.0,0.996732,0.993506,1.006536
1.003226,1.003279,1.006536,1.012987
1.006431,1.003268,1.012987,0.990385
1.0,0.996743,0.990385,1.012945
1.009585,1.003268,1.012945,0.990415
0.987342,1.003257,0.990415,0.983871
0.990385,0.99026,0.983871,1.003279
1.0,1.003279,1.003279,0.986928
0.993528,0.98366,0.986928,1.006623
0.993485,1.003322,1.006623,1.013158
1.013115,1.009934,1.013158,1.0
1.0,1.003279,1.0,1.003247
1.003236,0.996732,1.003247,0.996764
1.003226,1.006557,0.996764,1.003247
0.996785,1.0,1.003247,1.0
1.009677,1.003257,1.0,0.990291
0.98722,0.993506,0.990291,0.990196
0.983819,0.98366,0.990196,0.986799
0.993421,0.990033,0.986799,0.966555
0.976821,0.959732,0.966555,1.0
0.989831,1.01049,1.0,1.00346
0.996575,1.0,1.00346,0.989655
1.003436,0.989619,0.989655,1.010453
0.993151,1.0,1.010453,0.996552
1.003448,1.003497,0.996552,1.010381
1.006873,1.010453,1.010381,0.989726
0.989761,0.968966,0.989726,1.0
1.003448,1.021352,1.0,1.020761
1.017182,1.010453,1.020761,1.0
1.006757,1.013793,1.0,1.00678
1.003356,1.0,1.00678,0.993266
0.996656,1.0,0.993266,1.050847
1.090604,1.006803,1.050847,0.970968
0.941538,0.996622,0.970968,1.019934
1.01634,1.020339,1.019934,0.980456
0.987138,1.0,0.980456,0.993355
0.986971,0.990033,0.993355,0.986622
0.993399,0.986577,0.986622,1.016949
1.0,1.003401,1.016949,0.996667
1.003322,1.010169,0.996667,1.010033
1.0,1.0,1.010033,1.003311
1.016556,1.013423,1.003311,1.013201
1.032573,1.0,1.013201,1.003257
0.974763,1.006623,1.003257,0.996753
1.0,1.0,0.996753,0.996743
0.996764,1.003289,0.996743,1.003268
1.0,0.996721,1.003268,0.996743
1.0,1.003289,0.996743,0.977124
0.993506,0.97377,0.977124,1.0
0.990196,1.006734,1.0,1.003344
0.993399,0.993311,1.003344,1.0
1.003322,1.006734,1.0,0.99
0.996689,0.989967,0.99,1.0
0.996678,1.0,1.0,0.993266
0.99,0.993243,0.993266,0.989831
0.996633,0.993197,0.989831,1.010274
0.996622,1.0,1.010274,1.0
1.00339,1.006849,1.0,1.0
1.003378,1.0,1.0,1.00339
1.0,0.996599,1.00339,1.006757
1.010101,1.006826,1.006757,1.006711
1.003333,1.00678,1.006711,1.006667
1.009967,1.010101,1.006667,1.0
0.996711,1.0,1.0,0.993377
1.0,1.0,0.993377,1.003333
1.0,0.996667,1.003333,0.983389
0.993399,0.986622,0.983389,0.996622
0.983389,0.99322,0.996622,0.99661
1.0,0.996587,0.99661,1.0
0.996622,1.0,1.0,1.0
1.0,1.003425,1.0,1.003401
1.0,0.993174,1.003401,1.00678
1.00678,1.010309,1.00678,0.986532
1.0,0.996599,0.986532,0.993174
0.986532,0.989761,0.993174,0.989691
0.996587,0.989655,0.989691,1.006944
0.993151,0.996516,1.006944,1.0
1.006897,1.013986,1.0,1.003448
1.003425,0.996552,1.003448,0.989691
0.996587,0.99308,0.989691,1.006944
0.996575,1.0,1.006944,1.0
1.003436,1.003484,1.0,0.975862
0.989726,0.979167,0.975862,1.007067
0.986159,0.996454,1.007067,0.989474
1.0,1.0,0.989474,1.0
0.992982,1.0,1.0,0.989362
1.0,0.992883,0.989362,1.003584
0.992933,0.996416,1.003584,1.007143
1.007117,1.003597,1.007143,0.985816
0.996466,0.996416,0.985816,1.003597
0.992908,0.996403,1.003597,1.003584
1.007143,1.00361,1.003584,1.017857
1.010638,1.003597,1.017857,0.992982
1.003509,1.010753,0.992982,0.996466
0.98951,0.996454,0.996466,1.0
1.0,1.0,1.0,1.0
1.0,0.996441,1.0,1.0
1.0,1.003571,1.0,1.003546
1.0,0.992883,1.003546,1.0
1.0,1.007168,1.0,1.003534
1.003534,1.003559,1.003534,1.003521
1.007042,1.0,1.003521,1.0
1.0,1.003546,1.0,0.996491
0.996503,1.0,0.996491,1.0
1.0,1.0,1.0,0.996479
1.0,1.0,0.996479,1.007067
1.007018,1.0,1.007067,1.010526
1.003484,1.007067,1.010526,1.010417
1.013889,1.007018,1.010417,1.0
1.003425,1.006969,1.0,1.006873
1.0,1.00346,1.006873,0.996587
1.003413,1.0,0.996587,0.979452
0.996599,0.982759,0.979452,1.01049
0.989761,1.003509,1.01049,0.99308
1.0,1.0,0.99308,1.003484
0.996552,1.0,1.003484,1.003472
1.00346,1.003497,1.003472,1.00692
1.003448,0.996516,1.00692,1.0
