0.992,0.98913,0.997297,1.0
1.005376,1.005495,1.0,0.97832
0.986631,0.978142,0.97832,1.00831
0.98916,1.0,1.00831,0.994505
1.010959,1.005587,0.994505,1.024862
1.00813,1.016667,1.024862,0.983827
0.994624,0.989071,0.983827,1.010959
1.0,1.002762,1.010959,1.01897
1.021622,1.011019,1.01897,1.005319
1.002646,1.013624,1.005319,0.97619
0.986807,0.975806,0.97619,0.97019
0.986631,0.980716,0.97019,1.005587
0.98103,0.997191,1.005587,0.975
0.986188,0.96338,0.975,0.974359
0.980392,1.0,0.974359,0.967836
0.985714,0.964912,0.967836,1.0
1.0,1.0,1.0,1.009063
0.973913,0.990909,1.009063,0.994012
0.997024,1.006116,0.994012,0.963855
0.991045,0.966565,0.963855,1.003125
0.978916,1.006289,1.003125,1.012461
1.0,0.978125,1.012461,1.003077
1.012308,1.025559,1.003077,0.984663
0.984802,0.990654,0.984663,1.024922
1.018519,1.003145,1.024922,1.0
1.00303,1.018809,1.0,1.00304
1.0,1.009231,1.00304,1.0
1.006042,0.996951,1.0,1.00303
0.996997,1.003058,1.00303,1.0
1.003012,0.996951,1.0,1.0
0.996997,0.993884,1.0,1.05136
1.048193,1.006154,1.05136,1.011494
1.031609,1.058104,1.011494,0.991477
0.986072,1.00578,0.991477,1.011461
1.002825,0.997126,1.011461,1.0
0.997183,1.005764,1.0,1.022663
1.036723,1.005731,1.022663,0.961219
0.989101,0.985755,0.961219,1.020173
0.977961,1.00289,1.020173,1.0
1.005634,1.017291,1.0,0.99435
0.991597,0.988669,0.99435,0.988636
0.997175,0.991404,0.988636,0.997126
0.991501,0.991329,0.997126,0.988473
0.997143,0.997085,0.988473,0.979592
0.985673,0.976608,0.979592,1.008929
0.985465,1.002994,1.008929,1.020649
1.026549,1.008955,1.020649,0.99711
1.0,1.011834,0.99711,1.005797
0.997126,0.997076,1.005797,1.002882
1.002882,1.008798,1.002882,0.988506
1.0,0.997093,0.988506,1.005814
0.997126,1.002915,1.005814,0.979769
0.997118,0.982558,0.979769,1.00885
0.991329,0.994083,1.00885,1.008772
1.005831,1.008929,1.008772,0.994203
1.0,1.00885,0.994203,0.988338
0.997101,0.988304,0.988338,1.011799
1.0,1.0,1.011799,1.03207
1.046512,1.02071,1.03207,1.0
0.991667,1.014493,1.0,1.022599
1.033613,1.002857,1.022599,1.005525
1.00271,1.025641,1.005525,0.997253
0.991892,0.997222,0.997253,0.983471
0.99455,0.986072,0.983471,1.014006
1.0,0.997175,1.014006,1.005525
0.99726,1.014164,1.005525,1.002747
1.013736,1.00838,1.002747,0.986301
0.99187,0.98615,0.986301,0.95
0.980874,0.960674,0.95,1.049708
1.0,0.994152,1.049708,1.038997
1.050139,1.058824,1.038997,1.008043
1.034483,1.016667,1.008043,0.989362
0.984615,1.005464,0.989362,1.021505
1.0,1.002717,1.021505,0.986842
0.997396,0.98645,0.986842,0.984
0.981723,1.005495,0.984,0.96748
0.989362,0.969945,0.96748,0.980392
0.962366,0.957746,0.980392,0.997143
0.986034,1.002941,0.997143,1.034384
1.025496,1.008798,1.034384,0.966759
0.994475,1.011628,0.966759,1.008596
0.991667,0.979885,1.008596,1.002841
0.997199,1.01173,1.002841,0.988669
1.008427,1.002899,0.988669,0.954155
0.97493,0.959538,0.954155,1.0
0.957143,0.954819,1.0,1.006006
1.00597,1.031546,1.006006,1.0
1.0,1.0,1.0,0.973134
0.976261,0.972477,0.973134,0.972393
0.981763,0.984277,0.972393,0.981073
0.98452,0.99361,0.981073,1.006431
0.984277,0.961415,1.006431,1.035144
1.038339,1.043478,1.035144,0.984568
0.990769,1.016026,0.984568,1.00627
0.996894,1.0,1.00627,1.009346
1.021807,0.990536,1.009346,0.996914
0.996951,1.025478,0.996914,0.972136
0.984709,0.97205,0.972136,0.990446
0.978261,0.977636,0.990446,1.009646
1.0,1.0,1.009646,0.996815
1.015873,1.01634,0.996815,1.00639
0.984375,0.993569,1.00639,0.990476
0.993651,0.993528,0.990476,0.99359
1.0,1.0,0.99359,1.019355
1.015974,1.003257,1.019355,0.990506
0.993711,1.012987,0.990506,0.996805
0.996835,0.996795,0.996805,1.003205
1.003175,1.003215,1.003205,0.980831
0.993671,0.971154,0.980831,1.013029
0.993631,1.0,1.013029,1.003215
1.00641,1.016502,1.003215,0.987179
0.990446,0.993506,0.987179,1.00974
1.003215,1.0,1.00974,0.987138
0.99359,0.990196,0.987138,0.980456
0.993548,0.986799,0.980456,0.950166
0.983766,0.956522,0.950166,1.0
0.943894,0.965035,1.0,0.996503
1.013986,1.021739,0.996503,1.007018
0.993103,0.978723,1.007018,1.0
1.003472,1.018116,1.0,1.013937
1.010381,1.010676,1.013937,1.0
1.003425,1.003521,1.0,1.003436
1.0,1.003509,1.003436,1.010274
1.013652,1.006993,1.010274,1.044068
1.043771,1.017361,1.044068,0.977273
0.990323,1.017065,0.977273,1.003322
0.996743,1.006711,1.003322,1.0
1.0,1.0,1.0,0.97351
0.96732,0.96,0.97351,1.013605
1.010135,1.003472,1.013605,1.016779
1.016722,1.024221,1.016779,1.009901
1.019737,1.013514,1.009901,1.0
0.990323,1.006667,1.0,0.993464
1.0,1.0,0.993464,1.013158
1.006515,1.003311,1.013158,0.987013
0.996764,1.0033,0.987013,1.016447
1.00974,0.996711,1.016447,1.012945
1.006431,1.013201,1.012945,0.98722
1.0,0.996743,0.98722,1.009709
1.0,1.0,1.009709,1.00641
1.022364,1.006536,1.00641,0.993631
0.978125,0.996753,0.993631,0.99359
1.0,1.003257,0.99359,1.009677
1.0,0.993506,1.009677,1.00639
1.01278,1.01634,1.00639,0.968254
0.993691,0.977492,0.968254,1.003279
0.977778,0.996711,1.003279,1.0
1.0,1.0,1.0,1.006536
1.0,0.9967,1.006536,1.012987
1.012987,1.009934,1.012987,1.019231
1.048077,1.02623,1.019231,0.993711
0.978593,1.003195,0.993711,1.0
0.996875,1.0,1.0,0.981013
0.990596,0.980892,0.981013,1.0
0.996835,1.003247,1.0,1.012903
1.003175,0.996764,1.012903,0.977707
0.990506,0.99026,0.977707,1.019544
1.01278,1.003279,1.019544,0.990415
0.984227,1.006536,0.990415,1.012903
1.009615,1.006494,1.012903,0.987261
0.993651,0.993548,0.987261,0.983871
0.990415,0.980519,0.983871,1.003279
0.993548,1.003311,1.003279,1.0
0.993506,1.0,1.0,1.013072
1.019608,1.006601,1.013072,1.0
0.996795,1.006557,1.0,1.0
0.996785,0.996743,1.0,0.987097
1.0,0.993464,0.987097,0.996732
0.990323,0.990132,0.996732,1.0
1.0,1.006645,1.0,1.016393
1.019544,1.0033,1.016393,0.983871
0.98722,0.996711,0.983871,0.983607
0.993528,0.976898,0.983607,1.0
0.986971,1.003378,1.0,1.003333
1.0033,1.006734,1.003333,0.993355
0.993421,1.0,0.993355,1.010033
1.003311,1.0,1.010033,0.990066
0.9967,0.993311,0.990066,0.983278
0.990066,0.986532,0.983278,1.013605
1.0,1.0,1.013605,1.020134
1.023411,1.017065,1.020134,1.019737
1.013072,1.026846,1.019737,1.0
1.006452,1.003268,1.0,1.003226
1.0,1.003257,1.003226,0.983923
1.0,0.993506,0.983923,1.013072
0.99359,0.996732,1.013072,1.051613
1.051613,1.022951,1.051613,1.003067
1.027607,1.028846,1.003067,0.978593
0.967164,0.987539,0.978593,0.996875
0.993827,0.993691,0.996875,1.015674
1.015528,1.003175,1.015674,1.006173
1.009174,1.012658,1.006173,0.993865
0.993939,1.0,0.993865,0.993827
0.996951,0.996875,0.993827,0.993789
0.990826,0.99373,0.993789,0.99375
0.987654,0.996845,0.99375,1.012579
1.015625,1.003165,1.012579,1.049689
1.04,1.028391,1.049689,1.014793
1.050296,1.042945,1.014793,0.991254
0.971831,0.982353,0.991254,1.005882
1.0,1.008982,1.005882,1.026316
1.028986,1.005935,1.026316,1.022792
1.03662,1.020649,1.022792,0.988858
0.997283,1.017341,0.988858,0.985915
0.972752,0.994318,0.985915,0.951429
0.980392,0.951429,0.951429,1.003003
0.957143,0.966967,1.003003,0.958084
1.0,0.984472,0.958084,1.0125
1.002985,0.996845,1.0125,1.015432
0.994048,1.018987,1.015432,1.006079
1.0,1.003106,1.006079,0.990937
0.994012,1.003096,0.990937,0.978659
0.987952,0.975309,0.978659,1.012461
0.990854,1.0,1.012461,1.012308
1.015385,1.018987,1.012308,0.981763
0.993939,0.996894,0.981763,1.049536
1.033537,1.0,1.049536,1.026549
1.029499,1.018692,1.026549,0.982759
1.011461,1.033639,0.982759,1.017544
0.994334,1.002959,1.017544,0.985632
0.988604,1.00295,0.985632,0.970845
0.991354,0.967647,0.970845,1.051051
1.017442,1.00304,1.051051,0.991429
1.017143,1.048485,0.991429,0.997118
1.005618,0.99422,0.997118,1.00578
0.972067,0.985465,1.00578,1.008621
1.017241,1.017699,1.008621,0.997151
1.0,1.002899,0.997151,0.98
0.991525,0.988439,0.98,0.997085
0.982906,0.997076,0.997085,1.0
0.997101,0.997067,1.0,0.982456
0.997093,0.964706,0.982456,1.008929
0.991254,1.012195,1.008929,0.99115
1.011765,1.009036,0.99115,0.988095
0.979651,0.98806,0.988095,0.975904
0.985163,0.975831,0.975904,0.987654
0.993976,0.98452,0.987654,0.965625
0.969697,0.959119,0.965625,1.012945
0.978125,1.0,1.012945,0.980831
0.996805,0.996721,0.980831,1.019544
1.003205,1.009868,1.019544,1.00639
1.01278,1.009772,1.00639,0.996825
0.996845,1.006452,0.996825,1.019108
1.025316,1.0,1.019108,0.996875
0.993827,1.012821,0.996875,0.981191
0.993789,0.987342,0.981191,1.0
1.0,1.0,1.0,1.00639
0.990625,0.996795,1.00639,0.993651
0.996845,1.0,0.993651,0.980831
0.990506,0.980707,0.980831,0.977199
0.984026,0.980328,0.977199,1.006667
0.983766,1.0,1.006667,1.013245
1.016502,1.006689,1.013245,0.970588
0.993506,0.983389,0.970588,1.016835
0.990196,1.0,1.016835,1.0
1.009901,1.010135,1.0,1.003311
1.0,1.003344,1.003311,1.006601
0.996732,1.003333,1.006601,1.006557
1.013115,1.0,1.006557,0.996743
0.993528,1.006645,0.996743,1.026144
1.026059,1.006601,1.026144,0.993631
0.996825,1.016393,0.993631,1.0
1.0,0.993548,1.0,1.009615
1.003185,1.003247,1.009615,1.003175
1.006349,1.009709,1.003175,1.006329
1.006309,1.003205,1.006329,0.990566
1.0,1.00639,0.990566,1.019048
1.015674,0.993651,1.019048,0.993769
0.990741,1.009585,0.993769,0.990596
0.993769,0.993671,0.990596,1.012658
1.00627,0.996815,1.012658,0.978125
1.0,0.996805,0.978125,1.00639
0.987539,1.003205,1.00639,1.015873
1.012618,1.0,1.015873,0.99375
0.996885,1.00639,0.99375,1.050314
1.04375,1.009524,1.050314,0.997006
1.020958,1.034591,0.997006,1.006006
0.985337,0.990881,1.006006,0.99403
1.002976,1.015337,0.99403,1.018018
1.026706,1.003021,1.018018,1.00295
0.985549,1.01506,1.00295,0.997059
0.997067,0.997033,0.997059,1.0059
1.023529,1.002976,1.0059,0.997067
0.988506,1.0,0.997067,0.973529
0.982558,0.976261,0.973529,1.05136
1.029586,0.99696,1.05136,1.020115
1.045977,1.02439,1.020115,0.991549
0.980769,1.032738,0.991549,0.985795
1.005602,0.988473,0.985795,1.002882
0.983287,1.005831,1.002882,0.979885
0.985836,0.982609,0.979885,0.997067
0.985632,0.9941,0.997067,1.005882
1.0,0.997033,1.005882,1.005848
1.011662,1.008929,1.005848,0.994186
0.991354,1.0,0.994186,1.023392
1.040698,1.0059,1.023392,0.988571
0.988827,1.01173,0.988571,0.991329
0.983051,0.985507,0.991329,0.982507
0.985632,0.988235,0.982507,1.035608
1.029155,1.002976,1.035608,1.0
1.0,1.0,1.0,1.048711
1.036827,1.086053,1.048711,1.04918
1.04918,1.04918,1.04918,1.049479
1.049479,1.049479,1.049479,1.049628
1.049628,1.0,1.049628,1.014184
1.049645,0.997519,1.014184,1.048951
1.013514,1.069652,1.048951,1.051111
1.051111,1.048837,1.051111,1.05074
1.05074,1.070953,1.05074,1.050302
1.050302,1.035197,1.050302,1.0
1.0,1.0,1.0,1.0
1.0,1.0,1.0,1.0
1.0,1.0,1.0,0.950192
0.98659,0.992,0.950192,0.949597
0.914563,0.949597,0.949597,0.949045
0.949045,0.949045,0.949045,0.950783
0.950783,0.950783,0.950783,1.037647
1.049412,0.950588,1.037647,0.952381
0.970852,1.037129,0.952381,1.0
1.0,0.957041,1.0,1.02381
1.016166,1.009975,1.02381,0.988372
0.993182,1.032099,0.988372,0.969412
0.977117,0.976077,0.969412,1.038835
1.014052,0.995098,1.038835,0.997664
0.995381,1.024631,0.997664,0.992974
1.016241,1.012019,0.992974,0.992925
0.977169,0.973872,0.992925,0.983373
0.992991,1.007317,0.983373,0.949275
0.983529,0.951574,0.949275,0.994911
0.944976,0.97201,0.994911,0.97954
0.992405,0.997382,0.97954,0.97389
0.97449,0.958005,0.97389,0.967828
0.986911,0.986301,0.967828,1.024931
0.992042,0.983333,1.024931,0.978378
0.986631,1.019774,0.978378,0.986188
1.0,0.98338,0.986188,1.008403
0.98645,0.974648,1.008403,0.975
1.016484,1.008671,0.975,1.005698
0.959459,0.974212,1.005698,1.022663
1.025352,1.020588,1.022663,0.98338
0.989011,0.994236,0.98338,1.014085
1.011111,1.017391,1.014085,1.005556
1.0,1.011396,1.005556,1.049724
1.043956,1.008451,1.049724,0.986842
1.018421,1.030726,0.986842,0.986667
0.976744,0.97561,0.986667,1.002703
1.002646,1.008333,1.002703,1.005391
0.997361,1.016529,1.005391,0.997319
0.997354,0.99729,0.997319,0.948925
0.973475,0.959239,0.948925,0.974504
0.964578,0.971671,0.974504,0.988372
0.968927,0.982507,0.988372,1.011765
1.005831,1.0,1.011765,0.991279
1.005797,1.005935,0.991279,1.014663
1.002882,0.9941,1.014663,1.031792
1.043103,1.017804,1.031792,0.997199
0.988981,1.026239,0.997199,1.022472
1.02507,0.997159,1.022472,0.96978
0.98913,1.002849,0.96978,1.005666
0.986264,0.997159,1.005666,1.0
1.0,1.005698,1.0,1.030986
1.019499,1.005666,1.030986,0.994536
1.010929,1.016901,0.994536,1.013736
1.010811,0.99723,1.013736,0.98103
0.991979,1.002778,0.98103,0.994475
0.981132,0.98892,0.994475,1.002778
1.010989,1.011204,1.002778,0.975069
0.975543,0.969529,0.975069,1.011364
0.991643,1.002857,1.011364,1.002809
1.014045,1.005698,1.002809,1.002801
0.99446,0.997167,1.002801,1.013966
1.022284,1.014205,1.013966,0.980716
0.986376,0.994398,0.980716,0.997191
0.991713,0.991549,0.997191,0.980282
0.988858,0.982955,0.980282,1.014368
1.002817,1.00289,1.014368,0.957507
0.988764,0.965418,0.957507,1.008876
0.971591,1.002985,1.008876,1.002933
1.0,1.002976,1.002933,0.982456
0.991228,0.994065,0.982456,1.005952
1.00885,0.997015,1.005952,0.997041
0.997076,1.002994,0.997041,0.973294
0.98827,0.958209,0.973294,1.0
0.976261,1.0,1.0,1.04878
1.045593,1.018692,1.04878,1.049419
1.049419,1.018349,1.049419,1.047091
1.049861,1.054054,1.047091,0.949735
1.021108,1.022792,0.949735,0.991643
0.945736,0.977716,0.991643,1.002809
0.980874,0.982906,1.002809,1.02521
1.044568,1.026087,1.02521,1.019126
1.018667,1.022599,1.019126,0.970509
0.989529,0.997238,0.970509,1.016575
0.989418,0.98892,1.016575,0.970109
0.981283,0.997199,0.970109,0.988796
0.970027,0.974719,0.988796,0.985836
1.0,0.997118,0.985836,1.014368
0.997191,0.99711,1.014368,0.991501
1.0,1.008696,0.991501,1.011429
1.0,0.994253,1.011429,1.025424
1.028169,1.011561,1.025424,0.99449
1.008219,1.025714,0.99449,0.98615
0.994565,0.988858,0.98615,1.0
1.0,1.0,1.0,0.988764
0.986339,0.988732,0.988764,0.977273
0.977839,0.97151,0.977273,0.956395
0.963173,0.958944,0.956395,1.00304
0.973529,0.984709,1.00304,1.012121
1.009063,1.015528,1.012121,1.050898
1.050898,1.003058,1.050898,0.962963
1.017094,1.018293,0.962963,0.973373
0.938375,0.964072,0.973373,1.030395
1.023881,1.015528,1.030395,0.985251
0.991254,1.015291,0.985251,1.008982
1.014706,0.990964,1.008982,0.964392
0.962319,0.981763,0.964392,1.0
0.987952,0.996904,1.0,1.018462
1.018293,1.0,1.018462,0.981873
1.005988,1.009317,0.981873,0.990769
0.967262,0.984615,0.990769,0.953416
1.0,0.95625,0.953416,0.983713
0.963077,0.973856,0.983713,0.960265
0.977636,0.966443,0.960265,0.955172
0.937908,0.958333,0.955172,1.00722
0.986063,0.978261,1.00722,0.989247
0.992933,1.018519,0.989247,1.003623
1.014235,0.989091,1.003623,1.050542
1.021053,1.003676,1.050542,1.013746
1.027491,1.054945,1.013746,0.979661
0.983278,0.993056,0.979661,1.00346
1.0,1.006993,1.00346,0.972414
0.986395,0.975694,0.972414,0.989362
0.97931,0.982206,0.989362,0.964158
0.992958,0.960145,0.964158,0.973978
0.957447,0.981132,0.973978,1.030534
1.014815,0.996154,1.030534,1.0
1.0,1.0,1.0,1.025926
1.032847,1.046332,1.025926,1.00361
0.996466,1.01845,1.00361,1.021583
1.021277,1.007246,1.021583,1.007042
1.010417,1.0,1.007042,0.993007
0.982818,1.007194,0.993007,1.007042
1.01049,0.985714,1.007042,1.003497
1.00692,1.032609,1.003497,1.006969
1.0,1.003509,1.006969,1.00346
1.003436,1.003497,1.00346,0.97931
0.996575,0.986063,0.97931,1.003521
0.986254,0.985866,1.003521,0.975439
0.982578,0.992832,0.975439,1.003597
0.996454,0.99278,1.003597,1.017921
1.014235,1.014545,1.017921,1.017606
1.017544,1.014337,1.017606,0.965398
0.996552,0.978799,0.965398,1.014337
1.0,1.0,1.014337,0.975265
0.972318,0.99278,0.975265,0.985507
0.985765,0.974545,0.985507,0.992647
0.981949,0.988806,0.992647,0.996296
1.003676,1.011321,0.996296,1.0
0.996337,0.988806,1.0,0.996283
0.996324,1.0,0.996283,0.992537
1.0,1.0,0.992537,1.015038
1.0,1.003774,1.015038,0.951852
1.00369,0.966165,0.951852,1.003891
0.974265,1.0,1.003891,0.957364
0.977358,0.953307,0.957364,0.951417
0.957529,0.959184,0.951417,0.978723
0.939516,0.957447,0.978723,0.995652
0.995708,1.004444,0.995652,1.0
1.0,0.964602,1.0,0.9869
0.982759,1.018349,0.9869,1.0
1.008772,1.009009,1.0,0.951327
0.978261,0.959821,0.951327,0.953488
0.955556,0.948837,0.953488,0.960976
0.939535,0.960784,0.960976,1.050761
1.024752,0.989796,1.050761,1.028986
1.043478,1.046392,1.028986,0.99061
1.0,1.034483,0.99061,0.966825
0.990741,0.957143,0.966825,1.004902
0.971963,0.970149,1.004902,1.004878
1.009615,1.035897,1.004878,0.990291
0.995238,1.00495,0.990291,0.960784
0.976077,0.965517,0.960784,1.015306
0.980392,0.989796,1.015306,1.005025
1.005,1.015464,1.005025,1.01
1.014925,1.015228,1.01,0.985149
1.004902,0.99,0.985149,0.98995
0.97561,0.989899,0.98995,1.020305
1.005,0.994898,1.020305,1.024876
1.029851,1.020513,1.024876,1.038835
1.038647,1.025126,1.038835,0.985981
1.0,1.029412,0.985981,1.018957
1.013953,0.995238,1.018957,0.962791
0.986239,0.985646,0.962791,0.975845
0.962791,0.980583,0.975845,1.039604
1.019324,0.990099,1.039604,1.009524
1.018957,1.035,1.009524,1.009434
1.009302,1.009662,1.009434,1.0
0.990783,1.014354,1.0,0.995327
1.004651,1.0,0.995327,1.032864
1.037037,0.995283,1.032864,0.981818
0.995536,1.018957,0.981818,1.00463
0.977578,0.995349,1.00463,1.036866
1.045872,1.023364,1.036866,1.0
0.991228,1.009132,1.0,0.968889
0.99115,0.977376,0.968889,1.022936
1.0,1.0,1.022936,1.026906
1.044643,1.023148,1.026906,0.991266
0.982906,1.022624,0.991266,1.008811
1.0,0.99115,1.008811,1.017467
1.021739,1.013393,1.017467,1.025751
1.025532,1.017621,1.025751,0.983264
0.991701,1.008658,0.983264,1.0
0.995816,0.995708,1.0,0.995745
1.008403,1.00431,0.995745,1.004274
0.979167,0.978541,1.004274,1.008511
1.017021,1.02193,1.008511,1.050633
1.041841,1.004292,1.050633,1.016064
1.044177,1.047009,1.016064,0.98419
0.988462,1.016327,0.98419,0.995984
0.972763,0.975904,0.995984,0.979839
0.992,1.0,0.979839,1.0
0.987903,0.987654,1.0,1.020576
1.036735,1.016667,1.020576,1.012097
1.0,1.016393,1.012097,1.003984
1.015748,1.0,1.003984,0.97619
0.976744,0.987903,0.97619,1.012195
0.996032,1.004082,1.012195,1.012048
1.007968,1.00813,1.012048,0.996032
1.007905,1.008065,0.996032,1.003984
0.992157,0.996,1.003984,0.948413
1.007905,0.959839,0.948413,0.962343
0.94902,0.949791,0.962343,1.021739
0.971074,1.008811,1.021739,1.004255
1.008511,1.004367,1.004255,0.987288
1.012658,1.004348,0.987288,1.004292
0.983333,0.987013,1.004292,1.004274
1.008475,1.017544,1.004274,0.991489
1.004202,0.99569,0.991489,0.991416
0.979079,0.991342,0.991416,0.991342
1.0,0.995633,0.991342,0.951965
0.974359,0.95614,0.951965,0.963303
0.947368,0.949541,0.963303,1.004762
0.981481,1.004831,1.004762,1.052133
1.04717,1.014423,1.052133,1.013514
1.022523,1.047393,1.013514,0.995556
1.004405,1.00905,0.995556,0.982143
0.969298,0.955157,0.982143,0.990909
0.995475,1.004695,0.990909,1.022936
1.018182,1.014019,1.022936,1.004484
1.008929,1.018433,1.004484,1.008929
1.017699,1.0,1.008929,1.030973
1.030435,1.004525,1.030973,1.0
0.991561,1.031532,1.0,0.982833
0.991489,0.995633,0.982833,1.008734
0.995708,1.0,1.008734,0.974026
0.99569,0.982456,0.974026,0.964444
0.969697,0.955357,0.964444,1.018433
0.986607,1.009346,1.018433,0.995475
1.013575,1.013889,0.995475,0.990909
0.982143,0.981735,0.990909,0.954128
0.986364,0.962791,0.954128,0.956731
0.9447,0.956522,0.956731,1.0
1.0,1.0,1.0,1.050251
1.019512,1.025253,1.050251,1.004785
1.019139,1.019704,1.004785,0.980952
0.981221,0.990338,0.980952,1.004854
0.995215,0.995122,1.004854,0.995169
1.0,1.0,0.995169,0.995146
1.004808,1.0,0.995146,1.0
0.980861,0.980392,1.0,0.985366
0.995122,1.01,0.985366,1.014851
1.009804,1.0,1.014851,1.004878
1.019417,1.0,1.004878,0.995146
0.985714,1.0,0.995146,1.004878
1.0,1.014851,1.004878,1.038835
1.043478,0.990244,1.038835,0.976636
0.990741,1.024631,0.976636,0.976077
0.976636,0.975962,0.976077,1.009804
0.990431,0.990148,1.009804,1.014563
1.009662,1.0199,1.014563,1.009569
1.028708,1.009756,1.009569,0.990521
0.976744,1.004831,0.990521,1.0
1.009524,1.0,1.0,0.971292
0.976415,0.975962,0.971292,1.014778
1.004831,1.0,1.014778,0.995146
0.990385,1.0,0.995146,0.995122
1.009709,1.0,0.995122,1.009804
1.0,1.0,1.009804,1.0
0.995192,1.0,1.0,1.009709
1.009662,1.004926,1.009709,1.014423
1.023923,1.014706,1.014423,0.990521
0.995327,1.004831,0.990521,1.0
0.99061,0.990385,1.0,1.0
0.995261,1.004854,1.0,0.990431
0.995238,0.995169,0.990431,0.995169
0.995215,0.995146,0.995169,0.990291
0.995192,0.985366,0.990291,0.980392
0.995169,0.990099,0.980392,1.01
0.985437,0.995,1.01,0.990099
1.0,1.0,0.990099,0.99
0.995074,0.994975,0.99,1.0
0.980198,0.979798,1.0,1.0
1.010101,1.020619,1.0,1.035354
1.04,1.010101,1.035354,0.990244
0.990385,1.0,0.990244,0.980296
0.980583,0.99,0.980296,1.015075
1.00495,1.0,1.015075,0.985149
1.004926,1.0,0.985149,0.994975
0.980392,0.994949,0.994975,1.010101
1.0,1.0,1.010101,1.0
1.0,1.0,1.0,0.99
1.0,1.0,0.99,0.959596
0.995,0.959391,0.959596,1.010526
0.964824,0.994709,1.010526,1.0
1.0,1.005319,1.0,1.005208
1.010417,1.005291,1.005208,0.994819
0.994845,1.005263,0.994819,0.984375
0.989637,0.984293,0.984375,1.005291
1.0,0.994681,1.005291,0.994737
1.0,1.005348,0.994737,0.994709
0.994764,0.994681,0.994709,0.994681
0.994737,0.994652,0.994681,0.951872
0.941799,0.956989,0.951872,0.949438
0.949438,0.949438,0.949438,0.95858
0.994083,0.952663,0.95858,0.975309
0.982143,0.962733,0.975309,1.012658
0.969697,1.0,1.012658,1.0125
1.025,1.012903,1.0125,1.012346
1.006098,1.019108,1.012346,0.987805
1.0,1.00625,0.987805,1.006173
0.993939,0.993789,1.006173,1.006135
1.0,1.00625,1.006135,0.963415
1.0,0.975155,0.963415,1.006329
0.981707,0.987261,1.006329,0.993711
0.987578,1.012903,0.993711,1.018987
1.012579,0.993631,1.018987,0.993789
1.0,1.012821,0.993789,1.0
1.0,1.0,1.0,1.0
1.0,1.0,1.0,1.1
1.093168,1.1,1.1,1.1
1.1,1.1,1.1,1.097938
1.097938,1.097938,1.097938,0.967136
1.014085,0.938967,0.967136,0.990291
0.962963,1.005,0.990291,0.960784
0.980769,0.965174,0.960784,0.938776
0.955882,0.912371,0.938776,1.097826
1.035897,1.022599,1.097826,0.99505
1.014851,1.082873,0.99505,1.039801
1.073171,1.010204,1.039801,1.086124
1.040909,1.035354,1.086124,0.982379
0.982533,1.063415,0.982379,1.004484
1.031111,1.009174,1.004484,1.008929
1.008621,1.009091,1.008929,0.973451
0.965812,0.977477,0.973451,1.022727
1.00885,1.0,1.022727,0.973333
0.986842,1.004608,0.973333,1.009132
0.995556,1.0,1.009132,0.945701
0.982143,0.954128,0.945701,0.990431
0.954545,0.980769,0.990431,1.014493
1.009524,1.009804,1.014493,0.966667
0.990566,0.975728,0.966667,1.009852
0.990476,1.0,1.009852,1.014634
1.004808,1.0,1.014634,0.995192
1.004785,1.0199,0.995192,1.038647
1.071429,1.0,1.038647,1.004651
0.973333,1.034146,1.004651,1.00463
0.990868,1.0,1.00463,1.023041
1.041475,1.009434,1.023041,1.009009
1.004425,1.023364,1.009009,1.022321
1.039648,1.009132,1.022321,0.965066
0.995763,1.0,0.965066,1.004525
0.953191,0.99095,1.004525,0.986486
0.995536,0.986301,0.986486,1.0
0.995516,1.00463,1.0,1.03653
1.036036,1.0,1.03653,1.013216
1.021739,1.032258,1.013216,1.017391
1.029787,1.022321,1.017391,1.008547
0.979339,0.995633,1.008547,1.1
1.097046,1.035088,1.1,1.1
1.1,1.1,1.1,1.034965
1.1,1.067164,1.034965,1.097973
1.034921,0.979021,1.097973,0.910769
0.978528,1.046429,0.910769,0.922297
0.9279,0.911263,0.922297,1.021978
0.986486,1.003745,1.021978,0.989247
0.955479,0.988806,0.989247,0.985507
1.0,1.011321,0.985507,1.0
0.992832,1.0,1.0,1.044118
1.046931,0.985075,1.044118,0.957746
0.968966,1.022727,0.957746,0.963235
0.964413,0.966667,0.963235,0.973282
0.97417,0.969349,0.973282,1.035294
1.037879,1.011858,1.035294,0.996212
0.963504,1.003906,0.996212,1.007605
1.018939,1.003891,1.007605,1.026415
1.048327,1.015504,1.026415,0.974265
0.985816,1.0,0.974265,0.977358
0.942446,0.954198,0.977358,0.984556
1.0,1.012,0.984556,1.0
0.980916,0.964427,1.0,0.968627
0.980545,1.008197,0.968627,0.995951
0.988095,0.995935,0.995951,1.01626
1.024096,1.0,1.01626,0.956
0.976471,0.971429,0.956,0.949791
0.943775,0.941176,0.949791,0.986784
0.987234,0.986607,0.986784,1.03125
1.012931,1.0,1.03125,0.982684
0.987234,1.0181,0.982684,1.1
1.077586,0.991111,1.1,1.016
1.04,1.1,1.016,0.984252
0.980769,1.004065,0.984252,1.02
1.019608,0.983806,1.02,1.039216
1.057692,1.032922,1.039216,0.988679
1.0,1.031873,0.988679,1.015267
0.970909,0.992278,1.015267,0.988722
1.018727,1.015564,0.988722,1.026616
1.0,0.996169,1.026616,0.996296
1.011029,1.019231,0.996296,0.977695
0.978182,0.984906,0.977695,1.060837
1.070632,0.988506,1.060837,0.971326
0.961806,1.031008,0.971326,0.97786
0.98556,0.996241,0.97786,1.011321
1.0,0.996226,1.011321,1.014925
1.003663,1.003788,1.014925,1.0
1.00365,1.015094,1.0,1.007353
1.043636,0.992565,1.007353,1.010949
0.979094,1.007491,1.010949,0.99639
1.007117,1.018587,0.99639,0.978261
0.985866,0.974453,0.978261,1.0
0.97491,0.996255,1.0,1.007407
1.003676,1.011278,1.007407,0.992647
0.996337,0.996283,0.992647,1.0
0.996324,1.0,1.0,0.959259
1.0,0.958955,0.959259,1.019305
0.97786,0.996109,1.019305,1.018939
1.018868,1.03125,1.018939,1.003717
1.011111,1.007576,1.003717,0.985185
0.989011,0.996241,0.985185,1.030075
1.037037,1.003774,1.030075,0.992701
0.975,1.011278,0.992701,0.977941
1.0,0.981413,0.977941,0.992481
0.978022,0.984848,0.992481,0.984848
1.003745,0.992308,0.984848,1.015385
1.007463,1.0,1.015385,1.011364
0.992593,1.01938,1.011364,1.1
1.097015,1.026616,1.1,1.02381
1.07483,1.085185,1.02381,0.960133
0.943038,0.969283,0.960133,0.986159
0.969799,0.989437,0.986159,1.0
1.010381,1.0,1.0,0.992982
0.972603,0.989324,0.992982,1.010601
1.024648,1.014388,1.010601,0.982517
0.982818,0.992908,0.982517,1.010676
0.993007,0.996429,1.010676,1.003521
1.010563,1.017921,1.003521,0.985965
0.993031,0.982394,0.985965,1.017794
1.014035,1.003584,1.017794,0.975524
0.986159,0.992857,0.975524,0.996416
0.982456,0.992806,0.996416,1.003597
1.003571,1.0,1.003597,0.978495
0.992883,0.985507,0.978495,1.003663
0.989247,0.992647,1.003663,1.025547
1.036232,1.007407,1.025547,0.996441
0.986014,1.018382,0.996441,0.957143
0.989362,0.949458,0.957143,1.014925
0.978495,1.011407,1.014925,1.029412
1.040293,1.018797,1.029412,1.017857
1.007042,1.01476,1.017857,1.010526
1.031469,1.025455,1.010526,0.986111
0.972881,0.996454,0.986111,0.996479
1.013937,0.992883,0.996479,0.982332
0.979381,0.989247,0.982332,1.014388
0.996491,1.0,1.014388,0.957447
0.989437,0.945652,0.957447,0.97037
0.953737,1.0,0.97037,1.01145
0.988806,0.996169,1.01145,1.018868
1.018868,1.011538,1.018868,1.0
1.011111,1.019011,1.0,1.018519
1.025641,0.996269,1.018519,0.985455
0.982143,1.007491,0.985455,0.98155
0.985455,0.981413,0.98155,1.011278
0.99631,1.0,1.011278,0.973978
0.992593,0.988636,0.973978,0.98855
0.985075,0.988506,0.98855,1.003861
0.992424,0.992248,1.003861,0.988462
1.0,1.0,0.988462,0.984436
0.98855,0.988281,0.984436,0.976285
0.969112,0.924901,0.976285,1.020243
1.003984,1.047009,1.020243,0.992063
1.0,1.008163,0.992063,0.992
1.003968,1.004049,0.992,0.995968
0.996047,0.987903,0.995968,0.979757
0.97619,0.983673,0.979757,1.008264
0.995935,0.979253,1.008264,0.991803
0.995918,1.016949,0.991803,1.016529
1.032787,0.991667,1.016529,1.012195
0.992063,1.02521,1.012195,0.995984
0.992,1.0,0.995984,0.975806
1.004032,0.983607,0.975806,1.004132
0.983936,0.995833,1.004132,1.020576
1.028571,1.008368,1.020576,0.975806
0.988095,1.0,0.975806,1.012397
0.987952,0.995851,1.012397,1.012245
1.012195,1.016667,1.012245,1.008065
1.012048,1.016393,1.008065,0.996
0.992063,0.995968,0.996,0.995984
1.004,1.0,0.995984,0.987903
0.992032,0.983806,0.987903,1.036735
1.068273,1.004115,1.036735,0.992126
0.951128,1.020492,0.992126,0.984127
0.996047,0.991968,0.984127,1.008065
0.996032,1.0,1.008065,1.004
1.0,0.995951,1.004,1.01992
1.031873,1.012195,1.01992,1.0
0.996139,1.02008,1.0,1.003906
1.003876,1.003937,1.003906,1.003891
1.003861,1.003922,1.003891,0.988372
0.992308,0.992188,0.988372,1.027451
1.042636,1.003937,1.027451,0.996183
0.981413,1.007843,0.996183,1.0
0.992424,0.996109,1.0,1.003831
1.007634,1.015625,1.003831,0.996183
0.992424,0.996154,0.996183,0.980843
1.003817,0.984556,0.980843,0.996094
0.980989,0.996078,0.996094,0.980392
0.988372,0.980315,0.980392,0.992
0.984314,0.987952,0.992,0.987903
0.988048,0.99187,0.987903,0.987755
0.995968,0.987705,0.987755,0.966942
0.975709,0.954357,0.966942,1.008547
0.983402,1.017391,1.008547,1.008475
1.016878,1.0,1.008475,0.995798
0.991701,1.004274,0.995798,0.983122
0.991632,0.978723,0.983122,0.961373
0.974684,0.973913,0.961373,0.991071
0.961039,0.9375,0.991071,0.927928
1.0,0.971429,0.927928,1.0
0.936937,0.921569,1.0,1.009709
1.014423,1.074468,1.009709,0.990385
1.004739,1.014851,0.990385,1.004854
0.985849,0.990244,1.004854,1.019324
1.014354,1.009852,1.019324,1.0
1.0,1.014634,1.0,0.985782
0.990566,0.990385,0.985782,1.004808
1.004762,0.985437,1.004808,1.019139
1.07109,1.019704,1.019139,0.967136
0.924779,0.985507,0.967136,0.995146
0.995215,1.0,0.995146,1.02439
1.009615,1.0,1.02439,1.028571
1.038095,1.02451,1.028571,0.981481
0.995413,1.009569,0.981481,1.014151
1.0,1.004739,1.014151,1.013953
1.004608,1.004717,1.013953,0.986239
1.0,1.004695,0.986239,0.995349
0.995413,0.995327,0.995349,0.971963
0.995392,0.976526,0.971963,1.0
0.967593,0.980769,1.0,1.024038
1.023923,1.019608,1.024038,1.004695
1.004673,1.004808,1.004695,0.990654
1.004651,1.009569,0.990654,0.990566
0.981481,0.990521,0.990566,0.980952
0.985849,0.980861,0.980952,1.004854
0.995215,0.995122,1.004854,0.995169
1.004808,1.009804,0.995169,1.014563
1.0,1.0,1.014563,1.004785
1.009569,1.009709,1.004785,1.009524
1.009479,1.004808,1.009524,1.028302
1.023474,1.004785,1.028302,0.981651
0.995413,1.009524,0.981651,1.0
0.990783,1.0,1.0,1.0
1.004651,1.0,1.0,1.018692
1.009259,1.009434,1.018692,1.013761
1.013761,1.009346,1.013761,0.986425
1.0,1.00463,0.986425,0.986239
0.986425,0.990783,0.986239,0.995349
1.009174,0.990698,0.995349,1.014019
0.990909,0.995305,1.014019,0.990783
0.995413,1.004717,0.990783,0.995349
0.990783,1.0,0.995349,1.004673
1.018605,1.004695,1.004673,1.0
0.990868,0.981308,1.0,1.037209
1.041475,1.047619,1.037209,1.0
0.99115,1.0,1.0,0.991031
0.991071,0.990909,0.991031,1.013575
1.027027,1.004587,1.013575,1.013393
1.008772,1.013699,1.013393,1.0
1.021739,1.022523,1.0,1.013216
0.991489,1.0,1.013216,0.995652
0.991416,1.0,0.995652,0.9869
0.995671,0.986784,0.9869,1.004425
0.995652,1.0,1.004425,1.013216
1.008734,1.008929,1.013216,1.1
1.095238,1.017699,1.1,1.0
1.0,1.0,1.0,1.0
1.0,1.0,1.0,1.0
1.0,1.0,1.0,1.0
1.0,1.0,1.0,1.0
1.0,1.0,1.0,1.0
1.0,1.0,1.0,1.0
1.0,1.0,1.0,1.0
1.0,1.0,1.0,1.0
1.0,1.0,1.0,1.0
1.0,1.0,1.0,1.0
1.0,1.0,1.0,1.0
1.0,1.0,1.0,1.0
1.0,1.0,1.0,1.0
1.0,1.0,1.0,1.0
1.0,1.0,1.0,1.0
1.0,1.0,1.0,1.0
1.0,1.0,1.0,1.0
1.0,1.0,1.0,1.0
1.0,1.0,1.0,1.0
1.0,1.0,1.0,0.940711
0.964427,0.991304,0.940711,0.987395
0.97541,0.97807,0.987395,1.1
1.088235,1.035874,1.1,1.015444
1.088803,1.077922,1.015444,0.95057
0.932624,0.975904,0.95057,1.056
1.038023,1.016461,1.056,1.018939
1.003663,1.044534,1.018939,0.992565
1.025547,1.0,0.992565,1.022472
0.978648,1.0,1.022472,0.941392
0.985455,0.992248,0.941392,0.933852
0.933579,0.933594,0.933852,1.004167
0.960474,0.991632,1.004167,1.020747
1.012346,0.991561,1.020747,0.97561
1.0,1.017021,0.97561,1.0
0.987805,0.991632,1.0,0.9625
0.987654,0.966245,0.9625,1.099567
1.058333,0.991266,1.099567,1.027559
1.07874,1.1,1.027559,0.992337
0.974453,0.980545,0.992337,1.019305
1.022472,1.0,1.019305,1.0
0.978022,1.031746,1.0,1.003788
1.003745,0.988462,1.003788,1.011321
1.022388,1.011673,1.011321,1.022388
1.018248,1.011538,1.022388,0.978102
1.003584,1.015209,0.978102,0.981343
0.960714,0.973783,0.981343,1.0
1.011152,1.003846,1.0,0.984791
0.970588,0.988506,0.984791,1.011583
1.003788,0.996124,1.011583,0.996183
1.0,1.011673,0.996183,1.0
0.988679,0.992308,1.0,0.950192
0.977099,0.934109,0.950192,1.012097
0.984375,1.004149,1.012097,1.007968
1.011905,1.028926,1.007968,0.992095
0.992157,1.0,0.992095,0.992032
0.996047,0.995984,0.992032,1.012048
1.003968,1.008065,1.012048,0.988095
0.996047,0.988,0.988095,0.987952
0.988095,0.987854,0.987952,1.0
0.995984,1.0,1.0,1.004065
1.004032,0.991803,1.004065,0.975709
0.991968,0.995868,0.975709,1.004149
1.004049,0.987552,1.004149,1.0
0.983871,1.012605,1.0,1.0
1.012295,1.0,1.0,0.975207
0.979757,0.975104,0.975207,0.995763
0.983471,0.995745,0.995763,0.995745
0.995798,0.995726,0.995745,1.008547
1.004219,0.995708,1.008547,0.970339
0.991597,0.987069,0.970339,1.008734
0.987288,0.991266,1.008734,1.012987
1.021459,1.017621,1.012987,1.008547
0.995798,1.008658,1.008547,1.004237
1.004219,1.0,1.004237,0.991561
0.995798,1.004292,0.991561,0.957447
0.987342,0.952991,0.957447,1.004444
0.978632,1.0,1.004444,0.977876
0.995633,0.982063,0.977876,0.986425
0.97807,0.986301,0.986425,0.977064
0.977578,0.976852,0.977064,1.00939
0.986239,1.0,1.00939,1.04186
1.055814,1.009479,1.04186,0.986607
0.986784,1.028169,0.986607,1.013575
1.004464,1.004566,1.013575,0.982143
1.004444,0.995455,0.982143,0.995455
0.982301,0.995434,0.995455,1.009132
1.004505,0.995413,1.009132,1.0181
1.008969,1.013825,1.0181,1.0
1.008889,1.018182,1.0,1.008889
1.004405,0.995536,1.008889,0.982379
0.991228,1.0,0.982379,1.008969
0.995575,0.991031,1.008969,0.991111
1.0,1.004525,0.991111,0.991031
0.995556,0.995495,0.991031,1.004525
1.0,0.995475,1.004525,1.027027
1.022321,1.013636,1.027027,1.013158
1.017467,1.013453,1.013158,1.008658
1.0,1.00885,1.008658,0.991416
1.017167,1.008772,0.991416,1.012987
0.987342,0.995652,1.012987,1.008547
1.008547,1.017467,1.008547,0.991525
1.0,0.995708,0.991525,1.025641
1.050847,1.0,1.025641,0.991667
0.979839,1.012931,0.991667,1.012605
1.00823,1.012766,1.012605,0.970954
0.979592,0.97479,0.970954,0.974359
0.983333,0.974138,0.974359,1.0
0.970339,0.99115,1.0,1.017544
1.021834,1.008929,1.017544,0.991379
0.995726,1.004425,0.991379,1.043478
1.042918,1.004405,1.043478,0.991667
0.995885,1.026316,0.991667,1.016807
1.028926,1.004274,1.016807,1.008264
0.991968,1.008511,1.008264,1.004098
0.991903,1.012658,1.004098,0.967347
1.004082,0.979167,0.967347,1.054852
1.028455,0.982979,1.054852,0.968
0.996047,1.038961,0.968,1.008264
0.996032,1.0125,1.008264,0.97541
0.968127,0.962963,0.97541,1.008403
1.0,1.008547,1.008403,1.016667
1.016461,1.008475,1.016667,0.995902
0.991903,1.008403,0.995902,0.979424
0.995918,0.9875,0.979424,1.021008
1.008197,0.995781,1.021008,1.012346
1.012195,1.016949,1.012346,1.004065
1.004016,1.0125,1.004065,0.991903
0.984,1.0,0.991903,0.991837
1.0,0.99177,0.991837,1.004115
1.00813,1.0,1.004115,0.983607
0.987903,0.987552,0.983607,1.0
0.979592,0.991597,1.0,0.995833
1.0,1.004237,0.995833,0.991632
0.995833,0.995781,0.991632,1.008439
1.004184,0.991525,1.008439,1.020921
1.029167,1.012821,1.020921,0.991803
0.987854,1.012658,0.991803,1.004132
1.0,1.004167,1.004132,1.00823
1.020492,1.0,1.00823,0.991837
0.983936,1.0,0.991837,0.983539
0.991837,0.991701,0.983539,1.008368
0.995885,1.0,1.008368,0.991701
1.004132,0.995816,0.991701,1.004184
0.995885,1.0,1.004184,0.995833
0.991736,0.987395,0.995833,0.991632
0.991667,1.0,0.991632,0.995781
1.004202,1.0,0.995781,0.978814
0.983264,0.982979,0.978814,0.974026
0.991489,0.969697,0.974026,0.982222
0.965665,0.977679,0.982222,1.00905
0.991111,1.0,1.00905,1.0
1.004484,1.013699,1.0,1.004484
1.0,0.995495,1.004484,1.0
1.008929,1.00905,1.0,0.986607
0.995575,0.991031,0.986607,1.004525
1.0,0.995475,1.004525,0.995495
0.991111,0.995455,0.995495,1.031674
1.022422,1.013699,1.031674,1.017544
1.02193,1.022523,1.017544,0.991379
1.0,1.008811,0.991379,0.982609
0.991416,0.978166,0.982609,1.004425
0.991342,1.0,1.004425,0.991189
1.0,1.0,0.991189,1.004444
0.995633,1.004464,1.004444,1.004425
0.995614,0.991111,1.004425,0.991189
1.004405,1.004484,0.991189,1.0
0.991228,0.995536,1.0,1.0
1.004425,1.004484,1.0,1.0
0.995595,1.0,1.0,1.004444
1.004425,1.0,1.004444,0.986726
0.995595,0.995536,0.986726,0.995516
0.99115,0.982063,0.995516,1.0
0.995536,1.009132,1.0,0.990991
0.995516,0.99095,0.990991,1.0
0.995495,0.995434,1.0,0.995455
0.995475,1.0,0.995455,0.995434
1.0,1.0,0.995434,1.013761
1.004545,1.0,1.013761,0.99095
1.0,1.0,0.99095,1.004566
1.0,1.0,1.004566,1.009091
1.004525,1.004587,1.009091,1.0
1.0,1.004566,1.0,0.986486
1.0,0.986364,0.986486,0.995434
0.986486,0.995392,0.995434,0.981651
0.995434,0.986111,0.981651,1.0
0.986239,0.995305,1.0,1.004673
1.004651,1.004717,1.004673,1.004651
1.0,0.995305,1.004651,0.990741
1.0,1.009434,0.990741,1.009346
1.00463,1.0,1.009346,1.032407
1.069124,1.0,1.032407,1.008969
0.974138,1.023364,1.008969,0.995556
0.995575,1.013699,0.995556,1.004464
1.004444,1.0,1.004464,1.013333
1.013274,1.009009,1.013333,0.991228
0.995633,0.995536,0.991228,0.99115
1.0,1.0,0.99115,1.004464
0.986842,0.995516,1.004464,0.986667
1.0,0.995495,0.986667,1.009009
1.013333,1.0,1.009009,1.004464
0.986842,1.00905,1.004464,1.0
1.0,0.995516,1.0,1.013333
1.013333,1.009009,1.013333,1.004386
1.02193,1.008929,1.004386,0.995633
0.991416,1.0,0.995633,1.0
0.995671,1.0,1.0,0.995614
0.991304,1.0,0.995614,1.004405
1.004386,1.0,1.004405,1.004386
1.004367,1.0,1.004386,1.008734
1.021739,1.004425,1.008734,1.008658
1.0,1.008811,1.008658,1.012876
1.017021,1.017467,1.012876,1.0
1.0,1.004292,1.0,1.004237
0.995816,0.995726,1.004237,1.016878
1.021008,1.008584,1.016878,0.983402
0.99177,1.0,0.983402,1.012658
0.995851,1.0,1.012658,1.008333
1.0125,1.012766,1.008333,1.024793
1.037037,1.004202,1.024793,0.979839
0.992063,1.012552,0.979839,1.00823
0.992,1.0,1.00823,1.008163
0.995968,1.004132,1.008163,0.991903
1.0,1.0,0.991903,1.008163
1.008097,1.004115,1.008163,0.995951
1.0,1.0,0.995951,1.00813
1.004016,1.0,1.00813,1.020161
1.012,1.012295,1.020161,0.996047
1.0,1.012146,0.996047,1.003968
1.007905,1.0,1.003968,0.980237
0.992157,0.984,0.980237,1.008065
0.992095,1.004065,1.008065,0.992
0.996016,0.991903,0.992,1.1
1.092,1.016327,1.1,0.978022
1.021978,1.056225,0.978022,0.970037
0.939068,0.965779,0.970037,1.003861
0.996183,1.0,1.003861,1.011538
1.015326,1.011811,1.011538,1.007605
1.0,1.007782,1.007605,1.003774
1.018868,1.011583,1.003774,1.007519
0.996296,1.003817,1.007519,0.996269
0.996283,1.007605,0.996269,1.007491
1.007463,0.996226,1.007491,1.02974
1.048148,1.015152,1.02974,0.98917
0.996466,1.007463,0.98917,1.051095
1.053191,1.007407,1.051095,1.1
1.06734,1.040441,1.1,1.041009
1.094637,1.1,1.041009,1.009091
0.9683,0.965732,1.009091,0.960961
0.991071,1.025806,0.960961,0.98125
0.960961,0.962264,0.98125,1.015924
1.0125,1.009804,1.015924,1.0
0.984568,1.009709,1.0,1.00627
1.018809,1.00641,1.00627,1.015576
1.046154,1.015924,1.015576,0.996933
0.970588,1.00627,0.996933,0.987692
1.0,0.996885,0.987692,1.0
0.981818,0.990625,1.0,1.006231
1.0,0.996845,1.006231,1.052632
1.064815,1.012658,1.052632,0.976471
0.973913,1.03125,0.976471,0.987952
0.991071,0.969697,0.987952,1.012195
1.021021,1.015625,1.012195,0.990964
0.979412,0.993846,0.990964,0.978723
0.996997,0.993808,0.978723,0.962733
0.963855,0.928349,0.962733,1.003226
0.984375,1.036913,1.003226,1.003215
1.003175,0.996764,1.003215,0.961538
0.990506,0.974026,0.961538,0.966667
0.955272,0.956667,0.966667,1.0
0.979933,1.0,1.0,1.003448
1.003413,0.993031,1.003448,1.037801
1.037415,1.017544,1.037801,1.033113
1.032787,1.044828,1.033113,1.019231
1.025397,1.019802,1.019231,0.987421
0.987616,1.006472,0.987421,1.015924
1.009404,1.003215,1.015924,1.025078
1.02795,1.009615,1.025078,0.984709
1.0,1.019048,0.984709,0.981366
0.975831,0.975078,0.981366,1.006329
1.003096,1.00639,1.006329,1.009434
0.993827,0.993651,1.009434,0.959502
1.0,0.961661,0.959502,1.016234
0.97205,1.003322,1.016234,1.015974
1.025559,1.019868,1.015974,0.981132
0.987539,1.003247,0.981132,1.012821
1.003155,1.0,1.012821,1.012658
1.015723,1.016181,1.012658,1.05
1.068111,1.012739,1.05,0.988095
0.988406,1.034591,0.988095,1.009036
0.994135,1.00304,1.009036,1.002985
1.00295,1.006061,1.002985,1.002976
0.994118,0.987952,1.002976,1.029674
1.059172,1.021341,1.029674,1.014409
0.99162,1.020896,1.014409,1.005682
1.008451,1.017544,1.005682,0.966102
0.994413,0.968391,0.966102,1.0
0.974719,1.002967,1.0,1.026316
1.014409,1.005917,1.026316,1.099715
1.096591,1.026471,1.099715,0.984456
1.054404,1.060172,0.984456,1.013158
0.958231,0.986486,1.013158,0.927273
1.012821,0.961644,0.927273,1.042017
0.946835,1.005698,1.042017,1.021505
1.018717,1.03966,1.021505,1.036842
1.062992,1.038147,1.036842,1.010152
0.997531,1.013123,1.010152,0.98995
0.987624,1.010363,0.98995,0.992386
0.984962,0.976923,0.992386,0.987212
0.989822,1.007874,0.987212,1.010363
1.007712,0.963542,1.010363,1.053846
1.05102,1.013514,1.053846,0.92944
0.980583,0.992,0.92944,1.015707
0.975248,1.021505,1.015707,1.005155
0.994924,1.002632,1.005155,1.002564
1.012755,1.013123,1.002564,0.984655
0.994962,0.992228,0.984655,0.958442
0.982278,0.950392,0.958442,0.99729
0.958763,0.980769,0.99729,1.032609
1.026882,1.02521,1.032609,0.994737
0.992147,1.013661,0.994737,1.015873
1.015831,1.010782,1.015873,0.973958
0.997403,0.992,0.973958,0.981283
0.981771,0.983871,0.981283,0.961853
0.973475,0.959016,0.961853,1.016997
0.978202,1.002849,1.016997,1.0
1.008357,1.014205,1.0,1.016713
1.016575,1.0,1.016713,1.005479
1.002717,1.019608,1.005479,0.93733
0.98374,0.906593,0.93733,1.017442
0.972452,1.045455,1.017442,1.025714
1.01983,1.008696,1.025714,1.075209
1.080556,1.025862,1.075209,0.997409
0.992288,1.047619,0.997409,1.0
1.002591,1.013369,1.0,0.994805
0.997416,0.984169,0.994805,1.0
1.0,1.010724,1.0,1.010444
1.036269,1.0,1.010444,0.994832
0.99,1.0,0.994832,0.992208
0.967172,0.984085,0.992208,1.0
1.010444,1.018868,1.0,1.010471
1.020672,1.015873,1.010471,0.971503
0.98481,0.976562,0.971503,0.997333
0.976864,0.984,0.997333,0.97861
0.994737,0.98916,0.97861,1.002732
0.989418,0.994521,1.002732,1.00545
0.994652,1.002755,1.00545,1.0
1.002688,1.010989,1.0,1.0271
1.029491,1.01087,1.0271,1.007916
1.007812,1.013441,1.007916,1.002618
0.994832,1.005305,1.002618,1.002611
1.0,1.002639,1.002611,1.010417
1.020779,1.005263,1.010417,0.994845
0.989822,1.005236,0.994845,1.018135
1.012853,0.997396,1.018135,1.099237
1.096447,1.013055,1.099237,0.986111
1.030093,1.072165,0.986111,0.997653
0.977528,1.004808,0.997653,1.051765
1.075862,1.007177,1.051765,1.004474
0.974359,1.021378,1.004474,0.982183
1.0,1.018605,0.982183,1.0
0.980263,0.988584,1.0,0.975057
0.997763,0.951501,0.975057,1.009302
0.979821,1.033981,1.009302,1.032258
1.045767,1.018779,1.032258,1.049107
1.056893,1.02765,1.049107,1.02766
1.020704,1.049327,1.02766,1.045549
1.036511,1.012821,1.045549,0.986139
1.005871,1.046414,0.986139,1.022088
1.007782,0.997984,1.022088,0.998035
0.992278,0.991919,0.998035,0.992126
0.990272,1.01833,0.992126,1.045635
1.084479,0.996,1.045635,0.996205
0.974638,1.038153,0.996205,0.99619
0.98513,1.001934,0.99619,0.977055
0.99434,0.986486,0.977055,1.009785
0.982922,0.990215,1.009785,1.046512
1.059846,1.011858,1.046512,0.998148
0.992714,1.039062,0.998148,1.027829
1.042202,0.99812,1.027829,1.016245
1.021127,1.035782,1.016245,0.987567
0.994828,0.974545,0.987567,1.005396
0.980936,1.016791,1.005396,1.008945
1.0053,1.023853,1.008945,1.04078
1.045694,0.991039,1.04078,0.950596
0.986555,1.005425,0.950596,1.007168
0.97615,0.953237,1.007168,1.0
1.008726,1.054717,1.0,0.962633
0.968858,0.966011,0.962633,1.029575
1.0,0.985185,1.029575,1.039497
1.046429,1.050752,1.039497,1.036269
1.027304,1.012522,1.036269,0.983333
1.023256,1.031802,0.983333,0.989831
0.970779,0.993151,0.989831,0.946918
0.974916,0.951724,0.946918,1.050633
1.020583,0.996377,1.050633,1.02926
1.020168,1.047273,1.02926,1.1
1.08402,1.036458,1.1,0.951368
1.048632,1.036851,0.951368,0.972843
0.927536,0.954766,0.972843,0.917898
0.951562,0.930626,0.917898,1.041145
0.957307,1.023636,1.041145,1.063574
1.06518,1.047957,1.063574,1.022617
1.045089,1.027119,1.022617,0.963665
0.967643,0.99835,0.963665,1.009836
1.003185,0.998347,1.009836,0.974026
0.979365,0.980132,0.974026,1.023333
0.996759,0.989865,1.023333,1.008143
1.034146,1.047782,1.008143,1.001616
1.004717,0.993485,1.001616,1.008065
0.995305,1.001639,1.008065,1.0656
1.066038,1.022913,1.0656,1.072072
1.073746,1.0256,1.072072,1.077031
1.065934,1.076443,1.077031,1.1
1.090206,1.086957,1.1,1.003546
1.1,1.1,1.003546,0.938751
0.901182,0.923821,0.938751,1.026349
0.986889,0.972513,1.026349,0.973105
0.981884,1.033647,0.973105,0.953518
0.9877,0.942708,0.953518,1.1
1.039851,1.008287,1.1,1.016766
1.053892,1.1,1.016766,0.977621
0.973864,0.985437,0.977621,1.013253
1.014002,1.014778,1.013253,0.980975
0.962025,0.972087,0.980975,1.029091
1.028708,1.011236,1.029091,1.055359
1.077907,1.041975,1.055359,0.967634
0.979504,1.007109,0.967634,0.927336
0.936123,0.936471,0.927336,1.050995
1.0,0.993719,1.050995,0.976331
1.035294,1.039191,0.976331,0.900606
0.920455,0.903893,0.900606,1.006729
0.941975,0.900404,1.006729,1.048128
1.058978,1.1,1.048128,0.932398
0.975248,0.947931,0.932398,0.900137
0.9,0.926761,0.900137,0.9
0.96615,0.9,0.9,1.052365
0.919708,0.900338,1.052365,0.900482
1.0,1.052533,0.900482,0.900178
0.914286,0.900178,0.900178,0.90099
0.9,0.90099,0.90099,0.901099
0.996,0.901099,0.901099,0.9
0.9,0.9,0.9,0.9
0.9,0.9,0.9,1.099398
1.099398,0.900602,1.099398,1.1
1.1,1.1,1.1,1.099502
1.099502,1.1,1.099502,1.099548
1.099548,1.057416,1.099548,0.9
0.967078,0.988688,0.9,1.009153
0.980851,0.90389,1.009153,1.047619
1.02603,1.1,1.047619,0.997835
1.010571,1.034483,0.997835,1.013015
0.997908,0.982222,1.013015,0.993576
0.991614,1.013575,0.993576,1.053879
1.046512,1.015625,1.053879,0.97546
1.030303,1.035165,0.97546,0.9
0.941176,0.910828,0.9,0.944056
0.902083,0.9,0.944056,1.069136
1.009238,1.036269,1.069136,0.969977
1.029748,1.03,0.969977,0.97381
0.937778,0.963592,0.97381,0.953545
0.966825,0.934509,0.953545,1.1
1.051471,1.1,1.1,1.1
1.1,1.1,1.1,1.069915
1.099576,1.016949,1.069915,1.1
1.071291,1.004167,1.1,1.1
1.1,1.1,1.1,1.099673
1.099673,1.1,1.099673,1.099554
1.099554,1.1,1.099554,1.1
1.1,1.084795,1.1,1.099509
1.099509,1.1,1.099509,1.1
1.1,1.057647,1.1,0.900508
1.1,0.986652,0.900508,1.1
0.900369,0.9,1.1,0.9
1.050205,1.1,0.9,0.9
0.9,0.9,0.9,0.9
0.9,0.9,0.9,0.900141
0.9,0.900141,0.900141,0.998437
1.090625,0.9,0.998437,0.951487
0.945559,0.998264,0.951487,1.1
1.013636,1.0,1.1,1.059791
1.1,1.1,1.059791,0.9
0.921196,0.945185,0.9,0.9
0.985251,0.9,0.9,0.991289
0.916168,0.958188,0.991289,0.99297
0.947712,0.934545,0.99297,1.1
1.072414,1.075875,1.1,1.001608
1.051447,1.1,1.001608,0.990369
0.975535,0.967742,0.990369,0.9
0.974922,0.925,0.9,0.900901
0.9,0.900901,0.900901,1.1
1.018519,0.998,1.1,0.958182
1.04,1.054108,0.958182,0.996205
0.940559,0.967681,0.996205,1.055238
1.057621,0.994106,1.055238,0.980144
0.977153,1.045455,0.980144,0.976059
0.98741,0.975425,0.976059,1.1
1.061931,1.021318,1.1,1.099485
1.099485,1.085389,1.099485,1.0078
1.067083,1.031469,1.0078,0.931889
0.947368,1.016949,0.931889,0.968439
0.947531,0.958333,0.968439,1.058319
1.030945,1.022609,1.058319,0.983793
0.969984,1.003401,0.983793,1.1
1.087948,1.030508,1.1,1.001497
1.046407,1.060855,1.001497,0.995516
0.987124,1.00155,0.995516,1.057057
1.056522,1.010836,1.057057,1.00142
1.002743,1.05513,1.00142,0.963121
0.957592,0.96807,0.963121,1.1
1.067143,1.002999,1.1,1.072289
1.1,1.1,1.072289,1.099875
1.071776,1.02,1.099875,1.099886
1.099886,1.1,1.099886,0.901961
0.977296,0.968889,0.901961,1.010297
0.970433,0.919725,1.010297,0.961495
0.983678,1.027431,0.961495,1.070671
1.028761,1.020631,1.070671,0.940594
0.963441,0.998811,0.940594,0.901754
0.912946,0.916667,0.901754,0.981842
0.976773,0.954545,0.981842,1.03963
1.001252,1.012245,1.03963,0.991105
1.01125,1.025538,0.991105,1.007692
0.996292,1.006553,1.007692,1.006361
1.003722,0.989583,1.006361,1.022756
1.035847,1.023684,1.022756,1.024722
1.013126,1.017995,1.024722,0.974668
0.985866,1.010101,0.974668,0.969059
0.976105,0.975,0.969059,1.001277
0.962056,0.964103,1.001277,0.991071
1.017812,1.031915,0.991071,0.958816
0.97,0.951031,0.958816,1.024161
0.985825,0.99187,1.024161,1.066841
1.091503,1.030055,1.066841,0.969287
0.982036,1.034483,0.969287,0.99493
0.985366,0.976923,0.99493,1.006369
1.002475,1.015748,1.006369,0.977215
0.975309,0.994832,0.977215,0.928756
1.005063,0.915584,0.928756,0.984658
0.915617,0.920567,0.984658,0.984419
0.973865,1.05547,0.984419,1.01295
1.014124,0.988321,1.01295,1.012784
0.997214,1.020679,1.012784,1.029453
1.061453,1.002894,1.029453,0.985014
0.967105,1.025974,0.985014,0.962656
0.976871,0.977496,0.962656,0.979885
0.967967,0.97554,0.979885,1.007331
1.021583,0.992625,1.007331,0.965066
0.961972,0.980684,0.965066,1.025641
1.007321,0.990909,1.025641,1.002941
1.014535,1.033639,1.002941,0.994135
0.988539,1.0,0.994135,1.030973
1.033333,1.002959,1.030973,1.014306
1.007013,1.014749,1.014306,0.988717
0.987465,1.008721,0.988717,0.990014
0.992948,0.989914,0.990014,0.974063
0.984375,0.982533,0.974063,1.001479
0.992785,0.994074,1.001479,0.994092
0.989826,1.00149,0.994092,0.970282
0.994126,0.967262,0.970282,0.995406
0.968981,0.984615,0.995406,0.987692
0.996951,0.995312,0.987692,0.971963
0.980122,0.973312,0.971963,1.008013
1.070203,1.004839,1.008013,1.1
1.008746,0.908507,1.1,1.099711
1.099711,1.1,1.099711,0.905388
0.984231,1.004399,0.905388,1.053701
1.008011,0.935766,1.053701,0.9
0.936424,1.018721,0.9,0.966309
0.930693,0.93415,0.966309,0.911252
0.971125,0.931148,0.911252,1.1
0.99061,0.947183,1.1,0.944708
0.995261,1.081784,0.944708,1.013378
0.993651,0.996564,1.013378,1.033003
1.036741,1.013793,1.033003,0.984026
0.990755,1.02551,0.984026,0.944805
0.958009,0.961857,0.944805,1.015464
0.974026,0.982759,1.015464,1.011844
1.015,1.036842,1.011844,0.908027
0.968801,0.910321,0.908027,1.031308
0.964407,0.957249,1.031308,0.925
0.97188,0.992233,0.925,1.023166
0.976492,0.992172,1.023166,0.960377
0.981481,0.980276,0.960377,1.021611
0.99434,1.020121,1.021611,1.023077
1.036053,0.988166,1.023077,1.003759
0.994505,1.0499,1.003759,1.003745
1.031308,1.009506,1.003745,0.981343
0.951786,0.956685,0.981343,1.1
1.086304,1.037402,1.1,0.996546
1.044905,1.058824,0.996546,0.991334
0.961983,1.016129,0.991334,1.001748
0.994845,0.992945,1.001748,1.012216
1.008636,1.01421,1.012216,0.981034
0.994863,0.982487,0.981034,1.024605
1.024096,1.001783,1.024605,0.90223
0.976471,0.934164,0.90223,1.001901
0.929432,0.971429,1.001901,0.943074
0.975926,0.95098,0.943074,1.022133
0.971537,1.020619,1.022133,1.045276
1.052734,1.014141,1.045276,1.011299
1.053803,1.041833,1.011299,0.962756
0.955986,0.956023,0.962756,1.017408
0.981584,1.04,1.017408,1.007605
1.011257,0.963462,1.007605,0.969811
0.972171,1.013972,0.969811,0.994163
1.001908,0.998031,0.994163,0.998043
0.975238,0.990138,0.998043,1.029412
1.044922,1.021912,1.029412,0.986667
0.990654,1.003899,0.986667,0.984556
0.986792,0.986408,0.984556,1.019608
1.001912,1.0,1.019608,1.038462
1.085878,1.019685,1.038462,1.035185
0.998243,1.042471,1.035185,0.978533
0.978873,1.003704,0.978533,1.014625
1.014388,1.0,1.014625,0.998198
1.019504,0.99631,0.998198,0.99639
0.982609,1.005556,0.99639,1.012681
1.017699,1.014733,1.012681,0.969589
0.970435,0.970962,0.969589,1.03321
1.016129,1.014953,1.03321,1.005357
1.014109,1.022099,1.005357,0.980462
0.97913,0.974775,0.980462,1.083333
1.078153,1.022181,1.083333,0.976589
0.971993,1.039783,0.976589,0.976027
0.991525,0.975652,0.976027,0.994737
1.001709,0.996435,0.994737,1.005291
0.986348,1.0161,1.005291,0.985965
0.986159,0.977113,0.985965,1.008897
1.017544,1.012613,1.008897,1.007055
0.993103,1.001779,1.007055,0.994746
0.993056,1.001776,0.994746,0.982394
0.986014,0.984043,0.982394,1.001792
1.0,1.0,1.001792,0.946333
0.994681,0.917117,0.946333,0.992439
0.948307,1.017682,0.992439,1.00381
0.996241,1.0,1.00381,0.98482
0.992453,0.988417,0.98482,1.011561
1.0,1.011719,1.011561,1.005714
1.013308,1.007722,1.005714,0.982955
0.986867,0.978927,0.982955,0.992293
0.988593,1.003914,0.992293,1.021359
1.017308,1.0,1.021359,1.007605
1.017013,1.017544,1.007605,0.996226
0.986989,0.998084,0.996226,0.969697
1.003766,0.980806,0.969697,0.958984
0.958724,0.95499,0.958984,1.00611
0.978474,1.004098,1.00611,0.995951
0.998,0.997959,0.995951,0.979675
0.97996,0.952965,0.979675,1.0
1.0,1.021459,1.0,1.010373
0.997955,0.989496,1.010373,0.989733
1.004098,1.021231,0.989733,0.958506
0.977551,0.945946,0.958506,0.997835
0.979123,1.010989,0.997835,1.0
0.985075,0.984783,1.0,1.008677
1.012987,1.015453,1.008677,0.982796
0.991453,0.991304,0.982796,0.993435
0.99569,0.991228,0.993435,0.995595
0.989177,0.975664,0.995595,1.0
0.995624,1.011338,1.0,0.99115
0.991209,0.993274,0.99115,1.037946
1.031042,1.011287,1.037946,1.027957
1.062366,1.029018,1.027957,0.993724
0.967611,1.017354,0.993724,0.993684
0.997908,1.004264,0.993684,0.991525
0.995807,0.987261,0.991525,0.99359
0.987368,0.993548,0.99359,0.989247
0.995736,0.991342,0.989247,0.954348
0.972163,0.954148,0.954348,1.01139
0.988987,1.006865,1.01139,1.036036
1.053452,0.981818,1.036036,0.978261
0.968288,1.034722,0.978261,0.997778
0.995633,0.997763,0.997778,1.004454
0.991228,0.986547,1.004454,0.984479
1.00885,1.002273,0.984479,1.006757
0.980263,0.997732,1.006757,1.017897
1.053691,1.006818,1.017897,0.984615
0.972399,0.977427,0.984615,1.035714
1.024017,1.023095,1.035714,1.099138
1.08742,1.03386,1.099138,1.054902
1.1,1.1,1.054902,0.957249
0.944742,0.977099,0.957249,0.998058
0.99434,0.998047,0.998058,1.003891
0.98482,0.978474,1.003891,1.007752
1.040462,1.016,1.007752,0.990385
0.962963,0.998031,0.990385,1.003883
1.011538,1.005917,1.003883,0.984526
0.980989,0.996078,0.984526,0.992141
0.996124,0.992126,0.992141,1.007921
0.994163,0.992063,1.007921,1.001965
1.007828,1.014,1.001965,1.009804
1.007767,1.001972,1.009804,0.98835
0.99422,0.998031,0.98835,0.996071
0.992248,0.996055,0.996071,1.023669
1.033203,0.99604,1.023669,0.986513
0.986767,1.015905,0.986513,0.996094
0.982759,0.992172,0.996094,0.998039
1.009747,1.0,0.998039,1.0
0.986486,0.998028,1.0,1.005894
1.007828,1.001976,1.005894,0.949219
0.994175,0.923077,0.949219,0.993827
0.953125,1.014957,0.993827,0.989648
0.991803,1.002105,0.989648,0.98954
0.993802,0.987395,0.98954,1.010571
0.995842,1.010638,1.010571,1.004184
1.010438,1.002105,1.004184,1.002083
0.995868,0.997899,1.002083,0.991684
0.995851,1.002105,0.991684,1.006289
1.002083,0.991597,1.006289,1.00625
1.008316,1.012712,1.00625,1.035197
1.059794,1.004184,1.035197,0.968
0.968872,1.00625,0.968,1.012397
0.98996,0.995859,1.012397,1.012245
1.010142,1.014553,1.012245,1.012097
1.018072,1.012295,1.012097,0.99004
0.996055,1.002024,0.99004,1.004024
0.99802,1.00202,1.004024,0.997996
0.992063,0.995968,0.997996,1.0
1.03,1.004049,1.0,1.006024
0.978641,1.0,1.006024,0.994012
1.007937,1.002016,0.994012,0.975904
0.978346,0.965795,0.975904,1.002058
0.995976,1.0125,1.002058,1.002053
0.993939,0.995885,1.002053,0.997951
0.995935,1.002066,0.997951,0.997947
0.995918,0.993814,0.997947,1.006173
1.032787,1.006224,1.006173,0.997955
0.974206,0.997938,0.997955,1.006148
1.010183,1.008264,1.006148,1.016293
1.010081,1.0,1.016293,0.993988
1.003992,1.012295,0.993988,1.002016
0.994036,0.997976,1.002016,0.993964
1.004,1.0,0.993964,0.979757
0.978088,0.971602,0.979757,1.004132
0.99389,1.008351,1.004132,0.997942
1.002049,0.99793,0.997942,1.006186
1.006135,1.006224,1.006186,0.993852
0.99187,0.997938,0.993852,1.020619
1.045082,1.0,1.020619,0.99798
0.978431,1.012397,0.99798,0.997976
0.997996,1.004082,0.997976,0.983773
0.993976,0.985772,0.983773,1.010309
0.99798,0.997938,1.010309,1.083673
1.091093,1.004132,1.083673,0.975518
0.974026,1.059671,0.975518,1.021236
1.038095,1.001942,1.021236,1.030246
1.040367,1.027132,1.030246,1.005505
0.975309,1.013208,1.005505,0.979927
0.990958,0.994413,0.979927,0.998138
0.987226,0.992509,0.998138,1.01306
1.011091,0.996226,1.01306,0.959484
0.998172,0.982955,0.959484,1.059501
1.029304,0.998073,1.059501,0.996377
0.987544,1.050193,0.996377,0.998182
1.021622,1.005515,0.998182,0.996357
0.970018,0.983547,0.996357,1.018282
1.023636,1.013011,1.018282,1.1
1.08881,1.023853,1.1,1.099511
1.099511,1.1,1.099511,1.099407
1.099407,1.01632,1.099407,0.987854
1.090418,1.029197,0.987854,0.959016
0.90099,0.948936,0.959016,1.099715
1.06044,1.032885,1.099715,0.900259
0.944301,1.005789,0.900259,0.969784
0.950617,0.933813,0.969784,0.949555
0.969697,0.979969,0.949555,1.035937
1.026786,1.009434,1.035937,0.9819
0.95942,0.993769,0.9819,1.003072
1.012085,1.00627,1.003072,1.039816
1.035821,1.007788,1.039816,1.0
1.0,1.0,1.0,1.0
1.0,1.0,1.0,1.0
1.0,1.0,1.0,1.0
1.0,1.0,1.0,1.1
1.076369,1.1,1.1,0.995984
1.06158,0.961178,0.995984,0.959677
0.935687,0.986072,0.959677,1.016807
1.005391,0.983051,1.016807,0.977961
0.97185,1.012931,0.977961,0.984507
0.988966,0.987234,0.984507,1.007153
0.995816,0.991379,1.007153,1.005682
0.998599,1.004348,1.005682,0.966102
0.98878,0.978355,0.966102,0.966374
0.960284,0.961652,0.966374,0.993949
0.980798,1.0,0.993949,0.986301
1.0,0.992331,0.986301,0.949074
0.948795,0.916538,0.949074,1.021138
1.011111,1.030354,1.021138,0.993631
0.984301,1.003273,0.993631,0.987179
1.00319,1.004894,0.987179,1.030844
1.027027,0.991883,1.030844,0.935433
0.967492,0.967267,0.935433,1.005051
0.9696,0.950931,1.005051,0.984925
1.0033,1.030249,0.984925,1.005102
0.983553,1.0,1.005102,1.021997
1.026756,1.006908,1.021997,0.980132
0.97557,1.012007,0.980132,0.993243
0.994992,0.988136,0.993243,1.011905
1.001678,1.006861,1.011905,0.989916
1.0,0.994889,0.989916,0.96944
0.98325,0.976027,0.96944,1.005254
0.981261,0.985965,1.005254,1.003484
1.013889,1.014235,1.003484,1.013889
1.013699,1.001754,1.013889,0.988014
0.984797,1.007005,0.988014,1.045061
1.060034,1.0,1.045061,1.003317
0.982201,1.029565,1.003317,0.995041
0.995058,1.006757,0.995041,0.996678
1.009934,1.005034,0.996678,0.981667
0.981967,0.981636,0.981667,1.0
0.994992,0.989796,1.0,0.991511
0.988255,1.001718,0.991511,0.982877
0.989813,0.982847,0.982877,1.008711
1.0,0.991274,1.008711,1.013817
1.039451,1.008803,1.013817,0.943782
0.962046,0.923211,0.943782,1.005415
0.958834,1.026465,1.005415,0.992819
1.008945,1.016575,0.992819,0.987342
0.98227,0.987319,0.987342,1.018315
1.016245,1.012844,1.018315,1.003597
0.994671,1.003623,1.003597,0.987455
1.0,0.99278,0.987455,1.00363
1.0,0.996364,1.00363,1.009042
0.996429,1.005474,1.009042,1.0
1.008961,1.010889,1.0,1.005376
1.0,0.998205,1.005376,1.00713
1.010657,1.003597,1.00713,1.00177
0.994728,1.0,1.00177,1.031802
1.056537,1.005376,1.031802,0.991438
0.976589,1.02139,0.991438,1.008636
1.006849,1.0,1.008636,1.006849
1.001701,1.010471,1.006849,0.988095
1.010187,0.998273,0.988095,1.005164
0.984874,0.99654,1.005164,0.97774
0.996587,0.987847,0.97774,1.007005
0.988014,1.001757,1.007005,1.012174
1.013865,1.003509,1.012174,0.996564
0.994872,1.006993,0.996564,0.991379
0.996564,0.993056,0.991379,1.001739
1.001724,0.996503,1.001739,0.973958
0.982788,0.980702,0.973958,1.003565
0.985989,0.998211,1.003565,0.998224
1.001776,1.001792,0.998224,0.991103
1.001773,0.994633,0.991103,0.996409
0.984071,0.98741,0.996409,1.005405
1.007194,1.001821,1.005405,1.007168
1.003571,1.007273,1.007168,1.014235
1.023132,1.01083,1.014235,0.987719
0.993043,1.001786,0.987719,0.996448
0.991243,0.998217,0.996448,0.998217
0.989399,0.9875,0.998217,1.001786
1.0125,1.009042,1.001786,0.99287
0.987654,0.991039,0.99287,1.005386
1.003571,1.005425,1.005386,0.991071
1.0,0.994604,0.991071,1.0
0.989324,0.996383,1.0,0.990991
0.998201,0.99637,0.990991,1.001818
1.003604,0.994536,1.001818,0.99274
0.991023,0.998168,0.99274,1.0
0.994565,0.99633,1.0,0.992687
0.996357,0.998158,0.992687,1.003683
1.001828,0.998155,1.003683,0.988991
0.994526,0.992606,0.988991,1.012987
1.025688,0.979516,1.012987,0.994505
0.989267,1.019011,0.994505,1.003683
0.987342,0.990672,1.003683,1.016514
1.025641,1.015066,1.016514,0.990975
0.989286,1.014842,0.990975,0.985428
0.98917,0.985375,0.985428,1.009242
1.012774,0.985158,1.009242,1.1
1.082883,1.020716,1.1,1.026622
1.064892,1.075646,1.026622,0.954619
0.95,1.008576,0.954619,0.967742
0.962171,0.960884,0.967742,0.987719
0.988034,0.987611,0.987719,0.971581
0.967128,0.962366,0.971581,0.978062
0.9839,0.986965,0.978062,0.998131
0.98,1.001887,0.998131,0.940075
0.994434,0.93597,0.940075,1.00996
0.960821,1.008048,1.00996,0.988166
0.990291,0.992016,0.988166,0.982036
0.982353,0.957746,0.982036,1.010163
0.998004,1.02521,1.010163,1.008048
1.01,1.010246,1.008048,0.994012
0.992079,1.002028,0.994012,0.98996
0.996008,0.995951,0.98996,0.975659
0.987976,0.97561,0.975659,0.97921
0.979716,0.979167,0.97921,1.019108
1.0,0.993617,1.019108,0.975
0.995859,1.002141,0.975,0.982906
0.970894,0.950855,0.982906,1.01087
1.017131,1.029213,1.01087,0.993548
0.983158,1.004367,0.993548,1.041126
1.049251,1.006522,1.041126,0.991684
0.981633,1.021598,0.991684,1.006289
1.010395,0.993658,1.006289,0.997917
0.995885,1.010638,0.997917,0.983299
0.997934,0.989474,0.983299,0.96603
0.979296,0.959574,0.96603,1.004396
0.968288,0.986696,1.004396,1.010941
1.0131,1.020225,1.010941,1.0
1.006466,1.013216,1.0,1.008658
1.021413,1.008696,1.008658,0.974249
0.979036,0.976293,0.974249,1.015419
0.989293,0.995585,1.015419,1.008677
1.008658,1.017738,1.008677,1.006452
1.019313,1.004357,1.006452,1.014957
1.008421,1.013015,1.014957,1.021053
1.041754,1.012848,1.021053,1.016495
1.016032,1.010571,1.016495,0.981744
0.996055,1.01046,0.981744,1.006198
0.976238,0.991718,1.006198,1.024641
1.018256,1.002088,1.024641,1.028056
1.065737,1.022917,1.028056,0.974659
0.958879,1.016293,0.974659,0.994
0.974659,0.98998,0.994,0.997988
1.01,0.997976,0.997988,0.995968
0.990099,0.997972,0.995968,0.979757
0.99,0.981707,0.979757,1.006198
0.987879,0.991718,1.006198,1.008214
1.00409,1.012526,1.008214,1.0
1.004073,1.006186,1.0,1.00611
1.018256,0.995902,1.00611,0.995951
0.986056,1.00823,0.995951,0.99187
0.993939,0.989796,0.99187,1.004098
0.997967,1.002062,1.004098,0.993878
0.997963,1.0,0.993878,1.002053
0.997959,0.993827,1.002053,0.995902
0.997955,1.0,0.995902,1.002058
1.002049,1.00207,1.002058,1.002053
1.0,1.004132,1.002053,1.014344
1.018405,0.995885,1.014344,0.987879
1.0,1.006198,0.987879,0.99182
0.983936,0.991786,0.99182,0.995876
0.991837,0.993789,0.995876,0.944099
0.993827,0.939583,0.944099,1.015351
0.960663,1.006652,1.015351,1.023758
1.036638,1.011013,1.023758,1.004219
1.010395,1.021786,1.004219,0.989496
0.981481,1.0,0.989496,1.004246
0.997904,0.997868,1.004246,0.989429
0.995798,0.995726,0.989429,1.004274
1.00211,1.002146,1.004274,1.008511
1.0,0.997859,1.008511,1.00211
1.008421,1.01073,1.00211,1.006316
1.008351,1.004246,1.006316,1.002092
0.99793,1.002114,1.002092,0.985386
0.991701,0.993671,0.985386,0.997881
0.993724,0.993631,0.997881,1.002123
0.995789,1.002137,1.002123,1.008475
1.008457,1.0,1.008475,0.993697
0.997904,1.004264,0.993697,1.014799
1.029412,0.995754,1.014799,0.983333
0.97551,1.002132,0.983333,0.980932
0.983264,0.982979,0.980932,1.012959
0.997872,1.002165,1.012959,1.008529
1.017058,1.017279,1.008529,0.995772
0.991614,0.995754,0.995772,1.008493
1.010571,1.002132,1.008493,1.002105
1.002092,1.002128,1.002105,1.0
1.0,1.006369,1.0,1.0
1.0,0.99789,1.0,0.989496
0.991649,0.993658,0.989496,1.008493
1.002105,0.993617,1.008493,1.004211
1.012605,1.010707,1.004211,1.004193
1.002075,1.002119,1.004193,1.016701
1.026915,1.008457,1.016701,0.991786
0.983871,1.010482,0.991786,0.993789
0.993852,0.989627,0.993789,1.002083
1.0,1.004193,1.002083,0.997921
0.989691,0.995825,0.997921,0.997917
1.0,0.997904,0.997917,0.997912
0.997917,0.997899,0.997912,1.004184
1.010438,1.002105,1.004184,0.997917
0.991736,1.002101,0.997917,1.002088
1.004167,0.997904,1.002088,1.008333
1.012448,1.004202,1.008333,0.995868
0.989754,1.002092,0.995868,0.997925
1.004141,1.002088,0.997925,1.002079
0.995876,0.99375,1.002079,1.002075
1.00207,1.006289,1.002075,1.012422
1.018595,1.0,1.012422,0.99182
0.991886,1.00625,0.99182,0.993814
0.997955,0.995859,0.993814,0.987552
0.985656,0.987526,0.987552,0.987395
0.989605,0.987368,0.987395,1.002128
0.993697,1.0,1.002128,1.0
1.0,1.002132,1.0,0.993631
0.997886,0.991489,0.993631,1.002137
0.995763,1.002146,1.002137,1.008529
1.008511,1.006424,1.008529,1.006342
1.006329,1.0,1.006342,1.018908
1.037736,1.008511,1.018908,0.989691
0.979798,1.008439,0.989691,1.0
0.997938,1.0,1.0,0.98125
0.993802,0.983264,0.98125,1.002123
0.985447,1.0,1.002123,0.995763
1.0,0.995745,0.995763,0.993617
0.995781,0.995726,0.993617,1.008565
1.004237,1.0,1.008565,1.002123
0.99789,1.006438,1.002123,1.010593
1.010571,0.995736,1.010593,1.002096
1.01046,1.014989,1.002096,1.004184
1.0,1.0,1.004184,0.989583
1.00207,1.0,0.989583,0.989474
0.987603,0.976793,0.989474,1.006383
0.995816,1.006479,1.006383,1.006342
1.004202,1.008584,1.006342,0.993697
1.0,1.0,0.993697,0.978858
0.98954,0.97234,0.978858,0.99784
0.978858,1.0,0.99784,1.002165
1.00216,1.004376,1.002165,1.0
1.00431,1.002179,1.0,0.99784
0.997854,1.0,0.99784,0.993506
0.993548,0.995652,0.993506,1.015251
1.015152,1.004367,1.015251,0.987124
0.991471,0.997826,0.987124,0.980435
0.993548,0.980392,0.980435,0.995565
0.980519,0.995556,0.995565,0.964365
0.993377,0.962054,0.964365,0.981524
0.962222,0.951276,0.981524,1.0
0.995381,1.026829,1.0,0.997647
0.993039,1.0,0.997647,0.974057
0.988318,0.978622,0.974057,1.002421
0.985816,1.0,1.002421,0.995169
0.997602,0.995146,0.995169,1.007282
0.997596,0.995122,1.007282,1.007229
1.009639,1.004902,1.007229,0.990431
0.995227,1.007317,0.990431,1.007246
1.0,0.997579,1.007246,0.985612
1.0,0.995146,0.985612,0.963504
0.98801,0.956098,0.963504,0.997475
0.961165,0.987245,0.997475,1.007595
1.012626,1.01292,1.007595,1.005025
1.002494,1.010204,1.005025,1.005
1.0,1.007576,1.005,1.0
1.00995,1.002506,1.0,1.0
0.990148,0.995,1.0,0.997512
1.007463,1.0,0.997512,1.004988
1.002469,1.0,1.004988,1.007444
1.007389,1.007538,1.007444,1.0
1.002445,1.004988,1.0,0.985222
0.990244,0.992556,0.985222,0.9975
0.985222,0.9825,0.9975,0.997494
1.0,1.007634,0.997494,0.992462
0.9975,0.994949,0.992462,1.010127
1.0,1.0,1.010127,1.002506
1.007519,1.007614,1.002506,1.0
1.0,1.002519,1.0,1.0025
1.0,0.997487,1.0025,1.009975
1.00995,1.007557,1.009975,1.007407
1.007389,1.01,1.007407,0.997549
1.0,1.002475,0.997549,1.04914
1.095355,1.0,1.04914,0.98829
0.950893,1.024691,0.98829,0.99763
1.0,1.004819,0.99763,1.028504
1.032864,1.004796,1.028504,1.004619
1.011364,1.019093,1.004619,0.972414
0.977528,0.98829,0.972414,1.01182
0.995402,0.995261,1.01182,0.997664
0.997691,1.0,0.997664,0.983607
0.988426,0.995238,0.983607,0.997619
0.992974,0.995215,0.997619,0.997613
1.002358,1.004808,0.997613,1.002392
0.992941,0.992823,1.002392,1.01432
1.009479,1.007229,1.01432,1.004706
1.007042,1.009569,1.004706,0.995316
1.006993,1.007109,0.995316,1.021176
1.016204,0.990588,1.021176,1.004608
1.01139,1.026128,1.004608,1.03211
1.022523,0.99537,1.03211,1.022222
1.022026,1.027907,1.022222,0.96087
0.989224,0.979638,0.96087,1.013575
0.982571,0.951501,1.013575,0.975446
0.991131,1.019417,0.975446,0.981693
0.975391,1.0,0.981693,0.983683
0.997706,1.004762,0.983683,1.00237
0.986207,0.995261,1.00237,0.938534
0.967366,0.928571,0.938534,1.012594
0.971084,1.023077,1.012594,1.0
1.024814,1.005013,1.0,1.007463
0.983051,0.992519,1.007463,1.022222
1.022167,1.020101,1.022222,1.099034
1.096386,1.078818,1.099034,1.015385
1.054945,1.034247,1.015385,1.099567
1.058333,1.07064,1.099567,1.0
1.0,1.0,1.0,1.0
1.0,1.0,1.0,1.0
1.0,1.0,1.0,1.0
1.0,1.0,1.0,0.970472
0.996063,0.973196,0.970472,1.006085
1.047431,1.04661,1.006085,0.97379
0.922642,0.961538,0.97379,1.014493
1.03272,0.989474,1.014493,1.0
0.980198,1.014894,1.0,1.022449
1.050505,1.014675,1.022449,0.978044
0.959615,1.004132,0.978044,0.981633
0.983968,0.979424,0.981633,1.004158
1.00611,1.002101,1.004158,0.989648
0.989879,0.995807,0.989648,0.981172
0.981595,0.972632,0.981172,0.995736
0.995833,1.004329,0.995736,1.008565
0.993724,0.997845,1.008565,0.915074
0.964211,0.917927,0.915074,1.013921
0.967249,0.969412,1.013921,1.01373
1.011287,1.065534,1.01373,0.979684
0.984375,0.984055,0.979684,1.011521
1.004535,1.00463,1.011521,0.997722
1.002257,1.006912,0.997722,1.018265
1.033784,0.988558,1.018265,0.977578
0.960784,1.006944,0.977578,0.993119
0.997732,0.993103,0.993119,1.002309
0.990909,0.981481,1.002309,1.004608
1.0,1.014151,1.004608,1.009174
1.016055,1.009302,1.009174,0.981818
0.990971,0.993088,0.981818,0.986111
0.990888,0.986079,0.986111,0.983568
0.977011,0.981176,0.983568,0.988067
0.995294,0.990408,0.988067,1.012077
0.995272,1.0,1.012077,1.002387
1.007126,1.009685,1.002387,0.995238
1.002358,1.002398,0.995238,1.019139
1.028235,1.0,1.019139,1.011737
0.98627,1.007177,1.011737,1.025522
1.053364,1.014252,1.025522,0.968326
0.973568,0.997658,0.968326,0.988318
0.977376,0.988263,0.988318,0.985816
0.986111,0.983373,0.985816,1.004796
0.988263,1.0,1.004796,0.997613
1.002375,1.007246,0.997613,1.014354
1.009479,1.0,1.014354,1.0
0.997653,1.009592,1.0,1.0
1.004706,1.004751,1.0,1.021226
1.014052,1.002364,1.021226,0.983834
1.002309,1.002358,0.983834,0.988263
0.983871,0.988235,0.988263,1.009501
0.997658,0.997619,1.009501,0.985882
0.995305,0.990453,0.985882,0.990453
0.988208,0.99759,0.990453,1.004819
0.997613,0.997585,1.004819,1.007194
1.007177,1.009685,1.007194,1.002381
1.009501,1.0,1.002381,0.995249
0.997647,1.002398,0.995249,0.99284
0.990566,0.990431,0.99284,0.973558
0.992857,0.97343,0.973558,0.977778
0.966427,0.972705,0.977778,1.002525
0.990074,1.007653,1.002525,0.962217
0.989975,0.962025,0.962217,1.010471
0.98481,1.007895,1.010471,1.012953
1.017995,1.0,1.012953,0.98977
0.989899,1.007833,0.98977,1.007752
0.997449,0.997409,1.007752,0.997436
0.997442,1.005195,0.997436,0.989717
1.0,0.989664,0.989717,0.966234
0.984615,0.966057,0.966234,0.991935
0.971354,0.989189,0.991935,1.00813
1.002681,0.994536,1.00813,0.978495
0.991979,0.997253,0.978495,0.978022
0.978437,0.980716,0.978022,0.966292
0.988981,0.963483,0.966292,0.901163
0.952646,0.90379,0.901163,1.009677
0.923977,0.967742,1.009677,0.964856
0.996835,1.0,0.964856,1.009934
0.971429,0.976667,1.009934,1.003279
1.019608,1.040956,1.003279,1.009804
0.99359,0.977049,1.009804,0.993528
1.003226,1.020134,0.993528,0.980456
0.990354,0.986842,0.980456,1.046512
1.064935,1.003333,1.046512,0.980952
0.966463,1.019934,0.980952,1.016181
0.990536,1.003257,1.016181,1.0
1.009554,1.016234,1.0,0.968153
0.990536,0.971246,0.968153,1.0
0.980892,0.973684,1.0,1.006579
1.0,1.027027,1.006579,0.993464
0.996753,0.990132,0.993464,0.957237
0.983713,0.956811,0.957237,1.017182
0.986755,1.010417,1.017182,1.0
0.996644,1.006873,1.0,1.003378
1.003367,1.0,1.003378,0.993266
0.996644,1.0,0.993266,1.027119
1.060606,1.003413,1.027119,1.0033
0.977778,1.013605,1.0033,0.996711
0.99026,1.0,0.996711,1.006601
1.0,1.006711,1.006601,1.04918
1.091803,1.01,1.04918,0.984375
0.954955,1.029703,0.984375,1.050794
1.078616,1.00641,1.050794,0.984894
0.982507,1.028662,0.984894,0.972393
0.970326,0.972136,0.972393,1.015773
0.993884,1.003185,1.015773,0.968944
0.990769,0.987302,0.968944,0.980769
0.968944,0.967846,0.980769,1.006536
1.003205,1.013289,1.006536,0.99026
0.990415,0.996721,0.99026,1.019672
1.006452,0.996711,1.019672,1.006431
1.038462,1.019802,1.006431,1.009585
0.981481,0.996764,1.009585,1.003165
1.003145,1.019481,1.003165,0.990536
0.987461,0.984076,0.990536,1.012739
1.015873,1.006472,1.012739,0.984277
1.0,1.006431,0.984277,1.00639
1.009375,0.990415,1.00639,0.971429
0.981424,0.983871,0.971429,1.0
0.968454,0.990164,1.0,1.003268
1.006515,1.009934,1.003268,0.986971
0.993528,0.993443,0.986971,1.0033
0.996743,0.9967,1.0033,0.996711
0.996732,1.0,0.996711,1.013201
1.009836,1.003311,1.013201,0.993485
1.0,1.0033,0.993485,1.003279
0.996753,1.0,1.003279,0.986928
1.0,0.993421,0.986928,0.986755
0.986971,0.986755,0.986755,1.0
0.990099,0.983221,1.0,1.006711
1.003333,1.010239,1.006711,0.986667
1.0,1.0,0.986667,0.996622
0.990033,0.989865,0.996622,1.00678
1.003356,1.006826,1.00678,0.989899
1.0,0.99661,0.989899,1.0
0.989967,0.996599,1.0,1.006803
1.003378,1.0,1.006803,1.003378
1.003367,1.006826,1.003378,1.020202
1.033557,1.0,1.020202,1.026403
1.032468,1.013559,1.026403,0.993569
0.977987,1.016722,0.993569,0.996764
1.0,1.003289,0.996764,0.983766
0.993569,0.993443,0.983766,1.006601
0.990291,0.9967,1.006601,1.0
1.0,1.003311,1.0,0.996721
1.0,1.0,0.996721,1.0
1.019608,1.0,1.0,0.993421
0.980769,0.986799,0.993421,0.980132
0.98366,0.986622,0.980132,1.0
0.993355,1.0,1.0,1.003378
0.996656,1.0,1.003378,0.905724
0.97651,0.908475,0.905724,0.973978
0.920962,0.914179,0.973978,0.98855
0.992537,1.053061,0.98855,0.976834
0.984962,0.976744,0.976834,1.007905
0.984733,1.0,1.007905,0.960784
0.992248,0.964286,0.960784,1.004082
0.964844,0.958848,1.004082,1.060976
1.072874,1.085837,1.060976,0.980843
0.984906,1.0,0.980843,1.007812
1.0,0.996047,1.007812,1.007752
1.015326,0.988095,1.007752,1.0
0.996226,1.036145,1.0,0.980769
0.984848,0.98062,0.980769,1.011765
1.0,0.996047,1.011765,1.007752
1.015385,1.019841,1.007752,1.007692
1.007576,1.011673,1.007692,1.019084
1.007519,1.007692,1.019084,1.003745
1.014925,1.003817,1.003745,0.988806
0.977941,0.992395,0.988806,1.003774
1.011278,1.007663,1.003774,1.045113
1.074349,1.003802,1.045113,0.978417
0.958478,1.022727,0.978417,1.018382
1.00722,0.992593,1.018382,1.1
1.09319,1.007463,1.1,1.003279
1.081967,1.1,1.003279,0.990196
0.921212,0.973684,0.990196,1.029703
1.0625,1.013514,1.029703,0.99359
0.981424,1.023333,0.99359,0.967742
0.971609,0.970684,0.967742,1.02
1.019481,0.989933,1.02,0.996732
0.990446,1.033898,0.996732,0.960656
0.983923,0.940984,0.960656,1.003413
0.980392,1.020906,1.003413,1.006803
0.993333,1.0,1.006803,1.010135
1.006711,0.989761,1.010135,0.989967
1.036667,1.02069,0.989967,0.989865
0.961415,0.966216,0.989865,1.023891
1.016722,1.034965,1.023891,1.006667
1.003289,1.010135,1.006667,1.006623
1.013115,0.989967,1.006623,0.980263
0.983819,1.003378,0.980263,1.0
0.990132,0.996633,1.0,0.983221
0.990033,0.986486,0.983221,1.027304
1.030201,1.003425,1.027304,0.993355
0.986971,1.017065,0.993355,1.006689
1.0033,1.003356,1.006689,0.973422
0.990132,0.976589,0.973422,1.0
0.976744,0.989726,1.0,0.996587
1.0,1.00346,0.996587,0.958904
0.996599,0.955172,0.958904,1.003571
0.962457,1.00361,1.003571,0.989324
0.992908,0.989209,0.989324,1.010791
1.003571,1.003636,1.010791,0.989324
1.0,0.981884,0.989324,1.010791
1.003559,1.02214,1.010791,0.996441
1.021277,1.00722,0.996441,1.017857
0.993056,1.0,1.017857,1.0
1.006993,1.007168,1.0,1.003509
1.003472,1.014235,1.003509,1.017483
1.010381,0.996491,1.017483,1.024055
1.027397,1.028169,1.024055,1.0
1.003333,1.013699,1.0,0.996644
1.013289,1.003378,0.996644,1.0
0.986885,0.996633,1.0,1.006734
0.996678,1.003378,1.006734,0.993311
0.996667,0.989899,0.993311,1.010101
1.013378,1.006803,1.010101,1.003333
0.9967,1.013514,1.003333,0.993355
1.003311,0.996667,0.993355,1.006689
0.993399,1.0,1.006689,0.986711
1.003322,0.989967,0.986711,1.006734
0.993377,1.0,1.006734,0.989967
0.996667,0.993243,0.989967,0.996622
0.996656,1.0,0.996622,1.00339
1.0,1.003401,1.00339,0.972973
1.0,0.969492,0.972973,1.0
0.973154,0.975524,1.0,0.993056
1.003448,1.021505,0.993056,0.986014
0.993127,0.985965,0.986014,1.024823
1.0,1.007117,1.024823,1.017301
1.020761,1.028269,1.017301,1.017007
1.013559,1.010309,1.017007,1.006689
1.010033,1.010204,1.006689,1.0
1.006623,1.010101,1.0,1.0299
1.085526,0.996667,1.0299,1.025806
0.963636,1.036789,1.025806,1.028302
1.066038,1.03871,1.028302,0.978593
0.967552,0.978261,0.978593,0.990625
0.993902,1.0,0.990625,1.006309
0.981595,0.996825,1.006309,1.040752
1.046875,1.022293,1.040752,1.006024
1.029851,1.015576,1.006024,1.0
1.0,1.01227,1.0,1.041916
1.028986,1.012121,1.041916,0.991379
0.991549,1.01497,0.991379,1.023188
1.019886,1.014749,1.023188,1.09915
1.08078,1.017442,1.09915,1.1
1.1,1.1,1.1,1.1
1.1,1.086076,1.1,0.910638
1.057447,0.997669,0.910638,1.018692
0.905433,0.955607,1.018692,1.034404
1.037778,1.051345,1.034404,0.935698
0.952891,0.967442,0.935698,0.947867
0.957303,0.935096,0.947867,1.02
0.983568,1.033419,1.02,1.017157
0.995227,1.004975,1.017157,0.983133
1.0,1.00495,0.983133,1.007353
0.992806,0.985222,1.007353,1.029197
1.043478,1.025,1.029197,0.981087
0.974537,0.992683,0.981087,1.038554
1.083135,0.987715,1.038554,0.962877
0.980263,1.029851,0.962877,1.004819
0.950783,0.990338,1.004819,0.968825
0.985882,0.982927,0.968825,1.017327
0.988067,0.995037,1.017327,1.03163
1.028986,1.027431,1.03163,1.014151
1.030516,1.024272,1.014151,1.02093
1.025057,1.004739,1.02093,0.98861
0.993333,1.018868,0.98861,0.990783
0.979866,0.976852,0.990783,0.993023
0.997717,0.992891,0.993023,1.016393
1.0,1.004773,1.016393,1.0553
1.089245,1.023753,1.0553,1.00655
1.006303,1.034803,1.00655,1.030369
1.010438,1.03139,1.030369,1.1
1.080579,1.017391,1.1,0.98088
1.08413,1.074786,0.98088,0.994152
0.917108,0.984095,0.994152,0.956863
0.980769,0.969697,0.956863,1.1
1.052941,1.010417,1.1,1.1
1.1,1.1,1.1,0.930626
1.040609,0.992537,0.930626,0.9
0.9,0.930451,0.9,0.90101
0.9,0.90101,0.90101,1.0
1.0,1.0,1.0,0.94843
0.944681,0.9,0.94843,0.900709
0.934685,0.950125,0.900709,0.976378
0.937349,0.947507,0.976378,1.008065
0.987147,0.98338,1.008065,0.994667
1.010417,1.030986,0.994667,1.024129
0.992268,0.989071,1.024129,0.981675
0.98961,1.024862,0.981675,1.024
1.03937,0.986523,1.024,1.010417
0.997475,1.035519,1.010417,0.997423
0.997468,1.013193,0.997423,0.930233
0.992386,0.919271,0.930233,0.972222
0.930946,0.951841,0.972222,1.037143
1.010989,1.029762,1.037143,0.983471
0.986413,1.011561,0.983471,0.969188
0.977961,0.977143,0.969188,0.985549
0.988732,0.991228,0.985549,1.032258
1.011396,1.00295,1.032258,1.0
1.011268,1.026471,1.0,1.005682
1.0,1.0,1.005682,0.991525
0.986072,0.991404,0.991525,1.011396
1.022599,1.011561,1.011396,0.980282
0.986188,0.988571,0.980282,0.979885
0.980392,0.982659,0.979885,1.008798
0.997143,1.002941,1.008798,0.973837
0.991404,0.979472,0.973837,1.023881
0.99711,0.997006,1.023881,1.03207
1.028986,1.021021,1.03207,1.09887
1.095775,1.041176,1.09887,0.976864
1.002571,1.053672,0.976864,0.973684
1.046154,0.991957,0.973684,0.989189
0.921569,0.978378,0.989189,1.016393
1.005319,1.016575,1.016393,1.008065
1.007937,1.013587,1.008065,1.029333
1.041995,0.986595,1.029333,1.002591
0.984887,1.038043,1.002591,1.007752
1.007673,1.002618,1.007752,0.982051
0.98731,0.971279,0.982051,0.984334
0.982005,1.008065,0.984334,0.997347
0.997382,1.0,0.997347,1.0
1.015748,0.997333,1.0,1.029255
1.0,1.010695,1.029255,0.989664
1.0,1.007937,0.989664,0.992167
0.997416,0.986877,0.992167,0.989474
0.984456,0.99734,0.989474,0.99734
0.997368,0.994667,0.99734,0.949333
0.997361,0.949062,0.949333,1.005618
0.952381,0.997175,1.005618,0.99162
1.0,1.0,0.99162,0.991549
0.997222,0.985836,0.991549,1.002841
0.988858,1.002874,1.002841,1.011331
1.016901,0.994269,1.011331,0.994398
0.99169,1.017291,0.994398,1.019718
1.02514,1.002833,1.019718,0.975138
0.989101,0.997175,0.975138,1.022663
1.033058,0.997167,1.022663,0.966759
0.968,0.982955,0.966759,1.005731
0.969697,1.00289,1.005731,1.011396
1.025568,1.011527,1.011396,1.002817
0.98615,1.002849,1.002817,0.994382
0.997191,1.0,0.994382,0.99435
1.002817,0.994318,0.99435,1.005682
1.0,1.002857,1.005682,0.988701
0.991573,0.994302,0.988701,0.991429
0.991501,0.991404,0.991429,0.979827
0.98,0.973988,0.979827,0.997059
1.011662,1.0,0.997059,0.955752
0.962536,0.925816,0.955752,1.012346
1.0,1.041667,1.012346,1.0
0.991018,1.003077,1.0,0.981707
1.0,0.984663,0.981707,1.059006
1.054381,1.006231,1.059006,1.005865
1.017192,1.055728,1.005865,0.991254
0.985915,0.991202,0.991254,0.997059
0.985714,0.964497,0.997059,0.9941
0.988406,1.030675,0.9941,1.04451
1.041056,1.011905,1.04451,1.0
1.008451,1.032353,1.0,1.0
0.986034,0.988604,1.0,1.019886
1.033994,1.005764,1.019886,0.983287
0.980822,1.008596,0.983287,0.983003
0.977654,0.971591,0.983003,1.028818
1.022857,1.017544,1.028818,0.988796
0.997207,1.008621,0.988796,1.005666
1.016807,1.002849,1.005666,0.974648
0.983471,0.980114,0.974648,1.014451
0.988796,0.997101,1.014451,1.008547
1.014164,1.008721,1.008547,1.019774
1.019553,1.011527,1.019774,1.00277
1.035616,1.022792,1.00277,0.994475
0.965608,0.994429,0.994475,1.008333
1.0,1.008403,1.008333,1.013774
1.010959,1.002778,1.013774,0.983696
1.00542,1.0,0.983696,1.005525
0.983827,0.99723,1.005525,1.008242
1.024658,1.008333,1.008242,0.967302
0.97861,0.972452,0.967302,0.994366
0.97541,1.0,0.994366,1.002833
0.997199,0.994334,1.002833,1.002825
1.0,1.005698,1.002825,0.980282
0.994382,0.977337,0.980282,0.997126
0.99435,1.005797,0.997126,0.979827
0.982955,0.979827,0.979827,0.982353
0.991329,0.982353,0.982353,1.011976
0.994169,1.005988,1.011976,1.0
1.002933,1.0,1.0,1.005917
1.0,1.005952,1.005917,1.002941
0.997076,0.991124,1.002941,1.008798
1.014663,1.014925,1.008798,1.0
1.0,1.002941,1.0,1.026163
1.040462,1.01173,1.026163,1.011331
1.005556,1.002899,1.011331,0.983193
0.991713,1.011561,0.983193,0.997151
0.983287,0.997143,0.997151,0.985714
1.002833,0.985673,0.985714,0.988406
0.977401,0.982558,0.988406,1.005865
0.991329,1.005917,1.005865,0.991254
1.002915,0.997059,0.991254,1.002941
0.994186,0.99705,1.002941,1.008798
1.008772,1.0,1.008798,1.020349
1.02029,1.017751,1.020349,0.985755
1.0,1.0,0.985755,0.99422
0.994318,0.988372,0.99422,0.985465
0.982857,0.994118,0.985465,1.011799
0.997093,1.0,1.011799,0.994169
1.005831,1.005917,0.994169,0.997067
1.0,0.997059,0.997067,1.005882
1.0,1.0,1.005882,0.997076
0.997101,1.00295,0.997076,0.997067
0.997093,1.0,0.997067,0.976471
0.994169,0.973529,0.976471,1.003012
0.979472,1.0,1.003012,1.0
1.002994,1.003021,1.0,0.996997
0.997015,0.996988,0.996997,0.981928
0.994012,0.981873,0.981928,1.009202
0.990964,0.996923,1.009202,1.012158
1.018237,1.012346,1.012158,0.990991
0.997015,1.006098,0.990991,1.018182
1.005988,0.99697,1.018182,1.008929
1.020833,1.018237,1.008929,1.0059
0.994169,1.0,1.0059,1.0
1.005865,1.008955,1.0,1.002933
1.005831,1.0,1.002933,0.997076
0.997101,1.008876,0.997076,1.0
1.0,0.994135,1.0,0.98827
0.994186,0.9941,0.98827,1.002967
0.994152,0.988131,1.002967,1.0
0.994118,1.006006,1.0,1.002959
1.005917,1.00597,1.002959,0.99705
1.002941,1.0,0.99705,1.017751
1.02346,1.0,1.017751,0.991279
0.988539,1.002967,0.991279,0.994135
0.988406,1.0,0.994135,0.99115
0.997067,0.994083,0.99115,1.011905
1.002941,1.002976,1.011905,1.008824
1.005865,1.005935,1.008824,1.011662
1.017493,1.0059,1.011662,0.994236
1.0,1.008798,0.994236,1.02029
1.022923,1.002907,1.02029,0.988636
0.997199,1.008696,0.988636,0.982759
0.985955,0.979885,0.982759,1.011696
0.985755,0.997067,1.011696,0.991329
1.0,1.005882,0.991329,1.005831
1.00289,0.997076,1.005831,0.997101
1.005764,1.005865,0.997101,1.0
0.988539,0.988338,1.0,1.002907
